100
7 19 55 63 64 28 84 83
7 7 13 93 11 99 73 57
7 67 46 68 33 11 34 56
2 13 66
7 47 78 97 31 25 68 99
10 27 45 88 54 56 47 85 72 31 18
1 33
0
0
2 66 53
9 83 85 61 34 52 82 80 98 49
4 75 45 33 90
7 23 21 28 63 100 93 31
5 77 85 91 96 41
2 59 82
2 99 35
7 31 43 60 74 41 97 85
0
0
7 53 80 79 74 8 38 66
5 19 36 41 50 72
4 32 86 23 37
7 61 40 53 55 87 91 88
6 49 42 80 100 53 73
6 98 46 72 54 59 97
5 48 97 60 82 92
2 98 52
2 78 9
5 84 89 43 46 57
3 83 71 76
2 89 81
6 43 68 48 47 34 9
5 91 69 80 38 94
2 97 90
1 49
4 50 44 94 98
8 55 52 98 46 80 47 40 42
1 8
6 67 8 81 96 86 53
1 8
2 93 56
4 79 76 98 59
3 97 66 94
0
1 78
8 84 63 82 18 49 89 93 66
2 94 54
6 54 18 53 57 84 63
0
3 55 8 53
3 95 79 100
1 53
0
4 65 83 95 92
5 79 57 66 82 95
0
1 83
4 91 62 66 69
3 63 91 56
3 76 71 63
0
2 68 74
0
0
4 72 80 67 76
5 92 81 94 85 74
3 64 69 91
5 53 88 96 44 64
2 76 81
5 63 88 91 98 97
4 80 95 83 88
3 88 49 77
5 99 77 61 44 91
3 84 75 87
2 99 44
0
5 79 91 95 49 100
1 44
2 85 88
3 97 82 49
0
2 63 9
3 90 99 81
1 18
1 89
0
4 53 49 98 92
1 18
0
0
0
2 64 89
0
0
3 18 56 98
0
0
1 49
0
1 64
