10000
1 2
1 3
1 8
4 7911 9495 2170 9165
0
0
2 8308 513
2 5725 273
0
5 2290 8956 5956 2987 9162
0
3 6009 9580 3751
0
4 2453 6987 9281 4048
0
3 5068 198 7994
0
0
0
0
11 3889 8238 4317 2295 8977 3363 2751 5154 4662 6317 3862
0
0
0
0
0
0
0
0
8 3873 1135 9171 5705 9712 5065 9993 3800
5 9055 8928 6074 6551 1789
4 4436 4695 6156 4929
6 4438 4406 2342 7804 3658 2077
0
0
0
0
1 7837
3 8968 5781 5793
0
0
0
0
0
0
0
0
0
0
0
8 3404 1496 7459 2927 6024 2855 6993 3650
0
4 4583 7756 8003 8420
0
3 8949 3944 8896
0
0
0
0
0
0
0
0
0
0
5 2930 2103 9110 9645 7385
0
0
0
0
0
1 4063
0
2 3775 8896
11 4399 2252 9537 3961 3092 9337 5883 6711 1005 6029 9206
4 2677 5289 1020 9687
0
11 8442 1484 5937 1289 953 2098 8787 1744 3792 3523 7296
6 7201 9979 8258 9067 8368 4981
0
0
0
0
0
0
0
0
0
0
0
0
0
0
0
1 5765
3 6313 1850 8745
0
0
0
0
6 7125 5948 1104 316 718 1847
0
0
9 4756 7875 1346 6244 3837 9719 2242 806 203
0
0
0
0
0
0
0
5 8586 4492 6411 626 6887
0
10 7444 856 1180 1428 7617 656 9267 9561 1884 9958
1 1963
0
4 6785 1247 1124 130
0
8 3061 2768 5654 3901 8619 5293 1358 518
0
0
0
4 4182 8574 5063 1858
0
2 5279 793
0
0
0
10 6283 9050 6841 7363 4175 1564 9561 6694 682 5476
0
0
0
0
0
1 8052
0
7 7760 8573 8192 4275 5147 8362 8621
0
0
0
0
0
0
13 7948 1909 8043 3117 300 9405 8476 7838 9282 8961 1180 5887 9180
0
0
0
3 9377 2494 1054
0
0
0
0
0
3 5947 2926 145
0
0
2 8836 1462
0
0
0
0
8 4885 1164 4286 6853 6484 3600 1438 8020
0
0
0
0
0
1 4272
0
0
0
0
0
0
0
0
0
0
4 7465 7906 4265 7823
0
0
0
0
0
0
1 6159
0
0
0
0
0
0
0
0
15 5745 5912 3081 403 9582 8467 2228 5799 7992 2939 2462 6622 9259 9744 8699
2 7979 2801
0
0
0
0
0
0
0
0
0
0
0
0
0
0
0
0
0
0
0
0
0
0
0
1 2778
0
0
0
0
8 6566 7506 8407 1317 8142 4974 2863 19
0
10 89 7391 6126 3532 4807 127 5734 8907 1463 8371
0
0
2 6063 9875
0
0
0
6 3040 9954 618 503 1209 1672
0
0
0
0
0
5 4879 7561 8098 4795 4665
0
0
0
13 3187 9675 3730 8048 1106 602 6287 8062 5736 6193 1072 3128 5761
0
0
0
0
0
7 6601 9146 107 5211 394 1833 5654
0
3 8050 3612 504
0
5 9550 2447 7096 9844 7435
0
2 5477 8065
0
0
0
3 6904 5274 1343
0
0
0
0
0
8 1171 4958 2512 353 5868 6717 5827 4005
0
12 1681 3696 6942 2752 1914 4627 669 3053 7373 1269 9145 8783
0
15 3743 1255 2050 7959 7130 7790 5027 1358 4033 3807 1293 3142 7607 5839 1180
0
4 3187 8495 5601 182
1 8367
3 581 5205 892
2 355 6540
1 2926
2 1355 2431
0
2 4665 121
0
0
0
2 7234 9809
2 5108 6619
0
0
2 5105 2031
7 1176 6169 5295 7541 5474 5430 4284
0
0
0
8 1891 8276 3207 6202 551 5388 3740 6489
9 2390 2061 5196 8723 664 4835 5187 3087 2012
0
0
0
0
0
0
0
0
0
0
0
0
0
0
0
0
8 7425 2325 9291 6503 421 240 6232 9555
0
0
8 571 4374 3600 6413 2074 1783 5548 9822
8 1125 8698 8081 5916 9274 4878 2413 8525
0
0
0
0
0
0
0
0
1 1593
0
0
4 9079 6745 9192 641
0
0
0
0
0
0
0
1 2211
1 5965
0
0
0
0
0
5 6466 9811 301 2190 7394
0
6 9108 5136 9028 3776 5126 5171
0
0
0
0
0
0
0
0
0
0
18 1728 4268 6264 3443 3890 1059 200 4485 3446 9390 1040 3827 2818 8812 3183 495 2970 6349
0
0
2 440 6062
0
0
0
0
0
0
1 1288
0
0
0
0
11 7921 5502 7068 6594 6012 4827 6834 9649 3219 24 7663
1 8737
0
5 78 4192 1804 2566 9756
3 4418 1195 9304
0
0
0
0
0
0
0
0
0
0
0
0
0
0
0
9 5032 7100 8248 706 71 8579 1545 5011 7319
0
0
0
0
0
0
0
0
0
0
0
0
0
0
0
0
0
0
0
0
0
0
0
3 6101 6732 4072
0
0
0
0
0
0
13 9467 4266 6966 2472 5154 5297 7257 2201 4108 2330 4703 2760 3071
0
0
0
0
0
0
0
5 6719 6279 1864 9802 9402
0
0
6 5235 5920 5510 4783 5135 5889
0
0
0
0
0
0
0
0
1 6058
2 1998 8619
0
0
0
0
11 4180 1968 857 4938 5662 711 5427 706 9099 4202 3918
0
0
0
0
0
0
0
0
0
5 1862 7884 3604 508 1312
0
0
0
0
0
0
0
0
0
7 4019 8698 1159 1920 3136 8262 3038
0
0
0
0
0
0
9 9125 6894 2139 2170 4968 4356 9533 6764 1812
0
0
0
12 3832 1288 1656 1613 2241 8858 1312 5064 2770 3159 5579 172
5 8159 6253 9686 1856 3194
0
0
0
0
0
0
0
5 7040 8937 314 2554 7612
0
0
0
2 1861 568
0
0
0
0
0
0
0
0
6 177 1408 4977 9830 6514 2315
0
0
0
0
0
0
2 9603 728
0
0
0
0
0
0
0
0
0
0
0
0
0
2 8154 8073
0
0
0
0
0
0
0
6 3436 3874 8568 2677 2103 1423
1 2548
0
0
8 2367 5262 1057 3366 1695 8613 2237 1334
6 239 1640 9366 7904 3204 7552
0
3 2548 7172 9324
0
0
0
0
0
0
6 248 5168 9392 6178 1043 2290
0
4 845 7982 8640 5144
0
5 8419 7524 593 9410 824
0
0
9 5106 6187 6054 7218 7864 3159 9313 6684 5779
0
0
0
0
0
0
0
0
0
3 9146 4235 5227
0
6 7542 855 200 7862 7534 2698
0
2 5896 8199
0
7 8129 6972 1538 3915 6585 8588 3670
0
0
0
0
0
0
0
0
0
0
2 4060 5430
0
0
0
0
0
0
0
0
12 3579 7027 7354 8062 3817 6767 6819 1657 7313 9278 5531 7628
0
8 2998 1315 3916 5596 1218 6093 1879 641
0
7 7891 9891 85 9139 5856 6702 5239
0
0
0
0
0
0
0
0
0
0
7 4154 7732 6249 2199 6486 3448 5663
0
0
0
9 914 1635 659 8347 5722 6882 2415 8603 4986
0
0
0
0
3 2600 188 9481
0
0
9 7403 7740 3841 7812 8536 4288 7881 7103 1014
0
0
0
8 4067 6430 6538 4836 1321 213 2445 5455
0
2 1910 9206
5 6940 3903 8997 834 7425
0
0
0
4 2370 4125 3911 8709
0
0
5 6136 3222 9446 4784 9320
0
0
1 6256
0
0
0
9 3530 3191 6085 4484 1576 6967 1390 2347 8127
0
0
0
0
6 5862 9963 3120 2652 7373 4737
0
0
4 1017 4949 3489 224
0
0
0
0
0
0
0
0
0
10 3370 9618 7277 6152 2557 2774 5109 3416 4447 7015
4 1279 8032 202 7173
0
0
0
0
0
0
8 5354 3863 7716 418 8547 2045 7102 4381
0
0
0
0
2 3625 4653
6 9133 531 8223 7980 9271 4345
0
0
0
0
7 6047 1914 9887 8569 7285 7151 1848
11 3967 106 9846 737 8559 3790 4593 1744 9103 599 5289
0
0
0
0
9 3416 9606 9153 4570 5774 4072 1308 8618 6516
0
1 4022
0
0
0
0
0
0
0
0
0
0
0
0
1 9581
0
0
0
0
0
0
0
0
0
0
0
0
0
0
0
0
0
0
0
0
0
0
0
3 6944 9328 5872
0
0
0
0
0
0
0
5 9607 2944 3213 9048 9864
0
0
6 270 218 4854 5568 1549 1528
0
12 9789 3887 8180 109 7189 4039 2135 4490 7875 7110 598 2288
0
0
9 7221 1130 8342 2673 2208 2037 679 1581 9525
0
0
0
0
0
0
0
0
0
0
0
0
0
0
2 2224 7911
0
0
0
0
0
0
0
0
0
0
0
0
0
0
0
0
0
0
5 6821 4837 9322 766 5799
0
0
0
8 8063 184 4948 8110 5710 1394 1494 2875
4 9440 6978 3812 7147
0
0
0
0
0
0
0
0
2 100 5733
0
0
0
0
0
8 2928 7743 6046 8360 8103 2502 9133 1236
0
0
0
0
0
0
0
7 6743 6564 918 7151 2765 4859 1368
2 883 4500
0
0
0
2 8103 6704
0
0
0
6 718 1190 9621 5683 8365 9624
0
0
0
4 5206 5363 9183 5715
8 9367 6720 2512 9777 1390 2417 9581 2423
0
2 9191 8414
0
0
0
2 9359 6302
0
0
10 1754 575 2122 3562 4760 4350 1671 4291 4395 3738
3 6493 6544 6092
0
0
0
0
0
0
4 9055 26 63 2214
0
3 4401 5369 9113
0
0
0
0
0
0
5 260 7071 3629 9096 9568
8 7782 8687 9237 6295 8483 5224 5239 6753
7 3608 830 4843 633 687 561 6467
0
0
0
0
0
0
0
0
0
0
0
0
0
0
0
0
0
0
0
0
0
0
0
0
0
8 54 9981 9273 9656 8233 7978 4075 8277
0
0
0
0
0
0
13 7488 8328 977 4233 9067 8961 6605 3879 5813 414 6976 7738 6654
0
0
0
0
0
0
0
0
0
4 598 1110 4470 3049
2 5575 7566
0
0
0
3 1895 8897 104
2 7651 83
3 2791 3094 1418
0
0
0
0
0
0
0
0
0
0
4 8861 5564 1236 1767
0
0
0
7 2881 9010 5806 3618 4722 6322 8318
0
0
0
0
0
0
0
0
0
0
0
0
6 9074 5297 8429 8779 6401 8056
0
0
0
10 8542 7123 1636 2328 5107 2836 1580 7831 5204 1666
0
0
0
0
0
0
0
0
0
0
0
0
0
0
0
0
0
8 7057 8310 7043 6119 8892 4080 749 6588
4 6490 2056 9094 5291
0
2 9292 5624
0
0
0
0
0
0
0
0
0
2 1491 7214
0
0
0
0
0
0
0
0
3 1794 723 4160
0
0
3 5235 4787 9013
0
0
0
0
0
0
0
0
8 6608 7765 2444 9464 2860 7026 3344 1688
10 7650 3835 7136 1149 4128 4996 586 1315 7122 702
1 9994
0
0
0
0
3 4282 2460 9527
0
2 6001 3225
0
15 8208 8022 5516 1631 278 2958 4652 4729 1587 2949 4048 8765 7056 7931 433
1 6791
0
0
0
0
0
0
2 3385 4727
1 1140
2 1075 8818
0
0
0
0
0
0
0
0
0
0
0
0
12 5288 4187 7472 4563 1887 3138 6753 6720 3870 591 6308 5296
0
0
0
10 1395 4739 2171 321 8434 7858 6454 1449 6359 866
0
0
0
0
0
0
0
1 8672
0
0
0
0
0
0
0
0
6 7698 3163 8209 1254 8540 3136
7 6850 7305 8221 6481 1762 8721 3771
0
0
0
0
0
11 9781 7911 3806 7567 5610 6998 6034 2418 6806 5173 6139
0
0
4 8723 6578 4951 8627
0
0
1 6342
7 9862 6048 8036 3968 3769 1522 9234
0
0
2 4485 8981
0
0
14 9286 3601 3508 2777 3047 5946 6900 3728 8429 317 239 5691 6106 6272
0
5 9071 4148 1742 4477 1409
0
0
0
0
0
0
0
0
3 4036 5792 7211
0
0
0
0
7 5030 6824 4881 3579 4210 7201 6112
0
0
0
10 515 9777 5953 836 1425 8076 256 869 5220 7256
0
9 191 2844 3654 4609 8053 1930 5016 9294 4626
0
0
0
0
4 6037 9629 4092 9614
0
0
0
4 7698 4388 8394 1929
4 1213 5634 4258 3037
0
0
0
0
0
0
6 2780 9622 4277 9164 6541 6725
0
0
2 4568 2895
0
0
0
0
0
7 5547 9407 2572 8414 7890 6656 3665
0
0
7 3984 842 4185 3503 1778 8814 7801
0
0
0
10 1750 9192 3688 5793 6246 9621 9942 2960 9079 4397
4 9328 4337 7100 6266
0
0
0
0
0
0
5 6399 2530 5765 2768 1521
0
0
11 1177 9454 1219 942 7896 915 9586 8181 95 1535 197
0
0
0
0
2 5867 5142
0
0
8 6106 6866 910 5054 6124 1153 1814 9695
4 5620 707 7378 1016
0
1 6896
9 5527 2773 2191 8742 9730 9545 8829 9733 1284
0
0
0
0
3 9817 4025 145
0
0
0
0
0
0
0
0
0
0
0
0
0
12 2558 6998 869 1742 1980 2816 2449 417 9790 8822 8398 827
0
0
0
0
0
0
5 7208 5990 6269 4917 8299
6 3779 1840 3917 8591 6998 7962
0
0
1 7165
0
0
7 3805 3911 5884 2597 4310 4069 7117
0
0
0
0
0
0
0
3 6621 5662 432
0
0
0
0
2 3977 6020
0
5 8870 1225 6773 9773 5005
0
0
0
7 9259 9052 6091 4033 8257 5041 4035
0
0
14 7879 1350 5601 773 9772 5936 7007 8765 5156 3057 6133 8863 4680 7882
0
0
0
0
0
0
0
0
0
0
0
0
0
9 4009 3722 5853 9112 4877 8594 9801 1024 248
0
0
0
0
0
0
0
0
0
5 7664 3595 3228 6860 6186
0
1 1257
0
2 4923 4472
0
0
0
0
0
0
8 5227 4330 5096 3006 5224 550 9540 9376
6 6556 4735 399 9293 2254 762
1 8195
0
0
0
0
0
0
0
0
0
0
0
0
0
0
0
0
0
0
0
0
0
0
0
0
0
0
0
0
0
0
13 6355 1697 4577 2752 2249 8716 8562 7144 2794 3124 5974 5168 4401
0
8 7393 541 8980 4452 3144 2496 8436 6798
0
2 3144 2918
0
0
0
0
0
0
0
6 5603 4153 80 9153 9121 81
0
0
0
2 6076 849
8 1511 9407 1225 276 3212 7118 2600 150
0
0
3 8766 8834 9637
0
0
0
0
0
0
0
0
0
0
7 4132 9128 6354 7052 3033 6978 31
0
0
0
0
1 3229
0
0
0
0
7 1432 1306 3798 6280 8086 6910 915
0
1 1340
0
0
0
0
0
0
0
0
0
0
0
0
4 5376 3635 6226 7257
0
0
0
0
6 3360 7725 1810 709 1348 2261
0
0
0
0
0
0
0
0
0
0
0
2 6497 8085
0
0
0
0
0
0
0
0
0
0
0
0
0
0
0
0
0
0
0
0
0
0
11 3234 7545 4680 3015 1007 8138 6925 3464 8500 2629 3611
0
0
0
0
0
0
0
3 2034 4135 2696
0
7 3738 8561 142 8332 2641 6079 4776
0
0
0
0
0
0
0
0
0
0
0
0
0
0
2 7900 6494
0
0
0
7 1614 4424 5448 5349 6857 5870 7321
0
0
0
2 3371 8728
0
0
6 8908 7267 7170 8525 4922 7904
0
0
0
0
0
3 7834 8246 2694
0
0
0
0
3 604 8388 1123
0
0
0
0
0
0
2 9087 9724
0
0
0
0
0
0
0
0
0
3 5787 8672 624
0
0
0
0
0
0
1 8387
7 4375 4816 5797 9965 1264 1240 307
3 5196 5583 353
0
0
0
0
0
0
1 9713
0
12 6202 422 9275 5106 3673 138 6830 439 1165 224 1690 3636
0
0
0
0
0
10 3026 6143 9676 3720 1311 3389 5941 6993 9796 7807
0
0
0
0
0
0
0
0
2 1126 7607
0
0
5 8095 5172 194 8068 8350
0
0
0
2 6872 1163
0
0
12 3797 6333 4479 6669 3966 4868 4690 9358 7183 8112 7573 7248
0
0
0
0
0
4 6130 927 7803 6879
0
0
0
0
0
0
0
0
0
0
0
0
0
0
0
0
0
0
0
0
0
0
0
0
0
0
0
0
0
1 591
0
0
0
0
0
0
0
7 7370 2831 2664 6874 822 3368 990
0
4 4017 8426 3053 3748
0
12 5085 157 9881 2252 9566 2305 1880 1996 2987 9937 8706 6878
0
1 9710
0
8 5212 9391 4206 8228 1231 6640 6322 8922
0
0
0
0
0
0
0
4 791 5053 9231 1760
7 5245 2646 4123 8076 217 688 5881
0
0
0
0
0
0
0
7 6417 4255 4824 990 757 9736 3675
0
0
0
0
0
0
3 624 4011 777
0
1 8709
0
0
0
0
8 566 5691 3854 339 2596 8447 2128 3979
0
0
0
0
6 8057 1922 1888 4543 5791 7947
0
0
0
0
0
0
0
0
2 3966 4690
0
15 6813 402 645 5398 1769 3536 4356 5934 1797 28 1914 303 613 3809 426
0
0
0
0
0
0
0
0
0
0
0
0
0
0
0
0
0
0
0
0
0
0
3 7131 6002 3487
0
0
0
8 9306 2419 2904 6078 5740 6889 6925 411
0
0
0
4 4641 5373 3936 3859
0
0
1 9946
0
6 1136 3946 9653 8198 9133 1274
0
0
0
0
0
0
0
0
0
0
0
0
0
4 4220 9806 4210 8130
0
0
0
0
0
0
0
0
0
0
0
0
0
11 6528 6405 5773 6379 6487 5008 7875 9921 9260 6632 6879
0
0
1 43
0
0
2 615 9310
0
0
0
0
2 6891 6674
0
0
0
0
1 376
0
4 3063 2850 4512 3348
0
0
5 5998 7264 4991 6831 6426
2 5887 1010
0
0
0
0
0
0
0
0
0
0
0
0
5 9640 3161 7493 6631 9618
0
0
0
0
2 1687 1808
0
0
0
0
0
5 1601 292 6675 3468 1517
0
0
0
0
0
0
0
3 6063 2427 6277
0
0
0
0
0
6 3269 3571 1344 6586 9229 7005
0
1 4117
0
0
0
0
5 7466 8839 6553 9546 317
0
0
0
0
0
0
0
0
0
0
3 8946 7206 8018
0
0
0
2 1460 1895
6 6638 5612 9563 4837 7112 7103
0
0
0
0
1 2652
0
7 4231 5271 8581 1282 7824 1623 6204
2 2373 7918
0
0
0
0
0
0
0
0
0
0
1 1234
0
0
0
0
0
0
5 1493 3104 5533 2529 3330
0
8 9913 2481 6646 8051 5691 7314 4301 4121
0
0
0
0
0
0
0
0
0
0
1 1326
0
0
0
0
8 4167 757 6540 908 7246 8952 2941 6776
0
0
0
0
0
0
0
0
0
0
0
0
0
0
10 9928 6266 6198 846 5970 658 3690 1126 6372 1074
3 4548 2175 1429
1 6368
0
0
0
0
0
0
0
0
0
3 2490 7598 3063
0
0
2 5897 4342
0
0
2 8767 1465
0
0
0
0
0
0
0
0
0
0
6 5686 188 7248 5331 2156 76
0
0
0
0
4 2285 668 5266 8259
3 7164 4795 1771
3 9514 7198 8980
0
12 1140 415 7187 1810 9938 5648 1176 1645 9361 6290 5322 5953
0
0
0
16 7303 9517 843 2757 174 8908 9548 8348 4858 2307 2107 5097 9191 1241 2005 8988
0
0
0
0
0
0
0
0
0
0
0
4 6112 2944 9315 3196
0
0
2 5080 4920
0
0
3 451 2462 6896
4 9009 940 9137 4326
0
4 3183 4466 7091 8709
3 9161 9631 6246
2 2238 8528
0
0
0
11 6611 4125 985 3890 3429 1251 1840 6660 3628 4833 8520
0
0
4 5203 6594 883 6090
0
0
0
3 8442 5732 2091
0
0
1 4649
0
0
0
0
0
0
0
1 3981
0
0
4 1576 9393 6939 2960
0
0
0
0
0
0
0
0
0
0
0
0
0
0
0
0
0
0
0
0
0
0
3 6191 2912 9561
0
0
0
0
0
0
0
0
0
0
0
1 1409
0
0
4 2814 521 7752 3384
0
0
0
0
0
0
1 826
0
0
0
0
0
0
0
0
0
0
0
2 3368 6567
0
0
0
0
0
0
0
0
2 6759 3180
0
10 2739 5145 3011 3573 8837 7555 3207 8937 5474 8255
0
0
0
0
0
0
1 4132
4 3539 2327 7297 3910
3 1587 1064 2386
2 3242 7082
2 8395 6497
0
0
4 6787 5536 4400 9649
0
0
0
0
0
7 2040 8548 4516 4293 4771 8743 2527
0
0
0
0
10 7365 5359 7134 9706 4296 9017 2328 9246 4795 2611
1 609
0
2 5026 801
0
3 6814 1724 2340
0
2 2881 3650
6 8340 2581 2833 225 3182 2808
0
0
0
0
0
0
0
0
0
0
0
0
4 9927 6344 5223 469
0
9 7028 9993 4398 953 8614 866 4490 1494 4903
0
0
0
0
0
0
0
0
0
0
0
0
1 9428
0
3 2912 3339 4425
0
0
0
0
0
0
3 4415 1353 81
0
0
0
0
4 8287 7733 9836 2067
3 341 3375 4116
0
1 4228
7 7766 3143 4784 1161 2145 1622 9674
0
0
0
3 5763 8335 1200
1 1924
0
7 5010 8035 3202 9918 751 8890 181
10 8403 7345 2308 5646 6686 3716 2175 8835 3834 9126
2 6108 4190
4 5273 9530 6646 4631
0
3 8336 890 8583
0
0
0
0
0
0
0
0
5 1780 8530 2945 3060 9687
0
10 6629 8785 3573 2183 5179 5041 2104 5083 9790 5301
0
0
0
0
0
0
0
0
0
0
2 9401 9662
0
0
6 3396 7864 7861 6703 6390 3866
0
0
0
0
2 1014 2756
0
0
2 1649 1954
0
0
4 8192 1037 2570 1134
0
1 298
9 6442 5285 2735 4365 7637 7489 6174 8770 3701
0
0
0
0
0
3 896 4309 9242
0
0
0
0
0
0
0
0
0
0
0
0
0
0
3 8353 2101 287
0
3 7554 8054 6548
0
10 3390 3296 1463 7113 5981 8782 8696 6302 9931 5528
0
0
0
0
1 1155
0
0
11 9242 3027 7707 5757 1342 718 9915 3854 7619 2335 1920
0
4 6935 1212 6326 5624
0
0
9 981 4305 621 3622 1889 265 1224 3071 2197
0
0
0
0
0
3 9087 1111 7085
0
0
0
0
9 1224 128 7539 8914 3692 3207 549 8557 4336
0
0
0
0
0
0
0
0
2 7012 6625
0
0
2 358 3251
0
0
0
4 6114 4381 2596 5976
2 5724 564
0
0
0
0
0
0
0
0
0
0
0
0
0
0
8 4023 9011 6798 1249 8870 1509 2498 2482
0
0
0
0
0
0
0
0
0
0
0
0
0
0
0
0
0
5 381 4654 3396 270 4357
0
0
0
0
1 5981
0
0
0
0
0
0
0
3 2820 7889 7608
0
0
0
0
0
8 3491 6338 2865 8731 5552 4345 3918 12
0
0
1 7770
0
0
9 4044 3111 4707 1706 7958 8192 9099 4770 3858
0
0
0
0
0
0
0
0
0
0
7 4278 5375 3152 6753 4342 5361 8328
0
0
0
0
0
5 2500 1464 2228 5980 1380
0
0
0
2 804 885
3 4387 2584 1549
0
0
0
0
0
4 6856 3039 4939 4054
8 2466 9288 3082 4525 8835 5999 9717 1472
0
0
0
0
0
0
0
0
6 6048 8057 6112 6463 8858 8780
0
0
0
0
14 9920 1606 3812 7417 4788 2677 6100 3895 1489 9553 5534 6616 353 1585
0
8 5769 2293 9724 499 943 3961 4503 4436
0
0
0
0
0
0
0
0
3 8328 3772 9175
0
3 2218 7253 4826
0
0
0
0
7 4443 8352 3099 3944 7862 4547 288
0
0
9 8864 1390 5355 4523 438 6499 9150 5682 2971
2 6785 2688
0
0
0
0
2 3395 2741
0
0
1 7617
0
0
0
0
0
0
0
0
8 5349 2206 4312 8691 8825 3717 6428 1627
0
0
0
0
0
0
5 3955 2707 2764 1661 4300
0
0
0
0
0
0
0
0
0
0
0
0
0
0
0
2 7846 5649
0
0
0
0
0
0
0
0
0
5 7058 474 1239 6949 8315
0
1 108
0
4 1837 2749 3134 6652
0
0
3 5384 2941 8662
0
8 8330 9558 3923 3154 8108 1024 3006 4680
0
7 1479 8814 3711 3113 8309 413 1316
0
0
5 692 5524 5424 4632 8311
0
0
0
0
0
4 1703 3521 8966 5792
0
1 8528
0
0
0
0
0
4 5271 2231 8268 2287
0
0
0
1 1179
0
0
0
0
0
0
0
0
0
0
0
0
3 4860 4347 4460
0
0
0
4 8500 8151 1443 658
0
0
0
0
0
5 9523 4946 7264 7103 4957
0
0
0
3 4371 6424 3170
0
0
0
0
0
0
0
3 8782 5401 3075
0
4 4432 7290 1424 1502
0
0
0
2 3873 5242
4 1404 6963 6040 6832
0
0
2 9693 5533
0
0
0
0
0
0
0
0
0
0
1 1941
0
0
0
0
0
0
0
0
0
0
0
1 8800
0
0
10 7467 4460 9588 3592 4449 8245 1606 8266 9225 8678
0
0
0
13 5026 2933 4309 8866 968 4438 5853 7453 9396 6763 5783 6121 5016
6 2353 1160 5609 8751 1859 2457
0
0
2 6622 7605
0
0
5 2946 1999 6256 5960 2546
0
0
0
4 4031 8141 9286 4207
0
0
1 7024
0
0
0
0
0
0
0
0
0
0
9 9840 7385 1634 9413 2893 2164 4523 6607 5873
0
0
0
0
0
0
0
0
0
0
0
0
0
0
0
0
0
0
0
0
9 5404 1179 5939 64 1122 3094 8199 2698 4054
2 2023 7192
0
5 7590 5314 9951 4094 5442
0
0
0
0
0
0
13 4922 8918 3221 1575 6081 491 1804 9307 1222 5823 2337 3790 9758
0
0
0
0
0
5 2604 155 157 8688 7841
0
0
7 4000 7309 2430 1452 7024 1872 7118
0
0
0
0
0
0
0
0
1 8500
7 5177 3880 4027 9622 8960 2561 5048
0
0
0
0
0
0
0
0
0
0
0
0
0
0
0
2 6218 4699
0
0
0
3 4391 8488 284
0
1 2852
0
9 2159 2711 7667 931 4700 3027 4822 7236 5490
0
0
6 6226 4656 8024 4926 1928 2434
0
0
0
0
0
0
10 9571 6271 6371 2597 6356 7257 6354 5420 1690 5845
2 4316 1827
3 4907 7489 7049
0
0
0
5 1331 1371 3611 89 3246
0
0
0
5 7288 6063 3253 1691 2124
0
0
0
3 5251 8831 1815
0
0
7 6400 7672 7749 9482 7831 3786 6718
0
5 740 1145 9072 1484 5194
0
0
0
0
0
0
0
0
0
5 5890 1919 65 2709 5385
0
5 9883 6577 3583 4508 119
0
0
0
0
0
2 6233 59
1 9104
0
4 1938 6021 8540 979
0
0
0
0
0
0
2 855 9397
0
0
0
0
0
0
0
0
0
0
0
2 395 6590
0
0
0
0
0
0
0
0
2 7840 1618
0
0
0
0
0
0
0
0
0
0
0
0
3 6210 9293 4858
0
0
0
0
0
0
0
0
1 5094
6 6818 3051 1910 6907 739 8275
0
0
0
0
0
0
0
10 6866 8160 2255 6549 670 464 9109 525 6692 2099
8 3005 3801 5539 9295 4866 8942 2610 2662
0
4 4678 8016 6157 788
0
0
0
0
0
0
0
0
2 6256 2570
0
0
0
0
0
2 4328 3427
0
0
0
0
0
8 4408 6867 9447 693 8557 115 5431 2967
0
0
7 6209 164 4507 8228 3985 8261 2332
0
0
0
0
0
0
19 8867 6190 4944 1124 2555 3424 3168 7480 2892 2567 9367 4921 5810 982 999 1612 4742 8470 7020
0
0
0
0
0
5 1529 9812 4378 5602 8885
1 101
4 7376 1936 1638 5235
0
4 5755 4067 5383 4461
0
3 4511 4173 3557
0
0
0
6 9183 1500 4600 3611 215 2552
0
8 8066 9446 2808 9086 4825 5419 5564 5859
3 3485 7022 8083
0
0
0
0
6 3109 7668 2482 5421 9369 4426
8 5014 2596 5994 6668 3878 6012 479 4729
0
0
6 5368 2283 3969 2204 4129 5343
0
0
0
0
2 8006 8396
7 1471 8694 2273 2556 6203 327 5367
0
3 4987 7031 4108
0
0
0
0
0
0
3 2361 4018 8912
0
0
0
0
0
0
0
7 7958 7538 2491 1210 5207 4103 3727
0
0
0
0
0
1 3016
0
0
0
0
0
2 2485 5017
0
2 3335 7417
0
0
0
0
0
4 9415 8765 4922 8288
0
0
0
0
2 4006 1823
0
0
0
0
0
0
0
0
0
0
0
0
0
0
0
0
0
0
0
0
0
1 6390
2 8499 7605
0
0
6 919 8207 3952 2657 5269 1541
0
0
8 307 8937 3787 8986 1567 8889 1244 4592
4 2248 6187 8137 3864
0
0
0
0
0
0
0
0
0
0
0
0
0
8 417 8504 5271 8067 1877 9464 8851 6985
0
0
1 7290
0
0
0
0
0
9 5338 5805 6720 5063 1904 7733 5332 4379 2503
0
16 7835 4539 2102 6176 407 4097 2886 3486 7041 9274 1537 2151 1551 6899 9839 3662
0
0
0
0
7 2223 8494 8526 1932 2353 2519 5178
0
0
0
0
0
0
0
0
4 2043 382 1058 126
0
0
0
0
0
0
4 999 9786 1772 340
0
0
0
0
0
0
2 1719 6899
0
0
0
0
0
0
0
0
0
0
0
0
0
0
0
0
0
0
0
0
6 5112 5501 1468 3292 900 6302
0
0
0
0
0
0
16 4302 4672 1848 4509 2530 340 6698 6431 2642 7532 2095 7543 9252 6271 110 4922
6 7310 9772 7357 9122 4105 5292
0
5 989 3103 1540 5259 2280
7 2015 2354 5507 7334 9987 8927 8741
0
0
5 5350 4090 9062 6922 7197
0
0
0
8 4053 8354 6600 9201 6753 7098 7204 3188
0
0
0
0
0
0
0
0
5 1498 8485 2184 6318 4656
1 9803
2 6129 5188
0
0
0
0
0
6 6248 4861 5993 6485 6807 2653
0
0
0
0
0
0
0
0
0
0
0
0
2 5214 3744
0
0
0
0
10 5757 4174 124 7400 5017 3759 1911 5291 7897 1175
0
0
0
0
0
0
0
0
4 6366 1796 518 5403
0
0
0
0
7 322 5716 1782 7670 4070 2684 7318
0
0
3 9179 1099 5856
0
8 7448 9887 9490 2461 3426 6088 2253 2980
0
0
0
0
0
2 6322 2085
6 4700 9526 8550 1831 3468 7636
0
0
0
0
0
0
0
1 3772
1 9228
0
0
6 8244 9336 8668 5073 208 625
0
0
0
0
0
0
0
0
0
8 9378 1265 7125 1938 4160 6387 4110 4215
0
0
0
0
8 1254 8377 6484 8266 2290 8345 1454 2188
1 3076
0
2 8934 1843
0
0
0
12 8849 6703 8585 310 6478 4407 4483 3647 7291 5773 5245 5110
0
0
0
0
14 4386 354 2398 5659 3204 4345 1960 6200 7026 6438 1931 926 4189 6718
0
0
0
0
2 5027 797
0
11 677 4730 2685 868 1808 350 2927 2904 9056 941 3193
14 423 5359 1410 3809 6449 9099 5467 8291 6296 1280 870 2261 5980 7256
0
0
0
0
0
0
0
6 310 8372 4813 8257 275 749
0
0
0
0
0
0
0
0
0
11 3467 3519 2656 8901 8171 3643 5678 8258 4755 1138 3168
0
0
1 5221
0
0
0
0
1 643
0
0
0
0
0
0
0
0
0
0
0
0
0
6 8439 941 5615 9638 1751 9668
0
3 6442 4948 4179
0
0
0
0
0
0
0
6 6916 4217 7395 644 2051 9985
0
0
0
0
5 9829 495 3880 8518 6232
0
0
0
0
0
0
0
2 2166 7062
0
0
0
0
0
0
0
0
0
0
0
0
0
0
0
0
0
2 8566 5732
0
0
9 4257 6883 3039 3815 9453 7438 1683 5290 7384
0
0
0
0
0
0
0
0
0
0
4 6306 2633 7443 7773
5 4897 6021 9329 9564 2801
5 3214 962 7715 5058 3814
0
7 9055 8822 4326 1606 3862 4587 8169
0
0
0
3 9959 9921 2948
0
0
0
6 6183 2407 7027 8850 129 7880
0
6 8253 4671 1255 4483 8429 9898
3 9180 7604 728
0
0
0
0
0
0
0
0
0
0
0
0
0
0
0
0
0
0
0
0
0
0
3 8554 3692 927
0
0
0
1 4973
0
0
0
0
3 1897 1353 474
0
0
0
0
0
0
0
0
0
7 6604 9580 5504 8927 9449 3045 2332
0
0
0
0
3 6042 3307 2
0
0
2 742 8180
0
0
0
0
0
0
0
0
0
1 510
0
0
0
0
0
1 6458
8 6599 5369 8862 9082 3111 5814 6405 3412
6 6126 1403 3940 6449 8820 5241
0
0
0
0
0
0
0
0
5 8574 5460 9708 2635 6890
0
0
0
0
0
2 3429 7435
4 7560 9980 7316 266
0
0
0
0
0
0
0
0
0
0
0
10 7562 2649 5500 6613 7647 384 2959 5488 5450 8726
0
0
0
0
0
0
0
2 1647 5808
0
0
0
0
0
0
0
0
0
0
4 3960 2003 2978 3293
0
0
0
0
2 9051 2668
0
0
0
0
13 6295 6407 8278 7501 3091 7993 1031 4713 6431 8746 9230 8599 5915
0
0
0
3 8977 4140 3141
0
2 6425 4819
0
0
0
0
2 753 4676
10 1632 2406 7826 757 4824 1637 8561 9796 289 3103
0
0
0
0
4 1347 2117 5263 4084
0
0
0
2 5555 7848
0
0
0
0
3 6361 6418 2463
0
0
0
0
0
0
0
0
0
0
0
7 2212 3841 7134 9513 8670 6444 8185
0
0
0
0
0
0
0
0
0
0
0
0
0
0
0
0
0
0
0
0
1 6248
0
0
0
0
1 9108
0
0
8 7074 6094 2173 2915 6736 7189 5855 3771
0
0
1 8667
0
0
0
1 599
0
0
0
0
0
0
0
0
0
0
0
1 2132
0
0
0
2 4140 8826
0
0
0
0
0
0
0
0
5 2258 5588 4600 5661 531
0
0
0
0
0
0
4 5458 1522 5109 3465
0
0
0
0
0
0
0
0
0
0
0
0
5 5412 8778 4966 5503 492
0
0
0
0
0
0
0
3 406 8332 4176
0
0
0
0
0
0
0
5 2388 3099 607 4717 4246
2 5051 3875
0
0
0
0
0
10 251 6114 3781 6934 6786 301 1942 6662 1274 3860
0
0
5 8561 6010 7726 167 3559
0
0
0
0
0
0
0
1 7868
0
5 4558 6107 7129 1336 5712
0
0
8 3201 7981 5544 1473 9515 1269 8152 8882
1 5875
0
1 3672
0
6 135 4219 2035 2391 2373 4394
0
0
0
1 4315
0
0
0
0
0
0
0
0
0
5 3731 2599 6600 6480 4823
0
0
0
0
8 9959 1095 2179 8994 1551 2653 1736 2153
0
0
0
0
0
0
0
1 9295
0
0
0
0
1 9610
0
3 7707 6644 3914
0
5 4750 2363 265 5111 9270
0
0
0
6 6202 1366 717 6997 2153 4201
0
0
0
0
6 144 2386 344 3705 772 4185
0
0
6 8975 9001 3884 1894 5647 7957
8 4576 3272 1818 7686 6258 5102 9507 8126
0
0
0
0
6 6362 3413 906 244 1138 9940
0
0
0
0
0
0
0
8 5576 4143 9598 2823 2535 1516 5447 9245
3 4423 4961 6524
10 9182 8670 4963 587 6059 9361 1431 3480 9228 3924
0
0
0
0
0
0
0
0
8 7912 313 8201 3053 8622 2142 4246 463
0
0
8 414 7829 5954 8114 4157 7324 6953 2976
0
0
0
0
0
6 673 8997 9060 2623 9599 5308
0
0
7 3526 6190 7862 6290 1858 7548 2088
0
2 5722 500
0
0
0
0
0
0
7 9060 8092 200 4138 6472 7059 4326
0
10 8735 8835 8032 4201 2723 4895 8834 4431 5954 2052
0
0
0
0
0
0
4 8586 1923 4163 2882
0
0
0
2 8574 4345
1 5583
0
0
0
0
0
0
5 9669 2751 8321 4823 4302
0
0
0
0
12 5815 3828 5900 8044 1075 6528 7838 6448 2949 8176 1534 5358
0
0
0
8 2834 5877 6654 7253 9168 1615 5206 2005
0
0
0
0
0
0
0
1 4538
0
0
7 7977 775 5402 9134 9056 915 2043
0
0
0
3 689 8597 1847
0
4 8608 9851 6319 5173
0
0
0
0
0
0
0
0
0
7 2393 8687 4766 381 6064 430 361
3 3450 4477 9642
0
0
0
0
0
0
2 2391 6677
0
0
0
0
0
0
0
0
0
9 462 8718 7470 6841 7698 1858 988 5730 1110
7 9449 9422 5830 1121 1057 7054 1896
0
0
0
0
3 1015 2781 5198
2 4223 7705
0
0
0
0
1 1707
0
0
0
0
0
4 4690 2359 484 3863
0
0
0
0
11 4547 8785 3786 4163 4086 2272 1535 2719 1922 2698 3528
0
0
0
0
12 5752 6518 9892 5811 4758 860 5576 3456 8283 311 9306 2649
0
0
0
0
0
0
0
0
10 2823 5439 5318 4072 7791 7371 478 5627 2284 8986
0
1 2990
0
0
0
7 6902 7011 9278 6812 3975 595 9785
0
0
10 6784 8432 2998 1951 4586 7944 2664 5766 4526 4385
0
2 5557 8091
0
0
0
0
7 5626 5178 8924 2233 6057 992 3382
2 3231 6172
0
0
0
0
0
0
0
0
0
0
5 252 2787 231 3528 3974
0
0
0
0
0
0
0
0
0
0
0
0
11 2274 8785 3082 1457 121 7140 7534 6128 2400 8859 6857
0
0
0
0
0
0
0
0
0
0
0
2 9425 1383
0
0
0
0
0
0
0
4 8270 1014 1946 5101
4 2195 9889 2814 4978
0
0
0
5 8578 9087 9219 1929 6619
0
0
0
0
0
8 6887 676 9854 8941 1567 3153 9565 893
0
14 1678 3397 395 9012 4157 5940 6653 3202 2143 3793 6239 9401 9172 5267
0
0
0
0
0
0
0
5 2898 6710 614 114 8119
3 8449 3719 8661
0
2 3140 2797
6 3321 3996 3276 9005 5051 8912
0
0
0
6 1089 7916 937 773 8812 3418
0
0
4 6440 6546 2359 8796
10 5863 8814 7832 5576 4945 2543 6659 5649 5409 970
0
5 4704 1761 5877 2051 8728
0
0
0
4 6525 3038 3002 1933
0
0
0
0
0
0
0
3 6082 925 5746
0
0
0
1 3737
5 6373 778 8052 8545 3634
0
0
0
0
0
0
0
0
0
0
0
0
0
9 1002 9136 2390 6115 6414 3808 5674 841 3926
2 1203 9257
0
0
0
0
8 2377 4814 6865 3114 1414 3822 1948 8139
0
0
0
0
0
0
0
0
0
12 1872 7255 2357 5411 9309 5482 984 8521 3346 5426 9820 1436
0
0
0
0
0
0
0
0
0
1 1529
0
0
0
0
0
6 1435 8657 6880 922 1916 2310
0
0
0
5 8721 7474 6967 3243 7385
0
0
0
0
0
0
0
7 2697 5395 8164 5316 9407 1847 1325
0
0
0
10 2195 3669 2691 5933 3790 1692 8546 2579 4668 601
0
0
0
0
0
0
0
0
0
0
2 5237 20
0
0
8 2339 6021 1632 5353 5050 5030 1948 7462
0
0
0
9 7823 2445 6252 5665 4534 6117 902 6972 6848
0
4 2578 3287 7939 8352
0
0
0
0
6 5620 947 4432 3113 2700 6782
0
0
0
0
5 6801 7485 1489 2255 3853
4 2545 7973 8474 9768
0
3 4120 5594 4064
0
0
0
0
0
0
0
0
0
0
0
0
0
0
0
0
0
0
0
0
5 2841 4812 926 825 591
0
0
0
0
0
2 8986 9328
0
0
0
0
7 2878 6015 8730 6872 8937 3464 6092
0
4 8470 7862 655 1491
0
0
1 7976
0
0
0
0
0
10 9833 1476 9736 1280 8041 8098 910 941 9034 7257
0
0
2 1564 6765
0
0
0
0
0
0
6 7934 5660 8446 6227 705 8097
5 1832 6945 248 3378 1708
0
0
0
0
8 9969 8469 1223 2998 623 8116 7637 4298
0
0
0
0
0
0
0
0
7 5468 959 5531 4878 2878 6146 5525
0
0
4 5129 9874 576 4770
0
0
5 4058 8588 7022 4903 155
0
5 4611 2001 852 6844 8287
0
0
0
0
0
6 2234 9235 9489 7896 6899 1292
9 4019 8551 2169 1897 3925 9033 6311 7584 9586
0
0
0
1 9129
0
0
0
0
0
9 1636 3914 4997 3515 7699 9234 9001 8465 3811
0
0
0
0
7 1460 2163 8403 7093 9514 7466 6908
0
3 1152 1943 37
2 5475 8558
0
0
0
0
0
5 148 9839 2590 1468 4242
6 4275 8875 9292 554 8782 4439
0
0
0
0
12 2461 4152 2058 6962 9700 9379 9870 3380 943 837 8367 5393
0
3 3349 100 9988
0
0
0
0
5 8644 9843 3010 3339 4111
0
3 1076 8393 1733
0
7 396 3635 6102 6042 8799 2568 3838
0
0
4 6434 1738 5261 6758
4 2052 8849 9250 5074
0
0
0
8 4944 4807 5255 8390 1436 8159 7607 3174
0
0
0
0
1 7861
0
5 1818 2054 7876 5050 7817
0
0
0
0
0
0
0
0
0
0
0
0
0
0
0
0
0
0
2 7985 7944
0
0
0
0
0
0
0
0
0
0
14 646 5845 1990 1639 8623 9217 2441 9495 2136 8393 4934 8416 6047 2312
0
2 5073 9937
0
0
0
0
3 3042 5423 8604
0
0
11 9372 461 9615 8611 7926 9619 9362 4417 4296 45 7429
0
1 3286
0
0
0
0
0
0
0
0
4 2634 1735 4681 2192
0
1 4443
0
0
0
0
0
0
0
0
0
0
1 2058
0
5 6344 815 6993 6038 3651
13 6126 1050 9517 8102 4184 8233 7605 8309 73 115 5859 7491 7362
0
7 2732 4685 6466 7305 9153 8703 7983
0
8 3354 7615 2018 8220 9964 3426 2020 4901
0
0
0
0
12 2592 5002 3393 8761 1926 4290 3119 6546 871 9713 786 7455
0
0
4 3384 9666 5859 6120
0
0
0
1 1399
0
0
6 3921 1705 2640 9488 3794 3156
0
0
4 5703 3307 4202 5422
0
0
0
0
0
0
0
0
0
0
0
0
0
0
0
0
0
0
0
0
0
0
0
0
0
0
1 9819
0
0
0
0
0
0
9 8102 5618 5103 4191 1187 4239 5589 942 2728
0
0
2 2188 3051
0
0
0
5 9732 4869 6400 6351 9110
0
0
9 9839 7855 7281 8945 9409 4213 869 9992 3253
0
0
3 7519 2744 458
0
0
8 3798 1927 255 6867 1996 996 873 9610
8 7626 2801 4547 7958 91 3532 7956 8137
0
0
0
0
0
0
6 5570 4998 7188 2158 5273 550
0
8 6897 8926 6582 2249 131 9466 7832 5575
0
0
0
0
7 5552 6069 3306 2086 8914 8121 5957
0
0
0
0
0
0
0
4 7202 2285 2580 7989
0
1 7607
0
0
3 117 3557 2778
0
0
0
0
6 3326 6334 3083 3437 6001 6153
0
2 8993 5425
0
0
0
0
0
0
4 7125 800 2803 4064
0
0
0
0
0
2 6292 1431
0
0
0
0
0
0
0
0
0
0
0
0
0
0
0
2 5233 504
0
0
10 3037 8874 5878 2929 6595 7951 1147 773 9110 6833
0
6 4374 902 5282 3598 5327 7773
0
0
4 1644 1093 5988 5614
0
0
1 3056
0
0
0
0
0
0
0
0
5 6654 9786 1212 6271 2880
0
0
0
0
0
0
0
9 3548 4396 1187 4750 5499 5233 1206 5807 2384
0
0
0
0
0
0
0
0
0
0
0
5 9260 813 5102 1570 3091
0
0
10 9891 5289 2407 1460 8906 4479 5533 3435 4028 2240
0
0
1 9295
5 6873 8389 8156 4320 2722
0
0
3 7588 2393 2079
0
3 9597 7354 2234
0
0
8 2374 7195 2319 8464 9575 3861 2886 954
0
0
5 2698 9413 1946 6270 6521
0
7 5009 7268 7468 9680 7691 2203 8642
0
0
0
0
0
0
0
0
10 1714 1355 6718 6788 8837 5308 4786 2536 6901 5379
0
0
2 5667 774
0
1 5643
0
0
0
0
8 3689 6722 594 6132 5789 326 430 2814
7 6381 3187 2812 3011 9715 3579 6354
0
7 4785 3537 8827 3899 5093 2894 1632
0
0
0
0
0
3 6513 2779 8106
0
0
0
0
0
0
5 8352 2493 2817 1114 9714
0
0
0
0
0
1 8028
1 8719
0
10 2445 200 2672 1870 8344 3249 1260 9527 8736 1826
0
0
0
0
4 9382 9498 1693 7295
5 1383 4389 2831 6046 3751
0
5 9967 8906 6757 5463 3988
0
0
0
0
0
0
0
1 4229
0
0
7 5761 2361 6287 6753 248 2682 9619
0
0
3 1196 2517 4101
0
0
4 1315 5070 184 9447
0
0
1 4170
0
0
3 4963 4418 3834
0
0
0
0
0
0
7 8906 4900 2693 4654 7787 2859 5123
0
0
0
0
0
0
9 9830 4091 3569 9025 8760 7550 7560 2077 8285
0
0
0
0
0
0
0
0
0
0
0
12 4557 7078 5261 2098 2897 8031 5089 7903 6523 233 943 1643
0
0
0
0
0
0
5 5455 7298 2398 7899 6155
0
0
0
0
0
0
0
0
0
0
0
0
0
0
0
9 1653 2340 8531 1496 1101 8467 9481 7376 6575
6 2832 738 4782 5882 4944 9707
0
6 8790 5697 235 5206 4073 5934
0
0
2 7646 4015
1 1970
0
0
0
0
0
4 1715 2891 5608 3706
0
12 7349 3770 8229 335 1739 1207 9931 8083 3985 5596 3131 9321
4 8472 7681 9735 352
0
0
0
0
0
0
2 4156 3257
0
0
0
12 4296 2118 9135 8758 2866 7975 173 8729 7915 8560 7530 9127
0
0
6 8496 4501 7638 9906 1409 6985
0
2 7028 4729
0
0
0
0
0
0
0
3 6326 4224 9216
0
0
0
0
0
0
6 5533 5485 7120 8973 2599 6658
0
0
0
0
0
0
1 8322
0
0
1 9042
0
0
0
0
0
0
0
2 2367 6553
0
5 9959 2657 7283 3893 5427
0
0
0
0
0
0
0
0
0
0
0
0
9 6334 2655 2730 21 1256 861 2940 6023 1652
0
0
0
0
0
0
0
0
0
0
1 1823
3 2607 8616 7244
0
0
0
0
0
0
0
5 9880 9402 5555 446 4423
3 5394 6020 7144
0
1 1416
0
0
5 9852 4334 8570 5730 3820
0
0
0
0
0
4 7310 5831 406 783
8 8971 3577 8030 3482 9755 2199 6936 3430
0
0
7 4744 976 5513 3692 4192 674 9112
12 64 7105 9628 52 8171 5403 5472 4493 2640 4086 7234 8475
0
0
0
0
0
0
0
0
0
0
0
0
0
0
0
0
0
0
0
0
0
0
0
0
4 4137 2541 7934 9589
0
7 4960 3333 1749 7364 1463 1969 6984
0
0
0
0
2 962 9407
0
0
0
7 1988 2256 1133 5845 7374 7184 3459
0
0
0
0
0
0
0
6 7034 2647 7933 1844 3060 9877
0
0
2 1778 4330
0
0
0
0
0
4 8572 1183 7975 9924
0
2 3308 1952
0
0
0
0
0
0
2 5360 5051
2 6051 7529
0
0
0
0
0
0
5 7700 9570 2510 181 8738
0
0
1 8892
2 3975 3123
0
0
9 126 9552 7515 9182 2081 9749 6867 2024 4517
0
0
0
0
0
5 577 9410 8304 395 8293
0
0
0
11 2699 5910 3027 872 29 4853 4205 709 3486 1238 3288
0
0
0
0
1 7570
0
0
0
4 4925 6656 8388 828
0
0
0
2 6995 5903
0
0
0
0
0
0
7 7619 902 4142 6539 9549 3307 1298
0
0
0
8 2464 5400 9323 6084 4022 3527 37 7939
0
2 7910 3815
0
10 8344 4396 3686 4299 4587 7511 8854 991 6355 7611
0
0
0
0
0
0
2 1342 5854
0
0
0
4 1981 9514 8519 2919
0
8 476 8991 9663 1976 3889 9141 5473 5853
0
10 9569 3100 5730 8122 7961 8338 8105 2747 4214 3560
9 9267 6443 7748 4377 8038 8903 4941 7987 7570
0
6 1410 6999 9596 2580 5975 7946
0
0
0
0
0
0
0
0
0
10 4044 5623 6631 7654 4500 2023 849 9738 3808 6557
0
8 202 9096 5643 7506 8639 9627 8303 329
1 3121
0
0
0
0
0
0
8 4232 5285 6945 6962 4147 2038 6871 8150
0
0
1 3903
0
0
0
0
2 3631 1908
0
0
10 5820 2284 5368 9641 1561 9716 8783 2127 20 6098
0
5 6831 5580 7191 3998 6325
0
0
0
6 9444 5341 7834 661 664 1723
11 5515 6191 616 9524 1905 2542 9882 4005 1590 6120 4068
0
4 1604 6476 2805 5874
0
0
0
0
0
0
0
0
0
0
0
0
0
0
0
0
8 2983 6781 2369 3775 1148 6452 8731 3789
0
0
0
1 4464
0
0
1 2874
0
0
0
2 4213 2269
0
0
0
0
6 8722 7511 4704 5636 1790 867
0
0
0
0
0
6 7439 8889 345 2418 635 8200
0
0
0
0
0
0
0
0
0
0
3 3426 6235 5175
0
7 5591 3411 5818 6417 1363 5337 7862
0
0
0
0
2 2219 9638
0
0
0
0
0
11 7741 9367 2656 1492 7555 3624 7461 8694 6967 24 9449
0
0
0
0
0
0
0
0
0
0
0
3 2721 3595 882
0
0
0
2 8353 6805
0
0
14 3850 5912 5903 7292 9527 7725 8098 2016 6833 9347 3099 9263 8565 5599
0
2 1648 3190
0
0
1 8781
0
0
0
8 5629 7500 9590 3957 8022 5558 1652 579
0
9 1459 6552 300 5003 8056 2897 8360 1779 7132
0
0
0
0
0
4 2223 8504 1278 511
0
3 1323 715 7445
0
0
0
0
0
0
0
0
7 1725 635 8110 6352 7381 7028 9586
4 8551 6904 8291 2061
0
0
0
0
0
0
0
2 1170 3495
0
0
0
0
0
0
0
0
0
0
0
0
5 2110 4021 4049 2698 668
3 8850 2668 740
0
0
0
0
0
0
0
0
1 4099
1 135
0
0
0
0
0
0
0
0
9 5861 6014 5508 8283 6941 6045 6070 7488 8075
0
0
0
0
0
0
0
0
0
0
0
0
0
0
0
0
0
0
4 6931 9018 1671 1555
0
2 6132 5002
0
0
0
2 31 2110
0
0
0
0
1 8392
0
0
2 8508 2015
0
0
0
0
0
0
0
0
0
0
10 6269 1109 6264 5227 7311 7323 4526 5463 8361 4374
0
0
0
3 9026 3513 248
0
6 5088 1267 2107 7140 113 2860
0
4 8548 9400 1111 7046
0
3 183 7786 4252
0
0
0
8 908 1470 2552 2439 550 7901 8621 2167
4 6723 3323 2237 2987
0
0
0
0
0
0
0
0
5 2481 2931 760 2281 7488
0
0
0
0
0
0
0
4 9075 283 3558 6626
0
14 7081 3936 6761 2197 2020 9754 2957 4292 9143 8895 4697 3078 1333 4538
0
0
4 3869 9148 6438 1495
0
0
0
0
7 1028 22 338 1893 2824 5089 24
0
0
0
0
0
0
0
0
0
0
0
0
0
8 7848 4735 8594 9730 9257 5662 6177 6767
0
0
0
0
0
12 733 506 5702 398 6000 5953 6084 1056 7668 2903 1274 1028
0
0
0
0
0
0
0
5 4897 7271 4458 9334 2104
0
0
0
0
9 6747 8126 7391 6984 6693 5907 8125 8192 9355
0
0
0
0
2 7726 4946
0
0
8 2695 24 2651 6205 6380 729 345 7853
0
5 5839 6990 3443 3512 9904
0
0
0
0
0
12 1972 5357 8629 2754 254 8579 2495 4236 8532 8726 9501 6991
0
0
2 6240 6685
0
0
1 9519
0
0
0
0
12 1457 2881 6539 3526 2248 6455 5604 1475 6768 4210 8926 8029
3 1380 4360 4954
0
0
0
0
0
0
0
10 3996 7027 4918 2745 408 6778 712 5053 1468 7732
0
0
0
0
0
0
0
0
2 4572 1494
0
0
1 8849
0
8 8433 9653 8779 4334 588 8131 9545 4452
0
0
0
0
0
0
0
0
7 1757 7739 1411 6889 2237 1140 8888
0
0
0
1 29
0
3 8888 6746 3366
0
0
0
0
0
0
0
0
0
0
1 7123
0
0
0
2 606 5535
0
0
5 8652 2049 9643 5263 8909
14 8089 3835 1252 5842 9424 946 6825 4216 8267 3743 131 9641 2474 3846
0
0
0
0
0
0
0
0
0
0
0
0
0
0
0
0
0
0
0
0
0
0
0
0
0
0
0
0
0
0
0
0
3 3020 4263 3307
6 3093 8745 8236 6712 6872 9765
0
0
0
0
0
2 1093 5833
0
0
0
0
0
6 5616 8624 8015 6014 1935 9801
0
0
0
0
0
0
0
0
0
0
1 2614
5 8237 7769 5033 4529 2103
0
0
4 6369 3280 1096 4251
0
0
0
0
0
0
0
0
0
0
0
0
0
9 1665 2558 9398 962 112 7160 7615 8029 8242
0
0
0
2 5686 7691
0
0
0
0
0
0
0
0
0
0
0
0
8 6112 1177 8303 1975 6834 948 6307 4785
5 1276 5354 9011 5905 629
11 398 526 404 3418 819 8530 5269 1518 1447 2238 4614
0
1 4961
0
0
0
0
0
0
2 6010 9351
0
3 7621 2552 7151
0
0
0
0
5 6761 3500 7995 7292 5147
4 5431 1222 4339 1166
0
0
0
0
0
0
0
10 5540 4963 5887 8003 9089 452 654 4120 3520 9110
0
0
0
0
0
0
0
0
0
0
2 9866 3813
0
8 8993 124 3462 1786 543 3354 9947 1298
0
0
0
2 2288 136
0
6 7617 2914 729 2892 4523 7758
0
0
8 4763 7503 1985 3766 9857 617 4242 2981
0
0
0
5 1955 4421 6147 6243 3380
0
0
0
0
0
0
0
0
7 4299 7734 4823 1782 5523 6602 3705
0
4 2384 3786 5541 5455
0
0
0
0
0
0
0
0
0
0
0
0
0
0
0
0
0
0
0
0
0
0
0
2 5480 137
2 9607 33
1 4731
0
8 6940 5972 304 8695 2987 3393 9967 4601
0
0
0
0
0
0
11 4995 1332 5175 903 5366 9612 4643 3916 1122 9946 3495
0
0
0
2 1130 7179
0
0
0
0
0
0
0
6 5626 7709 4367 1905 1955 8315
0
0
0
8 9380 8596 8927 1916 7817 7572 6139 1892
0
0
5 4696 5352 8038 1505 5553
0
1 9980
0
2 4083 8931
0
0
0
0
8 6642 9219 932 8014 4608 9104 6031 2583
3 9842 8285 4678
6 6428 6857 7863 3213 7171 5885
0
0
0
2 4830 131
0
0
0
3 6666 6242 5780
4 7664 2923 5870 7373
0
0
0
0
0
0
0
3 2068 2898 7548
0
0
0
8 4752 7887 7954 7874 2850 7920 3284 4717
0
0
0
4 1802 2455 6181 8779
0
6 3445 8778 388 287 6489 7319
0
0
0
0
0
0
6 1133 6554 5285 9283 4451 5704
0
0
0
0
0
0
0
3 1329 8048 8938
0
0
0
11 5665 3219 7198 9161 6641 806 5632 5831 907 7259 7253
0
0
0
3 8198 5363 5097
6 6308 5470 6834 3120 5172 4191
0
3 8754 7557 2478
3 6732 3216 7887
0
0
0
8 1135 1832 5615 9615 5634 6469 391 4213
0
1 9419
0
0
6 9815 6671 7130 2658 4496 7268
0
0
0
0
0
10 2547 2738 1727 6840 323 4156 3519 3386 9831 6392
0
0
0
0
0
0
2 7612 8541
4 2678 9641 6494 810
0
0
0
0
0
0
0
0
0
7 4332 5818 3395 5235 1419 2171 6741
0
0
0
0
0
0
0
0
3 7263 793 9096
0
2 6911 5093
11 2912 5177 8705 8201 1772 3814 7374 733 2211 4738 2874
0
0
0
0
0
0
0
12 5318 1535 754 856 8735 4923 6727 9302 2118 4186 9650 6200
0
0
1 6565
0
0
0
0
0
0
0
0
0
0
0
4 3930 9525 8954 9566
0
0
0
0
0
0
0
0
0
0
2 8386 3732
0
2 7647 7037
0
0
0
0
0
4 2723 466 8665 6796
7 8804 7161 6210 5782 3971 6764 4485
0
0
0
0
0
0
0
0
0
0
0
0
0
0
0
6 847 4053 7720 4027 4346 3379
0
0
0
0
0
0
7 9768 7287 2111 4428 9015 5464 1169
0
0
0
2 9261 729
2 5156 3839
0
0
0
0
0
0
0
0
0
0
5 4507 8681 2787 7739 7369
0
0
5 5781 3431 9806 1056 9953
2 9391 3390
0
0
0
0
0
0
0
0
0
4 8491 6313 5314 8301
0
1 1497
0
0
0
0
0
0
7 5151 3001 1764 7673 2193 6286 3733
1 7343
0
9 7472 4570 1047 7825 5908 5702 125 8614 9364
1 6274
0
0
7 3375 7968 9571 509 1759 3298 1648
0
0
0
0
0
2 7199 2522
0
0
0
0
9 8185 6722 8040 778 5975 4548 9726 6765 266
0
0
4 9526 5551 3519 915
0
0
0
0
0
0
9 9164 631 1291 6497 8784 664 4362 3913 7306
0
0
0
0
0
0
0
0
0
0
0
0
0
0
0
0
0
0
9 3285 481 3667 7115 9600 4988 3801 1070 1488
0
5 9552 7587 5717 7275 7714
0
0
0
0
0
0
0
0
0
0
0
0
0
0
9 7377 1995 6520 6696 6900 5763 9135 9849 4964
0
10 5705 489 8981 7601 3649 9797 9766 3572 1208 3431
6 4966 6016 3386 4266 8351 7541
0
0
0
0
0
5 9181 3531 5705 501 2452
0
0
9 8039 1543 7916 9756 1488 7581 556 5882 211
3 2231 5846 8178
0
0
10 628 2787 6054 5430 3392 3205 2933 1878 2377 2093
0
0
0
0
0
0
9 8808 2804 6417 9965 7723 131 927 787 763
0
0
0
5 3851 9611 4754 7326 5324
0
0
0
0
0
0
6 5948 1464 7649 6091 2829 6807
0
0
0
0
0
0
0
10 6345 2078 1216 4240 6627 4715 6913 4901 2404 3354
0
0
0
0
0
0
0
0
0
0
0
0
0
0
0
0
0
4 3119 6851 9879 2896
0
0
0
0
3 4107 5377 9917
0
1 3514
0
0
2 626 6257
2 248 6374
0
2 3398 4408
0
0
0
0
0
4 5869 8161 9525 8569
0
0
0
0
0
0
0
0
7 6349 8650 857 8790 2778 2342 3660
0
2 4009 8850
0
0
0
0
0
0
0
0
0
0
5 5771 2622 4474 6527 8944
4 7531 7623 2969 5398
0
0
0
0
0
0
0
0
0
0
6 6821 1340 3846 3814 2864 4545
4 9111 1699 6243 6781
0
5 3310 2778 4638 2782 8089
0
5 7912 8890 7116 2474 540
0
0
0
0
0
4 3765 301 1979 6601
1 6256
2 2318 449
0
0
0
0
0
0
7 382 7925 1304 1549 864 6813 4227
6 3196 3697 5933 8319 5702 5939
0
0
0
0
0
0
0
0
0
0
0
0
0
0
10 415 9519 8576 4437 5089 1379 5999 5469 7085 2330
0
0
0
0
0
0
0
0
8 2680 1663 550 21 1813 3579 1943 6224
0
0
5 8311 8364 5176 5158 419
0
0
0
0
0
0
0
1 8356
1 1124
0
0
0
0
0
0
0
8 4525 5406 8434 4095 1857 7525 9545 6321
0
3 7597 3871 2793
0
7 7977 2932 385 8752 2007 8145 1313
0
0
6 6076 9414 8312 4433 430 1960
13 2440 6166 6938 7382 5116 2870 3098 6274 6437 82 5062 617 7815
0
0
0
1 5309
0
0
0
0
0
3 5441 6933 4387
0
0
0
0
0
3 855 8255 7103
0
0
0
0
0
0
4 756 2797 3787 3826
0
0
0
0
0
0
0
0
0
6 9789 7874 5573 2155 2545 733
0
3 8440 3579 4095
0
0
16 5863 3478 3546 7784 4973 39 6210 5356 2454 5145 7259 4829 7031 4576 579 1492
0
0
0
2 6604 4197
0
0
0
0
0
0
3 1304 8963 7744
0
0
0
0
0
1 3603
0
0
0
0
0
0
5 548 9126 8282 6851 9289
0
0
4 2166 7057 5534 8470
0
0
0
0
0
4 1513 664 5329 7891
2 5409 9647
0
0
0
0
5 5291 2098 2299 2141 8877
7 6941 9176 3718 117 2318 4439 7694
0
0
0
0
0
8 7388 407 3754 7913 2930 1585 706 2702
1 5976
1 1833
0
0
0
0
3 1191 6225 1104
0
0
0
0
4 289 9652 552 294
1 2573
0
0
0
2 8811 597
0
0
0
2 7288 2530
0
0
0
0
0
0
0
0
14 9811 5404 1364 1685 3292 514 4886 9146 7920 8508 5935 7348 5486 9967
0
4 9891 8275 2380 742
0
0
0
0
0
0
0
3 8589 4387 7103
0
0
0
14 5967 7361 7233 892 4220 6034 5213 9528 7995 255 6245 8192 2461 4084
0
7 3786 945 1432 2220 7214 1066 7085
0
0
0
0
0
3 740 3369 3422
0
0
5 2166 8934 6368 8593 4131
1 7104
0
0
2 2163 3145
0
0
0
0
0
0
4 4333 7469 1825 4437
0
0
0
0
0
0
8 5260 3643 7557 8285 3520 8995 7765 1244
0
0
0
0
0
0
0
0
0
0
0
11 7728 8551 9353 8462 1826 1977 6308 2536 2708 1459 7440
0
0
0
0
7 3158 589 3938 334 7630 1880 2441
0
0
0
0
0
0
0
6 3513 7614 6476 8265 7802 8009
0
0
0
2 7233 2534
0
0
0
0
0
6 2761 9848 6943 7584 6142 2722
0
0
1 1073
0
0
3 546 4400 8197
0
0
0
0
0
0
0
0
0
0
0
0
0
0
0
0
6 368 4852 1432 7896 9586 4198
0
0
3 3593 4983 1838
0
0
5 6860 2709 4562 212 322
3 4121 5111 2395
0
0
0
0
0
0
0
5 7452 4202 8474 3618 1453
0
0
0
0
9 505 9286 2484 6531 1289 9636 2591 7497 894
0
0
0
0
0
2 2056 8584
0
0
2 8077 639
0
0
0
0
7 5909 6775 2628 7919 8576 3664 1324
0
0
4 8790 845 5354 2138
9 3724 3582 220 3931 8765 7862 9985 8986 6415
0
0
0
12 4072 5587 202 2602 6293 7425 9710 8846 2411 7326 1098 4845
0
10 7280 7915 7066 393 7992 4154 9730 4159 7274 4033
0
0
0
6 3778 8921 7826 4618 7684 5751
0
1 1892
0
0
3 6376 8222 2238
0
0
0
0
0
6 6574 4215 8969 7112 6023 1050
0
2 5331 2774
0
0
0
0
0
0
0
0
0
8 5162 2183 9432 166 4866 3822 7803 6134
0
0
0
0
0
0
0
8 5878 9002 1943 5772 5811 244 5475 3699
0
0
6 9194 6863 4468 8694 5347 4762
5 4820 7146 1209 1533 762
6 9735 307 5364 7726 2185 9349
0
0
0
0
0
0
0
0
0
0
0
2 5879 2522
0
0
4 5077 3751 6657 1562
0
2 1935 6023
2 7649 5961
0
6 2680 1840 1569 9499 3599 7989
0
0
2 5000 1343
4 6155 2329 3742 644
0
0
0
0
0
0
0
1 2217
8 1376 9765 1737 4397 8013 8526 5937 2927
3 1607 7502 549
0
0
4 3365 379 5027 8027
0
5 7336 2374 5127 7513 6985
0
0
3 2900 3054 2070
0
0
0
0
15 9497 7123 7695 7210 2009 3130 4533 2381 6126 6886 8464 3637 2197 5953 9491
0
0
0
5 2491 6800 377 6160 6397
0
0
0
0
0
0
0
0
0
0
0
0
0
0
0
1 3703
9 5781 3191 6256 7490 7860 3122 7543 6813 8977
1 2030
0
0
0
0
0
0
0
0
0
0
0
0
4 201 9071 3224 463
0
0
0
7 9174 4388 3048 5355 8863 4024 1931
0
0
0
0
0
0
0
5 3434 4966 7959 2356 7092
0
0
0
0
0
0
0
2 2212 3308
0
0
13 1253 4886 9963 8050 6020 6080 6131 5190 539 723 6775 7439 7329
0
11 8889 1748 8268 5466 965 4545 6535 3326 8955 8210 8112
4 130 1330 1181 4230
0
0
0
0
0
4 6315 7135 5992 7302
4 9005 6536 7170 5866
1 4456
0
0
0
0
0
0
0
0
0
0
0
10 2361 599 9005 9923 7964 8114 390 3975 4714 6018
0
0
0
0
0
0
0
0
3 8636 4213 6943
0
0
0
0
0
0
0
0
0
0
0
0
0
7 6266 2623 7838 332 7854 8494 1158
0
0
0
0
0
0
0
0
0
0
0
0
0
0
0
2 6390 9995
2 4319 9813
0
0
0
0
0
0
0
0
7 2177 5559 2819 2013 9786 6224 1270
0
1 2668
0
4 9977 6308 7824 3004
0
1 8461
0
0
0
0
0
0
8 1332 6334 7028 9455 2960 1154 1269 8916
0
0
0
0
0
0
0
0
0
2 8581 8587
9 160 7305 6132 3027 3642 6189 8818 3366 7716
0
0
0
0
0
0
0
4 4479 379 3264 909
0
0
0
5 7064 7373 585 3794 18
0
0
0
0
0
0
0
0
2 3676 23
0
0
0
0
2 622 3642
0
0
0
0
0
0
4 5258 4224 3150 1747
0
0
0
0
3 8581 1902 5292
0
0
0
0
0
0
0
0
0
0
0
0
0
0
0
0
6 6119 7618 8506 752 9053 4202
0
3 8735 7163 3829
0
0
0
0
15 4122 3496 3264 5226 7464 6007 25 985 4537 9831 6718 1197 3547 2827 4274
0
0
0
0
9 1749 8821 4601 7426 5209 4137 8799 7252 8992
0
21 5674 695 1147 63 9104 8311 9654 7950 4669 8445 2464 2045 1179 5322 6081 8093 4502 7487 9639 102 8115
0
12 2246 656 8657 5734 5065 9961 2987 783 3558 9593 39 7401
6 8902 9096 3452 5091 3817 9829
0
0
0
0
0
0
0
0
0
0
0
0
1 3477
0
0
0
2 2276 4147
0
0
0
0
0
0
0
0
0
0
10 9787 3225 2258 4330 1853 9062 7244 12 3140 7423
1 5478
0
0
0
11 6285 5388 1336 6663 1273 7564 8005 2881 1065 3281 1322
0
0
0
0
14 3862 3666 4971 3057 8420 4191 1995 8062 2444 1747 7417 4611 1872 6361
0
0
0
0
0
0
3 9267 5019 4455
0
0
0
0
0
0
0
0
0
4 4868 6694 6044 7610
0
0
0
0
0
1 3840
0
0
0
0
0
0
0
0
0
0
0
0
0
0
0
0
0
0
6 7040 5293 2711 527 9821 7584
0
0
0
5 3269 223 6607 425 6985
0
0
0
0
0
0
0
0
0
0
0
0
0
0
2 8700 8603
0
1 6651
0
0
0
0
0
0
0
0
0
0
0
0
0
0
0
0
0
0
0
0
0
0
0
0
0
0
0
0
0
2 1405 446
9 2189 6352 795 2453 2828 4002 1913 7029 2756
6 945 4105 2301 9209 2612 5821
0
0
0
4 2267 2659 3456 5127
0
0
0
0
1 2087
0
0
0
0
0
0
14 3180 8025 4473 1724 7233 2189 181 4012 8378 2448 7377 1783 4956 8175
0
0
0
0
0
0
0
3 6488 9193 1168
0
0
0
0
4 6000 3645 7958 4092
0
0
0
0
0
0
0
3 3911 1226 7523
0
0
0
1 1223
9 2272 8581 7273 8059 7755 637 8721 8121 124
0
0
0
0
0
2 8415 7230
0
0
0
0
0
6 9069 172 8109 9107 7600 6691
0
0
0
0
0
3 5188 4831 9226
8 282 433 2105 9678 3544 7439 462 8852
0
6 846 4866 9196 759 4654 4821
0
0
0
3 708 658 1833
0
2 6652 3996
0
0
0
0
0
0
3 6230 102 1508
0
0
4 2204 5021 2914 8781
0
0
0
0
0
0
0
4 4410 1416 2393 7968
8 2783 8188 7490 4800 3671 8440 4741 783
0
0
0
8 6893 7094 9344 2530 6122 2591 3987 2926
0
0
0
0
0
0
0
0
0
6 2512 2683 5876 4506 3847 3306
11 3418 3447 2491 1931 7264 8096 6182 2799 1742 8741 8146
8 3758 7859 9795 3445 6292 2260 9111 639
0
0
0
0
6 84 1357 7779 6376 941 7047
0
0
0
0
0
0
2 1584 2156
1 2954
0
0
0
0
0
0
0
0
3 7550 5452 8129
0
0
0
0
0
0
4 1252 2878 5254 5145
0
0
1 9735
0
0
0
0
0
0
0
2 447 1492
0
3 395 7754 6559
0
0
0
0
0
0
8 1779 1463 5428 2432 5389 7984 8689 3953
0
0
7 7250 1905 1577 1961 339 8852 4036
0
9 7308 8576 7252 4980 1323 3859 6629 7476 5484
0
0
0
2 2728 7492
0
0
0
0
8 6711 9325 4399 7078 7079 767 2164 4558
0
0
0
0
0
0
0
0
0
0
0
0
0
0
0
0
0
0
6 8479 960 7581 1910 5865 3449
0
0
0
0
0
0
4 3468 1617 5583 8074
0
0
3 1185 9247 9597
0
0
6 9429 3074 9701 9615 467 7663
0
0
0
0
0
0
0
4 2151 7677 8287 8076
0
5 8482 9261 3787 7471 7472
0
8 2350 5067 9694 7889 7646 7266 1072 1017
0
0
8 5605 3218 5517 4123 8511 211 6053 3247
0
0
0
0
0
0
7 9951 4569 4042 1388 6521 1145 5540
2 8483 8324
0
0
0
2 9718 1077
0
0
6 2180 4684 8616 4062 3953 9719
1 7887
2 4097 7721
0
0
0
0
0
0
0
0
0
0
0
0
0
0
0
0
0
3 2999 6237 2825
2 2625 1985
0
0
0
0
0
0
0
0
0
0
0
0
7 113 6790 4980 6528 8744 1793 9646
0
4 7874 8003 2119 8035
4 5449 9985 744 3970
0
0
0
0
11 780 264 9818 981 4373 9983 457 8574 8668 6109 3815
0
2 8522 1147
0
0
0
0
0
0
0
0
0
0
0
0
0
0
0
1 1867
6 1116 5133 8413 2438 9505 2522
0
3 9276 9465 3687
0
0
0
2 495 9518
0
0
0
2 2283 9558
0
0
0
0
0
0
0
0
0
6 8711 5492 6085 9510 8576 3521
7 9494 3009 2331 4994 8140 9726 8943
0
0
8 857 5272 7672 7524 2677 6236 9448 4572
2 8549 8645
0
0
0
4 4085 6185 7705 2204
0
0
0
3 2097 2703 242
0
0
0
0
1 9970
0
16 650 1630 8583 8552 7608 8933 5415 7737 4085 4539 3715 2017 192 266 3352 3666
0
0
0
0
0
0
0
0
0
0
6 4998 5489 3115 5452 1577 5240
0
0
0
0
0
0
0
0
7 1124 6226 5621 9500 5114 4604 6400
0
0
0
0
1 7563
10 6207 6943 2902 2608 4928 3417 524 3994 932 4199
0
0
2 5890 3049
0
3 2580 6592 2776
0
0
0
0
0
0
0
13 3732 7263 1653 5890 2577 1290 6097 8033 5910 8527 1090 6827 3701
0
9 8385 6249 7423 5009 5690 5642 3443 6006 2230
0
6 672 4285 1917 9430 7613 5867
0
0
5 9183 5857 4560 3353 7224
0
7 3743 7726 2631 9261 9711 2590 4171
0
0
7 7715 2416 865 6595 4196 846 2084
0
1 985
0
4 7600 1925 527 6060
0
3 7788 8946 2533
0
0
11 8264 4024 7082 5245 7252 604 1680 7006 5117 7216 1256
0
0
0
0
0
0
0
0
0
6 1279 3221 8902 8144 2597 2715
0
0
2 4425 4667
0
0
4 3562 6136 9541 7972
6 5274 6426 2929 6724 4181 9879
0
0
0
0
0
0
3 4806 8331 1482
0
0
0
0
0
9 8206 7038 2176 4961 8822 901 7580 9678 8796
0
0
0
0
0
0
4 4241 7476 7697 4284
6 478 8177 8836 4800 6517 415
0
0
0
13 7397 8682 5835 3781 4552 6254 4214 2655 8966 8993 9481 3940 3520
0
0
0
0
0
0
0
0
6 2190 4323 1512 871 1420 9683
0
0
0
0
3 7458 527 9653
0
0
0
0
0
4 400 7523 399 3715
0
0
0
0
0
0
0
0
0
0
0
0
4 4439 728 3593 9591
2 678 8849
9 416 4159 6504 432 960 2002 3463 4808 1684
0
0
0
0
0
0
13 9413 5826 5218 7111 4883 3467 2873 9110 6632 788 816 9170 3186
0
6 7965 6757 6979 4275 3836 3818
0
1 3965
0
4 1114 3838 9417 7823
0
0
0
0
0
0
0
4 9481 6627 860 3057
8 2180 1122 389 8158 3784 726 3637 7612
0
0
0
0
4 9920 8441 205 3636
0
0
0
0
0
0
0
0
0
0
15 265 8199 3540 7152 3648 4113 2875 8566 4771 8454 7840 7569 867 5866 4952
0
0
0
0
0
0
0
0
0
0
0
0
0
9 5751 5696 7448 3448 5783 9066 3269 1821 1792
0
2 7340 9744
2 3950 8637
0
3 2216 5327 6801
0
0
0
0
0
2 5927 8206
1 9220
2 3199 2164
0
0
0
0
1 2213
0
0
0
0
0
0
3 8410 3700 7521
0
0
1 5514
1 3328
0
0
0
0
0
0
0
0
0
0
3 9892 5922 3659
0
0
0
0
0
0
2 9591 3328
0
0
0
0
0
0
0
4 7490 1284 1008 4714
1 3535
0
6 5940 8349 9896 8991 6459 2325
0
0
0
10 8502 4512 7885 178 7929 5300 2723 821 8080 1207
0
0
0
0
0
0
0
0
2 6018 4322
0
0
0
5 3171 5356 6184 7665 6589
0
0
0
0
0
0
11 1982 4974 8878 1299 9745 7990 7777 9850 3468 9051 4134
0
0
0
0
0
0
0
2 9788 9130
1 7551
1 7647
0
0
0
1 7730
0
3 9855 9123 3787
0
0
0
0
0
0
5 5503 2519 5516 3024 8267
6 3167 5966 6486 6433 8303 272
0
0
0
0
4 2488 6710 2432 6130
0
0
0
0
0
0
0
1 9273
4 629 3246 1189 7425
4 260 9109 2034 1867
0
0
0
0
0
0
3 6724 2527 8143
0
0
0
0
0
0
0
0
0
0
0
0
7 8441 8319 5375 6245 2207 432 5198
0
0
0
0
0
0
4 1384 3376 771 577
0
0
0
0
0
4 6905 7517 6311 4346
0
0
2 3571 1777
0
0
3 4103 6183 6330
1 6375
0
0
0
5 2117 3137 2255 44 7327
0
0
7 5664 6435 1788 5152 5699 5413 907
1 9544
0
0
0
0
0
0
0
0
0
0
0
0
0
0
0
0
0
0
0
0
0
0
10 2779 4647 104 6940 1393 364 5216 5834 5997 4117
4 2766 8464 8828 8288
0
0
0
0
0
0
0
0
4 2005 1684 6496 2205
0
0
0
0
0
0
0
0
5 3101 1028 9570 5371 8441
0
0
0
0
0
0
7 7567 3021 9166 3052 1125 2307 241
6 5544 3083 8854 5477 5260 2165
10 6954 9779 385 4761 4956 7496 4741 7170 2569 8013
0
0
2 2034 9012
0
0
0
13 5893 7406 9389 8235 1851 960 4654 4842 320 4188 1760 7283 9779
0
0
0
0
6 3059 7241 5202 455 2868 1207
0
0
6 9635 5687 5301 1339 93 6458
0
0
0
0
0
0
0
5 9052 2597 5648 6238 8992
7 9467 130 9278 6342 2526 4139 4163
2 8364 9253
0
10 6102 1119 7575 7886 2008 5179 2972 741 999 6173
0
0
0
0
0
0
0
0
0
0
5 3917 7616 6219 5902 142
0
0
0
0
0
0
0
0
0
0
8 1918 5677 432 4786 4311 4693 1573 4911
0
6 5544 2750 4500 9761 3834 9630
0
0
0
5 6370 257 9215 3801 7658
9 269 8330 9302 3372 7485 3141 9019 2692 6585
3 2493 1395 165
0
2 1263 875
0
0
0
0
0
0
0
0
0
0
0
0
0
8 5457 7653 8694 4227 2022 428 8536 7673
3 3125 1368 4570
0
2 634 6331
0
0
0
1 1389
0
0
0
0
0
0
8 9678 8517 898 1985 6145 14 4543 7323
1 1511
0
0
0
0
0
0
5 9330 2495 433 8182 973
0
0
10 9277 9252 838 8245 4269 1740 3725 9790 7225 5216
7 9919 1926 6240 6609 3251 2013 3576
0
7 5408 2516 4896 5490 9245 8364 9553
0
0
0
0
0
6 5043 1912 1471 9938 1208 241
0
0
0
0
0
0
2 8610 8208
0
0
0
0
0
0
6 1716 3825 4075 1320 1327 8313
0
3 4878 9840 9358
0
0
9 5799 9234 4647 5253 7377 138 6367 6912 6106
0
9 4720 1556 2397 511 4447 7785 4807 7722 8535
2 5855 251
0
10 2016 9263 1993 3215 2326 6468 9909 3505 3900 5581
3 7275 2686 8896
0
0
6 1270 277 6685 2837 4256 2218
12 6607 1582 9770 1536 4278 5862 7428 1056 275 7101 6452 5281
0
0
0
0
0
0
3 6370 7106 3072
0
9 1683 2345 2623 5336 2613 7030 6100 7853 8418
0
0
0
0
0
2 4885 1017
9 8028 8989 464 9155 2756 9065 1942 6962 8744
0
0
0
0
2 2306 5453
0
0
0
5 9365 6376 3256 8714 5251
0
0
0
0
0
2 8445 6820
0
0
0
0
0
0
0
0
0
11 6955 6235 7737 355 1490 6209 6270 2105 7430 6951 8190
0
0
4 1335 3061 9188 9308
0
0
0
0
0
0
0
0
1 6954
0
0
0
0
0
0
0
0
0
0
0
0
0
0
0
0
0
0
0
0
0
0
0
1 2185
7 3236 5251 6069 5919 2117 5117 4311
0
7 5501 3633 5358 9199 1459 4885 9445
0
0
0
0
0
0
0
0
0
0
7 9812 2171 3226 6265 4308 988 1152
8 5986 4809 4536 7912 5886 4726 9518 3299
1 315
0
0
0
9 8232 9382 8942 1741 9216 7168 4427 2801 5469
0
5 4849 1296 7400 5743 9942
0
0
0
0
0
0
7 6201 2797 118 9223 9181 7494 9256
4 6437 1960 8566 8400
0
0
0
0
0
0
0
0
0
0
0
0
0
0
0
0
0
0
0
0
2 2552 2437
0
0
0
0
6 1317 9048 5189 2993 3261 6435
0
0
0
0
0
5 2628 1459 2742 7455 1181
0
0
0
0
2 3831 3283
0
0
0
0
0
0
7 4402 8034 9859 119 5693 5656 5150
0
2 7458 4080
6 1454 9112 9686 3874 8477 9664
0
0
4 6934 978 1122 3144
0
0
0
0
0
0
0
0
0
12 5063 8249 9696 4138 8408 4122 2078 9708 3784 2497 3541 4886
0
7 1760 9851 713 4901 4444 9161 1771
6 6506 7332 8663 2836 4414 6369
0
0
4 9389 4409 4718 7523
0
0
0
0
0
0
0
0
0
0
0
0
5 25 8268 5137 1291 3369
0
3 3047 9566 6117
0
0
2 4467 1821
0
0
0
0
0
0
0
0
0
5 7677 9759 2855 6995 2088
0
0
0
0
0
0
0
0
0
0
0
0
0
0
6 5657 4588 9649 2049 2997 295
0
0
0
7 4490 7867 7025 6138 5702 7508 1133
0
0
0
0
0
0
0
2 3305 3147
0
0
0
0
0
0
0
0
0
0
0
0
0
3 7948 9779 8008
0
0
5 7847 2852 8916 9333 4293
0
0
0
0
0
2 9663 6354
0
0
2 6686 808
0
0
0
0
0
0
0
0
0
0
13 923 1952 8645 5752 8932 3084 692 9510 4204 7689 7204 2630 3031
0
9 4210 3432 5102 646 1776 9908 2002 4343 3618
0
0
0
0
0
0
0
8 1082 6058 8934 9014 7227 3443 916 1746
0
0
0
0
0
0
0
2 9900 5000
1 8042
0
0
0
0
0
0
0
0
0
0
0
7 9879 8076 3087 5838 1486 1994 4294
0
0
10 552 7522 2572 9598 6917 5988 1761 795 4773 2768
0
0
6 189 9111 9970 8799 8111 2739
0
0
0
0
0
0
0
0
6 6848 339 8036 4114 3090 6718
0
0
0
0
0
0
0
0
0
0
0
9 4549 4960 5960 9835 2476 3060 8406 8178 9515
0
0
0
0
0
0
0
0
0
0
0
6 1122 9986 5123 4151 2044 2647
0
0
0
0
0
0
3 890 3964 1827
0
0
0
0
0
0
0
3 2086 9681 6628
0
0
0
0
0
0
0
0
0
0
0
0
0
4 479 5411 4065 1990
0
0
0
0
0
0
0
0
0
6 5476 7933 6742 8372 6762 8122
0
0
0
0
4 1920 8248 1075 4572
0
0
0
3 4210 1445 3789
0
7 7332 9467 9203 2596 3345 3927 3813
0
0
0
0
11 586 8444 2085 4644 8714 5250 5370 8933 8735 4581 1812
0
0
0
8 6733 6876 6904 5407 8948 5729 3611 3826
0
0
6 927 2829 1566 9123 3274 1268
0
2 1518 2643
0
0
0
0
0
0
13 4239 855 6666 3989 8609 6967 9312 400 1009 394 2682 1910 703
4 4811 8928 6290 6577
0
2 1920 3417
3 8043 9538 142
0
0
3 3834 5012 3044
0
0
0
5 9179 6471 930 2148 6299
3 6420 6303 6702
2 7333 7720
0
9 6833 297 4655 1736 2578 9465 3993 422 6054
8 2274 5260 8818 3409 1358 6865 8443 1786
0
0
0
0
0
0
0
0
0
0
0
0
2 9629 8003
6 714 800 8648 8115 5798 6283
0
0
0
0
0
2 7507 3786
0
0
0
0
6 2321 2130 1202 1219 8435 4599
0
0
4 2186 7486 5150 1038
0
0
0
0
0
0
12 8403 5580 5013 597 911 8192 393 4196 4759 4796 6914 7778
0
0
0
2 477 9857
0
0
0
8 4120 6184 6831 6418 3651 7459 3850 4025
0
0
7 7235 3270 2181 7536 1822 5115 3396
0
8 2119 2446 7222 6264 9053 1746 2630 6769
0
0
3 9582 5606 2287
0
0
0
0
6 3187 998 5278 6833 2780 4639
0
0
0
0
0
0
12 8274 1675 6250 7056 1434 476 4939 6264 8656 2218 8536 7342
0
0
0
0
0
0
0
0
0
0
0
0
2 739 300
0
0
0
6 3546 5117 3168 6639 9801 7668
0
9 6113 5776 5954 4167 2299 4807 5844 6856 8916
0
4 8494 2 2093 6425
0
4 4776 4822 1871 3938
0
2 458 6931
9 7632 691 7090 2243 6566 54 3027 7618 5110
0
0
2 2725 442
0
0
8 5457 461 9533 8609 6760 7930 2495 1592
0
0
0
0
0
2 6646 4746
0
0
0
0
0
4 7548 8582 9919 7368
0
0
0
0
0
0
0
0
0
0
0
0
0
0
0
0
0
0
0
13 8606 7341 8768 771 8900 1119 811 6134 955 8126 7916 6949 7686
8 6669 8308 4818 1242 1142 2947 2207 8565
0
0
0
0
0
6 4671 9779 1456 8558 1051 1090
11 1211 5509 4941 5020 8052 1721 285 8956 790 6643 7319
0
0
0
0
4 6490 3480 2563 7275
0
0
8 3761 37 3330 2504 3540 9785 9888 8651
0
0
0
0
1 2134
0
0
7 7024 2489 5490 9811 7549 7486 7763
5 7810 2376 1400 5628 7464
1 4197
0
0
0
0
4 7544 5085 6309 7649
0
0
0
0
3 2839 5995 5390
0
0
0
0
0
0
0
0
2 3435 7604
0
0
5 9903 4673 8208 6438 919
0
0
0
0
0
0
0
0
0
0
0
0
0
0
0
0
0
0
0
9 4707 4587 8323 7654 5951 146 4005 5438 4131
0
4 9693 5890 4207 7934
2 7045 7223
0
4 2535 9503 1245 536
0
4 2534 8573 1193 9649
0
0
0
0
13 6077 7145 6886 5086 9751 344 528 9129 913 2732 9993 4787 9465
0
0
0
0
0
0
0
0
0
0
0
0
0
0
0
6 6793 5332 5180 2720 994 4964
0
0
0
0
8 8478 6958 9833 2543 9014 9251 3801 7222
0
0
0
0
3 6437 4699 8400
0
0
0
4 8256 7065 2482 2880
13 8184 8135 6349 274 7488 1601 3074 9697 9504 5701 6613 6477 7175
0
0
0
0
2 1122 1952
0
0
0
7 1888 2268 1361 3873 718 1016 6785
0
10 2114 8894 1602 2355 6899 6655 2342 8820 6506 571
0
0
0
6 5738 6558 4584 8368 3158 2327
2 2110 3485
5 8416 6313 6241 1441 4222
0
0
0
0
16 7994 9166 1804 4195 2199 2877 6451 8605 675 7499 2354 3451 150 1260 9307 7710
0
0
0
6 5078 3988 143 7775 9872 1176
0
0
0
0
0
0
0
8 7873 3530 6845 6175 4149 9359 6820 2320
7 9260 1354 2236 7479 8326 9303 7993
0
0
0
3 8719 917 1764
0
2 4326 2135
6 4326 8262 8796 1888 9267 4932
0
0
0
0
0
11 5141 1160 1950 5202 9043 1550 9288 9783 5827 1503 2565
0
0
0
0
0
0
0
0
0
0
3 1746 6606 4932
0
0
0
0
0
0
0
0
0
0
0
0
6 3985 543 5675 17 6798 9173
0
6 5771 6996 5498 1450 8487 1755
0
0
0
0
0
0
5 5468 9371 2383 7373 1244
0
0
0
1 3817
2 8536 1599
0
1 343
0
0
0
0
0
0
0
5 5866 7906 8356 1321 7492
0
0
0
0
0
0
5 5539 370 7249 6793 4428
0
0
0
0
0
0
0
0
0
0
0
0
0
0
0
0
0
0
0
0
0
0
0
0
0
0
0
0
0
0
3 2730 9860 5325
0
0
0
0
0
0
0
0
0
0
0
4 6767 1509 3012 5081
0
0
0
0
0
0
0
0
0
0
0
0
0
0
0
6 3251 195 1530 6148 9162 30
0
0
0
0
0
0
0
0
0
0
0
0
0
0
0
0
0
0
0
0
0
1 3178
0
5 8999 4656 2143 7307 9756
5 612 6288 4671 3290 220
6 561 6552 18 5296 9956 7746
0
5 4048 4465 8489 4748 4987
0
0
0
0
0
0
0
0
0
0
0
0
0
0
1 7485
0
4 9734 4987 308 9621
0
1 9882
0
0
1 3446
0
0
0
4 300 2646 423 3619
1 4
0
0
0
0
0
0
0
0
4 5653 1533 9674 6382
0
0
0
0
0
0
0
0
2 6076 2367
0
0
0
0
0
0
0
0
0
9 4706 10000 4075 293 65 8488 9251 2916 7531
0
0
0
0
0
0
0
0
0
0
0
0
0
0
0
0
0
0
0
0
0
0
0
0
4 5997 7199 9024 9146
0
0
6 685 6666 6523 1619 5392 7601
1 5281
0
0
5 212 5655 6003 4065 6720
0
0
0
0
0
0
0
0
0
0
2 8156 3652
0
0
0
0
0
0
0
0
0
0
0
2 6673 6402
0
0
0
0
0
0
0
4 2242 7063 6946 7584
0
0
0
0
0
0
0
0
0
2 6511 7777
0
3 6861 6896 6709
5 2454 4104 3168 3663 6033
0
0
0
0
0
0
2 6182 9202
0
0
0
0
0
0
0
0
0
2 9888 4640
0
0
4 3924 6402 1443 2709
0
0
1 2252
14 6220 776 9653 9174 8665 7738 3259 891 2045 1637 9156 6119 9199 9723
0
0
2 7002 2705
0
0
0
0
7 4717 1804 9063 9290 6170 7175 239
1 5863
0
0
0
0
6 6075 4009 3997 4360 4294 2514
0
0
0
0
0
0
0
0
2 1796 1929
0
0
0
3 3750 9528 3479
0
0
0
0
0
0
0
0
4 5500 4902 7957 983
0
0
0
0
0
0
0
0
0
0
0
0
0
2 2895 6230
14 5937 4855 3631 9773 1482 4702 251 9712 903 8445 6912 8387 244 8521
0
4 1331 3149 7136 6681
17 8005 8874 5322 3714 20 1406 1049 482 1477 3610 971 2553 9735 1442 9640 9597 5065
0
0
8 5609 7048 4276 4033 7865 3294 7997 5107
0
0
0
0
0
0
0
0
0
0
0
0
0
0
0
4 1645 1783 1429 6295
0
0
0
0
6 9716 8283 1236 4382 6143 4377
0
0
0
0
0
7 9059 1753 3603 6841 5595 5262 8646
0
0
0
0
0
0
0
0
5 8956 7284 1774 4885 3050
0
0
0
0
0
0
0
2 3146 9334
3 4809 3910 1345
0
0
0
0
0
0
0
9 6391 8904 3773 2449 1540 922 8500 4211 9630
12 6382 4126 9259 1071 6255 7235 8389 4573 5991 966 1803 5861
0
0
0
0
0
3 7149 8315 2397
0
0
0
0
0
0
0
0
0
0
0
1 1569
0
0
0
0
0
0
3 7026 3495 7382
1 7951
0
5 881 6677 6955 7490 5454
0
0
0
4 6759 9993 991 7174
0
0
0
0
0
0
0
0
0
9 8046 9918 6883 8811 9990 45 3012 7643 9135
0
0
0
0
3 3912 9060 7750
0
0
9 6083 9342 8470 7206 4495 9992 8192 2910 8188
0
0
0
0
4 1553 2078 6258 2529
0
0
0
6 9034 3608 5718 7641 332 7923
0
0
0
1 9050
0
0
0
5 2344 6299 6206 8633 5353
0
0
0
0
0
0
0
0
0
0
4 7454 4950 3337 8444
1 5079
0
0
0
0
0
0
0
6 8395 8270 5994 8715 2808 5714
0
0
0
0
0
4 2069 2240 1647 392
0
0
6 8675 1025 8025 6821 7332 8264
0
0
0
0
12 5059 56 5568 9623 4132 6049 829 2014 7895 5552 601 4246
0
0
0
0
4 7383 9484 5651 1561
0
0
5 7362 724 2324 5432 7889
0
1 5072
0
0
0
0
0
8 2637 7426 2631 3004 2695 2375 2146 264
0
0
0
0
0
0
0
1 2078
11 8823 108 7026 9426 5165 7240 8795 8920 7618 3125 5607
0
0
0
6 8481 5729 1089 2562 1527 6153
0
0
0
0
0
6 2053 1910 692 6174 5867 4821
0
7 5603 4092 9422 3146 293 5800 8380
0
0
1 2898
13 2047 8838 1720 6050 7699 680 6764 4912 8869 352 3871 6299 5960
0
0
7 9279 6976 758 8581 8432 4397 5033
0
4 1996 8723 6813 3375
11 834 9630 8130 6679 4570 2420 785 3809 2658 2076 16
2 2704 9889
0
0
0
0
0
0
0
0
0
0
0
0
0
0
0
0
0
0
2 9312 230
0
0
0
5 2838 896 1735 4495 6868
3 2575 3649 6442
0
0
0
10 1374 4543 9195 875 2508 5780 376 6479 2932 4713
0
0
0
0
0
0
0
0
12 4541 6058 8680 7339 9882 9697 8064 6832 7392 6482 700 6734
0
0
0
0
0
1 2244
0
0
0
0
0
0
0
0
0
1 4887
0
7 6151 1045 2181 2583 6037 7835 9438
0
0
0
0
0
0
0
0
2 704 5908
2 8710 4780
0
0
0
0
5 8632 2294 1980 6374 9517
0
0
0
2 4215 294
0
0
0
2 8593 3459
0
0
0
0
0
7 4947 4106 9763 4785 6825 1406 3481
0
0
0
0
0
6 5952 7752 3991 8972 6529 4173
0
0
0
0
0
0
0
0
0
0
1 3204
0
0
0
0
0
0
0
0
0
0
1 8706
0
0
0
0
0
0
0
0
0
0
2 3679 5697
0
0
0
0
0
0
0
0
1 1400
2 8107 3620
0
8 353 5339 9776 6442 1967 3020 8263 5151
0
0
1 7820
0
0
0
8 8190 477 8534 940 5171 6871 1297 2515
0
0
0
0
0
0
7 9831 1028 5380 4377 8030 7471 5120
0
0
0
0
11 5514 721 2624 3250 8073 9944 8641 3089 3348 7209 6354
0
0
0
0
0
1 6304
3 6253 3999 2591
0
4 5867 1957 1206 1079
0
9 3706 6410 1362 8044 268 181 4994 4574 4954
0
0
0
0
0
0
0
10 427 1833 4917 628 2074 9736 1600 2386 2217 3325
0
0
0
0
0
6 1185 1617 5560 4718 3822 6998
0
0
0
1 261
0
0
7 1425 1112 4394 8326 9176 4535 5686
0
0
0
3 9846 9461 5070
0
0
0
0
9 1651 1562 678 3207 8543 9615 9425 1002 3274
2 866 3293
0
0
0
0
0
0
0
2 1095 5950
0
5 9597 5347 5769 1266 7477
0
0
0
0
0
0
4 1931 3577 5367 4592
6 4134 6480 8318 174 2280 4777
0
0
0
0
1 5357
5 9248 2496 7599 8356 418
0
3 5201 4482 7224
0
0
0
0
8 381 5500 7486 9667 6256 4652 465 4024
0
0
0
0
0
0
0
0
0
0
0
0
0
0
3 1297 4791 9869
0
5 2196 9660 8435 627 8119
3 2866 8525 3159
0
0
9 9101 7573 5427 3580 1637 6875 7562 5162 5264
1 4859
0
0
0
0
0
4 4574 4417 7386 1707
0
0
0
0
4 2346 7838 3092 2018
0
0
0
1 8630
0
0
0
0
3 7108 98 50
0
0
0
0
0
9 7337 648 7506 4935 3180 3450 2778 3236 1258
0
0
0
0
0
0
4 7486 1536 5412 6008
5 7312 9556 3885 7876 8881
0
0
0
0
0
0
0
0
0
0
0
0
0
0
0
0
0
0
0
0
0
0
0
4 9197 7690 171 5483
0
0
0
0
0
0
0
0
0
0
4 345 1769 5122 7868
0
0
0
0
0
0
0
0
4 503 3917 5535 635
0
3 7035 9037 1861
1 9582
0
2 2127 636
0
3 2010 7019 2881
6 2653 3557 6103 6123 3762 9489
0
0
0
0
2 4473 939
0
1 76
0
3 8253 9337 9148
0
0
0
0
0
0
5 6974 1439 4015 1015 3176
0
0
0
0
5 5717 8221 8604 3962 8501
0
0
0
0
0
0
1 5585
0
0
6 7738 5404 3316 2830 6282 6805
0
0
10 2343 4693 3555 4679 6195 590 119 9057 1178 90
1 4504
0
0
0
0
0
0
0
5 7109 9852 7207 8324 3336
0
0
0
5 8981 957 4944 4481 2357
0
0
0
0
0
9 8330 817 4798 5091 6418 9702 9803 3111 3946
0
0
0
0
0
0
3 5838 2788 41
0
0
0
0
0
3 8968 7615 3604
0
0
0
0
0
2 4209 4378
0
0
0
0
0
0
0
0
0
0
4 7394 7369 2561 2132
0
0
0
0
0
0
0
0
0
1 1159
0
0
0
0
0
1 2614
0
1 8564
0
0
0
0
6 1163 2867 5948 5830 196 7002
0
0
0
9 3987 6293 4309 7706 8332 4584 3437 9986 8501
0
0
0
0
0
0
0
0
0
0
0
2 9082 7867
0
0
1 6164
0
0
1 9006
0
0
0
0
0
0
0
0
0
0
0
0
0
0
0
0
2 7573 4306
0
0
4 7653 3173 1950 7174
0
0
5 3918 8838 4259 3075 2398
9 7369 1325 2861 4985 8891 6087 5539 3570 1135
0
0
0
0
0
0
0
0
0
0
0
0
0
0
0
0
0
0
0
0
1 1387
0
0
0
0
0
2 7352 8683
0
0
0
0
0
0
5 8036 6676 946 8749 8147
0
0
0
0
0
0
0
9 9346 4482 17 5844 491 7263 1678 5089 7456
0
0
0
0
0
0
0
0
0
0
0
4 1813 6482 7449 3777
0
8 5033 1844 1285 2691 6030 23 6691 9710
0
5 8299 7883 532 559 8986
0
2 6049 1689
0
0
0
2 66 3492
0
0
0
0
0
0
0
0
0
0
5 7384 9990 1613 4173 8981
0
0
3 9587 74 7487
0
3 7295 5379 8594
0
0
0
0
0
0
6 7928 7979 3512 661 3623 7286
0
0
0
8 5565 8941 8050 9929 2295 6969 1345 666
0
0
0
5 7465 3190 3535 756 6038
0
13 5299 2068 2449 7381 307 1743 398 7110 9052 2418 9971 4694 1618
1 1014
8 3421 501 5346 6631 6524 3374 4471 8739
0
0
1 8620
0
0
0
4 895 4960 7650 7287
0
0
0
0
0
0
0
0
0
0
3 2540 6352 5050
0
0
14 611 7989 7705 4282 6521 2385 3280 5593 6166 3644 1117 9216 8258 744
0
0
10 1361 6960 516 897 1060 4155 4419 7334 4229 1582
0
3 6028 4640 3278
0
0
8 9837 1306 8784 9134 9607 3147 2869 3314
0
0
0
0
9 5411 5678 4818 5142 864 3646 4939 4061 1907
0
0
0
2 9229 8339
0
0
0
0
0
0
0
2 2838 5742
0
6 559 2732 5369 3464 6716 4745
0
0
0
0
0
4 7667 4149 9432 3349
0
0
0
0
0
0
6 6227 8942 2998 7774 320 4061
0
0
0
0
0
0
0
0
0
0
0
0
0
0
0
0
0
0
0
0
7 6620 2980 2531 9307 5346 4809 4817
0
0
0
0
0
0
0
0
0
7 8168 3233 6050 9126 7379 7758 6675
0
0
7 8287 8079 4834 822 4136 5238 6830
8 8690 980 9125 3231 8549 3445 8383 2288
0
0
0
0
5 5768 2003 6668 5020 2358
0
5 7041 5828 6425 9873 5067
0
0
0
0
0
0
0
0
2 9071 1424
0
0
0
0
0
0
8 3487 5988 3894 7160 6157 4963 7241 7259
12 5644 7227 7263 6944 8156 3532 518 2298 2183 3984 3351 6970
0
0
0
0
0
0
0
0
0
0
0
0
0
0
0
0
2 2574 3496
0
0
0
5 680 92 4392 230 6800
0
0
0
7 8672 6147 9151 6226 840 8498 6920
6 6733 812 6855 6073 4161 7827
3 2568 6910 8837
0
0
0
0
0
0
0
0
0
0
0
0
0
0
0
0
0
0
0
0
0
0
0
0
0
1 8779
0
0
0
2 3388 6076
10 9971 3308 9265 6880 3485 6932 9930 3888 5418 2263
0
2 5926 7886
0
6 2205 442 3959 3089 4763 592
2 6331 8411
0
2 9714 5498
0
0
0
10 3892 8660 2964 4312 6992 8847 1406 6525 8063 5946
4 287 2537 5324 5455
0
0
0
0
2 8376 3004
9 7086 8547 1533 4457 2213 1279 2249 4028 3473
11 4126 8944 9142 5925 4290 8894 4221 6300 737 8572 8224
0
0
0
0
0
0
0
4 9115 5321 6925 7951
0
0
0
0
0
3 1374 7584 6516
7 326 1694 6844 2330 1128 8247 3662
1 9008
0
0
0
0
0
0
0
0
0
0
0
0
0
0
2 9570 7074
1 3325
2 98 6906
2 6269 1181
4 512 1299 9208 7896
0
0
0
0
0
5 1073 4508 4682 4288 4802
0
2 8722 344
0
0
0
0
2 2954 9780
0
0
0
0
8 703 4422 9348 4431 2690 7363 4433 2138
2 2551 5746
0
0
0
0
0
0
13 2612 6694 8184 7367 9824 3505 8267 2148 4208 1622 5158 9498 7760
0
6 8160 9614 6836 4377 4079 1656
0
0
9 421 9043 1846 504 4553 5116 5413 8246 3833
13 6075 9268 8377 3525 5427 7954 8322 4521 357 2169 5004 9480 115
0
0
0
0
0
0
0
0
3 7770 2138 2027
6 3341 911 2306 177 7501 4939
0
0
0
0
0
0
0
2 6414 2901
0
0
0
0
0
0
0
0
0
0
0
0
0
0
0
0
8 3736 9548 9859 1001 1482 66 4971 8731
0
0
0
0
5 5997 375 2084 3270 822
0
4 3790 7414 995 8259
6 5874 5765 2420 6518 8448 3338
0
0
0
0
0
0
0
9 9673 697 4376 1466 9083 8426 7193 9787 1323
4 9243 7044 796 3953
5 8522 639 8601 95 710
0
1 2204
7 7963 2370 44 8753 6275 8796 7681
3 2881 3574 6048
0
3 7207 5725 4879
0
7 76 8397 4998 3779 7896 3838 2195
0
0
0
0
0
0
0
0
0
0
0
2 2094 6157
0
0
0
0
0
0
0
0
0
0
0
0
0
1 2486
0
0
0
0
0
0
1 4832
2 2546 1912
0
2 6106 3415
0
0
0
0
0
0
4 5678 9938 1169 5234
0
0
0
0
0
0
6 5295 8574 4460 5895 4944 6711
0
4 2109 9612 1376 9182
7 5058 949 8281 2912 7322 9307 3029
0
0
0
0
0
0
0
0
0
7 6764 9646 554 6668 8784 1357 1818
0
0
0
0
6 5001 124 497 7360 2333 3325
13 5833 8327 3612 8515 9740 1596 4190 3382 779 315 9045 4217 2234
0
0
0
0
0
10 4674 8406 6912 5915 5125 6779 9469 4161 2815 9650
0
0
0
1 6999
0
0
0
6 7125 1024 6789 6144 5196 9647
6 3648 8174 9396 8064 465 5309
0
2 932 6047
9 4974 8978 5813 6596 2466 634 1433 2667 8658
4 132 412 1672 3657
0
0
7 4939 3931 2360 3345 4180 3499 5526
0
0
0
0
0
8 3239 425 8835 9082 8438 7034 1689 5164
0
8 4006 4311 3298 119 2381 42 5446 488
0
5 5059 5033 8237 8345 1875
0
0
0
0
0
0
0
3 3629 7317 840
0
0
4 9628 1275 241 9008
0
0
0
0
0
1 8752
0
0
0
4 6335 9638 1738 1516
0
8 9713 9386 6139 581 5639 3769 4634 6979
0
0
0
0
0
0
0
0
0
0
0
0
0
0
5 3842 7946 5566 1210 8008
0
0
0
0
0
0
0
0
0
3 6547 9228 7131
0
2 3818 9950
0
0
0
0
0
0
0
0
1 8782
0
12 5912 2725 8557 232 9082 8719 8899 6682 6228 9111 5495 8386
1 2015
0
3 437 4267 4842
0
0
0
0
0
5 6864 6065 2809 5461 9563
7 3570 151 6247 9783 4341 119 421
2 5890 4786
0
0
2 6956 2291
0
12 8205 4173 2803 1582 6065 7708 9966 4192 9451 4640 588 8322
6 854 5010 3654 689 8625 8482
0
0
0
0
0
0
0
1 5633
0
4 5239 9721 5225 2401
0
0
1 6879
4 3929 3367 3503 2599
1 2044
0
0
0
0
0
0
4 9072 5472 1213 5069
0
0
0
0
0
0
0
12 6241 8198 6597 1751 3288 7227 8882 9437 7285 7687 6454 1140
3 9757 175 2491
3 9172 6593 8615
0
0
0
1 7634
0
8 4951 7014 2779 2123 6816 7447 8964 2673
0
0
0
0
0
0
10 9465 1518 8931 8457 8420 7993 7856 6156 6945 509
0
0
0
0
0
0
0
0
0
0
0
0
0
0
0
0
0
0
0
6 4125 7592 9110 6074 6373 2416
1 3519
0
0
0
0
0
0
0
0
5 3739 2501 9295 1015 1089
0
0
0
0
1 901
0
0
0
0
2 678 7325
0
0
4 998 210 9345 4050
0
0
8 8999 2681 8238 2819 5914 4507 8577 4387
0
0
0
0
0
0
0
0
0
0
0
0
9 3145 9355 9131 4630 5509 5180 2865 9082 1514
1 3499
0
3 6283 860 2724
1 7061
2 3669 5815
0
0
0
0
0
0
0
0
0
0
0
0
0
10 3039 7581 692 194 9189 6847 6204 8950 8931 6898
0
0
0
0
0
0
0
0
0
9 2989 9893 3369 1411 3286 9119 3013 8600 100
0
6 8263 160 4609 7921 6740 8222
0
0
0
0
0
1 3607
2 4286 4397
6 8787 2324 6671 480 1114 1976
0
0
0
0
0
0
0
14 2539 1392 4812 5391 4122 2823 7645 375 3247 3938 1552 5123 2732 2137
0
0
0
5 7640 9198 9104 9366 5169
0
0
0
0
0
0
2 833 3221
0
17 4628 9386 3439 1389 2756 5920 1009 367 2862 7532 2231 3887 1881 1803 9076 2741 1646
0
0
0
0
0
0
3 9294 9512 6655
11 9080 8422 2893 3883 2055 8231 8496 4645 8379 9908 5710
0
0
5 7435 5195 1575 7582 3401
0
0
0
0
0
0
0
0
0
0
7 3549 1431 8617 8452 1967 8005 9960
0
0
0
0
0
5 3453 399 9603 1917 5509
0
1 7329
12 7044 9515 7316 2377 1582 5500 1680 7187 7587 9014 9848 7211
0
0
0
0
0
0
0
0
0
0
0
0
0
0
0
12 11 7006 2109 4315 4205 8951 750 3892 1693 1346 3377 611
0
0
0
0
7 786 7785 5674 9020 7931 1176 399
3 8736 9127 2069
13 1387 4715 605 8401 3754 5961 232 8408 8097 4586 8543 3293 6094
2 7293 7967
3 4297 1660 8437
6 9226 314 8121 9004 6889 8714
3 9324 2964 6016
0
0
0
0
0
16 81 7675 4913 9323 9905 2345 1565 357 1382 8838 9812 8288 839 6649 7342 4700
0
0
0
0
0
0
0
0
0
0
9 6853 6829 5751 3838 2609 735 2554 8204 1920
0
0
0
7 3839 9522 1073 9345 8853 6682 3146
0
0
2 2110 9704
0
0
0
0
0
0
0
5 7040 5513 5726 4241 7607
7 8086 293 2675 1023 8767 4290 3192
0
0
0
0
0
0
0
0
0
0
0
0
9 9454 8315 9503 7945 4438 7157 8748 9843 1415
0
2 1780 1025
0
1 1273
0
0
0
0
0
0
0
0
0
0
0
12 729 2154 1912 715 3641 4081 2206 3859 2398 4663 4364 5150
0
7 1882 3670 261 6335 611 7325 9666
0
0
0
8 9509 2742 674 1931 9854 2157 542 972
0
0
0
8 2266 3129 8080 6116 4800 7837 5687 502
0
0
0
6 7087 3204 1277 5305 4872 6536
0
0
0
0
0
2 8395 556
0
0
0
0
0
0
5 5352 1057 5263 1518 7281
0
0
1 3266
0
0
0
0
2 4636 2418
0
0
0
0
0
0
0
0
0
0
4 1973 5959 3207 8105
3 6634 3794 8110
0
0
5 5570 6593 3376 9596 1459
0
0
0
0
0
0
0
0
0
0
0
0
0
4 9663 5996 8847 2547
0
0
0
0
0
0
0
0
0
0
0
0
3 3505 5098 5062
0
0
7 1108 4750 1442 9664 6000 4903 8033
0
1 2287
0
3 5017 9448 8065
0
0
0
0
0
8 3783 780 2350 161 1146 6689 5010 898
1 3593
0
0
0
0
0
2 2584 3751
0
0
0
3 1455 8307 5312
0
2 7666 7692
0
3 9387 4183 4082
0
0
0
0
0
0
0
0
8 981 1108 2666 6291 3369 827 62 53
0
0
0
0
0
0
3 2443 9343 9243
0
0
0
0
0
2 5115 4082
0
0
0
0
0
0
1 5306
0
9 2090 6614 3494 9155 9601 7679 6650 4435 5232
0
0
0
0
0
0
0
0
0
5 5543 6054 1980 4952 5683
0
0
0
0
7 6969 2781 1705 8917 3399 6099 5827
0
0
0
0
0
0
0
2 4410 1611
0
0
10 3038 7961 8742 70 458 5178 6862 5143 9561 9434
0
0
0
0
0
0
0
0
0
0
0
0
0
12 6891 1265 644 8606 7015 5594 793 1172 3521 2151 270 2856
0
0
0
11 6294 2020 6862 6027 7204 975 7120 4078 6373 702 4370
0
0
10 3422 4096 8262 1526 6671 3468 6740 3232 7216 6947
0
0
0
0
0
