1000
7 531 466 742 68 2 30 393
10 270 528 876 515 116 482 100 248 579 464
8 362 759 604 571 193 724 78 263
10 94 656 375 237 266 660 467 509 620 959
7 899 593 87 652 999 434 747
3 417 89 323
7 741 980 689 455 580 572 579
7 844 257 20 524 972 593 949
8 725 640 514 718 929 744 88 78
6 680 331 922 20 354 66
3 61 424 758
7 668 82 28 65 870 567 107
4 190 45 941 755
9 688 367 589 355 284 179 519 110 122
4 868 691 775 226
6 163 969 477 49 745 102
3 834 893 424
5 115 388 410 336 109
1 509
7 483 784 369 243 77 935 185
2 917 856
8 149 196 293 966 296 508 72 46
3 189 897 528
2 85 545
7 321 206 585 387 858 361 255
9 63 648 453 253 686 820 165 931 349
3 258 995 601
3 349 118 840
9 665 327 832 781 695 638 318 676 390
2 427 940
10 240 718 885 720 902 31 999 384 310 852
9 608 115 344 367 369 290 210 361 948
9 912 333 312 366 668 923 468 122 132
10 343 370 595 11 171 871 537 444 203 339
3 702 241 730
7 292 778 960 336 68 802 908
6 956 787 789 17 200 776
6 513 429 263 857 68 307
4 586 133 783 641
9 427 788 991 260 592 435 964 949 669
3 242 634 339
8 801 537 141 839 661 966 179 860
2 805 31
8 55 934 888 210 609 980 443 96
1 263
8 581 102 789 382 93 206 200 597
2 787 413
8 671 501 781 758 515 554 425 426
2 882 764
4 54 556 378 47
4 846 712 970 899
5 596 746 54 544 181
8 386 688 106 70 856 348 209 982
6 589 653 978 510 966 640
5 179 404 976 510 274
4 311 198 717 574
1 878
3 745 6 552
3 124 387 515
9 431 283 579 127 706 562 882 872 673
10 909 507 40 311 880 319 439 812 60 287
2 458 238
6 100 84 892 83 359 272
5 131 38 337 688 553
2 951 200
2 463 433
5 377 936 249 819 732
4 930 193 212 74
10 365 982 617 370 685 852 144 990 185 318
3 878 504 316
7 382 766 361 804 270 475 569
6 385 748 939 220 806 195
9 985 696 13 723 925 355 139 866 814
6 625 183 640 86 589 789
6 166 174 774 109 274 771
9 756 835 640 320 194 588 152 973 446
5 36 820 511 845 258
2 780 81
7 865 606 203 896 976 992 863
5 398 249 231 647 557
9 722 743 876 505 21 815 451 358 376
7 219 595 756 158 130 200 65
4 470 840 571 157
1 374
5 622 513 933 652 343
9 469 159 307 271 106 104 606 267 265
2 71 290
3 332 187 183
4 552 540 447 220
7 679 18 609 107 546 826 572
10 152 709 678 987 800 450 468 24 605 714
9 929 193 238 531 54 830 329 118 466
10 773 44 218 39 183 122 182 510 432 949
6 708 872 753 547 584 644
10 243 973 621 974 788 503 415 212 897 573
6 549 190 985 196 865 939
2 400 364
9 749 315 125 202 63 40 402 593 861
10 395 729 106 418 133 873 57 5 848 781
1 685
7 187 981 678 557 226 22 72
2 433 262
8 996 221 200 984 16 627 401 79
3 136 362 454
1 728
3 229 896 181
2 704 12
9 248 733 658 412 385 594 975 219 599
7 790 364 504 408 410 130 240
1 42
1 489
1 747
1 786
3 138 760 976
2 618 113
4 456 678 433 449
9 684 232 811 412 450 573 912 961 537
3 175 32 942
10 87 24 245 256 379 801 791 88 109 835
3 427 30 761
4 605 814 617 550
5 444 703 557 772 360
5 196 532 572 868 544
4 258 423 556 781
6 947 777 366 906 147 87
2 428 237
6 471 163 768 38 732 164
5 303 637 831 731 151
9 400 810 26 734 939 388 453 614 102
2 820 941
3 966 461 757
7 353 215 181 617 647 773 781
10 21 953 863 210 532 31 926 292 286 986
8 857 461 116 196 997 215 845 544
2 615 139
3 156 843 468
7 231 305 895 542 710 881 868
9 411 544 185 708 967 747 948 978 75
10 528 602 785 553 658 589 172 468 84 555
4 9 604 990 813
10 792 142 54 650 981 987 421 609 670 834
2 938 80
1 184
4 27 919 7 838
8 483 742 344 57 67 547 943 245
10 407 843 362 467 791 318 275 624 868 899
9 726 277 495 256 179 140 25 782 754
5 782 400 36 50 670
8 764 549 166 34 938 716 717 188
10 349 190 831 204 198 951 147 953 30 687
7 583 565 963 416 275 221 423
7 930 191 490 97 517 100 640
9 189 293 593 667 831 303 725 315 93
8 806 318 61 545 330 390 870 825
1 370
2 877 92
1 814
5 985 303 791 533 921
3 456 341 983
6 39 851 299 985 283 809
10 100 366 605 748 506 936 250 756 263 651
10 939 960 433 116 254 169 683 456 499 391
2 771 116
7 543 378 984 120 935 401 587
1 981
1 786
10 385 240 308 175 287 954 179 210 204 752
3 131 987 178
9 927 978 817 176 105 269 144 239 953
4 313 255 433 65
10 669 735 442 382 583 996 476 134 584 530
10 817 128 952 828 715 647 999 55 370 816
5 634 397 794 529 360
6 648 791 618 237 28 709
8 910 254 316 81 334 904 295 493
2 280 521
8 962 361 578 353 73 149 632 626
10 501 69 362 894 162 300 880 876 216 183
7 929 835 787 424 666 924 704
8 525 631 696 469 586 9 300 448
3 692 982 547
7 404 916 555 139 59 905 484
2 330 111
6 393 903 829 816 702 543
1 471
9 121 808 379 344 441 977 661 204 715
4 117 52 259 515
4 510 747 332 541
4 111 926 23 931
8 231 585 950 650 729 303 533 943
6 109 178 769 939 570 985
2 79 459
6 385 878 147 166 100 912
1 509
3 548 986 693
7 943 799 552 136 210 395 828
10 833 830 388 881 474 401 249 692 155 999
2 16 581
9 995 949 31 370 283 897 146 53 262
3 700 59 270
10 611 361 483 757 963 616 767 389 864 418
3 87 499 704
7 527 947 514 206 573 337 419
8 205 844 948 72 344 341 481 761
8 748 297 789 775 271 7 460 141
2 210 694
9 614 72 705 920 27 206 619 210 164
6 121 214 619 625 965 95
2 659 694
4 362 211 38 644
5 488 969 661 924 948
4 492 960 419 718
3 298 290 216
8 511 466 368 906 60 63 433 885
6 733 953 626 976 37 730
8 975 305 227 422 430 386 14 872
3 971 563 796
2 312 756
6 618 986 339 644 739 40
1 584
7 315 373 381 802 536 253 553
5 943 376 339 252 390
6 162 466 774 635 335 50
9 767 442 407 406 282 337 736 559 455
1 113
5 190 939 208 497 62
5 73 475 40 315 921
6 404 54 85 745 950 314
4 308 895 488 626
6 473 874 738 992 25 947
5 467 391 862 701 506
4 610 316 138 372
5 231 246 271 177 622
4 60 447 234 571
9 924 322 610 780 605 168 307 443 558
3 146 504 169
2 455 87
8 841 600 744 182 501 969 218 153
1 420
9 535 376 996 361 108 615 925 822 450
5 86 885 587 628 71
2 33 483
1 693
5 525 87 881 817 466
9 168 251 269 507 24 764 963 565 897
9 225 134 593 355 422 546 364 857 707
9 483 51 17 492 309 775 748 521 245
4 337 948 362 749
3 214 508 812
2 959 624
1 639
8 132 514 616 993 339 986 934 464
3 957 707 50
3 895 869 255
10 943 580 339 306 104 39 915 211 457 401
10 650 457 353 83 582 211 569 798 862 187
7 994 974 435 639 883 656 147
8 154 717 797 823 639 109 310 825
5 235 210 711 568 636
3 447 988 537
6 280 46 897 292 148 151
1 727
8 109 544 921 369 856 813 377 923
1 785
5 789 362 36 870 405
4 803 563 274 67
3 137 446 306
2 179 9
7 158 137 632 336 151 707 661
1 383
1 280
5 53 836 423 112 426
9 948 203 521 586 282 909 839 122 934
7 949 102 290 688 604 703 962
8 519 802 199 822 319 396 156 713
8 378 164 980 899 551 455 186 444
4 978 494 15 820
7 722 357 729 53 138 541 841
3 590 936 392
7 874 634 390 780 186 127 91
3 648 183 358
9 417 940 578 526 962 864 541 464 426
5 315 142 565 447 424
5 83 213 434 516 761
5 755 640 820 990 667
7 709 259 173 913 549 71 593
1 403
9 801 366 893 475 478 954 760 291 950
2 652 421
3 754 151 528
6 981 577 366 142 354 263
4 514 918 843 314
1 533
6 987 257 571 290 196 746
3 351 250 887
9 98 631 862 102 445 619 99 478 455
8 463 45 881 528 518 66 192 763
6 202 385 135 281 953 307
1 415
5 342 630 764 888 267
4 841 637 369 311
10 954 324 673 542 964 643 635 138 795 612
10 113 56 537 70 964 883 624 46 960 13
5 680 724 367 419 857
8 243 527 63 87 121 952 764 869
6 826 88 940 12 446 377
1 838
5 454 466 914 326 152
2 691 196
7 33 679 931 898 573 641 292
4 437 826 172 992
7 970 545 754 615 885 15 743
3 834 489 166
9 619 699 641 914 501 292 332 866 257
8 987 836 542 943 755 203 748 608
9 661 738 125 791 628 964 61 6 400
7 87 600 384 423 110 280 359
8 575 977 291 809 808 908 330 235
10 312 909 452 376 259 894 86 435 632 791
5 995 421 253 366 851
3 548 45 594
10 745 118 891 339 921 863 21 431 677 325
10 6 423 343 773 542 600 203 856 13 33
10 819 289 354 823 853 193 577 965 936 588
4 816 834 391 310
1 455
4 797 525 685 938
4 510 686 267 605
6 284 696 786 40 306 947
1 444
9 444 6 857 483 532 24 411 605 298
6 353 688 204 415 59 124
6 251 654 99 951 915 747
4 87 609 21 55
2 57 135
8 660 187 754 477 836 885 976 718
3 39 364 345
5 471 263 85 487 416
6 551 134 885 449 536 612
1 1
5 137 403 239 1000 662
4 545 586 786 33
5 673 502 347 677 418
2 147 972
3 557 438 442
7 496 285 780 342 466 344 605
6 938 84 449 280 999 967
7 144 535 253 45 114 878 635
4 692 766 861 968
4 9 238 517 686
8 431 705 974 461 207 69 671 23
10 408 161 69 822 295 679 49 211 915 859
1 11
7 264 311 675 96 316 418 531
5 830 556 146 918 251
4 340 200 690 180
10 747 194 483 488 198 867 418 724 752 361
10 359 519 232 886 208 513 263 162 629 367
10 896 781 277 467 280 540 614 902 74 139
8 444 566 742 479 115 853 574 433
10 440 918 930 142 541 313 689 42 583 143
10 664 46 54 874 119 890 61 55 515 117
6 606 855 114 820 934 98
2 53 475
9 976 226 340 254 687 791 713 90 133
2 234 554
3 461 126 514
4 165 53 680 237
4 699 34 561 193
8 575 547 954 199 589 475 766 654
3 611 819 750
4 469 771 460 927
3 390 428 828
8 885 938 844 799 839 246 963 935
5 709 562 657 329 569
1 300
6 626 780 213 41 397 864
1 621
6 731 334 484 862 426 399
5 776 795 88 942 192
7 515 213 201 171 556 736 402
9 979 129 537 70 419 351 703 899 734
7 197 522 902 551 548 895 792
8 212 284 822 68 535 598 244 12
1 53
10 812 891 322 273 916 644 817 3 623 978
4 668 124 944 809
9 498 439 70 395 919 628 751 431 892
8 802 837 957 975 414 996 734 856
7 982 704 115 925 559 42 550
8 351 160 171 731 839 421 834 827
8 57 506 37 870 863 614 868 422
3 138 696 524
9 417 952 382 156 822 185 390 229 804
9 116 986 676 170 366 362 526 241 875
8 261 463 525 294 882 188 220 678
9 23 337 803 814 239 635 232 903 738
9 204 538 872 925 731 560 422 309 112
2 563 70
9 161 283 214 805 415 720 613 115 657
2 830 382
6 677 144 350 205 566 706
9 956 217 951 832 456 979 807 710 802
8 644 331 930 11 559 555 807 66
2 2 525
5 424 697 755 837 194
7 890 827 541 922 224 402 987
10 669 532 342 705 338 611 936 263 176 262
6 447 992 928 707 260 526
3 696 321 553
6 361 773 968 117 621 999
2 871 286
9 395 852 682 288 681 900 34 372 965
1 175
9 478 344 212 930 585 226 919 850 496
7 712 868 232 575 792 545 653
8 157 486 575 87 901 690 574 17
1 292
10 692 264 208 705 734 859 940 380 256 147
9 621 305 881 48 278 767 591 204 687
7 631 838 496 709 176 173 670
8 537 502 17 855 362 265 665 586
9 268 926 868 16 474 909 94 51 634
5 418 533 484 39 4
1 961
2 890 448
5 858 409 919 194 796
6 247 143 288 679 760 258
4 695 262 606 19
4 718 34 318 144
6 192 138 996 636 612 570
10 604 450 648 779 975 210 239 545 400 8
7 829 779 818 806 698 577 149
10 888 446 772 483 134 343 190 911 72 449
6 88 753 645 499 580 782
8 474 899 3 516 1000 788 862 996
10 335 168 597 954 330 884 905 475 669 945
9 123 265 959 511 35 31 7 997 426
3 113 309 436
8 868 743 443 717 738 749 984 769
6 301 148 758 503 865 178
8 525 451 804 477 773 16 699 661
7 563 797 976 844 16 72 698
7 502 48 454 565 458 700 857
4 916 722 394 627
8 129 888 80 542 775 946 682 504
10 373 313 782 110 786 334 835 485 56 683
9 633 703 696 541 553 663 628 22 406
10 13 790 442 586 958 920 597 689 508 994
10 520 828 670 105 903 861 16 856 450 117
10 913 516 586 721 817 666 58 641 451 124
8 377 317 499 642 272 109 756 962
2 500 121
9 802 432 339 128 946 911 285 698 520
2 375 798
3 446 953 709
4 415 685 620 489
4 870 145 476 128
4 934 732 401 855
2 626 947
8 763 192 72 347 140 221 690 160
5 994 587 961 253 126
5 612 533 848 531 972
7 728 93 388 424 688 846 429
1 178
10 377 812 646 278 979 578 260 771 853 319
2 799 498
6 699 678 928 182 729 925
3 150 637 581
5 182 666 804 43 873
10 925 125 600 627 859 490 939 478 113 83
7 87 772 967 78 810 223 47
2 958 669
10 789 142 660 375 431 674 275 498 125 342
5 255 693 600 280 566
10 26 486 749 61 10 712 494 683 59 360
7 792 918 634 174 672 119 408
3 456 897 57
8 686 499 220 646 976 196 124 545
8 405 290 284 98 690 528 981 485
1 801
2 873 90
4 381 211 465 900
6 392 745 288 504 434 238
8 759 560 797 893 490 288 796 240
3 730 672 724
8 313 304 644 452 26 930 306 490
8 833 554 535 519 786 754 931 322
3 738 211 606
4 333 630 782 201
9 869 729 250 407 700 719 765 130 500
10 254 676 631 924 747 153 749 107 399 952
2 847 661
0
10 493 332 141 244 69 515 87 799 618 506
3 124 863 515
7 387 290 791 607 673 880 251
7 993 552 125 664 998 613 448
8 817 388 484 887 628 729 534 935
6 553 853 460 129 137 448
2 958 68
3 457 49 579
5 746 974 404 750 356
7 850 917 954 278 770 433 302
1 199
3 438 381 976
10 909 26 392 648 793 577 658 838 162 619
6 24 882 257 506 610 786
10 549 852 570 192 93 599 332 158 433 489
4 891 546 279 725
4 461 12 578 186
8 776 193 209 750 128 434 605 218
2 198 511
6 802 176 282 590 479 457
1 957
7 668 465 691 370 879 178 438
7 187 592 194 407 300 264 944
6 692 37 583 853 167 637
6 233 966 12 319 542 772
8 899 142 882 312 779 799 199 496
7 799 714 364 317 467 424 44
4 192 137 707 635
5 386 77 802 246 143
6 399 217 149 994 440 537
5 817 557 343 109 9
10 975 664 102 489 709 773 889 30 410 826
3 742 566 261
2 670 761
2 738 200
9 188 624 632 854 729 604 487 560 829
10 473 5 306 617 924 982 836 379 1 39
5 218 838 760 12 754
5 463 54 911 652 443
8 220 41 428 780 478 141 110 603
8 637 84 505 898 914 280 328 729
10 729 652 858 57 554 505 470 860 468 864
2 969 351
6 23 394 390 988 501 865
9 543 18 131 632 362 69 910 75 67
4 645 727 13 176
10 597 777 795 506 488 806 495 185 980 419
8 178 707 425 204 474 180 101 408
3 922 593 482
1 312
1 639
8 94 246 143 875 220 366 383 997
9 585 362 434 845 500 422 59 695 415
3 258 242 303
10 428 367 404 249 39 550 348 986 902 568
6 178 386 346 578 54 179
8 203 4 897 228 315 451 476 410
4 637 78 542 734
4 473 812 333 295
2 577 329
8 981 993 614 30 307 918 483 947
2 704 159
7 729 132 412 4 586 242 275
3 305 41 382
3 995 518 920
3 201 534 124
8 926 665 6 652 32 115 489 494
3 227 528 794
2 631 301
8 48 976 410 444 374 941 238 885
6 544 297 683 577 503 177
6 74 391 969 307 894 885
7 904 263 269 686 864 660 230
7 839 605 440 150 942 401 542
7 162 17 247 861 877 250 533
5 477 839 645 306 879
7 219 701 793 683 981 139 370
2 450 411
6 987 861 921 239 839 478
6 656 934 680 142 410 228
3 441 845 262
10 996 602 228 112 787 780 38 881 289 115
8 981 80 807 974 450 500 675 637
8 431 160 319 76 184 151 363 569
3 584 732 659
2 501 181
5 776 520 728 310 704
9 944 672 324 87 340 309 162 379 963
9 636 136 666 741 829 832 156 904 79
8 108 290 484 418 95 567 317 286
9 391 593 118 775 871 669 226 426 924
1 747
7 785 567 87 165 846 727 436
2 88 534
10 329 677 896 798 811 240 575 380 433 904
2 2 153
8 947 297 647 972 8 393 491 256
4 272 875 523 692
5 671 469 831 954 747
7 65 256 267 452 730 405 694
6 150 796 309 697 433 520
4 952 242 727 197
5 39 42 875 881 865
4 698 293 481 825
8 783 877 950 803 568 470 924 387
7 549 806 805 732 677 521 279
5 713 678 293 300 952
7 110 237 388 896 866 303 904
1 519
3 318 762 47
3 875 36 93
3 185 397 846
7 175 619 810 376 926 18 383
1 428
6 425 696 652 754 620 991
10 795 402 128 603 295 978 538 104 759 775
3 58 824 187
5 811 478 65 719 578
4 70 593 800 536
1 638
9 635 319 485 234 171 800 640 230 854
2 950 692
4 988 717 886 746
4 507 11 833 545
2 755 949
4 426 986 654 312
10 470 77 854 825 686 926 196 581 427 325
4 830 163 425 75
2 697 912
7 772 280 13 913 731 852 622
8 918 457 340 850 701 36 233 436
6 722 828 116 474 244 389
5 805 165 361 903 570
8 346 732 643 592 399 350 216 467
3 11 492 387
9 125 891 13 672 302 826 232 325 230
2 165 879
3 634 880 747
4 904 236 463 151
2 38 704
4 652 862 108 925
5 533 478 70 6 170
7 928 861 43 52 401 472 487
1 141
5 838 57 662 718 922
7 194 902 851 798 638 535 810
10 127 375 365 716 715 849 28 304 405 16
5 351 807 129 623 511
6 484 61 850 410 209 677
4 799 947 673 199
6 828 482 269 289 784 534
7 522 986 648 964 545 155 351
2 474 913
9 146 179 39 490 269 476 618 841 280
2 944 199
3 7 252 168
6 844 99 406 936 704 290
8 261 622 770 404 389 855 330 603
9 225 773 807 384 169 975 630 179 122
1 827
10 810 318 207 836 497 251 118 921 413 563
5 705 565 245 963 382
8 955 322 195 670 324 304 995 420
1 236
2 286 637
4 612 273 293 554
3 316 798 719
3 584 16 75
6 62 949 938 190 88 911
7 909 13 275 814 208 435 610
10 763 624 272 847 693 480 138 508 301 353
6 565 673 415 781 9 149
1 437
1 949
10 300 632 321 489 429 744 733 118 472 89
1 638
3 318 873 149
3 215 883 685
2 323 476
10 545 2 615 558 651 860 242 958 625 132
8 675 850 654 26 104 683 335 240
7 381 191 584 766 494 7 25
8 599 977 143 806 131 220 123 409
10 885 906 652 617 307 64 372 642 991 824
7 555 838 454 816 9 325 601
7 572 639 304 696 839 301 915
3 301 325 87
2 589 945
5 553 307 213 987 739
4 270 484 374 74
7 969 947 879 705 133 189 390
1 493
6 904 425 375 297 445 423
9 216 748 955 5 263 310 286 296 479
10 301 759 811 838 402 786 137 198 842 958
9 177 703 329 364 498 290 326 208 572
8 884 623 398 536 824 338 580 207
4 963 639 490 990
6 638 754 761 766 545 182
9 860 280 698 310 526 121 911 855 468
5 918 507 394 656 913
5 85 291 312 512 219
3 533 172 278
8 22 238 251 406 614 529 644 642
9 576 780 411 972 34 911 545 801 320
7 685 953 246 245 634 986 50
6 117 491 642 555 799 863
5 933 375 90 887 71
7 972 419 514 159 696 633 291
10 380 805 555 478 886 173 402 43 359 776
6 155 585 113 805 234 418
9 925 228 367 541 836 210 731 911 237
5 431 785 125 418 179
3 961 385 997
4 601 569 449 431
9 146 23 149 630 239 755 646 970 400
3 827 131 554
7 427 553 466 230 89 156 469
1 477
1 506
7 73 326 608 206 283 616 796
8 508 928 614 225 866 55 34 976
9 816 850 893 865 174 369 254 257 663
7 220 541 42 733 236 686 923
8 581 33 237 954 534 418 554 715
10 399 387 461 981 386 777 665 742 526 555
2 170 566
2 322 485
3 343 334 936
9 197 414 440 559 543 15 490 652 721
4 655 525 503 285
9 642 448 667 421 938 59 208 747 841
3 923 961 535
2 273 760
9 729 32 382 618 5 568 52 869 822
2 58 287
6 916 196 886 893 641 312
5 543 352 188 246 495
1 890
9 509 155 982 887 858 8 840 788 135
1 756
6 64 565 106 821 994 192
4 654 378 637 957
7 590 355 957 836 369 776 542
6 943 815 961 550 280 671
4 535 117 373 303
8 459 132 446 789 116 181 416 300
1 21
7 278 929 272 133 176 465 388
2 621 881
7 775 158 117 471 391 465 362
7 402 588 643 675 372 659 945
4 544 910 794 776
2 472 887
7 556 617 580 623 683 229 947
8 536 856 331 613 311 217 132 804
5 778 945 364 155 960
4 591 622 550 781
2 159 188
1 916
1 726
10 435 400 898 295 97 377 210 677 162 799
1 223
10 335 120 36 647 219 535 477 127 785 293
2 42 376
1 334
1 740
1 993
1 924
10 982 470 244 702 960 889 742 950 304 626
7 162 503 907 791 378 988 982
6 840 877 975 30 920 197
2 841 924
3 267 805 548
9 140 920 402 493 845 299 396 809 230
2 813 815
5 753 670 635 719 480
10 545 662 561 207 968 652 453 95 17 543
3 199 781 95
2 687 261
7 275 70 561 542 117 374 966
6 714 219 664 939 141 722
7 728 118 303 501 992 242 963
8 314 197 618 801 412 633 177 231
4 823 3 268 299
3 818 102 552
4 692 717 448 357
3 685 939 528
6 502 559 44 415 690 377
5 308 932 316 704 936
8 939 712 371 862 726 818 235 527
1 551
7 92 422 610 596 160 275 714
3 333 748 392
1 659
9 454 388 156 233 507 512 53 159 289
3 350 972 600
8 17 452 21 541 719 371 495 787
9 273 721 142 628 205 136 648 28 252
5 349 54 40 694 912
3 432 494 115
8 769 458 231 567 823 454 967 159
2 592 221
10 699 594 63 794 784 61 976 418 32 515
9 291 796 6 882 132 835 398 755 493
1 901
8 439 229 675 38 514 641 949 270
8 957 394 958 410 457 559 507 925
6 268 547 483 31 441 735
2 563 185
6 563 654 645 786 157 341
8 416 214 816 727 516 878 194 795
2 73 866
3 766 246 911
9 341 774 101 22 229 586 717 11 996
3 562 591 198
7 887 622 635 813 680 75 658
7 66 699 274 371 973 437 46
1 622
6 131 527 187 953 369 241
3 810 217 981
6 948 59 909 681 938 274
3 316 619 529
3 206 200 962
9 553 891 873 998 189 309 915 51 744
3 883 633 436
7 337 114 842 540 653 92 585
5 466 17 276 720 525
9 139 88 869 531 442 314 377 625 602
2 680 637
2 6 693
2 851 532
1 464
9 199 30 281 362 265 931 167 228 843
9 167 530 758 574 528 498 655 127 804
4 78 246 170 166
4 954 16 980 808
1 899
6 402 786 256 169 40 767
6 702 741 250 186 135 35
1 527
9 45 43 518 697 431 772 361 689 968
5 356 797 182 148 492
9 223 488 994 534 323 439 954 252 981
1 260
10 429 489 844 389 919 558 975 204 704 136
3 655 77 941
2 531 763
2 717 699
10 479 317 579 365 950 75 546 186 19 965
9 792 968 542 460 507 601 484 692 64
3 838 285 237
2 667 321
7 103 362 119 315 476 678 666
5 335 629 205 864 974
8 35 203 220 533 722 560 251 723
2 995 782
5 993 289 815 755 784
6 217 133 98 247 505 298
2 598 367
9 941 536 833 872 45 478 879 564 491
7 929 704 902 171 201 164 493
1 895
6 297 673 815 104 410 637
5 290 816 774 557 391
5 120 191 317 883 637
9 785 296 730 395 62 259 406 689 842
7 8 924 557 935 80 164 475
10 557 474 399 553 773 472 68 603 242 749
8 954 570 259 25 814 427 685 234
5 935 341 448 619 590
4 949 896 118 293
6 88 15 150 446 325 5
3 729 185 113
4 20 982 957 852
8 775 849 858 241 19 754 279 837
4 551 543 672 409
5 703 157 873 326 651
8 487 953 818 868 382 233 273 269
3 241 862 683
8 156 992 269 737 712 367 271 920
2 170 374
2 7 472
4 394 998 415 966
8 83 207 640 274 474 785 415 135
2 586 105
10 575 835 559 816 401 162 778 743 286 538
10 878 434 818 858 79 780 981 740 779 938
4 827 517 692 382
6 690 375 672 402 71 865
5 747 400 788 531 832
10 822 722 905 842 688 295 283 120 716 93
4 151 643 410 585
5 332 773 611 117 298
1 193
7 219 18 14 797 621 999 436
4 112 553 558 998
8 127 421 959 192 909 871 968 307
7 692 334 977 913 908 952 99
3 425 888 995
4 848 798 944 375
7 716 659 942 250 999 932 168
4 779 642 851 458
3 253 790 646
2 725 893
10 287 738 952 893 39 189 768 15 423 749
3 405 291 55
3 870 485 593
4 210 193 614 184
6 197 637 150 34 641 849
4 202 722 149 810
2 863 717
7 215 275 868 932 921 469 81
7 529 896 993 555 59 449 912
9 457 38 538 547 192 326 760 478 194
5 977 994 207 610 804
5 96 868 717 678 137
5 267 950 682 226 632
8 361 347 804 64 204 856 821 419
2 39 815
8 5 929 408 124 590 831 195 597
5 830 935 720 403 941
4 372 332 245 581
10 53 523 811 365 781 30 117 864 80 95
5 130 177 506 406 366
3 412 873 577
6 952 284 661 295 949 5
1 410
8 121 918 992 235 563 408 41 50
2 177 704
1 111
4 33 624 238 585
4 110 331 145 556
5 439 42 724 518 605
7 180 19 237 528 833 839 472
2 173 12
10 739 802 284 447 809 751 972 498 763 52
1 925
9 397 846 706 514 290 328 901 700 666
3 494 153 116
10 702 443 751 645 926 113 194 400 532 174
6 233 301 54 311 4 670
3 644 886 320
8 437 428 692 35 849 942 576 679
8 179 628 355 377 258 856 269 486
4 760 313 824 432
1 427
8 270 164 807 926 432 846 769 598
9 392 93 467 527 562 507 17 261 336
10 865 74 688 863 970 962 655 949 651 480
7 246 265 91 316 570 619 897
9 19 374 795 621 979 974 365 137 463
7 706 248 776 991 564 184 91
4 163 752 650 504
7 279 648 435 917 407 651 236
2 227 814
10 218 774 705 254 712 591 868 266 589 136
10 359 321 796 953 862 201 527 165 488 955
4 272 784 244 845
9 898 663 488 924 499 45 987 497 181
8 347 540 440 759 893 158 116 574
2 283 38
3 658 16 363
4 3 93 284 987
10 11 997 781 276 514 662 112 776 482 74
3 325 832 644
5 255 579 243 653 768
7 652 880 24 789 345 900 553
1 697
5 23 116 438 669 986
8 482 732 448 993 51 718 164 510
2 176 471
5 24 727 304 586 841
8 120 543 420 600 500 345 288 22
10 222 98 972 570 424 797 720 828 724 701
6 175 693 998 805 213 671
1 87
2 354 436
1 320
10 252 881 340 911 41 197 195 286 900 108
1 5
1 971
10 670 123 28 614 827 428 70 198 132 893
1 350
4 272 604 627 455
3 717 704 579
2 140 483
8 348 530 262 383 49 507 81 668
6 4 83 547 673 680 863
6 809 498 640 610 776 673
9 520 283 747 836 969 671 403 126 262
3 593 87 176
10 901 923 83 817 972 746 833 611 590 18
1 583
4 961 24 390 153
1 635
7 383 854 1000 851 982 51 799
10 912 378 317 576 542 604 943 551 776 554
3 319 771 180
4 885 417 27 153
2 944 434
7 633 395 753 778 326 680 94
9 765 999 270 120 486 686 960 572 871
2 382 814
2 571 88
2 157 363
