10000
1 5313
2 7011 6962
0
0
0
0
0
0
0
1 9024
3 275 5827 4103
0
0
4 7419 530 5957 5869
0
1 8435
1 9474
0
2 2582 8299
0
2 4832 3325
0
0
1 1392
0
0
0
0
0
2 7136 5037
2 9543 8574
1 5347
4 8918 5236 7575 6448
3 5089 8830 1897
0
0
0
2 4081 2371
1 3635
0
0
0
3 3378 8431 5353
0
1 7184
5 9189 1899 9325 8085 1598
0
0
0
1 4438
1 4473
2 8000 5401
4 4798 5424 5859 4581
2 456 6850
0
0
0
2 4689 3697
3 3070 6516 8338
3 6796 3120 7574
0
0
0
1 6376
0
0
0
3 4144 3556 4579
0
0
4 3744 1444 9014 4285
2 7754 360
1 3239
2 9678 7355
2 8848 7798
0
5 4694 6851 3851 8081 5338
0
0
0
0
0
0
1 8620
0
0
2 3091 5080
3 9234 6637 2221
1 1150
0
0
2 3480 4950
0
0
1 5348
0
0
5 1553 3652 4220 6753 334
0
3 2543 9188 5528
0
0
4 3289 6843 4866 8440
0
0
1 1293
1 8853
0
5 5995 39 5197 6386 8657
0
2 7182 7691
0
0
0
2 8280 2442
0
3 3337 380 8038
2 8068 1301
3 7408 5810 9230
0
0
2 6753 8837
0
1 2662
2 4497 1132
0
2 8194 4897
0
0
0
4 555 5050 5300 2662
1 5806
1 9411
0
2 5251 3057
0
0
0
1 9713
0
1 87
4 3845 793 125 7668
0
0
0
0
0
0
0
0
0
0
1 923
0
0
3 5331 9852 6695
0
3 580 3483 3342
4 2661 1972 9437 946
0
2 4731 4704
1 8341
0
1 6415
1 4443
0
0
0
2 3484 1815
0
0
4 2326 3051 1728 1106
0
2 7987 370
2 6514 8605
0
3 9982 4027 8486
1 8973
1 8477
1 6759
2 7709 9164
0
0
0
0
0
0
1 2064
0
0
0
0
0
3 2905 3353 3401
0
0
4 9450 7227 8571 1123
0
0
3 1948 2704 6427
4 1200 8285 7307 8071
0
0
2 4303 1885
1 8271
2 8251 8078
0
0
1 4049
2 2461 774
0
2 7627 9688
2 5969 3829
2 114 4160
3 2614 5418 3632
0
0
0
0
0
0
0
0
0
3 3552 7894 4503
0
2 7109 8743
2 7831 5097
3 1623 6652 7058
1 8416
0
3 9201 6259 4932
0
1 4342
3 6119 851 7858
0
0
4 3972 4523 8490 5412
0
1 9252
1 8599
0
0
0
2 3719 4736
0
2 4239 4995
0
0
0
3 8491 9648 3873
0
0
2 2425 2573
0
0
0
3 8693 8386 8717
0
0
0
1 74
0
5 5515 3312 8373 7236 3934
0
0
1 7687
0
0
0
1 1438
0
3 1409 5486 5401
0
0
4 7098 3978 390 9655
2 6747 1788
0
2 6747 2676
1 7217
0
0
0
1 9509
3 816 1193 4438
0
0
1 805
2 5118 4590
1 4138
4 4385 2116 4037 4588
1 3208
1 5607
2 9935 8599
3 9127 603 801
2 68 7833
3 2415 7553 6853
2 6892 3839
0
2 7196 9948
0
3 1571 9696 1880
0
4 4695 7587 2013 1289
0
0
0
2 7375 3292
1 1826
0
0
0
1 668
0
0
2 6487 9501
5 2717 4249 4527 6162 2843
1 3176
0
3 5844 5918 4644
4 6267 468 7497 3083
1 4691
0
0
0
0
2 4074 2685
2 5432 7510
0
2 9708 2902
3 984 4798 9142
0
2 6840 9714
3 5781 216 7284
2 8477 4673
3 2078 4972 1868
1 3301
1 9537
2 3188 5889
3 8952 4625 1897
1 7019
0
0
0
0
0
0
0
2 4211 6503
0
0
0
0
1 4092
1 3076
0
2 4686 2182
0
1 52
0
0
0
0
0
2 8345 9150
0
0
0
0
1 798
0
0
0
1 6326
3 6287 2801 1739
0
1 6322
4 5850 3932 5031 6905
2 6124 5790
2 7320 3155
0
2 9001 6339
3 5515 4445 7178
0
0
0
0
0
0
4 6230 8683 2205 7045
0
0
1 4535
3 8763 7995 982
1 938
0
0
0
0
0
5 2057 7495 9145 9003 6930
2 6918 6204
1 9447
0
2 9352 4770
2 6153 1881
2 3145 263
0
2 3680 7520
0
0
0
0
2 7644 9427
0
0
0
0
2 5503 8506
1 3056
0
1 479
0
0
2 9530 635
3 3681 7950 6831
0
0
3 5298 6354 6824
0
0
0
0
0
0
0
1 650
1 811
0
1 6160
0
0
0
0
0
0
0
0
4 1386 1824 8261 7835
0
1 5823
1 7288
2 5487 9982
3 7251 8988 5045
1 4827
3 7126 4289 805
0
3 2871 6031 1942
0
0
3 780 7857 4346
0
1 7580
3 4359 2353 2764
0
0
2 7848 6401
0
0
0
0
0
3 3809 8194 8067
0
0
2 7409 1562
2 5690 2853
3 9453 1429 3990
1 4202
0
0
1 3007
0
0
0
3 7354 5231 6349
3 8277 9162 3962
1 3390
0
0
0
0
0
0
3 5946 9745 3052
1 889
0
2 7672 2507
0
0
0
3 9706 1040 3289
2 2192 1400
3 1868 5611 2440
0
0
0
0
1 7179
0
0
0
0
0
0
0
0
0
0
1 942
0
0
2 1978 245
0
0
0
0
3 6546 9642 7175
0
0
0
0
3 9381 5119 9653
2 5881 9214
0
2 9930 2336
3 6944 3093 2266
2 9173 3619
0
3 5825 5599 6296
5 6109 3776 9229 7462 2715
4 764 2016 9427 4464
0
0
2 4223 1898
3 5854 8758 1281
1 1828
3 1168 573 3926
2 4235 2957
2 9898 8368
3 882 5376 6266
2 3845 8592
0
0
0
3 1716 3419 4563
0
1 3835
2 8375 7137
3 6090 124 8648
0
2 3891 8643
0
2 2379 6744
0
0
2 7599 4272
0
0
0
2 8316 6000
0
0
0
0
0
0
0
0
0
2 7773 162
0
3 6866 6443 4009
1 1270
5 1880 6810 6438 8914 5467
0
0
1 7078
0
1 6554
1 5149
2 1209 2258
0
0
2 4281 31
1 9091
1 1610
1 5786
0
2 1282 5418
1 1542
0
3 8472 59 8802
2 2338 1527
1 6518
2 162 2579
0
4 3137 6698 604 8938
0
3 7599 9631 9247
0
1 6053
0
2 5860 5871
2 1588 1618
0
0
1 3797
3 2674 4887 9701
0
2 2659 4553
3 1631 4121 401
0
0
5 3657 7962 7571 1992 6082
1 752
2 1652 5967
0
0
0
1 2161
4 259 634 8365 9817
2 6585 1216
4 6244 9124 8580 6228
1 5486
3 261 4575 3552
2 2163 505
0
1 2719
0
0
0
0
3 3742 3170 4490
0
3 5818 9961 7746
2 593 5986
0
2 731 6600
4 7884 3882 2097 4963
2 4627 444
2 5764 1797
0
3 9686 1652 5474
1 239
2 3811 1510
0
0
0
3 5180 2223 124
1 1338
3 7091 2852 6188
2 2181 4597
0
0
0
0
0
2 4619 2841
0
4 4941 1371 65 427
2 4608 4168
0
0
0
1 2366
0
0
4 1701 1684 9191 6439
2 1407 1428
1 6752
1 11
3 3972 2809 5909
1 8418
1 6752
0
3 4571 1366 9493
2 1593 6430
2 8149 8279
1 688
0
2 5227 5915
0
4 8708 7474 2175 2747
1 3410
0
0
0
0
0
1 9853
0
0
1 3759
0
1 3317
3 2301 3173 4181
0
2 2160 6720
1 4522
0
0
0
0
0
2 6397 548
1 2998
0
3 9384 4386 473
0
0
2 5136 1716
2 5887 4126
2 814 763
1 8022
1 7377
0
0
1 1785
1 3091
0
3 6625 7505 8052
0
0
3 3672 8091 2059
1 1956
0
0
1 3379
0
1 585
1 2478
4 3011 313 875 7626
0
3 2516 7078 1976
1 4363
0
0
1 7420
3 8064 6824 6415
3 6398 7227 202
3 1471 6262 8916
0
3 9188 7850 631
0
0
0
0
0
2 6193 6094
0
3 371 645 8418
0
1 1894
0
0
1 4797
1 1536
0
1 8574
2 3859 9629
0
0
0
0
0
3 5754 2230 3225
2 3834 2416
1 5853
3 5422 2208 5612
0
1 6836
0
3 3651 2677 9760
0
0
2 7617 1312
4 1327 7517 9569 1058
0
0
2 7059 9919
3 5264 809 8537
0
1 354
0
2 957 9477
0
0
0
3 3526 316 1077
0
1 1814
1 6566
0
0
0
1 616
0
0
0
1 7306
0
1 1312
1 1451
0
4 7599 5489 2878 9806
0
0
0
0
1 6031
3 7542 6187 9040
0
0
0
0
1 1976
0
3 2262 6215 1836
3 2612 7820 9093
0
0
0
0
0
1 4973
0
0
0
1 5437
0
1 6513
0
0
1 6295
2 9415 4894
0
0
2 9177 7713
2 129 6050
1 1365
0
1 5885
0
2 1893 5500
0
0
0
3 1780 6068 3434
3 2134 7705 3145
0
0
0
0
0
2 7265 8550
1 525
0
0
0
1 2622
1 8647
0
1 1847
1 9443
1 2006
1 4208
3 67 1859 8002
1 4242
3 4850 7476 1022
0
0
0
0
3 6079 9746 1036
0
0
1 8018
3 3185 9668 3214
1 6157
2 2380 4957
0
1 6512
4 8473 3704 7225 6991
0
3 1074 5643 7871
0
0
3 3080 7058 5715
0
0
1 6304
2 6336 8609
0
0
0
4 1268 5142 1109 4375
2 769 7375
4 577 2960 717 1223
0
3 2674 2423 1755
0
0
4 806 8198 6050 3463
0
0
0
0
4 968 9271 3722 4814
0
5 9839 764 5121 6151 6065
1 1089
0
1 6796
0
0
0
3 8698 6008 2881
4 6418 8947 9264 1070
0
0
3 2063 116 4113
1 3062
2 8832 2966
0
0
4 7882 1526 3340 7354
3 9807 5551 3459
0
0
2 1116 6656
0
0
2 1325 1098
0
0
0
2 4005 1508
0
0
0
0
1 8885
2 5469 7642
0
0
0
0
0
0
4 8923 501 5774 6593
0
0
0
1 1377
0
1 172
1 8060
4 8413 8798 1859 1808
0
0
2 3710 127
0
0
0
0
0
1 6805
2 1785 269
1 2911
0
0
0
2 6888 4786
0
0
0
0
0
0
3 9999 6259 9735
1 7510
0
1 5624
0
0
0
0
1 1547
1 2643
2 7548 4543
1 7887
2 7823 3036
2 4957 5431
1 9305
0
0
2 4607 6686
1 4627
0
0
1 9660
0
0
0
0
1 5209
1 7114
1 9346
0
0
2 9638 3390
5 4864 8805 2103 8177 4838
0
1 3155
2 9709 5683
3 6774 1538 4189
3 9992 4611 3202
4 8254 6042 102 2503
1 9417
1 226
0
2 8739 7840
0
5 2019 682 2976 6944 6794
1 9882
0
0
0
0
0
0
0
0
0
1 7348
0
2 9827 1624
0
0
3 7147 1850 7286
0
0
0
0
0
2 4979 4000
0
2 1670 673
3 247 1623 9435
1 8172
1 7275
3 7272 2172 5951
2 9084 5663
2 770 1507
0
0
5 9288 4597 1891 7839 6473
0
4 1390 9089 4050 9957
2 7535 890
2 3667 9901
0
2 6568 3233
2 7950 4811
1 5894
0
1 5657
3 2395 3002 134
1 403
1 2976
1 6755
2 5107 3693
0
1 3825
0
2 2446 5961
1 4971
0
1 5336
0
2 9589 2734
0
0
0
1 5463
0
3 3669 6259 9639
0
3 573 2636 1174
3 947 8244 1436
1 7403
0
0
0
0
2 8694 676
0
0
2 136 8958
1 4846
0
1 280
0
0
1 4719
0
2 9374 6079
1 9267
0
2 3269 7989
3 5372 4980 1881
0
0
0
0
0
1 3502
2 2051 8916
3 3919 9049 9929
0
3 7918 1977 6582
2 6213 5687
1 8158
4 7549 2320 7941 1578
2 970 7828
1 7951
1 6270
2 7721 5118
0
0
0
5 7056 9864 7258 4864 8323
0
3 1287 1149 9764
1 3768
0
3 5021 3871 54
3 1356 2082 8579
0
2 3607 6805
4 7185 9342 4994 4221
0
0
2 7326 5055
0
1 6264
5 5606 1897 9622 7521 9804
2 5468 677
0
0
3 7738 8419 1622
2 1954 479
3 7143 9730 231
0
1 5151
1 4025
0
3 5434 9318 2343
3 8622 205 5508
5 8932 3717 7440 4084 127
3 8504 7488 9321
0
2 902 7040
1 8359
1 4994
0
3 1323 7439 1430
0
3 5353 8792 1012
0
1 9167
0
3 378 7222 8747
1 1881
0
0
3 9857 2988 5112
0
0
0
0
0
4 8522 5943 2712 4122
3 7403 1333 5866
1 4747
1 397
0
3 2463 436 4014
4 9051 172 6403 9993
0
0
3 7578 5627 4742
1 1110
1 2505
0
0
0
2 7484 5482
0
0
0
0
1 3143
2 2643 618
0
3 5209 6039 1565
0
0
2 3972 728
0
2 899 2045
0
2 9626 6468
0
0
5 9847 701 6150 937 2560
0
3 4943 6751 104
1 5333
3 1512 8059 2527
1 7484
0
1 6719
2 1842 7649
3 1015 8250 6490
1 5255
2 4672 2336
0
3 8348 2896 6340
2 5805 5793
4 7480 5449 1484 6775
3 9936 7688 8712
0
0
1 5430
0
0
2 182 9384
0
1 6120
0
1 7049
1 8462
0
0
3 6865 8994 4513
3 8622 5933 6568
0
2 9374 4325
0
2 5273 8286
2 7453 3538
0
2 2182 3599
5 4482 1607 2629 1528 1173
0
1 4975
2 7259 7583
0
3 7034 5849 9643
0
0
1 9700
4 9911 3560 7459 6186
0
0
0
1 744
0
2 3206 7643
0
1 6088
0
2 2286 8461
2 2569 2045
1 7973
0
0
2 9140 2780
0
0
0
4 2648 3476 929 6435
1 673
1 9741
0
5 3613 2410 3145 7337 9151
0
1 9029
0
1 3745
0
2 3159 3028
0
1 3320
2 6926 6573
0
0
0
0
0
0
0
1 1303
0
0
0
0
1 3545
0
1 9004
0
0
0
0
0
0
0
0
3 2756 3044 9983
0
3 5610 9176 695
0
0
2 643 3779
1 9938
0
0
0
1 7258
2 4302 9167
1 3771
3 2791 3592 2049
0
2 1347 6470
3 6662 1102 4793
0
2 8641 3005
3 2037 2026 481
0
1 840
1 1293
1 9999
1 4485
0
0
5 928 4067 8962 5605 3213
0
0
4 1729 1681 4655 9075
3 9578 5237 8503
0
0
0
5 4835 9691 915 2133 1626
2 6877 6402
1 214
2 9502 7512
0
0
0
2 4316 3412
2 7305 3399
0
3 7572 8807 6368
0
0
0
0
0
2 5868 870
1 6398
0
2 6148 9422
0
0
0
0
1 964
3 7397 8537 4399
1 1540
0
3 8890 8415 9158
1 1452
0
4 7483 726 2412 166
0
0
0
1 7428
4 7010 6923 2606 458
5 3001 4411 1811 4261 2687
2 3973 4435
5 4721 581 3851 3369 8112
1 7074
0
4 530 6456 715 7957
0
0
0
5 7492 6808 433 6700 1535
4 5038 6345 5839 6052
0
0
0
4 5911 2333 8389 6131
1 6110
0
2 1673 7464
0
0
3 8229 4468 5184
1 992
1 7299
3 613 3860 2572
0
0
0
4 8178 1562 12 8353
3 2033 6663 4306
0
0
3 1239 7614 8522
0
2 427 6848
0
1 6338
0
3 4586 6514 5544
0
0
0
0
0
5 2109 4719 4101 1129 2355
0
1 5563
5 5621 9275 7328 4559 281
0
0
0
0
0
0
0
1 4300
0
2 2764 8971
1 4192
0
3 4208 7850 1038
0
3 5233 6048 6707
2 5679 1847
0
0
1 814
0
3 419 377 2430
0
0
0
1 5928
5 1742 8979 7689 2660 2026
0
0
0
0
0
2 1251 9906
2 7951 7448
3 2751 5838 8025
1 7107
0
0
3 7802 8645 8214
4 3961 83 1399 2069
0
0
1 6361
5 8034 6697 5826 3948 3491
4 8436 838 3078 5065
2 1560 6306
1 624
2 3160 3146
2 4084 3898
0
0
3 573 5719 4553
2 451 2257
2 93 1547
0
0
1 643
2 244 731
0
0
2 8307 4335
1 952
0
0
0
3 9098 6805 1799
0
0
0
2 607 9809
0
3 1724 9660 9913
1 2770
3 9667 7957 1410
2 3279 1409
0
0
1 4746
0
0
3 6897 6565 9285
1 4971
4 3918 940 2035 8494
2 5921 5020
1 6104
0
0
0
0
0
0
0
0
1 6914
2 5481 6427
0
2 8733 1717
3 8283 1088 5541
0
0
1 298
1 9540
0
0
0
0
0
2 9403 7058
0
3 9248 1521 170
0
0
0
0
2 9058 2173
1 9657
2 2372 193
0
0
1 8489
1 2749
0
0
0
2 1524 126
0
0
0
0
2 6068 3087
1 4145
0
0
2 9534 4749
2 8688 4840
0
2 6315 984
3 3471 7269 1850
0
0
0
1 1846
0
2 9669 9620
0
0
2 8957 4488
0
0
0
2 2610 5301
2 9562 7806
0
1 8309
0
0
2 1426 7643
4 1088 8838 8102 4082
2 2066 6711
2 9243 8416
2 4567 1318
0
3 8367 6953 9314
1 8447
0
0
0
0
0
0
0
3 9662 3009 1733
0
1 8123
0
1 3547
5 6949 724 6814 6962 1042
0
0
0
0
3 8515 9314 9139
2 8519 8322
1 1149
0
2 189 4012
4 2787 1669 5394 1176
0
0
0
0
0
0
1 1712
0
0
0
0
0
0
1 7617
0
1 1044
4 3789 9107 4352 6094
0
2 9783 9244
0
0
0
1 4405
1 2607
0
1 3806
2 7378 2491
0
1 7219
0
1 8592
2 2638 3768
1 4451
0
0
0
1 6043
0
0
4 4049 8113 5935 1968
2 7450 450
0
1 3679
4 2515 2451 1388 676
0
0
4 4013 8039 7277 8195
3 535 8303 9825
0
0
1 6879
0
2 2812 7736
0
0
0
3 7460 4692 8004
0
0
0
0
3 781 9028 3973
1 8882
0
1 7382
4 1055 8184 8552 9086
0
0
0
1 9483
2 1844 8680
2 4495 8178
0
2 7698 58
0
0
0
2 3787 4394
0
1 1688
3 9142 3926 1767
1 1761
0
2 6880 9778
0
1 4495
4 4105 1679 7904 3602
2 1222 4558
0
0
2 6600 4183
2 4460 8078
0
0
3 6448 2605 941
1 4406
4 5505 4374 9952 7397
0
1 1546
0
2 2775 2016
0
0
0
1 214
0
2 1611 7774
2 306 7080
0
0
3 1599 3941 70
0
4 9311 2546 6467 7260
4 8946 3579 7676 7440
0
0
0
0
1 3075
2 5982 771
1 8848
0
0
2 7686 7747
3 4933 7453 1985
0
0
0
0
1 6797
0
5 7526 5384 5369 3130 2397
2 7157 8318
3 2737 4188 1528
0
1 544
2 2218 2850
0
4 7937 1234 2557 297
0
4 3263 9098 5866 9828
2 8252 6418
0
4 2731 7441 1773 8976
0
0
2 3700 4188
0
0
2 7924 8611
1 4628
2 6158 1891
0
0
1 2107
0
4 3802 6564 5771 9578
0
2 8444 5747
0
0
2 7513 6212
0
0
0
0
0
0
2 3259 8638
0
0
2 5466 4583
2 5596 2624
0
1 3
0
0
0
0
1 4202
1 9553
0
1 1660
2 3630 3766
1 2830
3 8307 9839 2580
2 7922 1011
1 5601
1 1800
1 7872
0
2 2679 8603
0
0
0
2 9833 7053
3 4511 9308 6767
0
1 1840
1 8418
2 6925 3586
1 845
1 1882
1 129
0
0
1 3401
4 967 7267 3832 5207
0
0
3 689 4878 773
1 6856
2 3886 1993
1 5690
0
3 1989 3795 2653
2 5387 3270
3 2142 2572 3827
3 7673 7266 1080
1 8303
0
0
0
2 696 7418
1 6281
0
3 9156 9071 6303
2 684 7842
0
0
0
1 298
0
2 9058 4025
5 5791 8487 6333 6916 4946
0
1 4913
0
1 7190
0
0
0
0
0
2 3075 8132
1 3409
1 7648
0
0
0
0
0
0
1 9608
0
5 669 5832 951 5108 573
1 8015
3 4359 2068 594
0
1 1611
0
1 1438
0
2 9757 4437
1 1849
0
0
3 2242 1287 6237
1 83
0
4 5819 7573 6948 259
2 886 9757
0
0
4 7358 7677 7510 1788
3 8390 2841 9283
0
0
1 3593
4 4800 8131 8983 7928
0
0
0
1 4712
0
1 7218
0
0
0
0
0
0
0
0
1 1144
0
0
0
0
1 6699
0
0
4 786 8679 919 1628
0
0
0
0
0
0
0
0
3 2142 6602 2460
0
0
3 3190 6459 6418
1 4311
0
0
0
0
0
5 1704 4223 6984 8389 194
1 4823
0
2 9308 9761
4 7977 9646 2459 8706
2 3875 8299
3 6659 1502 7564
0
0
0
2 5404 253
0
0
0
1 8428
1 9164
3 2479 4409 3959
2 4847 2825
0
0
1 1997
0
0
1 7872
4 719 99 1893 7997
0
0
0
0
2 8113 5121
2 1580 6777
0
3 2135 4471 7416
1 7597
0
3 9764 9940 7304
0
1 5270
0
2 1704 9506
0
3 705 2248 1215
0
0
1 1138
0
2 5665 9468
0
1 4068
0
0
0
2 4963 3527
2 4694 455
0
2 4583 7856
1 6482
3 5923 9280 292
0
1 8628
0
3 9959 7701 560
2 3958 1330
0
1 7656
1 2187
3 1904 6630 9517
5 6359 5047 712 2046 5892
0
0
0
0
0
0
0
5 8643 4747 603 2599 4420
0
1 6974
0
1 108
3 6890 7807 6044
0
0
0
0
2 4124 8582
0
0
1 5848
0
3 9563 6111 1380
2 507 6037
3 8024 2087 286
1 317
3 3981 4625 1195
0
0
0
0
0
0
2 7182 895
0
1 4550
2 261 1696
2 755 373
0
3 5452 6086 1693
1 9390
1 6277
0
0
2 7989 4670
0
0
1 2011
0
0
1 9523
3 5047 5139 62
0
0
5 2969 7653 3164 3229 8629
0
0
2 278 127
0
0
2 3285 9851
0
0
3 1179 3276 1024
0
0
2 5198 9978
1 3491
0
0
0
0
0
3 4044 8474 1668
0
0
0
2 646 6108
1 9777
0
0
3 6901 3722 9524
0
2 1113 9287
3 1889 3738 6026
1 3190
3 2907 4650 1649
0
1 1206
0
1 1434
0
3 9390 2370 549
4 5307 2603 2077 3593
0
0
0
3 5180 1285 2102
1 2802
0
1 1978
2 7454 1807
5 1150 2887 9319 4846 3321
0
5 7161 7443 1842 2129 8067
2 3388 5474
1 4660
2 5442 7496
0
0
0
3 5589 3746 7244
0
3 6365 4613 9408
0
0
0
0
1 9878
2 3507 7498
0
0
0
2 6068 5647
0
3 2043 289 8056
4 961 9676 4818 8277
2 6294 7953
1 8317
3 9253 7025 6807
2 4099 8744
1 1624
4 1815 9474 690 6387
0
4 4406 5826 131 4162
1 1078
2 4963 5819
0
1 8308
1 3328
0
0
0
1 8622
0
1 3712
0
0
0
1 7186
0
0
0
2 124 6194
1 8393
0
0
2 6527 9067
2 9041 3540
1 3918
0
1 1916
0
0
0
1 3912
1 8142
0
0
1 3614
3 2466 1056 8275
1 2690
5 9194 1483 9635 7649 729
0
1 9094
1 5241
2 8823 9997
0
0
0
0
0
0
0
0
3 3833 4972 4919
2 7528 9265
0
1 5511
0
3 4024 1130 8081
2 3937 564
1 8795
1 4246
2 7320 8522
0
2 2974 6230
3 8507 3957 9605
2 4826 6414
1 6677
0
2 7376 4978
1 3173
0
3 8373 8278 5121
3 1863 7930 5227
0
1 4927
0
1 4292
0
0
3 2145 2816 5433
0
1 9332
0
0
2 268 8237
4 8611 2501 4029 6695
1 6932
2 4719 5342
0
1 5264
1 418
3 4643 5810 5684
2 9053 2307
0
0
0
3 6866 7421 2230
0
0
0
0
2 351 997
1 2233
2 353 9576
0
1 3318
1 904
0
0
0
1 35
0
0
1 3073
0
0
2 4538 9602
0
0
0
1 350
1 3079
2 231 1436
0
0
0
1 2233
3 6552 2728 6210
0
1 4033
3 5620 3553 2202
2 6396 1306
0
0
0
0
1 3982
0
2 6036 1306
0
0
0
0
1 566
0
0
2 1644 5939
2 2809 2621
1 9641
1 42
0
2 7592 7564
0
0
0
3 4759 6078 4289
3 7400 2221 9913
0
2 3248 7319
0
0
0
2 2033 4926
1 4393
3 9471 4301 8503
0
0
0
0
1 3813
3 9717 5589 4374
0
0
1 6655
0
0
0
0
4 6013 7089 6174 1837
2 1081 1244
0
0
3 8301 3264 4471
2 1629 2218
2 1899 9646
0
0
0
4 8947 660 5950 3325
0
0
2 3645 2515
4 4437 2911 7925 9755
2 4398 4467
1 7008
2 1196 8050
3 1288 1031 5126
0
0
0
3 1597 6614 6496
3 8833 9337 7233
0
1 9656
0
1 6856
1 6970
0
0
3 611 8831 4333
0
3 3201 145 2285
0
0
0
0
0
0
3 3827 9064 6396
2 6768 9185
0
0
0
0
4 716 4581 8938 3033
0
2 3980 198
0
0
0
0
2 3343 1155
3 2566 3387 2581
1 9730
3 2629 2686 5296
0
1 61
0
0
0
3 7163 169 2621
0
3 9947 4860 2536
2 1856 3670
0
1 194
0
0
0
2 2551 6829
3 4158 5406 3511
2 6661 4693
0
0
3 3444 4950 7549
0
0
0
0
0
2 4264 6929
2 3588 5903
2 5349 7057
4 5003 3381 269 468
0
1 7966
1 2226
0
5 7891 6703 9662 5803 297
4 1481 6800 2210 4583
1 2626
2 8913 5165
2 5858 1916
3 6493 7949 7696
4 4448 6290 5158 4465
1 6095
3 373 1364 6663
0
0
0
0
1 7747
2 7410 9476
2 8691 1333
1 4471
1 2467
1 2984
2 8611 4157
1 3502
0
3 5635 5331 2500
4 1188 5920 8439 6196
0
0
3 429 1512 5794
0
1 3425
0
0
2 6402 305
0
1 4296
2 9493 3329
3 4580 376 6622
2 4979 5622
0
0
0
0
0
0
0
2 7149 9607
0
1 9206
0
2 2747 5858
0
0
0
0
0
0
1 7411
1 9959
2 1822 4497
2 9989 6318
0
3 1445 5002 5315
0
0
1 4081
5 8188 4604 1525 4302 8496
0
0
1 7588
0
2 8485 7246
0
0
0
1 6841
0
0
4 7215 3474 5497 3911
1 4522
1 6308
1 9955
2 6641 5641
0
0
3 425 7734 8583
0
0
4 8452 8791 6450 5396
2 7070 1264
0
2 5962 6952
4 6207 9439 4259 7939
0
1 7537
2 2755 705
0
4 5451 5924 2367 7280
0
0
1 5296
0
3 3788 3418 2333
4 9142 8793 7144 1081
3 3735 1595 3157
0
2 9476 4223
1 3518
0
0
0
0
0
2 97 6783
1 7510
3 6961 312 7578
0
0
0
0
0
0
0
0
0
1 4174
4 6348 8695 7230 4817
0
0
0
0
0
2 3961 832
2 3602 196
0
1 2028
1 2470
1 435
0
2 4860 1561
2 5572 9331
2 1396 3021
0
0
4 9857 7229 1064 5958
3 4730 2165 4517
1 9838
0
1 8911
4 6428 5476 415 7114
0
2 3073 1243
0
2 8334 8243
0
1 7031
1 2843
0
0
2 5281 6463
3 6480 4178 9008
4 3673 3531 827 9221
1 9088
3 8445 6845 3823
3 883 1866 3619
1 2504
0
2 7090 425
5 4850 7133 4577 3445 1571
3 8330 3945 7372
0
0
0
1 2629
0
0
0
0
0
2 9648 4514
0
0
0
2 183 8485
0
0
2 1785 416
0
0
0
0
0
0
0
0
2 9709 6583
2 6671 3563
0
1 2001
2 1515 9958
3 771 6349 238
0
0
0
2 8232 8735
0
0
0
4 1810 2265 673 2570
2 1535 5544
0
2 4551 3956
0
0
1 955
0
2 6059 6972
0
4 616 4929 3954 1056
0
0
0
3 6655 331 6183
0
0
0
3 6796 6197 1223
0
0
5 8648 5882 6477 932 4164
0
0
3 1814 3610 2198
3 2279 1710 91
0
1 5719
0
3 251 7177 3895
0
0
4 8721 4072 7969 8083
0
0
4 3206 5793 2475 7773
4 1198 1558 5273 8989
3 6703 7008 6352
0
0
1 815
1 5439
0
0
3 6066 546 3728
0
2 9356 1484
0
0
2 4103 3873
0
0
3 6248 1295 1507
3 2324 5695 5026
0
0
1 5837
1 2283
0
1 4245
3 1928 3418 8750
2 466 4423
0
0
4 8786 3693 4541 2510
0
1 8054
1 2750
0
4 5907 5695 6248 3551
0
4 8181 7913 3113 4359
0
1 8042
0
1 3295
0
1 8133
0
1 9589
2 568 2355
0
0
0
0
0
1 2447
0
0
0
1 4139
0
0
1 1067
3 3370 7726 8887
2 3684 4539
2 3574 772
0
0
0
0
1 5053
1 7707
1 4487
1 1862
0
0
3 1623 817 2510
0
1 5938
5 4546 8325 1987 2913 1747
0
1 3665
0
0
0
0
3 1191 7229 2332
0
0
0
0
2 6436 3294
0
4 9542 9557 9544 7212
3 8112 606 6773
1 646
0
3 1345 2021 2072
1 400
0
2 7894 1101
1 3952
2 7635 9033
0
2 8407 6369
1 1866
0
1 250
0
0
0
0
0
0
0
1 9738
0
0
2 3556 561
1 1599
0
1 259
0
1 4449
0
0
0
0
0
0
0
2 4385 4984
2 5941 4773
3 8501 4257 2921
0
3 5112 1020 8411
3 285 2207 9696
0
2 3806 6155
4 4357 6122 8891 3038
0
0
3 4875 8953 3757
0
0
1 7907
0
0
0
5 910 1643 5313 1898 5763
0
2 4570 4814
0
1 5210
0
0
3 3899 9575 7812
2 9114 2361
0
0
0
0
1 9825
1 5026
1 912
4 9912 9247 7091 575
0
1 1751
2 1504 3494
3 5189 5537 442
0
1 7723
2 3169 7455
1 4526
0
1 90
0
3 6232 4806 1678
4 3850 4522 7840 8597
3 1248 8916 8729
0
0
0
1 9433
0
0
0
0
1 9507
2 949 2247
1 8760
1 1029
2 8949 9999
2 3643 4737
0
0
3 9760 6198 6366
0
0
1 5610
1 154
0
0
2 3544 3402
2 1548 3045
2 3956 923
0
0
0
2 4367 4690
5 9373 8754 5749 1014 763
0
2 3173 9837
0
1 8936
0
4 9819 2079 4077 5118
0
0
0
0
0
1 8320
0
1 3919
0
1 1661
0
1 9244
0
0
1 4448
0
1 3053
1 1124
3 9333 4141 1647
1 7005
0
3 7472 363 250
0
0
0
1 3406
0
4 5848 4458 3273 5976
0
2 696 6637
0
0
3 6099 405 6243
2 1682 3193
1 8018
0
2 457 791
1 5885
0
3 9498 1602 1384
2 245 6667
1 58
2 3911 7494
2 8256 3028
1 2906
1 2493
2 6636 4027
2 3268 2079
1 6211
1 2676
3 1623 5779 5632
0
2 7749 2543
0
3 9789 377 3567
0
0
2 4507 59
3 7218 4577 3143
0
2 2791 299
0
0
0
0
0
3 8978 7675 2315
0
0
4 172 5044 5205 5817
0
1 2002
0
0
1 6462
0
4 6400 2643 4658 5563
4 4822 289 3227 5715
1 8626
1 5459
3 6971 6669 6750
2 2482 8287
0
0
0
0
3 7738 8624 2800
3 249 5718 349
0
3 3888 8303 1884
0
0
4 3653 1007 9528 3126
1 5554
1 4868
2 6551 5794
0
0
0
0
0
2 2514 7689
0
2 5948 484
3 4228 6950 1026
0
0
0
2 5727 6972
0
3 2585 6150 5794
1 2379
0
1 8363
0
0
1 9888
1 1986
0
0
4 2543 7236 8551 945
2 6895 4442
0
0
2 7494 3313
3 2014 3390 5780
1 3418
3 9173 5068 6912
0
0
3 1162 8193 6781
4 8475 5947 212 6687
2 1328 4250
2 534 5519
1 5692
2 5825 2075
0
5 5007 2051 3811 9399 5230
2 888 5574
0
1 4897
5 7739 3759 5578 3408 7814
5 1471 4473 1540 2416 6822
5 4417 9068 4505 8104 9383
0
0
0
0
2 8337 983
1 5562
0
2 4865 4623
2 9944 2908
0
2 7944 1629
0
0
0
1 1499
4 2412 6998 3534 2514
0
3 6649 7816 4400
0
3 6222 3313 9741
0
1 850
0
4 2296 9762 8628 5223
0
0
1 1429
3 2670 7379 8903
0
0
0
0
0
3 8432 3096 3947
0
2 7749 6739
2 3968 1794
1 2942
0
3 4761 932 508
0
0
2 9458 4152
0
1 2705
0
0
0
0
2 377 9836
0
4 6341 9476 1119 5061
4 6091 9383 1556 9478
1 626
2 516 3290
2 7973 6794
3 2738 5782 2766
0
1 8512
0
4 4474 5168 475 2215
0
0
0
0
0
3 6652 1210 3328
2 8148 253
1 4947
2 2381 2301
3 9007 7291 9500
0
2 5010 2363
0
0
0
0
1 8581
3 7376 2686 4377
0
0
0
2 2103 8521
0
2 7583 3360
5 3938 9059 5549 491 6541
3 2688 2077 6385
2 7703 1746
0
0
2 4112 9734
1 6381
0
1 9905
3 9045 4261 8888
0
0
5 4841 1360 3144 1916 5650
0
2 3998 8389
0
1 1601
0
3 546 1345 5964
1 3283
0
0
0
0
0
3 4445 9617 6674
0
3 5886 3263 8936
0
1 2023
1 6683
0
2 1247 6823
2 5092 5804
3 5946 7886 4166
3 4172 3415 5094
1 1113
0
2 8937 702
0
0
4 7326 930 1942 7255
0
1 3667
0
0
1 9346
0
0
0
3 6092 902 4118
0
0
0
0
0
0
2 4972 6240
5 7098 176 5545 1922 1847
0
0
0
1 541
0
2 3567 9440
1 518
1 1198
0
3 4431 6366 1997
1 7959
0
0
0
0
0
3 8530 1535 4701
0
1 9359
0
0
0
1 207
0
1 8094
4 9008 7763 4130 8169
0
1 6062
2 6287 8933
1 1716
0
1 9917
0
0
1 8688
1 6026
1 241
0
0
0
0
0
0
1 7492
1 9745
1 9087
0
2 7251 1383
0
2 2305 2163
0
0
1 848
0
0
0
0
1 2522
2 3683 1248
2 817 1371
1 9470
0
0
0
0
1 1922
0
3 8981 2205 2481
0
0
0
1 7383
0
3 3455 6006 5759
3 230 4868 640
0
0
1 5203
0
0
2 2328 4781
0
0
0
0
0
1 2405
0
2 5147 1211
0
0
2 4053 5750
0
0
0
1 8876
0
3 6978 6681 9032
2 3448 7354
0
1 157
0
2 9616 3308
3 2850 9833 850
0
0
2 1768 8053
0
0
0
2 3026 3319
2 2043 2129
0
2 9617 9487
2 8306 9852
2 5796 7856
0
1 5441
0
0
0
3 4962 5717 9775
4 7823 6144 5419 3947
0
1 547
1 4159
2 333 9664
1 7681
0
0
1 3351
2 148 4582
0
1 8531
0
0
0
1 3830
3 8963 9626 6440
0
0
1 1069
0
1 8864
0
3 3242 4716 4045
1 9995
4 8861 9451 7510 2157
1 3483
1 6650
2 2917 7741
1 3409
0
0
2 5226 1086
0
0
0
1 8194
1 9141
0
0
4 364 9638 1388 6774
0
0
0
0
0
0
1 4563
1 4049
2 8499 3281
0
0
0
1 8673
0
0
0
2 7420 4565
0
1 1346
0
0
0
0
0
2 5830 7343
1 9790
4 624 9482 805 7517
0
0
0
0
0
1 4027
1 423
0
5 2332 4508 5935 9807 7159
1 441
2 2091 1653
0
1 2035
3 4220 1954 8601
3 9776 3416 3557
0
0
2 5712 1156
1 7956
0
0
0
2 4025 3869
0
1 3386
0
0
0
1 9887
3 1186 4606 5401
1 6905
0
1 5533
0
1 5715
0
2 4327 1937
0
0
0
0
4 1346 1476 7484 9177
0
0
0
2 6162 6318
0
0
0
1 2449
1 1138
1 7216
3 5412 4221 9441
0
2 3235 8464
0
0
2 7797 296
3 2157 5383 3963
0
4 2125 308 4895 1965
0
4 1073 4425 4902 1787
0
3 7234 9732 4112
1 6052
1 9349
0
0
0
1 6920
0
0
0
1 7601
0
3 3930 590 1486
0
0
1 6564
0
0
0
4 3986 9576 9883 1513
0
3 959 8650 8574
1 4472
2 1579 999
3 249 5320 6295
0
0
0
1 8396
0
5 6762 2923 3148 4574 2338
0
0
0
0
2 1918 4349
0
5 8209 7160 8378 349 397
4 2720 537 6230 4737
0
2 1028 1908
0
0
2 5375 8259
1 6595
0
0
0
3 9418 2921 86
3 7780 4390 996
3 5863 7616 1709
0
2 4159 1466
2 7579 3931
0
2 6981 8525
0
1 4241
0
3 8923 3065 9016
2 4129 320
0
0
2 7023 7704
0
0
0
0
0
1 4453
0
4 4653 3344 1408 2460
1 8624
2 7090 7310
0
0
0
0
1 3574
3 5239 426 3583
0
1 8046
0
0
3 2992 2571 8354
0
0
0
0
2 1034 5421
0
0
0
0
2 2320 2924
0
0
0
2 5466 4361
0
0
2 3910 6179
0
0
0
2 4579 2498
0
0
1 4806
0
0
0
4 5025 1568 6937 2809
0
4 2837 1147 6352 4856
0
0
0
3 7558 6501 4103
4 8572 9531 8023 2785
0
0
1 5227
5 4068 4898 629 6798 8857
0
0
0
0
0
0
1 2553
3 9681 8341 6687
0
3 294 7069 6051
0
0
0
3 3242 9361 8363
1 6728
0
0
0
0
5 379 5746 3421 1229 6734
2 3550 5507
2 9536 6782
2 2550 4899
1 5407
1 1839
0
2 3973 8352
0
3 5603 5865 7257
3 3409 3740 6989
0
0
0
2 2628 9901
0
0
2 789 4566
0
1 9028
1 4587
1 9813
2 1167 7031
0
0
4 5955 6828 5692 8465
0
1 9007
0
0
0
1 3307
0
2 3623 8159
1 2357
0
0
3 2162 7928 3572
2 7332 1339
0
1 6099
0
3 264 3679 2899
2 6883 7607
0
4 9707 3665 790 7690
2 8404 4157
0
4 8801 8054 6328 2913
0
3 2291 4431 5022
2 7356 2388
0
3 9290 2397 1094
0
0
0
2 6638 8928
0
3 3877 4868 4723
0
0
0
3 7036 9910 3247
1 3622
0
0
0
0
0
0
0
4 4653 8041 9072 5145
3 192 5688 2708
0
2 4151 4188
0
3 785 4709 416
0
2 2185 4062
0
0
0
0
2 682 4952
4 6132 3796 7777 6912
0
1 3975
0
0
0
0
2 8429 6911
3 8373 9523 8134
0
0
2 4527 9956
1 5694
1 8190
3 9492 2396 3647
0
3 5398 2901 5712
0
0
0
0
3 7907 7771 2675
2 9372 778
0
3 4287 6172 4069
5 3387 4206 9804 2086 8878
2 310 6995
0
2 4106 590
0
1 8125
3 5478 6582 8839
5 6508 4173 1284 4028 3604
2 6372 9147
0
4 2026 696 274 3465
0
5 6645 6711 1364 4909 6677
2 864 1851
0
3 2554 6287 4271
3 2261 5150 6357
0
3 1491 7937 1609
0
0
0
0
0
0
0
0
0
3 1156 6375 1344
0
3 2783 599 7173
4 8380 1375 1069 5592
0
0
0
1 9987
1 5492
0
0
0
0
0
0
3 2994 5636 185
2 2918 1355
2 1441 546
2 2533 6756
0
0
0
0
2 3650 2720
0
3 1541 9085 6770
0
1 7150
0
0
0
0
1 5572
0
0
2 8763 5277
0
0
1 8868
2 5588 7697
0
0
3 7479 584 2175
0
0
0
0
2 4362 4147
1 3905
4 7282 9947 3473 6807
0
0
0
0
0
4 3697 3493 2955 2596
0
1 9164
0
2 1749 3225
0
1 7345
0
4 3353 3227 9156 9935
1 7607
0
0
3 1097 4049 5118
2 5376 119
0
0
0
0
1 2314
2 7226 7628
0
2 5838 257
0
0
0
0
3 6576 9316 8339
0
3 8671 5683 5080
1 3161
5 6693 925 132 2887 3092
2 7737 816
1 3507
0
0
1 5793
0
2 5689 504
1 3274
2 3131 9139
4 9732 2422 3998 4383
0
3 2701 5871 2720
1 8912
0
4 2006 398 9183 723
0
0
0
2 9252 5516
0
2 7456 8991
0
0
1 5687
1 5940
1 9266
0
2 5613 5032
4 9952 651 9710 7093
0
0
1 7138
0
0
2 6307 2803
0
3 8028 7653 2067
0
0
0
3 8921 475 2502
0
2 3245 4270
1 2261
0
2 4173 202
0
0
0
0
0
2 8811 3433
1 6439
1 1113
0
3 9774 2058 9516
0
0
1 7523
1 5270
0
0
0
0
3 2386 6124 3756
2 7278 8463
0
0
1 6918
0
0
1 4020
0
0
0
3 618 9927 8209
0
2 8062 3999
1 8247
0
3 131 8194 8019
0
1 3242
1 7131
0
2 9630 3584
2 4033 9086
2 7348 7391
0
0
2 5587 3744
1 5591
1 5923
1 2165
2 839 3436
0
0
3 28 3085 9986
0
0
0
0
0
0
0
0
3 1198 5332 9822
0
0
5 2920 4319 2134 3968 2099
0
2 1631 4314
0
0
0
0
3 8924 8144 6343
0
0
0
1 609
2 1286 5209
0
0
2 2302 1854
0
0
0
4 5950 152 6123 7638
2 7635 2413
0
3 4872 4900 3566
3 2625 7338 9133
0
0
3 3737 3704 6395
0
5 9256 4818 9922 9554 4919
2 1337 8444
0
0
0
3 7597 6353 8572
3 2674 53 1653
0
0
0
0
1 7430
0
0
2 9789 1197
1 4242
0
2 4780 5755
3 8095 7070 3089
0
1 9314
1 7977
5 3032 820 1185 4836 261
0
3 1256 3782 1637
1 7221
0
0
1 3252
2 690 2500
0
0
1 9382
1 7110
4 3583 9966 7848 8849
2 7433 3580
0
0
1 6746
3 7200 4431 9619
0
0
2 6092 2526
5 622 9748 7276 8767 9224
0
0
0
0
0
4 4719 66 8204 3124
0
0
0
0
4 4323 7502 8021 2603
1 2432
0
0
2 2944 6800
2 6468 6962
1 5784
0
0
0
4 5553 3743 9819 4504
0
0
0
0
0
2 5100 5220
0
2 5251 7747
3 1074 4105 563
1 1802
0
0
2 1432 6719
0
1 7647
3 1849 3434 569
0
0
2 6429 5957
0
0
0
0
3 8955 9743 1980
0
0
1 7287
2 8707 5652
0
2 2662 5098
1 4303
0
2 3228 5863
0
0
4 6809 7647 9869 5837
0
1 2328
1 1478
0
0
2 6111 6783
0
0
1 6987
1 5905
0
0
1 9991
0
0
0
1 8489
0
0
0
0
0
2 3285 7760
2 4509 5158
4 203 6861 7765 6651
1 2336
0
5 7816 4345 1512 1164 2224
3 9502 3987 3092
1 5014
0
0
1 548
4 977 4214 5856 599
4 6820 3129 2153 8103
0
0
2 2745 6536
0
4 6883 1988 8483 3275
2 9126 7363
0
3 5103 3241 1230
3 6005 5013 5705
1 3546
1 72
0
1 1888
0
2 9638 1908
5 8846 4644 5949 4426 477
0
0
0
0
0
0
2 2724 7794
1 5078
0
0
2 9376 6825
1 5777
1 2642
2 6291 7848
4 8931 5289 6294 3592
2 3760 1791
0
0
0
1 3406
0
0
2 7267 2035
2 5574 2987
3 6202 9156 347
3 2434 1313 4692
0
4 8592 6293 8076 2712
1 3990
0
1 2112
3 459 7445 6881
0
0
3 4999 8078 6718
1 1620
0
0
0
0
0
0
2 144 5327
0
0
2 1671 5296
0
3 1102 8006 204
0
0
0
0
3 8789 6070 8255
0
0
4 8747 223 7318 651
0
2 3761 3582
0
3 497 9455 1165
3 1798 7829 2016
0
1 2678
3 3375 6828 7085
0
1 843
3 6181 8373 9736
1 2243
0
1 5642
1 7516
0
2 6440 9348
2 9686 200
0
0
1 3892
0
0
1 2781
2 1140 5168
2 576 4951
0
3 4282 449 5149
0
0
0
1 8001
1 3695
3 352 232 7015
4 2645 4472 6695 1373
1 8223
0
2 6233 3824
3 8728 7471 4909
0
0
0
0
4 6056 8010 9541 1509
2 610 3820
0
0
1 8550
1 736
0
0
1 6822
1 4024
0
0
0
0
0
0
0
0
1 102
2 1618 4973
1 4223
1 598
0
0
1 3561
1 3091
2 9769 7352
3 2700 8124 6050
0
0
0
1 4660
0
0
1 7646
0
0
0
1 4589
0
0
1 1898
0
1 8274
0
0
0
2 9395 1489
1 5226
0
3 9529 4233 2619
0
0
1 1466
3 179 8620 84
0
0
2 4021 1336
0
0
0
1 10000
3 7953 8270 3006
5 7683 3987 5273 8582 2484
4 5025 2757 1374 2626
0
0
0
5 5044 3064 6539 7151 2665
1 7307
2 7830 4316
0
1 3774
1 4029
4 860 1881 7870 3893
0
0
0
2 7793 4585
0
5 85 1855 5817 8678 6340
1 9013
1 9219
1 4103
2 3784 2950
1 3514
0
0
0
4 7344 6055 2538 2586
2 7565 9716
0
0
0
0
0
0
2 3523 6902
3 9159 8041 6003
0
0
0
0
0
0
0
1 7352
0
0
0
1 7953
4 5011 2791 4703 3993
0
3 9050 7408 6112
0
0
2 8540 1172
0
0
3 8784 9905 406
0
0
1 751
0
2 6395 1335
0
5 3645 8922 6511 8214 7900
0
1 5335
2 5318 266
0
3 4733 8281 2267
0
1 873
1 9293
3 3283 8748 6288
0
0
3 6825 4647 7298
0
3 8751 8669 9244
0
3 2660 1707 1958
2 6952 4921
1 1132
0
0
3 7181 6261 2749
1 4210
0
0
0
0
3 4282 7632 8199
0
0
0
1 4164
0
1 5544
0
4 9150 120 1289 1882
0
5 4160 6836 2896 6838 378
4 9955 2159 4331 8656
3 3306 7694 2488
2 1805 2141
1 937
0
0
4 5735 1652 2986 4420
1 8480
0
0
0
0
4 9918 5140 7566 4230
0
0
2 9664 9200
0
4 2298 6324 5034 1229
0
0
0
0
3 2755 9446 3368
3 9670 3867 3975
4 9736 5200 7595 4902
0
0
0
0
2 1710 6223
2 6443 9413
0
0
1 6170
3 4128 9616 5617
0
0
0
0
2 3145 8914
1 2161
1 5875
0
0
0
0
0
0
1 7116
0
0
1 4249
0
0
1 1876
2 4466 924
0
0
4 4421 4582 6223 377
2 5399 6796
0
1 6003
2 1498 6681
3 7607 5550 4416
1 2362
0
2 5052 1798
5 5085 6414 8869 3593 1523
1 1135
0
0
0
0
0
0
0
1 2565
0
2 8103 7673
1 5083
0
0
4 1933 5494 2875 7674
0
2 3871 9017
0
1 1300
0
1 9450
1 3339
0
0
0
0
0
4 7111 8886 82 4267
0
1 3325
1 6973
2 698 7895
1 9703
0
0
3 9877 5343 732
0
0
0
1 6864
0
0
1 9622
0
2 272 6799
1 3317
2 1231 7777
0
0
2 3646 8704
0
1 5709
1 2024
2 7142 8435
0
0
0
0
2 3689 8563
1 4396
0
4 6098 7994 2635 6865
0
2 5873 1413
3 3069 630 1971
2 3077 8804
0
1 2359
1 7563
3 5914 271 3698
1 7043
0
3 163 6191 5592
1 121
2 9495 8949
1 3298
0
0
0
1 9518
1 8596
1 1150
2 7997 4527
0
4 9460 7979 376 2876
0
0
1 5004
0
1 4167
4 8349 1843 3724 4911
0
0
0
0
0
0
0
2 8545 3079
3 282 6932 5855
2 283 647
0
0
0
0
0
1 5567
0
0
0
0
0
1 8982
0
1 7679
3 7771 5735 9000
0
0
0
0
0
0
0
0
2 9348 1834
0
1 1242
0
0
0
3 8213 8471 6598
4 9123 5311 298 3410
0
0
0
0
2 5230 4874
0
0
0
1 4807
2 3991 9757
0
0
0
1 1374
0
2 9011 5686
0
0
0
2 2372 5479
2 1533 7179
0
4 6987 6843 2398 3546
0
0
0
1 5338
1 701
0
3 4098 8932 428
0
1 3343
0
4 9450 4149 8537 2150
0
0
0
1 4193
0
0
1 696
1 8522
0
0
0
0
1 7985
1 7773
2 5823 8010
3 8450 8165 9096
0
1 4473
1 20
4 1029 9804 8594 9790
2 2551 4690
2 9537 3642
2 2539 4222
4 9583 6613 9808 7306
3 7163 5330 5602
2 3950 80
4 6920 5223 4538 5945
2 1781 5622
0
0
0
2 4867 721
0
0
0
0
0
0
2 2907 2325
3 208 9157 5913
0
0
3 2891 5389 3163
0
0
0
1 7653
1 2261
0
0
4 5650 284 9810 1663
5 8041 6377 3938 3916 1289
1 6555
2 588 2945
2 6561 5369
0
0
0
2 8622 7826
1 1819
0
1 2771
0
2 6816 5088
0
0
1 5015
0
0
0
0
0
0
0
1 8068
0
4 950 6993 6471 196
0
1 3873
2 2221 3311
0
0
3 8516 495 9759
1 8277
2 6107 6239
0
0
0
0
0
0
0
3 403 9819 1151
0
2 2801 1292
0
4 4542 2603 5738 3899
0
0
0
2 8186 5488
0
0
0
4 3007 2399 1249 7338
0
3 8622 3225 9264
2 6339 3012
1 5732
0
0
3 4352 8204 2611
2 1971 2178
4 3644 581 3252 9546
0
2 2850 2369
1 6634
0
0
1 7408
0
0
2 5169 9576
2 9249 7562
0
2 1387 7760
1 496
0
3 8835 4990 2610
0
0
0
3 7056 2069 7557
0
3 5405 4583 2154
1 8705
0
0
3 7053 201 4278
0
1 1804
0
0
5 9284 4207 1279 5384 5685
0
0
1 647
0
0
2 9682 927
0
0
2 3775 2718
1 6002
0
0
1 2354
0
1 9896
0
0
0
0
0
1 4605
0
3 105 4235 556
2 6288 3306
3 5614 2306 5894
1 2879
3 710 1220 5536
0
0
4 5651 9713 1114 5276
0
2 5780 8243
0
1 1715
2 830 5514
0
0
0
0
0
1 5701
1 4119
4 8764 6413 5704 3912
0
2 758 5127
0
2 5053 6384
0
0
2 1560 185
0
0
1 4327
3 4469 9959 3203
2 5256 9139
0
0
0
0
0
0
1 4614
2 919 1516
0
2 7056 6058
0
0
4 2534 7339 5970 1785
3 8227 3811 1946
0
0
0
0
0
0
0
0
0
2 1521 6879
1 2294
0
2 860 2428
1 6906
0
0
2 362 6027
2 8742 971
3 6797 6310 6523
5 7224 4424 5801 8093 1150
1 4798
2 84 1366
0
3 6298 6762 4073
2 2135 4478
2 5140 1784
3 1422 2382 2011
0
0
3 3217 8507 4482
3 3145 1573 7128
0
0
0
0
0
0
1 7111
0
1 2490
1 6817
0
0
2 5127 1985
3 2185 3079 7656
1 5015
0
0
0
0
0
2 4375 7599
0
0
0
0
1 2090
2 637 2801
0
0
0
0
5 8079 897 944 5642 6754
0
0
0
1 4174
0
0
3 4435 1101 9668
2 4182 5232
0
2 1435 8423
2 3110 2574
3 2180 5676 7668
0
3 6876 1222 7583
0
0
0
0
0
0
3 9136 9303 2413
0
2 5389 5830
2 6258 151
0
0
0
2 9107 1009
0
0
0
0
2 6077 5251
5 6264 1570 3200 6518 8554
0
0
1 3778
0
0
2 346 8714
1 5850
0
1 2425
0
1 8765
1 3891
0
1 1284
1 2407
1 5756
0
0
0
0
4 1177 3815 5567 8721
2 9962 4405
1 8928
1 4104
2 442 8606
0
3 5593 6420 3367
2 8516 2590
0
0
0
0
1 4419
1 9280
3 6455 7892 102
3 4745 4228 4582
2 4629 9050
0
0
2 6780 3117
4 5112 7578 7131 4699
0
1 3812
0
4 7456 4729 5281 1590
2 507 9449
0
3 8061 5822 9034
1 7971
0
1 327
3 7889 8774 894
3 7440 5907 2326
0
1 6967
0
1 7563
0
0
1 3490
1 8643
0
0
2 7518 385
0
0
2 5389 894
3 9655 6995 5505
3 3900 1757 4756
1 2231
0
4 6323 3944 9023 5249
0
0
4 7969 1332 7613 333
0
1 8618
4 6586 1176 5876 7427
1 8604
0
0
4 1389 2874 6593 9640
0
1 808
0
0
0
3 788 5999 7006
0
2 572 2179
1 4010
1 4486
0
2 8362 4708
0
0
0
0
0
1 9623
0
0
0
0
0
0
0
1 3100
2 1377 4523
4 6167 7600 1987 3772
0
4 5539 2910 6053 4649
4 7379 4350 8893 1815
2 7009 6612
0
0
0
0
0
1 5570
3 2840 5758 3622
0
0
0
1 7280
3 4215 4281 7759
0
0
0
3 3908 6989 4604
0
1 938
1 2697
0
2 4099 7470
3 2608 6494 6795
0
3 3851 9997 6738
0
1 8292
0
0
0
1 961
5 3815 1614 1119 8388 4937
0
0
0
4 2693 7531 2580 6593
1 3185
0
0
0
0
3 5839 2176 475
1 9789
1 9820
0
0
0
0
0
0
1 3880
0
1 5857
0
5 5704 7517 2422 9455 8954
1 4138
0
1 4138
1 2930
0
0
0
0
0
2 4057 9346
3 3501 1930 3498
0
2 6864 3659
0
0
0
0
2 7943 3568
1 9335
0
2 3392 2511
2 5007 9509
0
0
0
3 4533 5398 9794
0
0
0
2 7983 7393
3 3339 8324 8619
1 6040
1 3662
0
0
0
0
1 3220
3 3258 9801 3117
3 4532 4083 3431
1 5783
2 9214 9598
0
3 9186 5492 7986
2 5543 9475
0
0
1 9585
4 1343 6400 8068 8886
1 5685
1 4611
0
1 6152
0
2 3369 1411
0
1 3723
0
3 4033 9668 9458
2 9956 3685
3 2531 3784 1888
0
0
0
1 9167
2 4705 4823
0
0
0
2 6 4864
0
0
0
2 2561 444
2 2249 5677
0
5 4996 3163 1694 2340 2707
3 518 2442 1634
0
1 7047
2 1676 1390
2 3523 2261
0
1 3914
2 5296 1699
2 8827 2108
4 6400 6678 1133 6925
2 899 3675
0
0
5 4753 6456 5114 4088 5224
0
3 4696 9226 6965
1 2071
3 8327 2900 424
1 433
1 2183
4 7568 4491 123 9278
0
1 9001
1 7961
0
0
3 4367 7102 1534
0
1 706
0
2 6837 5280
1 9072
0
0
1 7610
0
1 1934
0
4 7177 531 5749 8794
0
1 3574
3 676 3457 499
1 5354
1 8443
2 7948 9300
0
0
0
4 8708 8082 5102 7478
2 8305 899
0
0
1 5545
3 9980 9237 6584
0
0
2 7722 717
0
1 6419
0
2 4966 4523
0
0
0
0
0
2 3964 8943
0
0
0
1 211
0
1 9569
0
1 6652
0
0
5 4631 1297 4770 1798 295
2 574 9661
2 2696 324
1 9739
2 1590 5575
3 7223 3178 9311
4 6637 5756 9202 1965
3 2195 1072 6739
2 4730 8917
2 3661 1864
0
0
2 5875 2929
0
0
0
2 5654 6602
0
0
0
2 3014 9094
2 3601 5422
1 261
0
0
0
1 3224
0
0
4 9554 4748 6238 2229
1 7411
1 9737
0
2 3481 7307
0
1 6073
0
1 2772
0
0
0
0
0
2 8629 4255
0
3 2547 1578 6007
0
3 9056 1528 7079
1 7777
3 7397 4201 2749
0
0
0
0
1 6640
1 9921
0
5 3483 8007 2994 7209 8684
2 2586 7969
0
0
0
0
0
0
2 4083 971
0
0
4 9409 1127 4248 2264
3 7826 4425 3676
4 4919 389 3341 161
3 6877 2044 6397
1 6318
1 5709
0
2 4603 341
0
0
0
0
0
0
0
4 7974 4710 8137 6164
0
2 665 3340
0
2 9214 1915
0
5 1859 8806 1730 9944 7301
0
0
3 2748 1152 9495
3 3182 3412 5769
0
1 1000
0
4 1063 2667 6807 2748
0
1 3950
3 4139 350 6871
2 9041 4447
0
0
3 2850 3062 564
0
3 7966 6049 8195
0
0
0
0
0
2 706 6898
2 6553 8135
1 6775
0
0
3 7985 6334 3985
2 2720 2542
2 3361 2390
1 9544
0
2 3176 6054
0
1 1127
2 5173 2141
2 6815 4906
0
2 7665 9897
2 105 4038
0
2 7573 1014
0
4 9599 135 4938 1692
0
1 8906
2 7950 7546
3 261 804 8001
1 9258
1 7379
0
0
0
2 2078 8977
0
0
0
2 7267 6550
3 7446 5735 9302
2 21 1359
4 778 4558 3148 2822
3 4061 812 7409
0
0
0
0
0
1 8637
0
0
3 8357 8387 5304
0
2 4388 8016
3 3494 9873 5868
0
0
0
4 9516 447 6243 5920
2 2032 8557
2 627 5051
1 5074
0
0
0
3 8636 3927 941
2 8986 2683
0
0
0
0
0
4 2897 3072 5530 67
4 8351 132 1940 5519
0
0
0
3 3568 8628 9976
4 5534 2179 2986 7406
1 1909
3 318 4744 4930
1 8245
0
0
0
2 7996 1031
0
2 3980 908
0
4 2341 1270 2062 5087
0
1 8429
1 1752
0
3 6060 3952 4602
1 1539
0
0
0
1 7505
2 2586 2201
0
3 5485 5362 312
2 714 7998
0
0
1 2101
3 816 2065 2064
2 9493 5222
1 3894
0
5 7464 2494 7510 3811 8935
0
3 1465 8529 3285
1 9756
0
0
2 7684 8254
0
0
0
0
0
0
0
1 4067
0
1 3879
0
1 4640
1 5922
2 5870 1074
0
2 8762 2112
4 1108 5265 2937 767
0
1 8931
0
0
0
3 6509 4087 5113
0
2 290 888
0
1 4292
0
2 8836 2282
0
3 4391 3907 8268
3 2003 1835 7018
0
0
5 6577 5618 4954 1275 467
2 4985 9844
4 3205 2846 339 688
1 6828
1 1244
0
2 1466 3403
0
3 1388 912 1696
1 6343
1 2791
0
0
0
0
3 1560 7815 3263
1 8661
0
0
1 9167
3 6697 8118 8854
1 4227
2 2548 5588
0
0
0
1 9406
4 2275 7188 3711 3006
2 4483 215
1 2397
0
0
0
0
3 5890 7954 7185
0
0
2 8208 5610
0
0
1 3098
4 9402 264 1705 7645
0
4 1808 5010 9085 4720
0
2 8472 3164
0
0
0
1 2632
1 9761
1 340
0
0
4 39 9912 7079 6238
1 9819
0
4 1560 7536 9842 6906
2 1978 7428
2 5198 9630
0
4 5165 7502 4566 281
0
0
2 3194 4612
0
3 3511 5918 5954
3 6736 5308 5919
0
2 8945 4301
0
3 6015 8550 3610
1 3651
1 4639
0
3 4467 9005 6588
3 1413 6836 6299
0
2 2694 9392
3 3735 3451 3539
1 6322
0
1 80
0
0
3 2370 3607 8577
5 1734 7917 7352 2201 192
2 7745 1044
0
0
3 4304 6789 4837
2 293 7063
0
1 4680
0
1 2479
2 8817 8587
0
0
0
2 988 3281
0
0
0
0
1 6492
0
0
1 6005
0
3 2006 5778 3626
2 3147 8493
2 4369 7338
1 3478
0
0
0
0
0
2 140 2127
3 2925 4944 3238
0
4 435 8253 695 6057
0
0
1 6070
0
1 5207
0
2 8649 2400
2 5357 8390
1 6264
0
0
2 6678 5642
0
1 8637
0
0
3 9687 2133 6150
1 6207
0
1 2284
2 5069 7545
2 4484 1926
0
2 5097 7672
0
0
0
0
2 8931 9523
0
3 8651 8029 1431
0
4 8796 9613 1441 9942
2 4120 8884
2 9405 7998
0
0
1 3555
2 9624 9646
0
1 2670
0
2 7116 4665
3 4831 8109 8514
0
1 1502
4 7676 1445 8907 6484
1 6819
2 1228 9287
0
4 6134 1773 4267 1764
4 3511 7532 4044 6861
4 1085 2381 480 8605
0
3 1277 2523 5739
0
0
1 4901
3 6455 9334 6909
2 2160 5815
2 367 3816
0
1 2155
1 7342
0
0
2 436 3796
1 6839
0
1 1704
1 8672
1 4300
0
3 2291 7469 6741
0
2 2689 4330
0
2 1154 5237
2 246 8139
4 1819 9534 7018 7826
3 6702 2950 5561
0
0
0
0
0
1 3211
0
0
0
1 3999
0
1 2899
0
0
1 6856
0
3 5431 1040 2378
0
2 3334 2972
0
0
0
0
0
1 1234
1 6484
0
4 7257 5397 1204 9068
0
0
0
4 8863 8107 103 7162
2 9695 6019
0
3 5689 1285 2057
2 4130 8317
0
2 945 7893
1 9362
0
4 9748 4148 1452 6991
4 8214 4323 8338 1630
0
0
2 3342 9608
0
3 3033 1001 5587
0
0
0
0
0
2 9641 873
0
2 184 9599
4 5885 4567 9657 4769
3 1395 204 8896
1 6152
4 143 4313 9486 2944
0
0
4 5028 5060 7700 9166
3 3473 793 9994
0
0
3 9502 7060 5031
0
0
4 7869 9084 5408 197
5 6344 206 9264 1815 2658
0
1 6288
4 6066 6017 8538 3323
0
2 7492 6298
0
0
0
5 5224 3872 4034 2535 7939
1 5456
2 7153 732
0
3 7661 100 9201
2 846 5183
0
0
1 6295
0
1 8068
0
0
0
1 8517
0
3 1431 4917 8185
4 496 7013 9259 2220
1 5672
2 5667 8314
4 9016 1507 9067 9890
1 1261
0
3 8470 8647 9302
0
0
0
0
0
0
0
3 7188 6602 7398
2 720 4523
0
1 6780
0
2 2916 1686
0
1 9104
0
1 6971
2 6428 6395
3 2695 6965 3052
0
0
0
0
4 9936 3381 2783 335
0
2 5418 7667
0
0
3 6350 942 5991
0
0
1 8194
2 4779 1050
0
1 5322
0
0
0
2 6819 7661
0
3 4844 614 9597
4 6061 8974 4735 6406
0
0
1 3350
3 6759 1895 2580
0
0
0
0
0
4 2249 4355 8763 692
1 9496
0
0
0
2 4785 5043
0
1 8419
3 9018 3740 9896
0
3 9514 3348 6552
1 7677
2 5205 149
2 6956 6110
1 8170
1 9158
0
1 802
2 7548 2138
0
0
0
0
4 163 6306 7277 5850
1 5383
3 6650 844 1929
0
0
3 3950 5634 3237
3 9714 9112 302
0
1 6712
0
1 4928
3 9314 5424 1862
2 2116 4239
0
1 3653
2 1481 4598
4 976 3567 866 7067
0
0
0
0
0
4 4491 7923 4657 6293
3 1348 8876 1076
1 3641
3 8003 1655 1694
3 2131 4686 6176
1 444
0
1 1192
4 4914 7838 7697 479
0
0
0
1 1809
0
0
0
0
3 239 7217 8315
1 9102
0
0
2 6647 6821
3 7063 436 9378
0
0
2 5947 9297
0
3 5172 4691 5895
0
0
0
0
0
3 6768 1988 8612
0
3 7765 8470 3729
0
0
1 2418
3 7465 127 2844
2 6168 6697
0
0
0
0
0
0
4 6841 8812 7685 8480
2 3864 2716
0
0
0
0
0
2 2807 5092
0
1 8558
3 995 964 1993
0
0
2 1897 4845
0
0
1 438
3 3734 3219 8276
0
2 7808 1339
0
0
0
0
0
0
0
0
1 7291
0
0
0
2 3063 4464
0
0
0
0
0
0
3 8826 4120 2479
1 7138
1 8207
4 1679 1860 2429 3512
1 9861
0
0
0
0
1 4274
1 3263
1 3305
1 1420
0
3 8773 7779 9601
5 1347 6436 2943 2115 8426
0
2 4814 4271
0
2 4086 7924
0
2 2732 5714
2 9172 3306
0
0
3 2785 6271 1209
2 4753 5910
0
0
1 6804
0
5 6945 5353 4002 1648 6594
0
0
2 3762 3464
2 9720 1553
0
0
0
2 4589 1591
0
3 2817 3111 5059
0
0
1 5583
0
1 1602
2 78 2687
1 4649
2 704 1128
0
1 3991
3 5284 9951 6761
2 7628 5708
0
0
0
0
0
0
3 4525 174 1127
0
0
3 3786 4460 4240
0
0
2 5405 3825
0
2 9905 7387
2 9985 1898
0
0
0
0
2 117 8786
0
1 5933
0
1 7340
0
0
5 7159 3403 7431 1068 5527
1 3696
0
0
0
1 7530
0
0
4 8059 9432 2565 3948
3 3760 1836 5873
2 9990 3605
0
0
0
0
1 404
0
3 5432 6406 9689
0
0
0
0
0
0
0
0
0
4 9502 1378 4129 178
0
0
3 3082 1715 9372
0
1 2407
2 2051 7195
0
0
2 5880 7701
1 6710
0
0
2 3576 9446
1 2272
2 9087 2877
0
0
0
0
0
0
5 7539 473 8254 1635 6918
0
5 253 9926 8875 5731 2942
0
4 8854 4549 2064 8141
3 9326 5914 8175
0
2 5123 6664
0
0
0
0
2 8089 8136
0
1 8182
0
2 3798 9459
0
1 5849
2 6893 3159
0
0
0
0
0
2 8714 3108
1 352
0
0
2 6737 3588
2 6616 5820
1 8260
0
3 7594 2451 5922
1 2979
4 6411 9259 5730 5790
4 5190 8660 9939 5608
0
1 9985
0
2 6440 3266
1 5724
0
0
1 8155
4 1963 2 9800 9944
0
0
2 502 9349
0
0
3 6381 2250 1820
0
0
1 9829
0
4 1189 8029 1314 7615
0
3 2986 7928 5210
3 4101 9643 7276
1 2957
0
3 8216 2563 5461
1 9678
1 7433
0
1 6093
2 390 2781
0
2 9149 1888
0
0
0
1 4919
0
0
0
0
2 2338 8970
0
0
1 3550
0
0
3 4036 3065 622
0
0
1 1320
1 3809
4 8045 2664 5088 8140
0
4 5335 4067 3419 8858
1 2356
0
3 835 1426 6898
0
0
0
2 5169 8841
4 8589 7166 3906 8297
0
0
1 6259
0
2 4113 3481
2 7513 2380
0
0
3 2889 7631 7974
2 1458 2039
2 4418 2113
0
0
0
3 1862 3249 1936
0
0
1 1789
2 1304 357
2 6604 9525
0
4 4345 9919 8597 1598
1 8735
1 1311
0
0
4 2096 7951 9309 6184
1 4555
2 7570 6782
0
2 4375 2224
0
1 5384
0
4 9225 3565 9770 5373
0
0
0
0
1 3308
0
0
0
0
0
1 3607
3 2762 5285 9830
4 7782 8835 1990 1641
0
0
1 3207
4 5059 7260 9326 4648
0
0
2 7597 8846
0
0
0
0
0
2 3506 4830
0
1 5901
0
0
2 8484 8024
0
0
3 8329 9995 3155
2 4792 9847
0
0
0
0
1 3550
0
2 3075 5502
0
0
1 1349
0
0
1 2524
0
0
0
0
2 5089 1817
0
1 8066
3 3233 7356 4894
0
0
3 7011 3525 1542
1 73
1 1260
0
0
0
3 4094 3595 3717
0
0
2 833 2571
0
0
0
0
0
0
1 2959
0
4 49 5181 9444 5927
1 7492
2 1362 3870
0
0
0
1 8852
0
0
0
0
0
2 4441 5959
0
0
1 7767
1 5100
0
0
1 5027
0
1 2157
0
0
3 6646 2966 251
3 1017 4723 8484
0
2 9023 7333
0
0
0
2 1808 6105
2 322 4779
4 5997 7937 445 228
3 4977 7164 7927
0
0
0
2 171 7659
0
0
0
0
3 6265 4563 1300
0
2 2587 5324
2 179 1415
2 5516 795
1 7957
0
0
0
0
0
1 3192
2 559 1332
0
5 1384 9789 6681 3805 3976
3 7420 4782 3966
2 7678 8616
0
0
0
2 8916 6598
1 3106
5 4148 1136 5007 1394 667
3 3967 1927 7199
3 2654 6460 4061
2 4556 9418
4 1931 7797 8142 4462
2 1196 8621
4 7397 1127 9437 5704
1 9558
0
1 2581
1 2587
0
3 6344 9764 7881
0
0
1 2198
1 996
0
0
0
0
0
0
2 7063 3768
2 8591 4880
1 772
0
0
0
0
1 5065
0
0
0
3 7103 6782 814
0
0
0
1 2451
2 6734 7098
0
0
0
0
3 9769 3014 5097
0
3 5628 6669 9692
0
0
4 2130 8150 8659 6899
0
0
1 9979
2 9182 7748
0
3 4028 6564 6009
0
0
0
1 4337
0
0
2 9954 3273
3 2864 1123 8885
0
2 3017 914
0
3 119 1053 7533
5 2762 364 9553 6872 6814
0
0
1 9098
0
4 4251 8994 845 9882
0
0
0
0
0
0
0
1 9258
0
2 5374 3826
0
0
0
2 9816 4454
2 291 7839
0
0
0
0
2 7383 7507
0
4 7365 7227 1205 2337
2 4729 5378
0
0
0
0
4 2650 9144 5763 7648
0
3 3313 9832 5380
1 2925
0
0
0
0
1 3356
1 3620
1 4000
4 6890 6510 6753 2745
4 7145 2505 4049 6290
0
0
1 5245
4 1230 7836 8413 2047
1 7075
0
0
0
0
0
0
4 3164 5540 6065 9253
0
0
0
0
0
1 8537
0
4 8905 457 2184 5168
2 2097 4936
4 594 6289 7032 3221
0
2 9116 687
1 8904
4 4018 687 1473 9109
0
3 2931 7799 6657
0
0
0
0
0
0
0
0
0
0
0
0
0
0
2 5340 7009
0
2 950 1254
0
1 2762
0
0
0
1 3012
2 1788 3562
2 9933 427
0
0
1 4105
0
5 5115 7037 164 8297 8321
2 159 8997
1 6770
2 1695 654
4 1878 4361 6929 101
0
0
0
0
4 91 8217 1189 5733
0
0
0
2 6953 1456
2 8504 8630
0
0
1 5843
4 4170 9365 1184 6379
2 2211 8455
3 6066 3650 6456
2 4014 5164
0
0
1 4599
0
0
1 9602
2 8937 9701
0
1 6981
5 5501 2536 9592 6779 1627
0
4 5745 9976 2150 5190
0
0
1 5627
4 6940 2517 2039 7771
4 390 4387 909 788
2 8464 908
2 6832 2795
0
0
0
0
0
1 234
0
0
0
0
0
0
0
0
1 5257
0
0
2 199 7765
0
0
1 3468
0
1 3597
0
4 4706 2621 4525 4604
0
0
2 7237 7840
0
0
1 3292
1 4146
3 7771 7163 9826
0
0
0
3 3407 4467 2123
0
2 3501 8647
0
0
0
3 5653 1009 4252
0
3 2902 8902 2316
3 1759 4040 9268
0
1 18
1 4304
0
0
2 9477 3568
0
1 3593
2 4163 4592
5 5293 9839 4063 4344 5704
2 2880 9141
0
0
1 6804
0
2 3782 6111
2 1465 3943
0
1 4200
0
1 7807
1 1187
2 1519 8783
0
0
0
0
5 9364 131 5177 9703 721
2 2602 5471
0
0
0
0
0
0
0
2 7653 8108
3 549 1329 9809
0
0
4 761 732 7728 9100
1 1058
0
1 8293
1 7623
3 6158 9555 6116
0
0
3 5335 9782 1194
3 3077 5824 2602
0
3 4083 5472 3157
2 4648 1636
0
2 7108 9538
0
1 6560
0
0
0
0
3 2493 341 6857
2 6141 7276
0
5 5928 1723 802 3994 1369
0
0
0
0
0
0
1 5932
0
0
1 1331
4 5617 526 740 6420
0
0
0
0
0
1 895
2 3043 1643
1 7141
0
1 304
4 1035 535 1152 4572
3 8442 9149 6848
0
1 8185
0
0
0
0
1 3924
3 9406 7794 6695
2 9460 1285
0
0
1 1940
0
0
5 9505 6493 9140 2147 6223
0
2 3474 5797
1 6163
4 921 9538 8107 4042
0
1 3123
0
0
0
0
0
1 4589
1 1274
0
2 339 9704
0
0
2 5098 9865
0
0
0
2 5153 328
3 1129 5621 5351
1 9090
0
3 2583 3249 7922
0
0
0
0
3 4817 4363 8766
2 8408 5253
2 6623 8917
0
2 8500 3060
4 7781 7729 3922 7667
2 2894 3175
0
0
0
0
1 4179
0
1 471
2 8022 190
0
3 751 3514 2403
0
2 2605 4241
2 6297 4161
2 4748 2810
3 1641 8946 5987
4 756 8979 3359 6977
0
1 1727
0
0
0
0
1 425
1 1060
0
0
3 4188 1165 1939
2 9011 3904
3 7914 4467 5500
1 5406
4 7323 7879 3483 1609
0
2 6609 962
0
3 1710 7460 951
0
2 2785 8927
3 9992 5895 6496
0
1 6314
0
1 7987
0
0
2 5901 4462
0
2 3249 4621
0
0
0
2 9041 6530
0
2 5704 488
1 2936
1 4861
0
0
3 222 7255 3430
0
4 2267 7228 7954 1796
3 5017 1936 3390
0
2 2477 2509
1 6659
0
0
3 4505 299 9735
0
1 228
3 8752 4366 9018
0
1 7561
0
1 6348
1 3979
0
0
0
0
3 607 353 9808
0
1 8533
0
2 4008 5362
1 3345
0
0
0
0
1 5967
0
2 9105 8681
0
0
0
0
0
3 8711 8394 3904
3 8879 91 8741
2 1540 1045
2 9593 2801
0
0
2 357 6489
1 8548
0
1 1295
0
1 1614
0
0
2 942 2180
2 8575 9139
0
0
0
0
3 2504 1759 9831
3 5554 3467 4275
1 7372
0
0
3 5922 8720 1095
0
1 7901
0
0
2 7534 8899
2 895 2806
0
0
1 7108
0
0
3 8090 6079 3911
1 4755
0
0
0
0
3 5010 5891 7068
3 3204 8787 1970
1 7354
0
0
1 9665
0
0
1 7921
3 4437 6537 6671
0
2 2150 5090
2 6466 295
2 5073 5594
5 2551 4229 8605 3592 3590
1 1720
0
1 9898
0
0
0
3 804 2103 3468
0
3 706 5203 4469
1 8488
0
0
0
2 6730 8834
4 5584 7368 2844 453
4 6946 8499 8199 6721
0
2 3178 3186
2 8877 5950
0
2 4259 6238
4 5768 3224 6125 3181
0
2 4352 7514
2 5357 6658
1 1945
0
0
1 6500
1 9393
0
0
0
1 9978
1 3816
0
0
0
0
0
0
2 7873 858
1 7859
2 2207 4695
0
1 903
5 4833 826 1661 4518 1516
1 4432
0
0
1 9235
0
1 8852
0
3 1038 8871 7872
3 7095 1097 6979
4 7084 5126 9319 7311
0
1 7593
2 4412 613
0
1 1066
0
3 7976 7230 2848
0
1 3103
0
2 1494 7581
2 643 3979
0
0
0
1 7741
0
0
0
3 5467 4241 5399
0
0
2 9141 8454
0
3 2948 2945 2449
0
4 9016 5358 14 6137
0
0
4 2193 6485 3971 8206
0
1 2780
4 5866 4337 1747 8606
2 9661 3370
3 7897 5982 5371
2 6005 9633
0
2 2725 9537
2 2701 3021
0
0
2 3573 3650
0
2 359 9162
0
1 7860
3 4047 3022 6300
1 6821
0
1 7261
5 1552 8799 1122 1055 165
1 8362
2 4647 8082
4 1025 7474 8290 2782
3 9022 2797 4943
0
3 4267 6708 9712
0
3 7821 2798 4299
3 3400 5851 3939
1 8043
0
0
0
0
0
4 9669 8616 7265 9565
3 4349 1869 2169
0
0
1 4913
1 3721
0
2 2141 5638
0
0
0
1 9030
1 974
2 2560 9557
2 4335 1895
2 5476 2811
1 8367
0
2 6369 3737
0
0
0
0
0
0
2 4354 9557
1 5312
0
1 7389
0
3 3393 5695 7689
3 3350 6939 9513
3 4023 9425 2556
1 7573
0
0
2 7480 7467
0
2 7841 2761
0
1 5277
2 5661 2315
0
5 736 3074 9186 6529 8697
1 2391
2 2158 8361
2 5875 1964
0
2 5501 7002
3 4105 4077 6108
0
0
0
4 8385 3440 1574 7096
0
0
0
0
1 6325
3 1088 8387 1678
0
4 6046 5806 88 6812
2 6832 8835
0
0
2 2711 5326
0
0
0
1 4210
2 2437 6023
3 8231 4484 8763
1 4437
0
4 6515 3283 7827 190
0
4 8006 4764 7687 59
2 5122 3578
0
0
2 4854 8533
0
2 459 2041
3 812 9563 5894
2 6084 4088
0
0
2 2091 8470
2 7814 9004
0
2 4566 9047
0
0
0
0
0
4 4474 4136 4054 1289
3 4631 8609 208
0
2 3586 464
1 4385
0
0
2 2017 1065
4 5504 1685 293 3595
0
0
1 7668
3 2145 3364 4645
1 943
0
1 5889
0
0
1 6861
0
0
0
0
0
0
3 545 5419 6012
4 1150 398 5602 1174
0
1 6334
0
0
1 7000
2 605 5219
0
0
0
0
2 6457 3094
2 5877 3319
0
1 7645
2 7029 6452
0
1 669
0
0
1 5711
0
0
0
1 9714
1 7210
2 7632 6885
4 1804 3319 2223 3262
3 5117 30 1895
2 7173 7325
0
4 9174 4018 9140 6230
1 4253
0
0
0
0
2 2920 2222
1 6901
2 7168 9404
2 3146 4677
1 6022
2 1494 5947
2 9107 9316
1 5000
0
0
0
4 5486 1406 9085 6650
3 5970 7558 7929
0
0
0
0
4 7928 1892 3442 2321
0
2 4428 340
0
3 7605 5129 5862
1 5450
0
0
0
4 9953 4600 4586 7831
0
0
0
3 8457 6724 2644
1 3105
3 2364 371 7766
0
0
0
4 7092 1606 8255 3361
2 6352 9920
0
0
3 8915 9271 6130
2 2490 1290
3 3271 8206 2569
0
2 5496 9146
0
0
2 3018 4425
1 9559
0
2 2820 8271
1 6521
0
1 5908
0
2 4313 4260
1 1526
0
3 285 8992 4452
1 465
0
4 9239 6358 2975 6648
0
0
1 564
0
4 2972 9500 7779 3908
1 2516
0
2 9590 5663
4 5831 3631 8517 6157
2 6013 1797
4 4671 8534 6245 4852
0
0
0
1 5877
1 5375
1 9257
0
0
0
0
0
0
0
0
4 5935 9389 7614 2447
2 3201 610
3 8621 8218 7182
4 114 7970 9292 3042
1 9754
0
0
0
4 6114 6119 5858 9654
0
0
1 9035
0
1 1606
0
3 4831 9016 2974
4 573 411 3153 7890
0
0
0
0
2 1454 2077
0
0
2 8295 4735
0
0
0
0
0
0
1 5064
0
5 552 8366 293 3938 9519
2 7210 2339
0
1 3008
2 8 4827
0
2 2292 4558
0
0
2 2068 7132
0
0
1 7310
3 1829 3315 1099
1 9057
0
0
3 175 4139 7585
2 9532 3677
1 668
0
4 1272 4592 6308 9246
0
5 5933 5289 3803 8539 3224
1 8144
1 366
0
3 3071 1380 679
3 1998 4648 437
1 994
2 4247 927
1 6562
3 3601 503 7470
3 60 6103 4887
0
0
1 5212
0
0
0
0
2 4196 6987
2 9250 9073
1 2507
0
0
0
1 9065
0
3 9063 3165 3013
5 7805 5580 5181 8829 9210
1 1115
1 3125
1 133
4 4601 4746 4148 4449
0
0
0
2 5413 1437
4 6706 461 5301 8189
0
0
1 757
0
0
2 6494 8693
4 6719 3563 6898 8193
5 2938 9453 8396 3040 7615
0
2 4647 7277
0
3 4406 4913 4376
0
0
0
3 6687 2754 6097
0
1 194
2 9793 4888
0
0
1 6491
0
1 9224
0
0
2 2693 5039
0
3 5714 1261 8697
0
0
0
0
0
0
0
0
0
0
2 1197 7935
0
0
3 5055 7651 3850
0
1 9994
0
0
0
1 9324
0
0
2 1943 4895
4 1464 6084 4480 6489
0
0
0
0
0
0
1 2146
0
0
1 3308
1 9418
0
0
0
0
2 7142 372
1 7643
0
2 3405 1080
0
0
1 232
1 7833
2 5566 6802
0
0
0
0
0
0
1 687
2 6234 3093
0
1 78
2 5035 1985
0
3 3986 1728 9094
3 103 5684 8437
0
0
0
1 2474
0
0
0
2 6040 7881
3 3413 4664 8260
2 296 3190
0
0
0
0
0
3 8256 5806 4040
0
1 6343
2 2808 4561
3 7401 3021 3932
0
2 9867 957
2 399 7183
0
3 1921 7103 3912
1 5502
0
0
0
0
0
0
3 3895 8018 7104
1 8360
0
1 2917
0
1 6480
0
0
0
0
0
2 1991 169
2 6907 226
0
0
2 1516 6415
0
3 4034 4132 9274
0
1 5682
0
0
0
3 8876 5895 7506
2 6448 5292
0
1 7546
1 4704
5 6357 1490 9856 879 3783
0
0
0
2 738 9861
1 5076
1 5878
0
2 6058 587
0
3 9027 106 4295
0
0
0
0
0
2 6919 8683
0
2 280 6705
0
0
3 48 9197 2768
0
0
0
0
1 7650
0
2 1171 7504
0
0
0
0
3 2350 8741 7162
2 5430 3637
2 9522 7779
0
0
2 3875 7958
2 1433 8863
0
2 8620 8753
0
0
1 2236
0
0
1 8613
1 5967
0
1 5789
1 9882
0
0
0
1 2566
0
0
2 7708 4868
3 2808 2610 5617
0
0
2 1085 5797
1 8625
0
3 7869 1184 2490
1 6287
4 1643 3560 1310 8360
1 1273
0
0
0
0
2 59 3765
0
2 8887 4145
0
2 1031 889
1 4332
0
0
2 2967 6432
1 8713
1 1629
2 2470 8368
1 7242
2 5808 5075
0
0
3 5215 5139 3655
0
0
3 9722 1694 6982
5 3214 3605 8900 4189 2935
2 5369 8404
0
2 5066 6245
0
0
0
1 4881
2 7715 342
4 4327 6388 8293 3790
0
1 3372
0
1 9647
0
0
0
0
1 1889
0
0
0
0
2 6065 9197
0
2 687 6787
0
0
1 3686
1 9277
0
0
3 9604 997 5339
0
0
0
2 4571 5697
0
0
0
0
4 6763 5457 3962 9698
0
0
3 3084 9323 5146
0
1 3346
0
0
1 8966
0
2 9640 3512
0
0
3 8051 7444 9091
0
0
0
1 9714
1 7929
0
1 6029
2 2619 8965
0
3 3125 850 8752
0
0
0
0
0
2 3613 8744
0
2 8936 585
0
0
0
2 487 2706
1 4090
0
0
1 7391
1 6222
0
1 5220
1 776
2 9770 6132
0
2 1013 1589
1 6772
3 880 6421 2602
1 4939
0
3 6573 6905 3042
1 9844
0
0
2 4186 6415
0
2 1114 2773
2 4307 82
0
0
3 3118 5385 4244
2 9600 2679
0
3 359 949 6830
0
0
0
1 5503
2 2835 6474
0
2 6270 9611
0
0
0
5 3046 582 3455 225 6589
0
0
1 6486
0
0
0
4 4544 7261 7483 6303
0
0
0
0
3 5519 3166 7977
2 3264 8147
0
0
1 4519
2 1436 7180
2 3135 5681
0
0
3 3752 370 130
4 3517 9291 972 1693
0
1 2013
1 9178
0
0
2 9262 3993
1 6046
1 5543
0
0
0
0
2 3541 5549
2 7115 9796
0
0
0
0
3 6824 3896 8756
3 9374 3207 2712
1 4430
2 6533 5357
5 1602 3098 4989 2008 1410
4 4094 4013 4987 4033
0
2 8508 2450
0
0
0
3 1489 5185 1254
0
3 7148 2543 2716
1 7727
0
0
3 2112 9423 9467
1 2475
0
3 8071 870 8658
0
1 5253
1 5029
0
1 7325
2 4020 7753
0
2 4035 6533
0
0
3 6877 2510 12
0
0
3 5485 9165 7050
1 400
0
0
0
0
0
2 9715 2425
0
1 7330
0
0
5 1642 8628 2855 1503 1716
0
2 6356 2743
0
0
1 6824
0
0
1 5709
0
0
0
0
1 1720
0
0
0
3 6423 7205 2217
0
3 5302 6770 5011
0
1 9331
0
0
1 3471
2 7523 6890
0
0
2 4055 8002
3 5904 7875 6274
2 3092 4883
0
0
2 7531 7239
0
4 8993 1089 2797 5058
2 1969 4581
0
0
0
3 8858 7874 4895
3 230 239 3487
1 4852
0
3 2924 5883 4336
1 2978
0
0
2 1537 4300
4 8735 3134 9788 5955
0
0
0
2 124 2349
0
0
0
2 97 7642
3 7633 7164 4941
1 4206
3 6928 8202 6721
0
0
0
0
1 6204
5 5969 5747 5533 1550 1212
0
0
1 4016
0
0
0
0
0
0
2 4079 8235
0
0
0
4 4060 6873 368 6835
1 7708
3 9815 3490 3775
4 115 7567 6063 8152
0
0
0
4 8287 4095 4386 6166
4 3176 43 3743 4120
0
0
3 529 8569 6160
2 206 4146
0
0
1 913
0
4 1833 7096 5052 9250
0
0
0
3 5291 6525 4872
0
0
0
0
0
0
4 5382 1359 4609 7572
3 498 2806 3697
0
3 7368 5455 7949
2 5941 1498
1 4929
0
1 6908
0
0
1 172
3 5153 1030 8459
1 1662
0
3 1346 7572 6175
1 2248
2 1093 2404
1 4218
0
0
0
1 1724
0
3 9548 7052 4719
2 6713 3091
0
0
1 6682
2 2456 3689
0
4 9625 5123 8878 9941
0
0
0
0
0
2 8657 7561
3 9698 1219 5179
0
2 4766 2496
0
0
0
0
2 2732 2322
4 6049 9644 9289 9876
0
1 9323
1 9102
0
0
0
2 7580 203
2 5815 6139
0
0
0
0
2 9256 4307
0
2 2184 5032
2 21 5349
0
0
1 9488
3 459 1926 9868
0
0
0
0
0
0
1 556
0
0
0
2 7288 6494
0
0
0
3 4924 6539 3725
3 4773 385 9326
0
2 629 3565
1 269
1 336
3 6474 8072 1603
0
2 6299 3050
3 8311 3907 7117
3 4943 4915 7789
1 2933
0
0
1 4920
2 1451 4244
0
0
1 5153
1 2737
0
0
1 2859
3 5769 8192 2071
0
0
0
1 1369
1 2731
0
3 6864 1960 2605
0
0
1 6975
4 291 6653 5355 3507
3 1872 1371 8849
2 5837 7749
1 6783
0
4 3885 5665 1445 7590
1 473
3 3479 1879 5389
2 4451 7141
0
1 2534
4 169 2281 1114 2349
2 4990 3027
0
4 7714 5788 1829 4891
0
0
2 2172 5952
2 6489 6894
0
0
2 7180 8220
0
3 5382 9371 76
3 7457 2013 2792
0
1 9314
0
3 8942 4779 2307
4 5730 4919 2231 516
0
0
1 3360
0
1 5881
1 4175
0
3 5911 9860 3568
0
4 1661 5780 8470 7967
2 5134 237
3 8854 864 1246
0
1 1942
2 307 6231
0
1 6462
0
0
0
2 3450 2269
0
0
3 3383 6922 4671
0
3 5425 8429 8647
1 4034
0
0
0
2 3434 2875
2 8206 669
0
2 8786 6891
0
0
0
0
1 1055
2 8207 6409
1 3652
0
0
1 1425
0
0
0
3 8964 6519 4111
2 340 5823
1 5827
3 753 9211 638
4 3379 9138 1432 1418
3 6461 6468 7471
4 5079 4429 7225 6950
0
0
1 8672
0
0
2 500 5910
2 4708 9194
0
0
3 6341 5112 4821
0
1 6751
0
0
0
1 2283
0
0
2 3868 5137
1 4154
0
0
4 7713 8261 9111 1900
0
0
0
1 6454
1 2513
5 4966 5717 4155 8810 2416
4 9684 9411 7511 9352
3 3274 2961 6244
0
1 9721
3 5060 3479 1818
0
2 8129 5996
1 8397
0
3 3264 7989 8961
0
0
0
1 8533
2 6986 4126
2 2607 5712
0
0
3 8058 6036 426
0
0
0
0
2 9944 1120
2 9435 9004
0
0
0
0
1 6442
0
0
0
0
0
1 9015
5 4353 1926 7506 4588 5620
0
0
0
3 4435 9317 2289
0
0
0
1 6152
0
1 9752
0
0
0
5 9019 6823 586 8498 8049
4 2583 5954 3952 1836
0
2 1956 716
0
0
0
4 9485 2485 7577 6526
0
3 95 8109 1527
0
0
0
4 8010 2070 5911 2611
1 1905
0
1 5983
2 4000 7851
0
0
0
0
3 1694 5846 4999
0
0
0
2 7096 9526
1 7361
3 601 9945 3857
3 5628 3235 1613
2 522 5886
2 1562 2807
1 4772
0
3 7873 7583 3170
0
0
1 9316
3 3046 3055 7374
1 6467
1 6934
0
0
0
1 3551
2 274 4958
0
4 9383 6364 6185 5792
4 2104 572 9825 6062
0
0
3 1279 1679 3798
1 9985
2 6353 705
1 4041
0
0
0
1 6909
1 9411
0
3 2452 7185 7425
1 4114
2 8939 2783
0
0
1 3111
0
2 7200 7064
2 222 8170
1 6620
2 1014 8074
0
3 397 5187 4143
2 7688 4151
0
1 7468
2 99 9322
2 3891 3368
0
3 8267 4951 7778
0
1 4907
2 617 9091
0
1 4282
3 7346 6974 3600
0
2 5466 6555
2 9457 902
1 9964
2 2484 3868
2 9213 8249
0
2 2739 6875
0
3 9366 1675 4456
3 6175 9986 8074
0
0
4 4465 4731 1874 2729
0
0
2 6537 5277
2 6309 7789
0
0
2 8748 9822
1 5078
0
0
0
1 5187
5 3476 4665 4809 9432 7058
0
1 9370
3 8449 4993 1210
0
4 2672 5241 6888 2948
0
0
0
0
2 8130 9072
3 9619 70 3102
0
0
1 9081
0
0
1 2687
0
1 6070
1 2729
4 8518 7876 366 2406
0
1 3002
4 6538 267 8090 2846
1 5083
0
4 2769 740 3656 883
0
0
4 8976 189 2336 5546
0
2 8762 3405
2 8489 9304
0
0
0
3 3817 3282 1177
0
3 6493 4111 3848
0
2 7449 4158
1 4286
0
3 2103 5548 3161
0
1 4519
0
2 5015 6459
0
0
1 8136
1 229
1 8300
0
0
0
0
1 8345
4 9891 6872 8529 5677
0
0
1 3430
0
0
0
1 5121
0
2 7691 4775
0
0
0
3 5061 1483 1615
3 9764 7444 5235
1 8435
0
1 4610
1 3121
0
0
3 1480 2955 5064
2 1937 8961
0
3 7036 4289 2818
1 2390
1 7777
0
0
0
0
3 8993 4945 5044
0
0
0
0
5 3192 6632 8802 8746 2679
0
1 4678
0
0
0
2 3308 7657
4 8618 378 8917 4585
0
0
3 9060 1774 8488
3 3092 954 4526
3 5610 2114 5240
0
0
0
1 1942
2 3174 9267
0
0
2 4284 576
0
1 2066
0
4 8188 7575 7102 9410
4 1556 1472 1499 3623
1 6141
0
4 4207 7263 8037 4882
2 2630 2161
0
0
0
4 2820 904 2652 6756
0
0
0
0
0
3 4630 7965 3569
0
1 2057
0
0
0
0
0
0
3 5751 2266 4151
0
0
1 8728
1 8588
0
0
4 8221 2354 5635 3339
0
0
0
0
0
1 911
0
0
0
0
2 4640 8747
3 3838 8560 8692
0
0
0
0
0
0
0
0
0
0
0
0
0
0
2 3541 3724
2 493 8841
2 6474 708
0
0
0
3 7606 4812 7807
0
0
2 889 6672
0
0
0
1 4242
1 5606
0
4 8152 4970 1742 1785
0
0
4 3117 6499 9904 7824
1 6148
2 4615 7172
0
2 120 4176
0
2 1774 9629
0
0
1 3247
0
0
0
2 6736 3005
1 4456
3 6229 3237 134
0
1 9324
1 7897
2 7927 5338
0
0
3 7158 3649 6308
0
3 6932 5992 1054
1 9237
2 5746 916
3 5667 8574 2215
3 84 7649 2083
1 1123
0
1 3072
0
0
0
0
2 4989 4675
0
4 4724 5970 9034 1039
2 3019 7594
0
0
0
1 1618
2 7022 2698
0
0
3 5044 7782 8912
4 5309 372 4324 6339
0
0
4 3822 1631 2067 9776
3 4587 9602 1216
0
0
0
0
3 1554 980 3439
2 2012 5745
1 7680
0
3 7895 1473 6721
3 1686 6779 3262
1 9929
1 1781
1 4004
0
2 6137 9012
0
0
1 8983
0
0
1 2903
1 7394
0
0
4 9147 3827 1207 4255
0
0
0
0
0
0
2 6737 9306
1 1500
0
2 1513 7999
0
1 4766
3 4186 5427 7174
0
0
0
0
0
0
3 278 7214 6550
0
0
2 5575 5290
0
2 9479 6980
2 14 121
3 2797 2092 451
1 3643
2 2008 7207
2 9855 2697
2 8934 7758
0
0
0
0
4 9228 3635 2022 5791
0
0
0
1 5302
0
1 6160
1 8827
0
1 9122
0
0
0
1 7608
1 5750
2 6767 7027
0
3 3010 2834 5164
2 5062 3736
0
0
0
3 8001 3150 6770
2 2792 1511
3 4001 5788 1024
0
0
0
0
0
0
1 4237
1 4162
1 4008
0
3 3656 246 542
0
3 744 4678 8710
0
0
0
3 9667 6338 5257
0
3 4094 1015 8721
1 2768
2 3769 8068
1 785
2 8788 1141
1 4988
5 8976 2851 5710 7860 4858
0
2 9944 9246
0
0
0
2 1641 8982
0
2 4831 1477
0
1 71
0
1 8629
0
0
2 6529 5368
4 8633 8316 2613 279
0
4 6048 7198 4827 5378
0
3 6098 2153 5061
2 4665 1806
0
3 7703 6891 7019
0
3 4391 7002 5215
4 2461 3051 4962 6556
0
0
0
0
4 575 3886 495 3706
0
3 6909 986 5292
0
3 5918 7156 8206
0
0
1 7184
1 8335
2 7104 9820
0
1 8721
0
0
1 4001
2 1529 3568
3 1824 9253 2744
0
0
0
5 5733 4226 4161 6449 9171
0
3 7505 8086 7003
2 8532 7676
4 900 3970 6181 2010
4 7806 2981 5429 9928
0
3 8069 8351 1303
4 9050 9551 166 5053
0
4 1222 532 5510 6916
0
0
0
1 2803
0
4 63 473 3889 9003
0
4 146 6194 8653 2409
0
0
2 7053 9034
1 8554
0
0
2 9099 9474
2 5136 6951
0
3 8693 6959 5650
0
0
2 3278 3405
0
2 2943 6259
0
0
0
3 3654 5038 9367
1 5327
0
2 5240 8900
1 4122
0
0
2 9532 6932
2 9931 5386
3 5307 7761 7045
1 1766
0
0
2 528 1365
2 4443 9487
3 7336 6597 1202
0
4 3662 4997 2239 3464
0
3 9019 6996 9675
0
0
1 1866
1 8472
3 6133 8203 2236
2 5509 1068
0
3 7480 2929 6366
2 9365 5726
0
3 1339 2623 8250
1 7701
0
1 7102
1 517
0
2 4438 2390
0
3 1048 2520 1421
0
2 1477 9165
1 9761
1 4080
0
0
0
0
2 8587 1128
2 3421 4720
3 7236 761 2970
0
1 5564
0
3 1125 7725 9308
2 7461 2655
1 6047
2 1659 6070
0
4 1708 601 4506 4046
0
4 377 2309 1913 2776
3 6681 7024 7044
0
2 7341 2298
3 6974 6614 8328
1 6227
0
1 5455
0
3 7327 7219 8657
1 430
2 2423 9618
0
0
0
1 71
0
2 1496 5645
4 5228 6304 2904 1573
2 8782 8025
0
0
0
3 9855 308 477
0
1 3352
4 1745 3806 3008 8193
1 7305
2 5022 933
0
2 7026 2510
1 3469
0
1 3532
3 8900 3355 45
0
0
4 302 7680 4075 6554
2 6374 2789
1 5696
1 8487
2 9870 7617
0
2 6108 7688
0
1 8485
3 1964 6804 4735
0
0
0
0
0
0
0
0
1 8979
0
4 1659 4557 8641 8484
0
4 7158 1930 8628 8242
4 1155 8692 4260 2789
1 876
0
2 796 8371
2 2300 187
1 9512
0
3 6391 2331 2208
3 6413 3696 43
1 7042
3 5412 5667 9131
0
0
2 7733 6495
2 7934 4910
4 5681 636 9047 2519
4 2295 8733 9674 51
0
1 245
0
0
4 1631 691 2481 996
0
0
1 1220
1 7479
1 6125
0
4 9302 4432 6030 5736
0
2 4097 4750
0
3 5500 8080 4446
0
1 3776
1 7053
1 916
0
0
0
3 8537 6746 7508
1 2129
2 4191 3764
0
4 8308 7414 232 7561
0
4 5820 6674 4443 7173
1 3449
3 1432 5864 3760
2 4321 6515
0
2 6717 6275
1 2896
2 3365 5370
1 8412
1 783
3 7681 2396 7466
0
0
3 919 8642 9691
1 3447
0
3 3506 2879 4051
1 7297
1 5079
2 8387 9971
0
2 9351 8587
0
0
3 6563 5289 4595
1 8504
2 7342 3351
2 5229 4343
4 1700 2395 2837 2299
0
0
0
0
3 7083 1566 869
0
0
0
0
2 1262 1969
0
1 8976
1 4273
2 6143 7095
0
0
1 6317
0
1 5085
1 1388
0
2 5098 8905
4 8918 9139 7896 97
0
1 6576
0
4 4371 2891 1456 3706
1 1707
0
0
0
0
0
2 2565 292
0
0
4 8744 5461 2688 2150
5 2281 3291 75 1701 551
2 6770 8041
0
0
1 4183
0
3 8904 7698 173
0
3 1797 340 7209
0
0
0
1 8474
2 9868 4339
3 3164 6689 7351
1 5911
0
1 545
4 2904 3619 4470 2882
2 6211 7259
0
0
0
0
0
0
4 5173 5650 800 6782
0
0
0
1 1806
2 6440 6205
0
2 4611 5341
0
3 8560 6923 6243
2 3991 1323
0
0
0
1 7526
3 5045 3365 9624
0
1 420
2 1376 6521
1 2703
1 1549
1 5598
1 1003
3 8253 5594 6590
0
0
3 9816 2372 3623
3 2205 6254 7778
3 2842 6552 7186
2 6289 2643
0
0
0
0
0
2 7404 530
0
0
2 4747 7198
1 6716
1 7484
0
1 8333
0
0
1 4931
0
0
4 8564 2214 7238 5500
0
1 1071
0
3 1118 6976 1715
2 8385 4210
0
0
2 2153 8490
0
0
3 1443 2691 9673
1 6272
2 7760 785
0
0
0
2 6603 6992
0
0
0
0
0
3 4657 7791 2159
1 8768
0
0
0
2 8542 795
0
0
0
0
2 6058 287
0
3 959 3397 2099
1 1785
2 163 8405
0
0
0
4 5152 416 4718 19
2 2781 118
0
0
2 5438 1545
3 3458 5572 3194
0
3 1219 6639 6279
0
0
0
0
3 6562 1491 9316
0
0
0
0
0
0
0
0
0
0
4 6119 8184 8925 5781
0
0
2 1240 3925
0
0
4 92 6396 6266 8154
0
2 6344 4987
2 8657 8994
0
0
4 5568 2833 7575 8524
1 2947
0
0
1 1757
1 4228
0
3 1442 6387 2339
0
2 4488 8185
0
2 7468 8017
0
5 9651 1344 7041 4918 1222
1 9267
2 2626 1647
2 4304 3769
0
1 1625
0
0
2 4125 542
1 2389
2 3127 4521
0
0
0
0
0
2 5049 3297
2 5668 5230
3 3256 3302 6774
0
0
2 9529 105
4 1068 5605 9477 6110
1 3632
4 6242 1644 8228 7581
0
1 6810
1 8558
2 9019 5678
0
0
0
0
4 4089 7551 2176 4666
0
3 6369 3149 8016
1 8516
0
4 2785 3252 2276 5361
0
0
4 24 2594 405 5079
2 6605 3432
1 291
0
0
4 3517 2950 5894 1829
0
0
1 6118
2 4560 1505
2 1920 4927
0
1 2440
0
0
0
2 8689 4669
3 4065 433 9666
2 9784 6236
0
0
0
3 7484 8461 9674
3 5969 4998 5552
2 3879 7695
0
0
0
0
5 5489 9753 9655 5845 7977
0
0
1 6253
1 1047
2 427 3172
0
0
2 9026 659
0
2 8860 7290
0
1 1313
0
3 1941 1276 7910
2 3960 9104
3 5495 5053 4142
1 4
1 112
0
0
0
1 847
2 8165 8867
0
0
2 248 4343
0
2 1642 4654
1 2211
3 6641 2646 4457
0
0
0
0
3 1738 6523 8017
0
0
0
3 834 675 455
0
0
0
0
0
1 5089
0
3 2199 5598 3762
1 6767
0
0
0
0
3 1275 2525 9742
0
1 7070
1 7090
1 51
1 8867
0
0
0
2 8476 4860
4 1204 8807 453 1230
1 3557
4 5456 3342 8865 1974
0
0
1 7936
0
0
0
3 8798 7789 7104
0
0
0
2 8312 118
0
0
5 2835 6139 9733 9869 9362
3 6301 7395 6217
0
0
2 2548 2622
0
3 5000 2481 6899
2 9192 2467
0
1 7640
2 3010 4806
0
0
0
0
2 8685 1367
5 837 8350 180 905 1770
4 5613 8947 6992 3321
1 1799
0
0
0
3 4564 5542 2714
3 3411 7439 7339
0
2 2472 239
0
1 581
1 6702
2 4755 920
0
1 5024
0
1 379
3 71 3288 1026
0
3 9391 2971 8467
2 4085 1987
0
0
0
1 5734
1 2904
0
3 8881 9494 370
0
0
0
0
3 1141 4147 1477
1 3006
1 8645
0
1 2509
0
0
3 148 2400 1058
3 4218 9155 7992
0
0
2 8618 4071
0
5 6574 4762 9287 7835 1134
0
0
0
2 6069 8116
2 870 7010
3 5347 3296 1024
1 4762
3 9619 7290 4617
0
0
0
2 9976 7147
0
0
0
0
1 4575
1 1821
4 2292 1129 1432 1420
0
0
1 7067
5 1364 5219 3366 6694 962
0
0
0
0
0
0
0
0
3 8882 303 78
3 8653 9737 9516
0
0
0
0
0
0
0
0
0
1 7465
0
4 5156 501 1779 3708
0
3 370 686 7299
0
2 9438 9793
0
0
0
4 4333 772 9210 2145
1 2664
0
1 470
0
1 4897
2 2318 5224
2 2457 8212
0
1 9457
3 2105 4379 4585
0
1 8327
4 4298 7018 8040 5127
3 9158 8777 4517
2 9597 1612
0
0
0
3 961 1978 9334
2 4776 9173
0
2 7460 8820
3 2883 2616 6594
0
0
0
0
2 3256 8960
0
0
0
0
2 8315 7941
0
0
1 2468
1 2070
0
0
4 2360 1185 6361 4937
0
1 7505
2 5687 5588
0
0
0
2 8126 6649
0
0
1 4169
0
4 234 7397 59 1756
0
0
3 6692 4652 3595
1 4052
0
1 3849
0
3 1850 3640 4449
3 368 5431 6697
0
5 6242 4003 4274 8728 3352
0
0
3 7302 8899 8719
0
0
2 1340 9732
2 2757 6824
2 2204 1248
0
0
2 8747 3619
2 1329 5779
0
0
1 8726
0
0
0
1 79
1 6237
0
2 5878 4705
0
1 1920
4 4759 4069 2848 386
0
0
3 6242 9294 7149
0
0
4 6190 2143 3182 1000
0
1 3148
1 424
1 762
0
0
1 4588
0
3 6146 1588 4825
0
3 3724 3358 5001
0
0
0
4 8053 8583 7169 6182
4 7738 2589 3242 5500
4 8728 8158 4167 7842
3 5381 7455 6125
2 3000 3006
3 2530 5052 4092
0
0
0
0
1 6963
2 5151 891
0
3 7954 4780 3307
5 4171 959 1981 8850 1764
0
1 9660
1 6735
0
3 9145 5782 5573
0
2 6931 5900
2 3682 2700
0
4 8175 3013 849 8029
2 2956 7185
0
0
3 7199 5715 9601
0
0
0
2 8741 2487
2 2641 6870
0
0
0
0
0
0
0
0
0
0
0
0
0
0
0
0
2 4874 1726
0
0
5 2218 8633 2213 4634 4933
3 3669 311 1993
3 6632 9449 4329
2 7382 5169
4 351 3752 8465 3360
0
0
1 1116
1 7299
0
1 9220
0
2 1959 1879
1 5349
0
0
0
0
0
3 8669 4475 3780
0
3 5433 1880 4901
1 4915
3 5463 8020 5921
0
0
2 6782 1154
0
2 16 7185
2 3486 9048
0
0
3 8508 9489 5532
1 9039
0
0
0
0
3 1765 1387 9704
0
1 75
2 1656 6881
1 6401
0
0
0
0
3 4867 4980 4313
0
0
2 6094 5682
0
0
2 9810 7427
0
1 2304
3 8154 905 7559
2 3931 3850
2 6337 8847
1 5052
1 1286
0
5 644 5722 3100 958 8645
0
2 2779 7730
2 4160 5192
0
2 762 8314
1 2020
3 6153 4625 2160
1 1836
4 344 1002 5310 1382
0
0
0
0
0
4 763 1017 793 7698
2 5835 3949
0
3 2317 564 7323
0
0
3 197 3743 2936
0
0
0
3 1691 2023 3817
0
2 1148 2542
2 7645 3261
0
0
0
1 8874
0
1 6867
2 1034 2826
2 9641 4139
0
2 4022 6111
3 7838 6270 9665
0
3 4933 8209 9373
1 3577
3 7401 8062 4705
0
3 8255 1497 4838
3 8167 838 7921
0
2 3703 1017
2 7015 1239
1 1487
0
1 210
2 431 1641
3 538 9842 8848
0
0
0
0
2 6979 5363
0
0
0
0
0
1 6898
0
3 3705 2741 66
0
0
0
0
0
2 293 8203
1 4084
1 6724
3 8331 5358 2769
3 4287 6725 7038
5 2618 4787 5307 2177 4173
0
0
4 7033 7371 886 6088
0
0
0
3 5323 9437 5555
1 3612
1 4738
2 974 5078
0
1 3608
0
4 5689 5802 2571 5981
1 2649
0
1 3813
0
2 3680 4358
1 246
0
1 863
0
2 3143 4477
2 9020 803
4 8019 4565 1074 1702
0
1 7183
0
0
0
0
0
0
0
4 1751 8087 6068 3218
4 4157 4195 3662 8000
0
1 4430
0
0
1 7016
0
0
0
1 1002
1 7383
3 5794 7218 928
1 5935
1 5479
1 9008
0
1 2499
3 1975 659 3207
2 1234 7096
2 4015 6496
0
2 2358 9150
0
0
0
1 9887
5 9823 2694 5458 3065 9759
1 1243
0
0
0
0
2 1100 4027
1 9533
0
0
0
1 5580
0
0
0
3 1104 3303 824
0
5 6985 9557 5731 5851 9471
1 8479
0
3 4005 5980 2620
3 6108 4963 6066
2 2453 9495
0
0
1 8390
0
0
0
0
1 3658
0
2 8737 4842
0
2 2453 2514
0
1 6037
5 8300 3015 9098 2478 4310
1 5950
0
0
1 7234
2 1462 2158
1 6109
1 4950
3 1917 6574 5987
1 3617
3 6565 7132 6596
1 2269
1 1850
2 5369 6597
0
2 1457 3435
4 7234 1288 79 5190
0
0
0
0
0
1 5748
3 1923 5641 7053
0
3 2427 351 1759
1 627
0
3 9588 7150 8585
3 8734 4249 1193
0
2 8694 1901
1 8479
0
0
0
0
0
0
0
1 5578
0
0
0
0
0
0
1 6439
0
2 6138 785
0
0
0
0
0
0
0
0
3 6876 7108 4097
0
0
1 8323
2 4043 6412
0
0
3 1151 4687 7610
1 1723
0
0
0
0
0
3 73 9937 1053
0
1 3914
4 9883 1065 1684 3248
0
0
0
3 4116 6091 8669
2 37 3666
1 1748
4 3193 6917 9148 6167
2 8904 1478
4 5876 3418 7452 8159
0
2 6283 9056
4 2955 6382 3236 8697
2 5963 5201
0
1 4836
0
0
0
0
1 3713
0
0
2 1988 7176
2 9601 6557
2 7044 2290
2 1702 8329
0
0
0
4 2046 469 4080 4514
0
0
0
0
0
3 5333 9429 4507
4 4664 2715 333 7816
2 6028 8709
1 7208
0
0
0
0
1 4932
0
0
3 5495 675 6905
1 438
0
2 633 8967
3 4573 7957 5574
0
0
0
0
0
4 1018 8928 3473 5369
0
1 5714
1 910
2 1423 5474
0
0
1 6032
4 9414 3170 4531 4258
0
2 3655 8052
0
0
2 782 789
0
1 8191
0
0
3 5557 7556 625
0
2 4660 6534
3 7586 2082 4505
0
0
0
0
1 9833
0
0
0
2 3047 1180
2 5403 4170
4 9538 2347 7851 1082
2 1745 6838
0
0
1 316
3 767 2800 3647
0
0
