1000
1 571
2 804 328
2 848 799
3 637 700 522
2 917 443
2 644 795
0
0
2 215 651
2 427 430
1 481
0
2 13 528
1 913
0
3 701 389 957
0
1 251
0
0
0
1 807
1 581
1 483
0
0
1 631
2 515 942
0
1 996
0
1 947
0
1 212
3 648 310 738
1 688
1 123
0
1 287
0
0
3 934 888 465
3 858 344 105
0
0
1 979
0
0
1 616
0
0
3 979 227 729
0
0
0
3 330 505 350
1 467
0
2 69 882
1 492
2 886 335
0
2 488 498
1 290
1 902
1 214
0
0
0
1 963
0
0
0
2 717 924
2 854 445
2 106 176
3 139 848 857
1 372
1 380
3 937 222 990
2 578 871
3 973 815 312
1 905
0
1 310
1 608
0
2 992 436
2 172 431
2 821 896
3 385 465 264
0
1 347
1 538
0
0
2 430 992
1 130
0
2 427 548
1 448
1 994
1 914
1 52
3 961 901 746
0
1 585
0
1 924
2 103 995
0
0
0
0
2 218 977
1 460
1 745
0
0
0
0
1 346
3 860 366 388
2 170 839
1 612
1 10
1 932
2 636 103
2 526 909
0
0
1 798
0
1 823
2 713 282
0
1 52
3 515 837 289
2 637 672
0
0
2 963 559
0
1 888
1 496
0
3 557 951 789
0
2 536 490
3 183 108 938
0
1 386
1 907
3 953 980 830
1 787
2 395 752
0
0
3 912 934 720
0
0
1 646
1 607
0
0
1 530
2 760 22
1 106
2 762 357
1 756
3 796 754 786
1 324
1 872
0
1 101
1 715
0
3 295 860 815
2 626 331
0
2 754 712
1 693
0
1 343
0
0
0
3 105 329 497
2 144 454
2 173 921
0
0
0
2 884 921
0
1 130
1 692
0
1 387
1 832
0
2 625 511
1 814
0
2 900 551
0
2 850 806
3 617 578 722
0
0
1 490
3 962 942 560
1 263
0
1 830
1 777
1 778
1 502
0
1 740
1 139
1 594
0
0
1 618
2 1000 323
1 473
0
3 780 961 370
1 608
0
2 105 391
0
0
1 643
2 292 198
0
0
2 366 70
1 981
3 677 727 355
2 598 730
0
2 106 614
0
0
3 858 601 197
3 986 622 854
0
0
2 11 915
3 163 242 690
3 176 699 923
0
0
3 144 245 459
0
1 191
0
2 492 443
2 282 756
0
2 250 866
0
1 821
0
0
0
0
1 297
0
2 652 169
0
0
0
2 732 603
1 569
1 391
2 745 266
2 291 109
0
0
0
3 96 262 222
1 897
1 467
1 930
0
2 496 654
1 868
0
3 912 473 334
3 431 170 253
2 497 296
2 927 978
2 773 527
0
0
3 800 193 916
1 753
1 770
0
0
0
0
0
1 632
2 806 911
0
2 504 733
0
0
1 380
0
0
0
1 616
0
1 659
1 807
2 648 818
3 203 919 753
0
2 167 346
2 804 880
1 771
0
2 664 346
3 162 722 369
0
0
0
1 746
3 566 953 731
1 874
1 487
0
0
0
3 860 688 432
0
0
0
0
1 950
1 858
2 244 612
2 936 387
1 370
1 926
0
0
1 448
2 661 975
1 100
0
0
0
0
2 484 707
0
1 711
1 849
1 563
0
3 926 776 464
2 769 474
1 815
0
2 517 398
1 679
0
1 41
2 294 929
2 335 370
1 320
0
1 395
0
0
1 789
0
0
2 269 346
0
0
3 570 427 294
2 681 1000
0
2 309 784
0
0
2 945 605
0
2 517 961
0
3 980 571 603
3 669 599 801
0
3 999 925 974
0
2 560 567
0
1 333
2 238 870
0
0
1 712
1 684
0
0
2 894 740
2 828 629
0
0
1 823
1 533
0
1 437
1 258
1 551
2 994 214
0
1 396
0
0
3 746 518 606
0
0
2 490 846
0
2 357 34
0
2 645 607
0
0
1 958
3 197 856 934
0
1 339
1 939
0
0
0
0
2 355 669
2 891 264
0
1 317
1 953
0
0
1 845
0
2 855 447
0
0
1 572
1 129
0
1 488
2 733 734
0
1 99
1 793
1 811
1 831
0
0
3 57 582 460
3 989 934 10
2 761 400
1 679
2 812 166
0
2 679 632
1 311
1 521
2 572 488
0
0
0
0
0
1 169
1 760
0
2 816 329
0
0
1 699
2 563 776
1 418
0
0
1 961
1 905
0
1 384
1 786
2 171 372
2 937 972
1 794
0
0
0
1 993
1 918
1 375
0
2 909 417
0
1 754
3 900 414 835
0
2 975 891
0
0
1 412
2 498 686
0
3 663 807 467
1 994
2 849 972
2 804 464
2 953 785
0
1 956
2 476 926
0
3 818 451 896
0
0
0
2 366 967
1 604
1 579
3 767 70 741
1 878
1 41
0
1 541
1 551
1 885
0
1 915
1 412
1 345
3 380 980 679
2 968 197
1 785
1 718
0
0
0
0
1 10
1 905
1 501
0
0
1 743
0
1 414
1 887
1 840
1 496
3 825 547 948
2 378 560
3 617 461 276
2 638 873
1 896
3 898 497 330
2 755 200
2 807 793
2 899 728
2 460 312
2 971 439
0
1 584
3 309 93 150
0
1 946
0
1 820
3 324 504 507
1 956
1 755
0
0
0
0
1 941
2 356 409
0
1 676
2 399 625
1 786
0
0
0
0
2 567 279
1 878
1 799
3 958 587 790
0
2 294 692
0
1 912
2 233 671
0
0
2 384 796
1 768
3 563 440 103
0
1 51
2 424 368
0
2 588 726
0
0
0
1 375
1 672
0
2 465 511
2 745 710
3 371 533 474
1 372
3 863 315 306
2 350 918
2 420 829
0
1 827
0
1 941
2 285 964
0
0
0
1 345
2 578 641
1 234
0
0
1 687
2 660 983
3 509 565 536
1 320
0
1 394
1 152
1 956
0
2 52 517
1 596
1 586
0
1 630
1 732
3 87 478 945
0
2 926 835
2 34 595
3 863 310 73
1 355
2 88 129
1 333
0
0
1 937
0
0
0
0
3 778 909 469
2 774 894
0
2 427 829
1 856
1 830
1 919
1 726
1 176
1 939
3 465 672 999
1 170
2 489 665
2 264 169
0
0
2 203 495
0
1 960
0
1 565
3 725 210 572
1 593
1 774
2 998 791
1 985
0
1 962
2 771 63
1 666
0
2 826 947
2 287 771
2 200 786
2 339 773
1 386
0
3 655 517 760
1 743
2 586 350
1 414
1 203
3 599 155 224
0
0
2 714 748
1 730
0
2 316 409
2 533 41
2 888 866
0
1 397
0
2 305 958
0
2 310 550
2 631 592
1 508
1 619
0
1 893
2 532 143
0
1 771
1 671
0
0
1 305
0
0
2 713 889
1 443
0
2 644 312
1 975
1 734
1 895
3 472 112 565
2 828 270
0
2 824 867
2 874 557
1 363
1 179
3 405 234 877
1 744
0
0
1 582
0
1 403
1 929
0
0
0
0
1 862
0
3 515 709 228
1 270
1 696
0
2 552 742
1 420
1 188
1 806
1 946
0
2 170 858
2 319 545
0
0
0
0
0
1 46
0
0
0
1 478
1 773
0
0
2 774 388
2 642 90
1 993
1 200
1 806
0
0
0
3 69 669 585
2 794 389
2 106 520
1 96
0
0
3 705 855 423
0
0
2 124 709
1 594
3 710 735 333
0
0
2 534 849
1 631
0
0
0
1 719
0
3 749 512 111
0
0
3 918 690 535
1 751
2 193 732
0
1 721
1 565
1 802
3 464 343 923
1 984
3 954 332 305
2 465 477
1 697
1 711
0
0
0
0
2 518 353
1 636
1 526
0
0
0
0
0
2 747 948
2 400 16
0
3 679 378 283
3 547 529 900
0
0
0
1 133
2 506 805
0
1 169
2 180 203
0
1 648
0
1 978
1 880
0
0
2 801 456
1 280
1 216
1 338
2 978 572
0
0
0
1 655
0
2 884 651
1 124
0
1 933
2 408 580
2 121 176
1 941
1 701
3 972 46 898
2 926 480
0
0
1 942
0
1 727
0
0
0
2 188 972
2 564 807
0
0
1 290
1 315
0
2 400 931
2 13 665
1 692
0
2 322 950
2 476 752
0
1 545
0
3 789 427 531
1 348
0
1 268
2 460 488
1 877
0
2 797 570
0
1 865
1 394
1 666
0
1 970
1 853
0
2 913 879
3 513 648 687
1 949
2 543 616
0
1 594
2 709 215
0
2 549 823
1 710
0
0
0
1 551
1 481
0
0
2 563 181
2 686 868
1 985
0
2 736 402
1 482
2 41 999
0
1 852
1 975
1 713
3 721 827 934
2 846 636
0
3 744 835 656
0
1 293
0
2 886 648
2 396 741
0
0
1 601
2 783 395
1 651
0
0
3 708 947 878
1 185
1 954
0
1 521
0
2 251 458
3 897 984 832
1 996
3 956 715 305
1 991
3 388 511 490
0
2 753 852
0
2 613 449
1 819
2 228 904
