1000
22 392 857 606 710 651 152 438 895 793 85 385 797 625 796 185 818 333 262 847 659 330 339
0
2 374 576
5 602 506 114 863 419
17 595 518 236 558 825 425 740 148 898 694 263 416 990 678 723 567 144
8 248 694 341 43 315 200 711 395
5 624 916 110 816 804
19 740 55 882 790 339 580 661 184 145 66 189 259 74 344 305 124 47 253 230
9 475 155 534 511 417 642 877 657 122
6 356 800 648 268 465 223
19 207 896 512 981 668 251 527 181 653 51 234 762 124 710 948 276 341 862 779
0
5 906 245 165 870 822
22 585 130 412 360 584 645 32 250 368 944 198 867 59 426 349 805 243 568 327 986 105 257
12 154 611 618 56 98 510 475 853 819 127 792 521
6 685 99 977 11 111 174
11 14 320 76 976 297 152 122 676 912 970 162
13 540 779 886 181 150 85 386 818 359 734 964 103 477
3 10 979 226
21 403 76 634 692 126 937 627 489 172 828 782 562 799 558 985 680 425 83 329 288 833
16 771 802 605 896 892 654 884 295 53 334 407 582 470 746 244 806
19 888 884 173 69 479 152 47 50 220 819 174 414 593 325 681 554 525 56 475
13 272 248 289 113 443 392 974 313 461 468 541 257 727
0
4 542 505 402 96
17 138 108 34 702 91 573 578 286 400 258 791 406 782 62 977 53 23
23 150 958 234 265 961 515 718 598 41 933 318 792 187 543 26 217 955 173 722 383 794 117 60
0
0
0
21 683 833 392 164 416 177 139 103 348 428 638 251 263 895 456 945 620 106 306 255 401
5 546 107 786 918 47
2 632 295
10 478 968 101 438 155 96 869 18 636 409
14 701 267 741 384 91 520 672 953 544 975 463 239 913 89
0
17 747 890 577 846 73 451 860 587 165 911 872 626 849 570 769 136 84
13 992 818 583 904 614 291 449 110 405 629 245 659 520
0
17 336 241 126 54 394 22 560 649 820 156 783 760 664 405 981 984 707
12 632 8 897 419 913 395 798 275 652 878 646 642
12 308 615 728 453 3 508 890 400 420 100 179 564
22 252 816 40 414 648 980 430 710 847 692 73 102 227 44 468 404 667 582 533 311 909 352
4 324 618 380 420
6 170 599 855 474 598 207
6 813 868 174 890 78 271
1 272
10 25 371 614 131 837 297 974 836 59 643
12 335 146 665 711 884 433 122 312 974 96 911 497
13 32 970 1000 429 712 260 493 125 594 18 59 597 324
7 750 153 590 527 578 108 150
1 754
3 968 798 634
22 363 205 466 616 150 614 651 613 621 703 218 26 461 414 367 891 300 874 968 598 353 102
11 646 42 915 739 313 60 339 905 744 417 466
16 751 478 181 905 157 356 935 633 211 239 180 236 734 879 67 354
16 185 525 116 953 372 423 566 483 306 197 305 827 300 17 136 882
4 845 874 558 335
1 198
10 361 818 397 171 371 251 35 887 730 90
13 51 760 345 879 275 206 294 615 52 459 729 828 64
21 164 24 427 91 531 251 985 593 663 873 847 280 619 15 86 814 604 997 519 745 850
15 760 630 705 488 553 25 698 503 447 542 543 590 865 343 84
0
5 286 911 728 210 620
0
4 803 141 872 912
6 920 627 585 977 681 857
16 170 344 291 487 479 564 499 47 599 885 352 628 914 315 129 26
5 595 701 542 182 65
15 769 380 108 421 458 138 423 535 861 314 177 726 397 286 919
21 480 751 606 233 686 796 72 614 595 708 275 68 1 710 348 76 574 625 444 147 766
0
15 564 901 797 55 125 570 430 259 274 864 17 91 982 517 199
15 776 811 472 949 438 688 96 467 84 124 194 900 6 262 64
2 207 423
11 510 432 281 413 575 977 198 262 967 895 746
8 293 445 432 838 339 852 98 111
16 829 338 979 78 345 15 373 297 958 728 465 625 687 232 699 590
15 364 398 695 129 289 974 441 215 512 651 359 417 285 796 705
2 51 234
17 214 143 467 76 497 492 661 426 121 501 265 79 1 472 898 388 592
3 124 779 316
14 241 305 868 723 610 344 788 176 372 43 687 994 862 625
7 867 795 582 306 510 927 858
9 375 604 546 62 478 48 102 697 950
21 23 610 333 10 970 222 777 603 161 350 768 767 348 835 664 748 332 374 770 40 640
18 224 231 101 928 804 169 262 398 426 750 673 443 153 686 501 724 944 729
10 180 677 869 355 265 275 802 959 714 216
13 153 804 629 894 340 413 183 469 143 119 45 545 318
3 901 184 929
12 35 54 858 490 122 835 552 465 353 594 49 531
8 12 703 336 954 426 673 436 968
0
9 281 183 677 715 275 103 53 890 925
6 513 859 722 396 212 611
20 94 1 148 103 914 527 507 558 444 115 583 313 581 524 440 806 199 747 944 487
8 301 700 698 59 710 592 185 341
4 596 619 815 697
0
0
10 940 642 634 672 876 311 613 674 636 844
12 823 807 568 156 4 258 427 484 147 149 544 480
12 525 476 491 460 769 493 954 630 569 584 450 320
15 32 917 683 568 860 332 894 136 814 289 714 261 322 789 993
0
15 218 310 699 206 817 630 964 223 438 364 700 262 664 391 28
15 266 359 385 164 959 553 305 931 871 234 440 619 541 617 764
12 214 483 788 496 930 131 218 935 110 106 945 351
14 72 218 601 156 851 759 768 305 289 828 128 877 269 790
4 970 620 78 257
7 884 131 452 310 859 414 489
4 537 40 695 574
4 999 533 583 808
18 46 536 957 316 491 422 401 991 508 363 886 88 347 611 19 126 844 503
3 839 741 193
17 337 64 447 278 353 273 466 675 468 869 445 23 342 617 334 5 148
10 568 285 974 400 349 578 256 603 39 165
21 69 880 446 779 279 216 414 757 547 275 92 712 44 569 596 583 90 623 392 823 993
8 13 797 978 68 298 324 91 836
1 894
3 237 88 232
12 887 627 180 774 711 234 345 414 254 81 125 696
25 827 802 590 933 443 637 882 688 261 138 917 222 148 914 987 645 502 23 410 346 570 114 282 585 24
0
15 700 972 940 629 352 658 173 749 393 887 682 447 287 547 885
2 640 1
18 489 217 902 732 455 407 195 849 87 352 820 327 938 214 388 499 659 379
3 736 118 485
2 267 540
15 863 857 790 390 151 897 605 884 633 822 698 108 838 235 753
9 45 359 197 187 207 850 93 877 449
9 277 596 240 319 419 49 383 100 606
6 53 696 25 289 627 605
12 326 567 594 672 774 226 502 473 611 987 865 55
17 860 328 568 377 709 591 552 807 874 30 340 225 227 189 856 564 774
23 816 181 204 208 857 905 949 537 200 343 308 598 901 666 479 708 525 264 99 796 922 76 468
5 50 153 105 326 891
10 284 814 493 707 881 113 858 587 733 387
1 435
6 33 269 664 982 232 51
0
6 545 624 7 167 798 165
25 494 134 52 862 313 644 114 347 590 275 641 520 116 430 908 391 378 796 731 841 515 163 157 724 693
14 623 504 432 190 115 320 262 30 433 423 943 216 243 952
16 537 500 895 617 295 465 600 682 573 769 360 223 1 688 890 103
2 997 492
23 416 484 543 823 505 191 483 192 618 455 747 719 616 837 539 370 691 588 641 519 366 262 52
1 909
0
18 690 460 940 86 248 782 432 552 832 711 209 791 648 294 259 400 305 115
20 768 41 851 555 357 559 810 627 182 994 55 562 890 21 295 245 249 234 564 488
21 407 769 643 866 205 35 199 559 519 45 977 68 798 881 203 954 303 212 287 763 936
17 594 283 810 65 750 848 35 645 177 66 241 684 375 48 881 596 160
18 224 161 718 960 410 314 255 439 522 453 202 232 798 447 89 549 909 108
10 759 354 348 463 819 343 548 303 909 400
24 141 393 972 209 959 120 20 890 397 175 293 779 759 769 371 590 739 433 565 615 939 533 358 861
10 148 446 115 387 247 645 274 419 532 854
0
0
12 963 676 86 499 492 733 380 312 790 346 623 900
19 397 108 109 887 700 120 752 756 625 44 414 261 322 63 824 891 325 285 313
7 958 206 83 110 912 178 559
0
20 644 884 601 617 292 575 137 947 739 75 38 82 423 751 310 130 781 314 431 514
19 649 998 593 360 464 242 732 494 909 937 307 296 38 292 454 992 647 659 605
0
0
15 413 949 734 728 160 141 861 114 214 472 517 521 777 462 938
3 994 379 714
21 709 459 44 83 761 119 811 994 498 287 24 885 567 716 526 189 203 450 282 990 807
0
1 639
16 888 899 177 162 349 347 79 449 595 547 111 310 663 821 777 933
6 318 801 350 85 374 183
2 305 973
15 973 109 833 722 853 446 86 868 17 278 792 363 189 778 775
14 412 79 118 382 977 973 523 289 696 142 625 958 266 786
4 92 162 680 777
9 348 844 867 879 494 164 961 389 419
11 341 943 452 560 171 129 973 404 590 945 347
20 59 640 719 396 850 412 815 114 620 703 613 234 191 983 375 206 537 291 727 906
9 241 857 453 561 411 740 807 797 537
17 148 995 252 12 629 90 574 890 188 585 17 78 737 718 939 377 880
15 436 969 367 92 360 212 309 217 37 474 717 497 384 237 531
21 730 927 40 31 170 932 103 356 361 707 475 455 869 816 973 466 83 856 178 440 446
10 331 83 43 988 53 38 565 291 987 700
7 966 331 51 41 396 235 536
16 508 178 537 12 719 774 57 532 338 179 544 831 992 311 115 930
12 806 118 910 597 756 865 313 221 744 468 63 527
6 905 314 80 104 201 784
12 220 266 280 922 559 598 553 57 137 372 879 765
8 455 853 905 496 9 30 545 246
22 750 758 167 768 546 43 183 936 897 110 891 964 798 369 537 55 470 670 361 645 929 312
0
1 280
12 74 22 548 309 991 406 842 729 312 608 20 693
21 728 439 267 461 962 663 501 86 338 604 897 444 148 910 541 539 168 624 467 806 348
7 887 384 508 242 777 467 765
11 90 991 603 151 927 712 617 956 219 881 141
16 978 100 63 842 712 904 187 668 251 67 833 951 899 274 829 936
19 684 151 137 863 519 867 627 3 337 240 492 31 341 540 486 43 552 295 703
11 706 672 809 938 866 581 690 314 667 96 624
2 809 385
0
22 574 394 30 981 826 152 31 672 262 863 18 828 362 44 947 992 660 490 317 954 470 950
11 627 32 473 404 45 200 573 283 138 416 438
1 515
12 119 580 415 906 813 300 249 447 860 790 674 337
18 954 149 170 565 965 292 441 282 104 115 901 94 205 91 984 747 709 80
0
3 816 273 547
5 669 32 814 909 863
11 233 517 62 630 143 690 270 960 703 840 216
1 395
5 929 269 526 49 837
5 500 222 512 147 685
9 685 600 619 146 528 594 167 709 804
8 92 984 536 713 876 961 228 644
15 318 922 401 732 372 525 403 931 398 174 276 421 556 728 113
0
0
4 163 155 307 888
0
1 449
18 973 939 520 943 294 901 923 378 713 617 15 325 947 704 301 644 507 316
22 33 250 248 115 273 17 741 875 182 158 815 984 974 153 583 808 487 589 739 191 811 80
23 841 700 361 789 442 154 724 858 578 179 128 596 306 78 611 831 629 383 538 977 216 872 801
2 640 113
13 56 148 388 342 639 608 530 966 128 626 43 881 864
6 253 924 963 201 365 391
8 421 893 534 663 308 168 358 381
21 22 628 652 640 984 467 297 712 268 217 581 280 317 327 705 379 945 425 618 864 519
18 924 302 229 928 101 842 698 875 99 960 465 30 538 313 79 948 693 360
7 497 578 346 722 193 32 618
8 651 912 1000 679 715 553 910 64
10 844 18 905 99 593 410 864 73 151 8
3 943 214 87
5 428 886 840 297 945
6 949 686 46 930 631 748
3 633 174 298
19 834 806 206 58 357 121 87 835 743 663 492 914 472 213 235 237 803 497 507
0
12 670 781 62 90 342 947 57 58 975 295 508 170
0
10 698 695 755 153 305 964 738 510 146 166
8 138 436 986 347 13 362 967 222
22 387 503 510 547 424 412 606 523 267 990 513 82 498 153 376 578 321 630 817 938 587 951
9 870 720 354 107 800 420 628 285 724
15 304 732 515 911 842 7 422 699 77 874 220 647 1000 692 899
0
20 524 428 44 747 21 5 605 83 627 314 607 103 881 206 794 987 418 413 92 405
21 417 451 978 581 697 158 652 941 326 585 54 305 944 268 437 691 631 399 73 745 490
17 577 926 65 140 876 624 396 220 328 544 203 4 486 243 688 474 728
7 393 266 839 633 346 762 998
11 668 473 628 221 970 230 72 233 369 232 589
13 363 742 715 219 50 903 659 222 879 878 305 682 61
9 949 210 122 879 934 616 831 802 181
14 296 301 338 366 407 782 831 940 119 865 394 507 436 439
17 965 504 576 322 707 801 202 358 112 590 200 477 48 676 977 136 522
18 743 776 198 860 113 886 88 386 847 500 764 876 278 943 495 334 988 351
0
17 548 188 801 829 19 614 231 430 115 177 125 57 685 646 747 390 682
14 422 735 911 47 401 648 56 937 319 315 879 645 130 318
9 845 21 875 781 112 158 738 839 579
0
0
19 386 766 422 518 25 921 910 635 736 53 493 989 256 452 361 683 971 787 998
10 748 117 386 375 166 792 837 773 175 710
0
20 350 241 604 576 265 730 123 348 565 118 423 813 297 919 409 266 923 957 753 413
0
8 252 888 17 28 683 723 487 470
17 240 950 592 953 691 935 867 504 635 191 121 934 596 221 199 982 510
22 149 757 295 601 544 131 210 509 108 248 138 806 223 683 4 233 338 107 858 60 470 51
9 127 376 645 121 124 953 979 813 120
20 61 698 495 186 671 996 633 435 800 961 688 727 447 568 54 450 188 731 123 556
17 908 133 945 210 669 198 759 874 992 174 481 400 692 739 977 899 950
3 785 689 513
9 257 70 502 714 341 840 165 247 670
9 656 349 844 814 390 767 841 651 534
9 262 635 240 689 987 796 24 699 100
11 4 785 141 231 658 902 531 288 454 289 771
0
14 13 59 439 479 731 392 924 152 504 175 701 50 35 458
17 992 668 233 518 215 638 883 511 197 287 614 961 772 60 578 199 913
6 96 399 825 602 486 86
0
22 953 582 287 355 485 435 318 428 631 508 594 881 81 721 970 618 120 823 367 451 33 210
22 531 325 108 621 864 395 703 910 964 809 840 871 209 428 489 603 717 836 551 241 282 918
15 265 623 164 465 162 342 613 933 540 974 564 142 654 682 573
12 75 845 885 311 345 978 99 382 721 277 662 398
9 487 90 647 217 45 444 459 169 864
12 884 990 851 706 604 229 471 583 744 918 590 782
8 561 275 40 527 744 659 601 739
14 864 337 462 616 618 334 37 821 152 89 538 804 294 263
17 800 720 672 726 854 565 71 218 69 410 536 741 873 338 620 151 167
0
1 386
9 707 818 523 839 27 927 806 995 642
9 729 115 94 621 363 838 946 244 942
17 281 892 109 52 149 20 710 22 79 472 975 98 987 703 573 889 287
7 638 553 379 989 773 262 606
4 259 862 523 84
13 273 584 540 440 274 762 794 770 940 831 934 539 783
15 506 178 329 671 470 599 638 994 271 893 227 721 222 922 909
13 310 727 672 417 638 819 737 541 647 213 929 338 256
22 453 400 63 872 867 176 542 265 802 149 961 94 29 714 410 738 783 324 767 999 784 105
13 77 397 410 595 871 822 394 498 158 727 386 289 249
20 829 430 351 77 673 961 601 889 242 860 486 597 564 383 11 196 156 985 778 819
18 61 56 752 72 164 677 852 221 758 810 802 946 756 792 509 52 697 620
10 24 529 861 640 748 986 741 973 609 97
0
13 845 600 138 822 351 901 724 734 109 669 677 264 738
0
6 614 424 517 917 319 988
7 763 124 111 499 348 842 517
12 67 762 367 928 204 485 960 699 195 413 715 568
2 224 815
24 414 1 416 601 732 57 948 599 381 812 152 100 587 434 607 44 141 535 146 530 777 171 526 386
11 178 604 623 704 89 402 246 85 855 373 670
7 306 416 351 942 459 541 30
17 611 427 866 32 221 769 19 857 459 151 473 663 348 488 872 356 718
10 95 362 910 452 764 843 21 118 989 222
3 142 617 274
15 721 972 941 601 861 998 885 532 524 779 197 843 325 292 421
0
7 713 255 469 675 636 518 744
4 346 532 336 561
4 200 392 325 409
6 757 579 716 396 468 371
0
13 421 75 362 402 597 262 396 48 941 237 21 571 619
20 180 289 602 271 572 323 380 546 589 672 235 722 566 296 808 326 406 825 532 155
16 869 569 518 368 378 741 111 727 184 277 884 478 122 159 99 239
0
0
0
5 728 192 86 883 720
13 734 419 527 778 704 564 908 345 462 638 780 450 711
10 711 114 175 436 350 808 944 730 234 231
17 330 327 937 458 200 562 879 681 685 482 207 323 12 186 399 697 405
20 369 926 72 257 516 285 797 991 688 912 700 351 960 433 30 570 857 177 46 44
2 597 730
0
17 520 241 152 16 540 11 662 715 177 456 516 329 436 717 764 235 296
12 529 583 915 258 334 652 99 949 623 32 594 876
20 549 743 591 250 605 23 338 277 868 848 519 192 40 693 81 487 218 419 754 438
19 599 121 212 419 666 499 868 883 171 770 697 774 479 72 267 732 590 169 830
13 502 767 389 394 230 918 232 602 914 115 527 888 814
19 699 304 772 408 79 158 695 236 82 450 333 643 87 173 747 683 414 203 917
21 813 830 540 226 744 16 929 152 273 708 460 6 414 866 958 874 782 377 260 976 179
0
15 303 682 986 269 585 620 656 816 663 618 76 206 653 116 567
0
18 189 639 375 343 820 494 772 37 206 914 364 541 999 543 415 899 357 379
0
9 802 21 815 783 759 269 124 70 388
2 781 951
3 373 672 444
15 485 63 263 150 343 736 968 722 449 259 675 53 937 121 860
11 233 566 597 350 244 711 938 544 232 686 42
0
21 399 797 941 74 1 281 332 696 492 90 310 824 21 687 922 133 577 285 716 158 567
1 768
12 102 871 538 763 775 158 744 528 546 518 214 389
14 966 187 53 883 182 819 245 552 683 341 582 667 23 334
15 289 318 133 626 330 904 935 811 885 248 901 594 361 194 239
10 188 747 888 273 331 143 222 788 817 238
20 500 88 671 236 788 174 720 279 398 202 490 479 374 996 264 208 921 860 283 176
15 643 905 382 876 450 363 661 737 12 122 215 648 152 5 630
12 536 803 437 139 364 245 289 135 619 33 315 920
22 260 136 97 968 540 698 80 132 103 705 814 707 312 212 116 776 701 939 52 944 920 234
0
6 512 728 496 452 324 826
3 601 347 106
20 152 932 441 518 48 919 754 645 854 306 85 84 206 895 324 862 266 909 351 632
13 685 579 949 256 77 191 352 534 485 345 402 36 923
9 531 705 767 878 566 209 827 542 326
9 709 334 40 67 450 164 938 129 869
2 951 188
10 761 670 612 455 531 84 604 726 550 432
8 483 6 957 870 337 670 178 234
1 202
5 487 288 296 613 195
7 192 645 235 755 85 414 526
5 904 284 970 631 917
6 780 470 533 111 345 211
2 511 847
14 242 70 141 476 475 164 121 442 148 799 990 876 912 883
8 531 613 430 803 776 941 207 417
4 246 293 830 719
10 137 176 307 397 384 480 694 850 156 787
6 704 38 17 670 164 313
0
0
18 546 529 508 271 780 406 972 740 612 514 176 518 198 877 722 699 319 519
1 452
13 664 128 496 249 979 435 828 113 150 173 587 806 848
22 544 219 730 496 508 678 466 274 252 631 361 262 735 690 909 806 574 368 866 688 185 396
1 593
18 959 469 823 718 463 570 122 657 725 87 184 501 347 26 455 265 535 512
1 965
10 592 710 883 397 206 190 338 739 576 649
13 943 583 313 545 962 55 893 792 979 945 494 642 424
7 611 642 844 286 217 972 351
4 588 205 26 536
18 479 450 761 645 594 155 924 854 416 368 83 172 466 5 276 616 896 766
0
11 554 153 638 734 463 191 886 442 584 781 118
1 501
0
1 772
16 454 639 364 250 291 756 814 961 642 86 568 31 995 852 434 759
10 792 76 582 903 422 155 66 539 439 389
9 496 153 634 294 35 598 185 515 390
22 498 289 454 372 986 660 342 241 675 893 728 133 951 714 234 734 363 832 517 858 393 135
8 587 37 967 912 181 25 646 668
21 372 371 276 135 430 14 188 88 380 395 187 426 17 484 385 409 212 930 284 384 574
9 99 974 444 78 594 423 258 578 55
0
7 529 993 248 708 582 143 618
9 875 819 568 218 859 739 334 919 782
5 194 931 921 425 887
6 951 834 408 864 585 899
21 190 105 907 373 423 65 924 674 321 696 440 923 904 122 70 180 762 326 783 560 328
8 6 144 875 453 61 750 922 360
0
6 215 79 277 850 516 325
3 699 695 25
3 422 625 378
14 328 590 284 363 268 356 497 550 793 261 463 306 623 722
16 860 390 112 178 190 48 955 762 915 313 586 837 761 528 567 850
17 243 289 532 209 996 806 302 80 778 96 341 694 394 960 936 604 5
14 44 52 819 219 275 966 189 384 599 246 615 811 187 642
18 741 796 793 334 133 10 425 888 100 392 939 393 811 859 503 65 989 188
14 754 723 111 678 736 666 270 551 865 588 710 155 697 866
5 838 416 979 333 820
0
19 87 164 281 419 367 630 635 421 199 552 582 209 11 777 349 311 761 948 67
0
20 507 194 127 529 960 588 913 144 789 429 311 775 723 612 251 659 344 950 32 861
0
0
3 939 551 480
19 38 846 924 340 673 532 57 582 363 284 407 498 749 219 392 698 103 745 206
10 886 376 495 402 666 503 50 343 425 179
4 660 958 810 321
6 91 912 382 219 125 596
3 584 172 615
6 826 337 784 985 317 931
12 849 920 869 494 863 979 835 344 648 261 393 776
13 482 716 567 344 688 760 447 177 910 381 50 474 48
0
20 679 310 496 125 339 911 453 513 730 671 775 114 297 368 656 612 316 154 136 28
16 368 133 343 546 100 347 647 75 783 921 623 959 864 39 371 678
9 281 707 818 334 197 795 434 317 870
21 870 545 229 94 713 460 73 6 523 402 990 588 580 528 828 888 824 815 864 364 667
4 113 386 688 356
0
11 790 330 322 997 122 118 946 244 150 116 191
9 622 653 171 627 228 334 439 981 167
0
0
13 191 874 619 28 128 62 633 504 190 886 497 369 9
18 358 791 93 500 83 808 241 259 252 781 68 986 932 916 20 267 279 973
11 689 279 434 175 11 974 386 997 737 953 631
6 551 160 732 820 4 952
19 358 502 224 165 193 962 325 385 629 938 155 768 376 742 274 833 131 498 31
16 481 637 417 449 743 270 400 630 121 651 428 389 325 227 209 342
0
19 576 702 637 322 887 717 759 568 928 966 654 483 625 859 319 894 289 40 990
16 907 623 501 628 177 587 785 64 592 532 216 492 527 385 26 662
10 641 332 791 97 980 178 153 868 303 85
20 569 452 861 106 630 836 349 68 2 951 486 105 290 700 967 570 436 148 835 258
12 334 548 380 489 424 383 608 258 93 920 947 937
23 886 790 39 743 162 379 550 714 169 473 919 932 174 514 803 750 74 76 337 992 890 489 198
21 303 395 529 270 729 520 899 758 389 821 54 852 347 321 452 309 284 56 635 6 952
16 142 707 425 192 359 544 253 85 279 134 305 240 577 996 834 149
3 793 24 747
16 752 941 698 603 546 359 251 118 312 349 818 296 248 63 594 13
20 968 734 544 868 804 395 681 421 253 138 912 63 277 317 688 927 807 493 210 132
7 30 289 744 638 348 599 670
22 9 901 439 555 916 23 193 245 835 765 581 288 174 895 965 444 771 960 294 5 512 724
0
6 394 479 947 242 514 731
0
7 994 70 964 604 917 492 548
18 231 646 80 53 227 493 409 756 654 415 831 868 922 863 543 711 699 983
7 527 563 798 767 725 549 196
5 184 558 67 658 28
6 194 464 455 717 72 177
2 146 390
12 78 515 559 678 587 232 428 237 799 132 604 233
0
9 721 491 823 228 512 67 133 115 145
5 249 200 190 848 382
0
8 527 549 681 959 75 399 241 951
9 736 272 635 884 339 881 532 549 659
2 665 976
20 835 398 352 103 727 140 388 55 111 171 789 596 648 108 771 684 640 93 977 711
22 595 902 253 23 992 559 448 59 125 677 978 250 131 791 61 33 14 28 93 497 187 951
16 422 359 487 458 32 558 338 109 25 874 292 481 500 728 225 297
6 891 539 458 465 744 415
21 716 804 497 667 67 919 867 457 809 204 80 208 464 591 124 314 976 445 772 456 548
19 278 619 429 262 768 556 236 70 239 605 410 850 221 275 600 586 612 15 822
4 340 344 505 613
0
2 867 364
10 698 575 476 836 587 628 948 29 318 198
8 807 481 698 572 963 421 380 819
10 435 808 986 413 969 868 428 905 770 60
18 220 16 509 668 380 280 697 215 125 985 932 62 397 800 199 1000 257 178
2 637 631
1 996
11 872 91 196 322 836 975 637 841 150 607 856
6 486 713 348 75 720 573
13 382 894 819 985 60 654 629 317 928 792 352 109 102
7 53 599 772 954 966 911 635
7 673 487 110 262 612 993 101
1 248
21 361 170 783 408 780 360 311 708 605 124 453 383 177 351 126 661 115 153 197 256 128
20 786 526 734 81 527 889 905 710 996 398 301 139 643 664 788 483 611 138 824 202
1 113
12 905 724 810 916 238 425 506 553 403 914 934 68
16 292 89 773 33 532 31 563 572 913 702 7 801 829 143 523 275
0
3 299 603 206
3 651 903 192
0
16 11 533 888 328 237 573 872 515 27 547 999 915 355 508 906 733
11 752 916 453 413 355 483 673 818 654 679 289
13 228 948 92 397 489 638 382 267 465 140 279 24 36
2 546 688
9 422 578 153 389 548 321 212 459 225
9 199 900 853 185 946 632 770 414 276
10 617 737 365 969 275 166 718 873 312 93
20 711 784 884 420 384 499 635 854 241 188 2 258 579 42 238 140 162 205 13 77
17 971 802 91 211 851 50 339 441 787 757 845 779 272 921 458 212 873
10 867 336 9 363 104 226 347 626 839 167
20 986 556 267 610 854 12 146 712 752 516 360 693 459 468 204 959 9 443 934 596
17 386 708 643 492 835 38 474 972 527 84 272 657 201 792 698 400 335
3 814 597 504
16 458 690 406 715 751 235 881 562 538 224 291 390 451 753 603 912
6 280 773 455 445 89 438
17 161 603 371 856 268 272 533 112 833 537 361 590 34 954 230 957 556
13 356 616 931 259 359 622 401 892 895 947 733 54 536
19 405 942 435 528 446 292 328 544 569 130 452 82 909 91 742 707 823 234 524
13 691 41 897 222 546 509 681 120 333 445 307 601 848
14 60 739 310 329 177 291 893 784 430 868 522 971 847 585
3 491 893 505
0
7 269 44 641 842 604 742 799
18 1 117 670 460 654 622 359 232 199 616 657 361 315 816 649 700 235 250
9 748 936 612 475 393 723 210 958 906
5 588 746 999 373 767
15 217 94 641 838 162 614 666 788 392 287 611 418 273 742 254
16 788 39 420 154 985 826 47 842 704 105 344 3 73 473 62 575
19 819 254 131 126 425 473 337 828 927 143 792 67 122 294 445 301 704 455 893
18 590 738 294 296 566 993 755 906 843 260 135 473 876 980 847 117 69 149
20 609 300 955 669 79 189 992 664 55 902 408 36 126 309 405 130 534 704 734 563
16 478 146 271 816 567 585 950 976 676 734 804 394 981 714 298 862
0
0
10 173 965 781 899 969 471 315 375 201 165
21 784 273 690 359 868 199 956 119 400 963 437 965 750 401 757 948 592 631 334 767 681
10 326 446 428 849 794 128 530 95 630 492
13 663 604 408 739 378 67 732 326 391 397 767 438 747
16 681 717 898 172 204 587 876 604 840 975 886 680 923 770 667 525
1 23
7 72 249 528 431 706 339 30
2 957 980
10 744 422 317 835 342 72 763 649 539 442
2 528 73
9 771 1000 230 490 179 889 440 206 421
22 963 610 834 369 349 947 708 863 793 677 454 233 153 222 817 850 295 560 158 279 503 234
16 796 797 547 911 682 434 107 725 27 214 329 305 300 543 363 238
0
16 784 666 39 424 303 111 584 855 170 664 58 948 418 59 675 252
1 469
14 354 761 916 739 337 192 289 600 588 41 121 232 436 437
0
16 618 367 915 743 926 217 342 528 296 846 717 412 274 562 612 932
10 63 577 695 68 560 960 222 42 573 538
19 461 438 897 212 440 211 985 879 269 354 934 328 182 169 649 124 738 744 4
11 867 8 823 235 39 172 346 852 687 390 333
23 632 729 411 98 84 800 958 728 774 283 708 103 328 362 144 843 887 36 284 42 590 886 116
2 475 12
14 465 558 530 723 327 956 58 101 103 189 225 312 894 886
16 889 205 358 663 278 971 605 365 351 914 569 35 876 73 82 211
16 89 312 123 196 371 602 728 479 240 54 237 75 493 875 547 616
18 613 992 990 582 644 707 845 126 659 310 903 762 958 471 47 855 353 186
12 218 68 283 749 460 160 515 144 664 955 698 790
6 765 237 681 392 877 320
7 52 800 424 404 116 841 912
0
10 939 618 141 95 362 319 497 595 524 634
1 519
0
19 680 781 397 492 471 243 760 885 26 869 627 119 898 657 336 813 553 814 369
13 42 847 303 924 887 420 608 692 942 722 845 834 465
16 959 126 335 903 693 241 846 53 338 412 528 483 298 288 611 985
11 276 797 854 419 252 666 820 208 693 346 73
0
0
13 498 512 273 507 531 582 384 490 340 137 893 269 361
12 717 3 420 70 852 591 137 916 598 769 776 207
8 852 223 120 311 612 966 623 298
24 400 356 705 118 970 999 309 709 784 724 824 237 192 22 469 516 986 24 47 676 584 132 157 909
14 397 475 883 304 25 563 82 169 531 968 190 662 570 892
8 801 372 851 800 502 73 741 153
0
0
20 984 100 188 697 648 588 945 139 431 662 75 420 857 814 776 767 407 343 845 266
15 780 477 192 202 79 85 864 162 713 66 674 958 847 258 268
5 544 554 663 256 233
19 393 997 137 771 483 275 827 209 754 220 111 318 422 793 574 875 10 870 767
14 886 939 968 505 438 148 19 426 44 975 947 522 234 25
14 134 725 845 889 471 814 648 41 115 328 100 255 364 499
12 385 364 184 567 589 686 884 229 615 481 797 321
19 971 234 938 547 170 577 584 300 726 247 434 467 42 394 657 637 90 618 216
8 992 457 315 197 49 981 377 454
6 508 552 111 487 320 617
0
11 580 722 887 214 441 736 332 460 351 927 473
19 863 12 884 965 246 963 286 809 635 990 998 953 238 603 527 194 231 787 704
3 556 405 40
5 278 525 888 903 911
10 903 449 183 892 415 139 336 515 448 24
5 89 669 733 138 926
3 167 133 969
12 58 809 910 800 644 534 890 972 485 209 132 128
0
13 98 111 135 803 336 213 93 631 198 654 924 307 953
6 849 560 712 625 400 452
0
13 669 458 768 44 488 558 684 385 307 979 933 448 101
10 276 223 354 100 403 641 593 918 380 120
12 717 456 661 301 629 79 308 65 752 444 747 313
19 995 957 109 873 65 680 22 668 631 317 774 262 896 195 515 206 594 318 517
15 838 901 735 183 302 925 109 693 609 266 168 465 261 99 670
5 443 202 38 778 62
1 323
2 693 465
1 353
9 280 926 131 679 303 2 677 83 407
1 970
16 23 987 431 715 965 622 243 363 345 554 687 187 731 532 326 911
11 330 679 792 949 838 217 571 592 612 763 556
2 219 365
6 655 555 857 474 562 807
18 151 510 25 344 418 664 218 838 730 421 611 946 493 642 773 572 197 486
16 718 904 196 435 413 823 972 566 969 475 57 806 293 92 960 130
8 621 18 516 249 46 293 48 854
0
5 834 965 854 416 456
12 137 313 495 645 189 792 928 830 296 392 463 245
16 258 291 336 11 425 48 742 342 399 838 295 73 456 458 137 488
20 650 172 363 973 375 532 69 565 91 997 519 984 459 670 750 856 577 741 362 714
22 87 90 147 481 973 615 603 776 5 604 522 27 516 179 839 999 792 392 161 969 181 221
22 487 683 394 739 805 69 722 463 835 528 231 356 372 280 861 571 790 419 143 475 876 624
20 499 245 769 241 937 826 336 155 843 567 172 79 985 310 670 139 568 161 883 697
0
21 952 643 68 164 594 563 683 461 341 326 760 450 933 411 195 85 803 923 743 965 853
19 599 240 209 857 417 287 373 983 617 748 282 428 404 855 892 107 436 538 65
4 442 160 194 840
0
3 400 612 512
13 940 579 711 69 32 920 45 76 248 797 281 814 944
1 728
4 172 652 353 533
3 297 543 378
6 669 156 984 474 893 44
19 93 755 854 321 435 658 120 51 974 115 161 595 201 837 981 691 318 379 787
4 881 751 187 963
10 763 881 227 894 710 999 447 36 291 117
1 52
1 31
19 876 639 50 63 671 324 641 700 64 685 169 978 987 526 203 306 672 581 314
5 532 91 779 1 135
9 527 108 5 503 176 630 582 617 518
19 2 273 452 884 34 237 196 346 970 301 409 954 614 694 941 727 858 109 386
6 804 799 469 231 882 818
13 69 22 385 580 576 77 210 439 809 86 285 157 268
2 153 614
1 3
18 17 668 622 86 821 114 283 918 182 412 190 492 779 441 885 369 380 568
24 20 426 318 731 667 961 736 543 869 319 774 804 130 712 892 536 850 672 647 422 726 749 79 405
17 114 835 569 654 542 911 136 748 248 343 871 771 857 281 863 198 670
0
20 312 63 399 36 942 585 121 824 979 848 469 1 206 243 612 81 890 22 809 476
15 727 117 24 448 191 147 247 264 79 639 37 317 380 876 127
7 112 811 389 13 46 128 901
0
9 382 552 918 98 897 399 65 538 218
18 161 719 77 468 616 614 328 662 357 76 287 915 948 265 191 480 232 133
0
23 262 718 270 293 590 142 89 57 788 309 90 737 747 329 752 60 803 8 433 405 540 454 397
8 565 329 902 43 761 468 823 821
15 488 373 193 330 864 832 369 65 522 521 584 18 655 315 952
6 73 256 347 465 96 234
14 800 34 169 123 670 631 7 427 719 307 510 622 763 655
6 795 494 21 224 183 305
21 981 451 966 695 858 787 202 838 833 80 266 890 542 847 196 383 515 744 856 719 855
23 959 688 156 616 252 929 584 514 350 759 970 164 331 725 858 77 207 715 398 24 497 116 214
9 322 739 680 830 938 936 359 72 898
8 778 31 715 958 357 322 588 661
18 279 505 270 773 818 858 581 698 938 132 258 243 962 736 790 213 623 932
1 514
8 330 955 871 114 116 304 816 476
2 464 57
13 394 319 834 466 838 434 959 266 222 538 445 446 135
11 195 736 962 925 556 906 96 905 466 454 119
22 611 973 342 49 526 286 800 297 183 43 935 654 454 542 572 411 903 40 738 491 405 75
20 55 476 659 419 645 76 821 460 449 763 637 882 167 404 320 902 265 284 438 843
4 65 591 31 609
2 446 913
22 560 908 840 837 782 7 651 481 151 23 487 558 265 745 708 677 849 366 821 895 959 228
5 145 799 74 832 642
0
1 510
17 177 225 841 207 934 488 261 320 358 517 773 963 473 119 218 135 117
0
0
3 683 556 381
9 739 998 781 988 712 448 689 892 990
14 581 174 941 953 110 90 737 878 475 935 811 447 271 763
2 391 175
15 597 995 911 902 432 240 273 436 771 88 675 673 463 946 41
18 27 902 544 539 808 471 473 650 494 994 874 207 260 57 66 329 574 604
10 79 692 284 682 777 600 508 129 401 139
18 499 774 337 549 59 815 956 201 2 48 503 802 493 416 215 591 836 28
0
12 595 614 30 669 224 583 672 101 948 1000 324 300
8 127 823 690 807 997 911 33 930
5 223 735 278 791 412
19 379 11 600 374 837 787 489 662 909 535 510 655 937 801 812 473 982 526 484
0
9 477 22 357 909 455 492 330 965 857
21 81 741 621 578 378 567 830 391 409 381 732 716 749 116 903 632 662 186 951 320 437
20 912 968 254 762 188 733 313 634 144 907 180 209 738 159 808 977 346 795 516 684
22 299 189 517 452 168 202 261 22 616 911 588 932 678 776 565 242 903 663 88 594 893 155
6 110 372 493 797 57 934
10 179 283 415 115 18 923 4 375 439 188
2 529 743
0
4 601 50 37 1000
2 886 8
0
5 407 224 989 566 518
12 883 371 95 207 467 701 171 735 436 570 938 415
1 558
1 314
22 523 161 317 918 706 103 881 391 760 197 360 519 68 663 145 580 754 193 240 510 307 30
0
16 292 178 571 115 271 813 703 910 96 411 402 665 186 35 274 570
7 765 955 964 207 552 208 363
8 959 70 41 33 243 326 323 191
15 526 382 636 158 270 98 590 839 387 237 506 301 926 79 330
14 534 570 763 523 726 532 374 624 910 360 879 713 263 819
19 677 403 936 20 503 822 603 548 919 320 63 868 179 434 802 760 48 657 904
9 396 668 236 148 686 587 621 68 231
19 904 85 338 236 369 36 746 810 417 728 474 467 73 693 660 653 889 1000 191
13 977 642 590 534 162 674 966 374 417 266 753 988 800
22 995 331 590 305 262 714 365 532 359 456 680 588 739 540 255 923 304 474 104 730 384 154
3 882 132 390
14 632 307 910 101 742 103 262 387 687 130 60 219 143 746
9 721 652 997 298 304 813 564 568 124
15 972 211 467 776 142 192 85 61 924 41 278 798 531 955 116
22 634 737 941 601 876 916 431 784 924 652 665 341 734 516 513 982 893 443 130 294 561 188
15 496 179 189 978 758 959 175 322 235 581 604 559 494 588 827
1 895
21 495 410 843 690 882 660 902 632 447 366 234 675 561 170 723 454 161 394 154 970 15
2 757 276
8 432 426 556 456 292 71 698 176
6 348 546 793 420 377 43
3 944 904 934
15 488 783 662 756 379 931 638 928 849 631 860 30 319 229 15
4 798 997 948 38
0
19 370 969 388 313 549 917 974 116 651 374 929 802 41 400 272 196 289 883 865
23 555 228 470 407 253 927 346 966 320 506 603 995 776 129 893 944 173 682 439 882 9 829 954
13 79 663 93 400 372 926 894 611 731 261 490 375 821
10 172 787 556 864 42 982 180 593 74 749
19 880 833 432 264 526 173 157 72 682 203 223 43 822 366 533 451 483 295 444
18 11 159 21 655 395 352 652 957 461 351 547 543 800 70 827 32 393 76
3 186 770 754
3 151 430 837
19 80 789 18 562 943 71 510 260 962 571 987 849 569 300 846 376 729 330 48
0
1 692
0
4 213 552 306 364
1 59
11 631 853 266 880 434 38 899 445 414 201 869
19 923 668 972 580 20 102 613 393 762 942 982 708 922 861 566 673 280 378 46
22 982 284 600 776 426 395 685 322 289 796 674 371 704 113 929 963 472 459 338 481 624 847
16 215 108 684 259 788 606 583 193 774 134 455 557 573 435 748 536
21 152 241 42 978 222 824 138 873 491 449 913 870 706 150 279 456 425 213 612 482 463
6 136 55 651 848 598 907
10 869 366 88 97 94 804 644 901 205 432
8 787 277 958 273 370 985 876 542
12 894 337 721 342 583 429 54 927 965 550 823 638
10 994 914 793 382 898 740 244 841 200 819
15 665 328 654 857 901 715 627 508 593 958 699 367 936 394 646
0
3 673 923 390
2 420 772
9 626 134 837 945 678 28 720 231 547
9 831 709 862 511 491 351 846 886 244
17 227 260 385 118 344 126 596 358 435 830 337 945 800 695 396 322 297
18 892 422 640 684 182 354 68 894 126 794 839 762 926 262 919 288 716 712
0
1 620
4 451 543 552 238
0
13 363 157 230 353 457 89 83 976 359 388 605 225 175
18 630 106 522 429 598 304 39 617 18 548 395 614 85 682 692 335 781 762
3 925 576 765
6 313 568 112 471 626 125
8 988 600 677 908 188 642 617 42
5 569 661 925 614 775
6 235 288 903 289 938 200
0
15 377 749 26 44 92 642 444 473 333 193 925 210 393 362 104
20 769 953 293 672 631 255 101 510 243 475 991 889 195 361 813 624 97 214 500 283
3 56 883 557
0
2 510 441
4 491 604 420 889
24 288 456 16 700 854 464 454 471 147 380 357 594 48 114 104 452 102 558 890 266 409 707 696 908
15 946 604 66 529 398 370 302 356 767 567 316 832 7 27 19
8 430 924 606 845 230 108 442 472
24 215 278 457 887 68 464 930 702 318 709 73 245 549 931 127 434 412 28 658 910 448 586 154 393
18 454 105 616 813 262 608 872 551 760 944 794 364 916 426 690 704 908 857
5 594 947 54 912 650
5 225 256 463 562 385
5 590 357 332 895 627
4 232 17 770 116
8 84 939 553 535 424 740 407 970
0
16 966 187 894 755 558 800 898 645 348 447 746 891 30 615 986 232
16 278 765 594 121 842 23 407 877 317 865 879 615 975 783 989 935
9 758 154 202 724 729 432 295 192 448
3 406 399 840
8 346 632 316 197 371 93 212 96
17 639 304 165 413 765 375 302 297 849 908 562 760 167 985 342 336 465
15 636 82 215 662 580 545 901 327 489 428 529 962 62 800 695
15 674 338 516 459 492 394 21 482 2 76 462 514 302 48 317
17 551 436 386 687 261 501 973 952 13 528 581 614 423 994 47 94 785
6 848 829 909 84 41 441
20 695 171 948 339 353 165 436 555 871 336 974 7 767 63 335 139 427 726 618 788
4 609 663 504 357
4 696 767 144 975
14 762 380 433 950 839 70 583 574 582 372 778 680 403 968
18 45 246 100 355 221 336 181 161 610 767 117 553 351 681 983 566 79 942
6 342 337 266 102 430 122
16 760 130 942 915 366 840 750 947 822 73 300 129 930 45 331 379
22 71 786 448 928 489 387 101 336 35 556 165 973 840 270 912 756 854 941 991 569 839 673
0
13 359 593 639 289 526 285 342 5 374 575 643 425 193
8 206 515 600 696 450 501 502 243
7 250 111 515 994 352 88 706
9 62 950 336 543 187 755 287 559 361
17 854 414 349 489 785 209 70 939 841 656 694 208 968 904 434 972 915
11 833 103 689 159 632 161 398 423 868 450 179
6 614 989 825 126 703 204
5 99 274 385 748 480
16 41 817 751 44 659 550 145 828 869 98 460 479 376 161 928 260
18 498 864 134 211 447 603 202 109 748 898 872 809 153 541 527 433 689 661
15 12 307 875 109 626 849 944 837 524 748 280 458 768 611 609
12 578 241 906 19 521 74 611 209 520 756 70 557
8 13 564 951 662 59 390 701 101
2 41 546
11 43 7 973 555 708 405 38 494 317 846 733
12 463 866 394 312 576 708 149 78 134 770 476 935
23 364 835 853 186 754 405 868 129 938 91 957 699 728 200 604 709 745 113 992 733 576 540 481
7 285 241 252 682 407 517 231
7 729 304 385 18 144 544 578
0
4 769 743 669 582
6 797 544 699 925 599 433
21 349 305 551 592 204 640 18 549 616 412 28 992 400 287 673 24 293 250 872 377 690
0
21 966 320 305 513 618 594 385 54 100 355 692 661 83 638 894 651 339 181 716 748 840
0
17 307 920 155 72 240 506 739 443 745 277 975 331 435 114 1 939 166
2 997 31
8 392 357 971 203 752 793 37 753
7 806 131 624 440 94 329 373
3 296 162 435
10 65 454 629 845 269 177 143 399 916 465
0
15 495 362 549 575 371 722 946 716 146 921 570 991 528 922 690
8 533 970 516 612 649 652 588 173
18 113 216 1000 508 536 614 507 227 885 38 832 204 666 215 884 785 91 831
6 946 20 710 113 139 100
1 135
3 469 532 823
5 375 723 772 708 492
15 114 738 962 986 352 994 958 54 29 381 271 439 343 156 52
21 706 966 443 608 194 160 297 940 760 118 919 436 204 641 477 394 557 471 539 893 426
0
2 553 111
6 941 966 596 25 967 358
14 560 430 518 69 587 977 488 73 632 91 177 896 744 86
21 182 823 165 811 135 913 593 233 200 759 246 196 459 532 793 488 400 102 949 239 286
2 713 205
17 315 358 313 399 400 819 31 238 295 275 29 804 155 181 593 912 519
8 47 488 561 691 276 19 910 269
4 391 775 162 329
7 85 268 954 946 157 530 488
4 781 220 394 372
15 260 710 393 2 34 838 762 737 885 648 647 502 783 483 797
6 369 623 975 224 319 155
23 607 300 689 331 725 190 476 365 56 88 170 505 970 663 991 500 555 371 857 134 191 201 790
5 913 148 87 431 935
5 94 832 82 182 40
10 636 794 12 556 52 60 825 49 209 956
14 396 425 743 410 704 900 844 814 570 542 221 666 712 415
22 441 56 280 607 555 51 3 180 278 488 795 944 139 253 291 193 797 702 597 749 390 59
17 556 436 12 148 60 907 161 785 272 386 694 867 326 956 193 231 797
3 559 802 477
16 378 620 395 479 147 992 526 223 699 271 237 311 253 459 173 668
20 808 147 359 316 118 794 270 198 83 670 820 591 803 683 696 30 971 658 588 811
0
22 443 886 500 566 969 675 171 214 468 714 6 37 851 377 356 141 90 411 564 33 128 437
20 512 801 985 670 311 676 166 913 352 918 544 324 292 77 677 286 106 398 10 790
10 207 974 475 117 244 602 804 801 153 163
21 717 719 745 846 770 143 522 333 683 508 507 306 690 472 710 825 244 659 747 26 418
22 743 310 787 210 285 919 253 295 479 591 433 790 329 728 375 892 687 413 488 167 377 327
11 962 168 85 937 769 137 393 364 728 625 606
14 358 767 356 215 147 974 46 262 998 475 422 382 608 284
16 445 513 477 413 267 158 13 427 106 238 22 586 118 512 185 699
18 796 508 55 282 651 741 25 156 445 859 422 249 478 767 298 119 237 705
1 287
18 713 757 875 344 669 561 124 161 878 260 60 833 857 609 129 291 726 773
12 496 899 298 392 870 226 321 750 164 362 924 383
7 786 586 105 569 358 946 986
5 493 153 566 887 655
19 421 723 710 699 961 237 346 811 640 524 171 284 178 854 447 996 92 174 494
13 692 40 526 542 407 96 614 110 312 793 655 358 284
1 640
0
18 29 145 100 289 115 173 565 234 451 888 845 417 278 134 55 903 838 395
18 860 370 486 198 593 657 218 647 263 949 403 814 580 500 924 872 42 298
10 714 896 832 134 261 551 788 448 367 151
8 2 965 790 956 273 934 535 524
0
6 459 620 480 310 528 362
4 540 207 782 158
8 924 352 874 334 757 653 132 672
16 535 619 895 727 726 962 449 953 628 600 647 86 825 435 599 186
14 970 175 30 849 425 999 342 182 164 952 265 238 44 250
17 311 579 330 216 84 910 69 115 779 261 561 903 299 366 101 875 372
5 178 549 324 771 667
6 841 694 789 375 184 51
7 656 148 374 340 911 925 269
2 891 287
13 548 650 797 998 122 987 427 224 702 555 261 446 535
0
14 400 737 531 599 303 299 26 142 858 877 866 836 101 837
11 542 75 301 367 405 612 257 908 315 675 730
0
9 739 640 77 46 696 516 471 598 199
16 32 307 124 81 372 926 108 743 964 432 467 481 748 765 394 511
15 61 712 613 947 846 761 869 802 116 583 680 539 197 492 340
10 792 274 942 313 300 988 309 910 615 187
14 229 161 542 182 107 302 676 369 949 144 696 269 640 280
10 309 141 895 934 414 312 714 423 71 787
0
20 379 570 427 622 206 722 258 411 605 40 521 836 569 573 623 545 282 301 88 422
20 590 777 974 773 717 13 570 761 162 558 281 359 924 87 62 466 661 723 140 242
4 375 344 532 169
16 331 889 391 472 233 287 250 985 822 539 161 356 71 811 590 815
14 817 504 886 751 296 140 435 798 990 926 794 551 966 334
22 148 484 133 130 475 46 935 706 223 625 803 255 273 533 719 907 378 669 705 680 816 573
8 769 316 341 260 317 267 706 457
18 770 506 877 147 174 795 156 54 16 291 98 116 633 797 383 404 934 441
22 276 580 842 9 347 598 316 854 946 762 583 735 323 816 147 227 520 676 933 675 573 170
12 173 4 705 966 577 856 538 464 458 785 116 573
22 352 464 57 106 132 520 577 677 585 949 867 21 537 265 316 750 666 691 640 991 335 22
18 174 843 544 493 518 72 487 873 902 431 636 140 705 87 524 16 777 695
10 529 436 609 418 404 919 493 282 340 754
0
8 547 988 792 823 122 23 497 963
22 651 971 499 463 757 974 986 593 880 791 81 941 659 339 401 11 538 703 915 406 444 886
20 683 378 644 510 618 442 19 197 31 161 168 401 818 456 403 651 885 851 554 868
19 949 880 201 879 784 250 438 211 297 868 638 431 851 507 627 673 374 778 263
4 132 72 585 870
22 781 418 338 513 659 373 3 89 894 247 471 423 945 430 580 991 270 496 129 621 975 647
17 364 886 295 903 188 441 29 514 840 270 164 667 596 968 679 218 637
3 593 709 940
6 46 627 51 793 668 842
14 174 402 285 269 192 191 7 610 955 831 503 333 824 186
0
5 646 460 297 591 493
4 598 77 891 558
14 574 748 783 318 655 983 254 607 872 998 541 126 450 1000
