100
1 12
1 35
1 76
1 77
3 53 85 37
2 33 56
6 71 76 41 67 86 38
6 86 35 42 84 10 54
5 39 73 46 20 57
4 75 37 85 61
5 49 35 47 55 44
5 96 5 77 62 84
3 48 42 25
8 24 70 53 74 100 10 64 51
1 56
6 60 53 88 89 24 93
1 57
6 91 76 44 96 40 56
7 26 58 47 12 61 49 2
6 94 90 95 55 24 61
2 79 94
7 7 75 66 49 46 82 93
4 19 95 13 38
1 38
8 88 75 85 25 28 54 11 8
2 83 45
7 59 91 95 37 92 71 65
5 17 18 44 77 4
6 79 98 17 19 58 38
7 40 36 16 37 57 4 9
7 85 44 71 76 98 30 46
4 2 70 88 89
4 27 89 44 51
3 46 79 42
4 86 4 85 34
5 77 16 60 4 56
7 11 1 89 78 95 58 39
7 52 39 89 40 88 23 9
8 49 79 54 9 17 11 88 30
6 45 10 18 34 6 39
4 98 25 7 85
3 53 79 62
3 12 78 45
8 52 40 97 53 59 56 30 2
3 36 4 12
7 48 76 46 98 20 41 11
3 48 37 80
2 59 69
8 7 71 95 54 76 51 64 82
2 65 41
0
3 81 99 68
7 57 16 47 33 76 97 30
1 6
2 89 31
5 61 17 23 3 96
2 20 98
7 98 79 61 30 89 54 19
6 37 63 36 84 54 24
6 18 49 81 25 46 86
5 53 85 55 79 11
1 19
4 44 25 76 12
3 22 48 20
1 79
7 63 43 69 21 33 96 86
5 15 67 10 89 42
6 19 37 28 4 94 40
5 82 49 3 93 55
4 25 70 15 90
2 58 60
4 86 20 85 14
1 41
5 40 3 32 86 1
6 23 17 38 32 66 44
3 97 14 44
2 88 34
2 94 79
1 79
5 11 4 1 73 34
1 36
2 32 52
2 12 25
6 28 46 33 51 85 77
8 50 24 25 90 79 65 15 64
3 71 44 67
6 61 36 84 75 37 13
3 85 31 36
6 37 21 93 58 33 70
7 18 86 69 2 89 32 6
5 28 65 90 77 9
4 17 60 31 71
2 98 22
4 16 51 11 43
3 32 64 4
2 23 53
5 59 61 27 49 98
2 100 58
4 84 52 50 14
1 52
