10000
1 8165
0
0
2 3741 6189
0
0
0
0
0
1 1243
0
0
0
0
0
2 1325 665
3 4519 3839 8465
0
0
0
0
0
0
0
0
0
0
4 1024 1984 4883 9371
3 3922 6063 1424
0
6 8735 8200 7102 2609 6704 934
5 5866 7944 7089 7689 4480
0
0
0
0
0
0
0
0
0
1 8446
3 4439 7239 354
2 6678 55
0
0
2 9473 9149
3 6424 6264 6885
0
0
1 7595
4 4215 1909 5419 5253
0
0
5 5745 4908 9353 2488 7021
5 4932 7001 5168 180 9990
4 8800 9336 8534 6678
0
2 124 3670
0
2 3194 2175
1 7998
2 1523 4629
0
0
0
0
1 9011
6 8003 1427 9929 8067 776 8181
4 2906 6613 5295 3563
0
4 9136 6872 5203 5003
0
0
0
0
2 1126 2838
0
1 1385
0
0
2 9394 4554
0
0
0
6 3603 4772 2790 4557 7328 2004
0
2 2378 209
0
0
0
5 9273 7645 8226 3121 9595
3 1462 617 6781
0
0
0
0
0
0
0
4 4648 3456 5162 9806
4 2544 3660 5079 151
4 1749 8063 3029 5911
3 5784 2346 7166
2 7239 5881
1 6012
1 6156
2 2963 9802
3 6095 8773 3116
0
4 6048 6817 5017 2073
0
3 4315 6898 5938
0
0
1 9848
0
1 7434
2 387 9023
4 8351 5733 7680 9686
0
0
0
0
2 1794 1817
0
3 31 6036 2979
0
0
5 9540 6883 6294 2006 47
0
1 9505
0
0
1 6522
3 8397 1043 5562
3 4454 2101 3241
0
0
1 7069
0
2 2731 3650
0
1 6967
0
0
2 7515 6510
0
0
3 7454 5752 7492
0
0
4 3673 964 2544 6870
6 7278 7380 4840 6055 9843 4096
4 97 6606 5158 5601
1 9499
0
4 2552 1022 3710 3323
0
0
0
1 4501
0
0
2 4428 6940
0
0
0
0
1 91
0
1 3291
1 8387
0
0
1 526
5 7705 6204 8600 4859 8943
1 8313
5 9 6050 4511 1470 5565
4 8466 5924 379 6209
0
0
0
0
0
0
0
0
4 3970 3063 1479 6196
0
4 4891 1693 1904 3485
1 7323
0
0
0
0
1 725
0
0
0
0
0
5 7573 3858 4816 4547 7633
3 9212 3521 8524
1 213
0
4 7264 8562 4501 6937
2 4588 1741
0
2 6205 3851
0
2 1372 8619
4 9530 9523 9475 5886
0
0
0
0
3 9726 9851 3661
3 20 7756 1057
0
1 4078
0
0
2 342 913
3 4097 7063 6983
2 8396 6697
0
0
0
0
4 9355 4951 5175 5418
0
3 5436 1591 2991
0
3 5018 5875 1418
0
2 9719 9837
3 9265 2309 2627
0
5 9792 6641 7587 9104 9956
0
3 4467 9899 7074
2 9847 7656
0
1 771
0
0
0
0
0
0
0
3 7687 47 1980
0
4 9966 4443 9957 6600
1 4479
0
0
2 3733 9824
0
0
5 9512 4368 7644 7786 8504
3 2889 3785 9898
0
0
0
3 2957 134 3578
0
2 8536 8496
2 9828 5149
0
0
4 3098 1307 5676 5024
0
0
3 6802 6983 9938
0
0
0
0
2 2637 4199
0
1 7376
0
1 1275
0
2 5037 6951
0
0
0
3 3413 451 9150
5 3932 8189 1119 6392 8023
4 45 3284 6814 1965
1 2209
0
0
3 6380 8789 6619
0
0
3 9571 3173 8884
2 4079 1378
2 8024 9202
2 4075 3996
0
0
0
2 7986 6366
0
0
0
1 787
0
0
0
2 6595 4449
4 680 4871 9015 3298
0
1 3934
1 7354
3 1111 9470 6565
0
0
0
3 905 3362 5442
1 4529
0
2 6161 5086
0
0
2 5862 199
1 1220
3 482 3175 7223
1 8366
0
0
0
1 6087
0
2 8308 3921
3 8220 4242 5162
0
0
0
0
0
2 470 2739
0
0
0
0
0
0
4 9679 2352 4321 2619
0
0
4 9753 1775 189 1048
0
3 5149 5558 5046
0
0
0
3 6503 3407 6873
3 9902 2145 6168
6 117 1007 3929 9845 8659 312
0
0
1 6322
0
0
0
1 2243
0
0
1 7177
0
0
0
0
4 6983 7335 41 8269
0
0
0
4 9394 975 229 414
4 5897 6055 798 7972
1 2808
3 9300 5977 405
0
0
3 8346 4204 7639
0
3 594 2501 9456
1 2163
2 5428 6095
0
0
0
0
0
3 6389 5429 4606
0
1 4547
3 5632 5060 776
0
0
1 537
2 72 109
5 9139 8853 9045 9289 5016
0
0
5 2173 8657 6143 1394 1065
0
0
0
0
1 5835
0
0
0
0
0
3 4294 3384 2522
1 7001
4 8210 3654 7976 4174
0
3 8644 883 1837
1 8379
0
0
4 8657 5501 4482 1502
0
0
2 756 2188
0
1 1509
0
0
3 9872 9556 476
0
0
6 2251 8022 8536 2278 1714 5702
0
1 2462
0
0
5 1075 67 5575 7073 8125
2 4209 3506
0
0
1 5132
2 4065 9124
0
3 9151 1415 6738
1 9732
0
0
1 6786
3 6409 5408 7738
0
2 4970 3831
3 6404 6427 4313
3 6294 4979 9904
1 7398
0
0
0
0
3 8596 2513 3608
3 6265 9051 1924
1 893
3 9330 8194 6588
2 874 2353
0
0
0
6 2564 4582 2545 9986 1225 7422
0
5 5823 1246 6641 3222 9421
0
4 3515 4641 645 4803
0
0
3 7238 5553 5775
0
3 4240 9514 6498
0
0
0
0
0
0
0
2 4096 1542
0
1 6126
0
0
0
3 6944 1811 1080
2 575 1360
3 6042 7439 4565
0
1 4958
0
4 7405 9818 4255 4672
0
2 9124 5775
4 1920 8989 4172 6008
4 7557 908 2681 491
2 7765 7311
1 8214
4 3335 7104 720 5030
0
2 5801 1254
0
3 9998 6302 4741
2 9198 438
0
0
2 3052 8466
0
0
5 4428 1645 6998 6190 512
0
4 7928 2835 5972 8862
0
0
0
0
1 4657
0
3 9317 7674 4134
0
1 9055
0
3 9748 4149 9737
2 8455 3474
5 5140 6787 1273 7285 292
0
0
0
0
1 1074
0
0
4 6353 1110 2956 3933
0
7 7795 6376 9086 5214 1261 2913 1604
0
1 3090
3 8983 7436 8650
0
0
3 130 2818 9911
6 7236 1965 6302 7360 9294 2974
0
3 2994 5494 3793
5 5149 2582 5301 7616 9479
0
1 3909
0
3 2782 3067 4962
4 4468 4338 4328 4848
0
1 2316
3 281 9138 3897
3 1624 8072 1948
0
0
0
0
3 3981 4697 1051
0
0
2 968 683
1 7236
3 825 2518 4936
5 5974 3731 5269 7854 6064
0
5 852 527 5850 4801 2347
3 9944 4960 5185
2 8881 9725
5 8166 2652 4327 7551 68
0
2 8861 7469
0
3 3713 6092 2145
0
5 2464 8177 6364 9637 4354
6 6046 5259 9009 4925 4533 8268
1 637
2 828 5569
3 9571 8012 1383
0
0
4 8483 5602 5143 3696
0
0
0
0
0
0
4 3528 7096 2908 6435
1 5980
0
0
0
1 8506
0
0
0
0
3 6207 3935 5201
0
0
1 820
0
4 9415 691 5526 6028
0
2 9610 5477
0
1 7487
0
0
4 780 7205 5149 833
0
4 3800 3562 1629 6433
1 6323
5 5708 121 6840 9398 241
3 9637 1415 4354
4 1558 9238 7084 5273
0
0
1 4616
2 3510 6345
1 4991
4 6919 8490 530 1842
0
0
0
2 6026 9941
3 1412 4448 5069
3 1624 2581 8158
0
1 5593
0
1 4028
3 10 2947 4038
4 4864 8725 5994 2743
0
4 5455 3190 4376 6386
5 4582 8012 7096 9589 7445
0
1 3261
0
1 6215
0
0
0
4 5915 2281 6926 6458
0
0
0
0
0
0
0
0
1 3552
1 4680
5 1912 959 1707 5298 7904
0
0
5 5305 5878 4870 2947 4716
2 649 4239
0
4 2234 1381 7614 5950
4 2446 751 6802 4456
0
0
3 3265 1324 4296
0
0
0
0
0
0
1 6969
0
0
0
3 9237 388 5520
2 4844 1991
2 2513 4614
3 4869 5453 4751
0
0
0
4 812 9260 2489 4503
0
3 4492 5829 6739
1 6153
0
0
0
2 4844 2358
0
0
0
0
1 3607
0
0
0
0
0
0
1 4269
0
0
4 7607 166 8588 1233
0
0
0
0
0
4 6445 8769 9789 2296
4 3169 9699 8305 6606
2 7635 7769
2 1879 9402
2 2875 3131
0
0
0
0
0
0
1 1989
3 7848 533 3163
0
0
0
1 5271
0
0
1 5744
4 6839 4348 3666 6460
1 833
0
3 2956 7392 3761
3 3698 2007 2636
2 5805 4510
3 3082 1197 817
0
2 6744 7360
4 2502 9643 2560 1154
3 3377 6540 668
0
0
0
4 9924 2365 797 4582
0
2 3415 2375
0
3 3279 2690 1663
0
0
2 4934 3834
4 4948 2708 6535 8307
0
1 8208
0
4 6126 3058 1103 8686
1 4180
0
0
3 826 2185 1231
5 826 7261 6112 7234 3871
1 5385
0
0
0
0
0
0
0
0
0
0
0
4 2309 1063 5793 5014
0
0
1 279
2 5595 9924
2 9005 2024
1 8654
4 3972 9135 8786 6240
0
3 8886 8047 1485
1 7456
5 1809 4764 7396 9401 1145
0
0
0
4 8309 7833 2966 1659
0
0
0
0
0
2 2821 4345
0
3 7377 2546 5871
3 1058 7602 387
1 7709
0
0
2 9468 7822
0
1 7625
3 7595 8818 4917
0
3 7200 94 3029
0
0
0
0
2 8891 1183
2 3808 6171
1 7230
0
0
2 9091 1259
3 3734 5242 5366
1 1917
0
0
0
1 858
0
2 7180 5332
2 7544 2473
2 6498 8184
0
1 9301
0
1 7494
0
1 8679
0
0
3 6135 2220 9076
0
0
0
0
0
0
4 356 781 2145 5601
0
4 2058 890 550 1396
0
1 3749
0
1 2699
0
2 2483 8311
0
2 1437 8447
0
4 5231 5876 5456 4555
0
0
1 699
3 6745 42 8959
1 9183
0
0
3 2282 5225 616
3 8520 8017 4507
0
0
4 7807 1337 621 2744
3 1076 8101 9575
0
0
3 4267 7282 9551
0
3 7542 1682 6455
0
0
0
6 2774 8127 1609 1350 1984 7906
0
4 9744 5287 7082 2916
0
3 9813 2955 7741
3 7633 5525 6567
0
3 546 2549 1759
0
2 2346 2843
0
4 817 1876 4776 2567
4 7465 631 9518 663
0
2 2909 1408
0
2 4043 4299
0
0
0
0
7 8969 6054 6913 4159 3618 5049 7309
1 1864
1 4645
0
3 2025 5307 3439
0
4 9556 7875 4070 8089
3 4916 8790 6572
1 8736
2 9045 5794
1 6853
2 5856 3615
2 1303 9163
0
0
0
0
6 1443 1562 9813 1554 1756 2851
2 191 5265
1 8053
1 4457
0
0
2 3972 4435
1 1393
0
0
3 8497 4179 3065
1 6170
0
0
4 2430 2064 641 8710
2 5636 7300
0
0
5 4610 8585 8319 134 8926
0
0
0
0
0
3 579 1152 1006
1 1826
0
0
1 1974
0
0
3 2790 8634 6493
0
1 1193
0
0
0
0
6 483 2283 2797 5626 677 9559
3 8192 6961 3156
0
0
0
0
4 8385 6702 5679 9167
0
6 1525 4473 3434 1524 7343 8693
2 1070 3876
3 6427 6415 2758
0
2 3966 9598
0
1 8171
0
0
5 3337 8720 5766 3039 849
2 3550 1471
1 2961
0
0
0
3 6569 59 744
0
0
0
1 2337
4 8595 7341 7495 5969
0
1 4509
4 2180 7123 1296 3152
0
0
0
0
0
0
4 3083 5291 1544 7820
0
0
0
0
0
0
0
2 8723 8728
0
0
0
1 6877
0
0
4 3635 658 8254 5074
2 562 9418
0
0
1 4312
0
0
0
0
0
1 1268
3 168 5762 3545
0
2 8412 2365
1 5740
0
0
4 9126 4523 9631 7524
1 3638
2 4205 2558
0
2 4071 2561
4 5649 8645 1517 1482
0
0
0
0
3 1963 924 2291
0
0
2 6123 2643
0
3 3992 3692 643
0
1 9235
2 7971 654
0
0
0
0
0
0
0
0
1 8484
0
5 7952 41 9475 6320 8173
4 5070 2443 958 666
3 7849 5305 1197
0
4 2287 8000 9735 744
3 8712 64 8774
0
0
2 5018 3090
0
0
0
0
0
0
2 6063 7130
0
3 4490 5156 1641
0
0
0
0
0
0
3 6792 2678 4358
0
3 2821 8096 9394
2 2499 3851
0
0
1 7093
0
1 5826
0
3 569 1974 6495
0
4 4930 3137 1522 1114
0
0
0
1 1387
0
0
0
0
0
0
0
0
1 4294
4 9918 7521 4463 2788
0
0
0
0
0
2 8777 2101
0
2 5379 4396
0
0
0
0
0
0
1 4498
0
0
4 2383 6925 1801 5838
2 8405 8127
4 373 2672 8495 2264
4 8981 8036 8687 161
3 2733 9113 2
0
2 2980 5607
1 1713
6 4697 3972 3764 9490 2634 4331
0
2 8866 4476
2 5340 297
2 6839 9396
1 930
3 7030 7595 6849
2 4030 1992
0
0
0
0
3 3784 4095 2122
1 5838
0
0
1 6382
3 7022 6815 1056
0
0
0
0
0
3 9178 9714 5586
0
0
0
0
0
1 8682
0
3 6287 4191 7672
0
0
0
0
0
2 269 3024
0
0
1 1131
0
1 8883
0
1 4410
0
0
1 6854
0
0
0
2 1895 8557
0
1 1243
0
2 2280 3383
0
0
2 2689 9828
1 6388
2 2238 9609
2 8018 7873
0
1 4988
0
0
2 8758 871
0
2 3316 5837
0
0
4 8225 8432 7413 8469
0
0
5 460 3701 8105 7693 5316
0
0
3 825 6317 4260
0
0
4 4065 2191 89 2947
0
0
0
0
4 5033 4747 1909 5087
0
1 6607
0
3 1555 5960 7807
6 9679 3498 4624 8218 9278 8190
0
2 4995 3870
0
2 6658 4090
0
0
4 1885 6035 5725 3942
1 4532
2 9669 7833
3 3161 434 2422
0
0
1 2391
0
0
5 7363 9595 2108 7286 7113
0
0
7 5070 8992 7713 2848 9458 8656 4817
1 2663
0
0
2 1013 2726
0
7 6964 3898 7480 2160 9262 4086 7775
0
0
0
0
6 9864 1201 4758 15 796 3248
0
4 2206 6314 5538 288
0
0
3 7746 3070 593
1 8065
0
2 8429 2852
0
0
0
4 3804 1587 7648 2620
0
2 6946 5861
1 4326
0
1 1101
3 2614 1091 8939
0
2 5628 7367
4 9169 9213 6974 1969
0
1 4881
1 2219
0
1 3058
0
0
0
0
0
0
0
2 3823 4567
3 3522 5645 3317
0
0
0
1 968
0
3 1151 7791 5722
3 6770 3459 6559
0
0
0
0
0
1 6387
0
0
0
2 5187 1378
1 2435
0
0
0
0
0
3 2213 3180 5202
0
2 1331 3803
0
1 9938
5 4557 4011 8665 9625 4361
0
0
0
0
3 1298 1966 5016
0
0
5 6984 2583 7299 2608 674
4 4602 586 7493 3667
0
3 4590 5952 7307
3 1621 1044 2825
0
0
1 5867
0
0
0
4 1508 9561 4822 2578
0
1 9570
0
0
0
0
0
0
0
0
0
0
0
1 5902
0
0
3 8354 8233 6316
3 2703 5883 3605
2 1541 7266
0
0
0
0
0
0
1 8702
0
4 8538 3269 4209 6014
0
0
0
0
0
0
0
5 1876 7618 6843 161 1985
1 4131
0
0
0
0
0
0
2 6387 4386
0
0
0
0
0
1 1052
0
3 237 7867 7306
1 509
1 5269
3 9364 4323 1854
5 6926 9438 2346 7069 4759
0
0
1 6244
0
0
0
2 6105 6640
0
0
1 9815
1 5832
0
0
0
1 610
2 7474 4738
1 9261
1 3396
4 8534 4316 5851 235
0
1 5000
0
5 4475 4176 425 9149 1904
0
2 9120 8420
3 7817 3228 9540
3 1829 4253 7624
0
1 7041
0
0
0
3 2884 2335 1583
0
0
3 1666 3850 1886
0
0
1 1687
2 9455 8881
0
0
0
0
0
0
0
0
0
0
5 5266 4904 3843 8241 6902
0
1 9330
0
0
0
0
0
3 1038 9380 6908
0
5 9356 5871 4951 4312 6993
0
2 6138 9980
0
2 9767 866
2 4727 8590
0
0
0
0
1 9304
0
0
0
2 2160 3685
0
1 520
0
0
4 9023 7124 2069 7635
0
0
0
0
4 1493 6327 4319 1544
4 3308 6002 3962 775
0
0
1 2926
0
0
0
3 1070 6491 3
0
2 6646 4904
1 1602
0
2 5597 8102
0
0
0
0
0
2 9931 3449
1 5481
0
0
2 6077 2120
0
0
0
0
2 94 4724
0
2 6130 8257
0
6 8444 6250 4035 9115 8967 6698
0
3 7880 2424 8591
0
2 2581 6319
0
2 3725 3946
2 8672 1131
0
0
0
0
0
5 2244 7388 7333 8133 1138
0
3 2203 9520 8336
4 3830 5963 8924 9963
1 5313
0
0
0
0
0
0
4 8360 735 6735 8567
0
0
3 5452 3833 3247
1 623
0
0
1 1315
0
2 9104 5592
0
1 9331
0
5 5339 1445 2515 9189 2395
0
2 6099 4470
0
0
0
0
0
0
0
3 4092 4537 6715
3 7953 6199 572
3 999 1420 6267
3 3422 3049 8082
0
0
0
0
0
0
1 4387
4 6829 9380 7067 5722
0
0
1 2191
0
2 9235 8139
1 9927
6 9547 7725 2722 9999 550 1104
0
0
0
0
0
0
0
2 958 5567
4 2969 9755 8382 661
0
0
0
0
5 2797 8516 4406 2016 6303
0
0
0
0
0
1 5579
5 7882 9180 2971 7657 9487
2 5934 3921
1 2030
1 4001
0
0
3 9681 2202 2184
0
4 9866 3813 1354 2796
0
0
0
5 9310 8177 7310 2699 759
0
5 5377 4843 1585 2121 4723
0
5 9939 318 1214 9006 6839
1 3162
0
0
0
0
3 4993 5324 4579
1 7715
0
0
0
2 122 541
4 6032 6440 3718 2004
0
5 8797 8479 1673 3761 4968
0
1 1615
2 6367 671
0
3 2222 8923 9258
1 1538
0
0
0
0
0
0
0
0
2 8450 1382
2 9961 161
0
3 2384 8224 8046
0
0
0
0
0
1 4061
3 9132 6987 3824
5 9030 5081 7690 5198 5290
2 6634 6349
0
4 3352 898 3316 2935
6 9681 1244 3012 2240 6341 2531
1 9502
0
0
3 9577 65 5524
0
0
0
0
0
1 3015
0
0
1 9777
0
0
0
0
0
0
0
0
6 8659 508 7363 9756 5916 2814
0
0
0
0
0
5 4539 8472 1442 83 3245
0
1 1210
2 4814 3991
0
0
3 2729 9911 3899
3 9320 7595 7922
3 2307 5756 6243
3 9095 6690 4699
0
3 4694 8214 2594
1 4986
3 9109 4799 4170
0
0
3 5585 7017 7145
0
0
2 8395 3832
0
0
0
0
2 9185 4372
0
0
0
1 1395
0
0
0
0
4 5762 2273 2230 6565
2 3048 5261
0
4 8899 6738 143 4113
0
0
0
0
4 7596 7943 9302 8139
0
0
0
0
2 4975 3348
3 9068 5312 1014
4 7065 7832 410 7117
0
0
0
5 7402 8855 7500 4852 8666
1 4432
0
0
1 4698
2 5642 549
3 5551 4591 1949
4 4362 1214 7870 3686
0
0
1 4725
6 8403 6945 3165 9516 8987 8345
2 9979 5068
0
0
0
0
0
0
0
1 9405
1 6696
0
0
3 7130 8961 5319
2 9913 5381
4 5982 9497 3428 2884
0
0
2 3000 2282
0
0
0
3 9880 8906 6310
0
0
0
0
0
0
0
3 3062 7304 9250
0
1 3772
1 7727
2 3568 6860
4 5724 6404 888 8193
0
4 4309 844 7325 6168
6 2345 9581 5622 2124 6637 3870
5 6578 8088 4983 5498 2375
1 6190
0
0
5 8731 3825 8388 7367 7632
0
0
0
0
2 1496 94
3 4677 3716 3232
0
2 9086 2307
0
0
5 6110 8092 8481 5472 7001
0
0
0
4 6038 9312 7044 4321
0
0
0
0
0
0
0
0
1 5540
0
1 206
3 5158 2053 2087
0
0
1 2742
1 489
0
0
0
1 813
0
5 902 3106 2020 4435 719
0
0
4 9060 3344 4953 7103
0
3 5182 5966 1685
0
1 1354
0
0
0
0
0
0
0
0
0
2 2564 3287
1 1184
0
3 7864 5193 6109
1 425
2 9168 689
2 4635 8618
0
5 6910 8939 3827 2818 4016
2 7676 4131
0
0
0
1 6257
1 1333
0
0
2 479 4538
0
4 3571 308 7525 3731
0
0
0
1 8319
2 1630 4341
2 4658 7131
1 8557
1 5199
4 8544 4764 3839 4301
1 5276
0
0
3 8521 75 6231
0
0
0
3 928 8307 8678
0
1 120
0
0
1 2908
4 4061 2987 8543 1299
0
4 296 7785 4372 8768
0
0
4 1426 8399 5495 8294
5 2220 3314 5189 7661 6614
0
0
0
0
0
0
0
2 958 8341
3 3821 9795 2529
0
0
2 9927 1024
0
0
0
2 6329 2359
0
0
0
2 812 1218
1 4773
0
0
2 8940 9737
1 5982
2 6322 8626
0
0
0
0
0
4 2073 1185 4369 3237
3 9133 3346 6807
0
2 338 3356
0
0
0
0
0
0
0
4 737 2301 8293 3544
0
3 207 9084 1046
0
0
0
0
2 8466 4068
3 1075 2404 6865
0
0
1 4027
5 2138 6474 595 7092 2137
0
2 6118 7119
7 5767 8550 3997 6593 2126 1002 8568
0
0
3 3023 9110 4786
1 9970
1 9389
0
0
0
2 1907 3853
3 3846 7100 8387
0
0
0
0
0
0
4 2191 9546 9413 677
0
1 3315
4 8600 1811 8209 1418
0
0
3 3117 5349 8186
0
0
0
1 4365
2 8129 1688
0
0
0
4 8810 6706 8383 762
0
0
0
0
0
3 9954 2696 4293
0
4 6206 6392 5655 6151
0
0
0
0
4 3274 5323 6973 9786
0
1 608
0
4 6447 8647 5785 8442
0
2 4406 3707
0
1 9873
1 2798
0
1 8202
0
0
3 9025 6767 5732
0
5 4773 5461 3783 7917 6251
0
1 5270
0
0
1 7986
0
0
0
0
0
0
2 5768 8948
2 6104 5547
0
3 943 2111 8482
0
0
0
0
0
3 2310 5008 4453
0
1 2195
2 8909 3154
6 7126 2032 1805 941 8267 211
0
4 8813 7965 2010 9509
2 4814 2144
0
0
2 3990 9393
0
0
0
3 3387 3310 2445
0
0
2 8648 6975
0
0
2 244 4691
0
0
3 7552 4969 2343
0
0
0
0
0
3 8937 3448 5804
0
4 1219 4971 9462 6319
1 1166
4 3937 5561 2564 4228
1 9399
2 1361 7820
0
3 6135 5757 4386
0
0
0
0
0
0
0
0
0
2 6979 4843
2 4336 6667
0
0
0
0
0
1 803
4 1427 830 9015 8878
0
1 4465
2 5820 391
0
1 9178
0
0
0
0
0
3 2237 802 3902
1 147
1 5892
2 749 4988
2 1 1250
3 2733 509 5541
0
1 1725
1 3464
2 9873 757
0
0
5 2252 775 1747 6293 9331
0
0
4 473 8792 525 323
0
4 5877 4275 8511 5524
1 4645
0
0
0
0
0
3 1633 7148 3274
3 1293 5206 3963
0
4 9043 5395 2662 4590
0
2 6279 3253
0
2 9810 7800
3 4830 4024 737
3 648 5474 12
0
0
0
6 1699 8902 6681 9919 3203 9385
0
6 4220 2323 2165 6723 6326 5589
4 791 9460 349 6238
2 4250 925
0
0
6 406 2393 155 5805 4457 6735
0
0
1 4333
5 1456 1332 6817 1577 6680
0
3 7163 79 3498
3 954 3121 9506
1 8744
0
2 8519 1048
0
2 5985 1126
4 7676 1977 2714 7163
4 486 392 9885 3674
1 9728
0
0
3 9803 7693 6317
2 6764 5417
4 8524 1046 9555 9797
0
4 9576 1395 7592 708
0
4 2980 5713 7254 904
0
0
2 1760 7196
4 6091 4164 9109 2351
0
0
4 2603 4300 547 5167
4 7379 1239 6134 625
0
2 9479 4705
0
5 8211 8237 8901 5674 2039
3 7443 7497 4704
1 1421
3 2494 4109 1959
3 5439 9596 3928
2 7570 9437
0
0
0
0
0
2 3061 5672
0
2 4304 807
0
0
0
0
3 4329 5541 4289
0
2 411 5601
0
1 4630
0
2 8211 1081
0
3 4620 8055 1732
0
0
0
0
0
2 7260 2239
0
3 8715 1584 9563
0
4 7198 2337 5607 6624
3 9307 3627 8736
0
0
5 5774 287 9321 6393 2343
0
2 5236 8780
0
0
0
0
0
4 8613 8171 499 4418
0
4 6622 261 3752 7565
0
0
0
0
4 4671 8839 9325 2431
3 8999 7218 4381
0
0
2 9607 2434
2 1127 5352
1 9848
0
0
0
1 5620
0
0
0
0
2 4425 900
2 4188 2092
5 7265 5952 1247 2735 6103
4 1672 7283 546 7071
0
0
0
0
1 1328
0
1 2428
0
2 4028 4936
0
0
0
0
0
0
3 4889 9634 4921
0
1 2082
0
1 9361
0
0
0
0
0
0
0
0
0
0
0
0
1 183
2 2848 5207
0
0
1 3163
2 5737 7923
0
0
0
0
0
4 5287 1097 6512 9293
0
3 3760 4093 4734
3 5312 6916 4916
0
1 2085
0
0
4 9860 6228 683 2061
0
2 887 2860
0
3 1727 1988 6379
0
3 576 3155 414
1 9965
1 8543
0
0
0
0
0
3 3289 6000 3049
2 6083 499
2 4744 814
0
4 5055 1566 1396 499
1 3264
0
1 7194
0
0
2 5616 6419
2 9891 3405
0
0
0
4 558 2240 257 69
2 8423 368
0
0
1 1521
1 4162
0
0
1 1731
0
0
0
0
0
0
0
3 1772 8512 5615
0
0
1 4820
0
2 6369 8997
2 2210 9165
0
0
0
0
0
1 4929
2 9925 3581
0
0
0
0
2 9235 2322
0
1 125
0
0
0
0
0
0
0
0
0
0
0
0
0
1 6397
0
2 7618 6852
0
0
2 925 3812
0
0
0
2 1403 8743
0
2 13 4895
3 5472 1247 5859
0
0
0
0
2 8541 6707
0
0
0
2 9556 349
0
0
5 5085 9036 464 4744 490
0
0
0
0
5 8568 302 3452 3654 9515
0
1 5476
0
0
0
0
2 135 3894
0
1 1427
2 8119 8546
0
0
0
0
4 6094 738 4094 6755
0
0
0
0
0
0
0
2 25 9326
2 8150 357
6 452 6831 1173 6150 3002 6125
0
0
2 2796 2340
0
0
0
0
0
1 199
2 2705 6684
0
0
3 3005 6242 7427
0
0
3 4540 5784 7846
2 9900 9536
3 8608 6314 5130
0
0
0
1 7247
0
1 5060
0
2 749 2199
0
0
0
0
1 8708
2 1798 9266
4 9240 4484 4269 3839
0
0
0
0
0
1 8196
3 8110 681 9931
0
0
0
1 1212
2 3042 467
0
0
3 40 1698 1280
3 3895 8039 5397
2 5649 3281
1 6002
1 8876
0
2 4405 3358
0
0
4 8704 3002 7876 4369
0
0
0
3 2394 9810 7827
0
0
2 6230 9109
0
1 7292
3 1453 8828 1997
0
0
0
0
0
5 315 9944 9001 2123 1812
0
0
0
0
0
0
0
2 9393 3050
0
0
0
0
0
4 9713 3422 3624 4316
4 9795 5205 539 4207
0
0
4 4866 4625 6982 6988
1 167
1 2686
0
2 1859 5635
0
2 1894 9419
0
3 4008 9658 8555
3 4338 3866 1032
0
2 9827 3034
0
5 4691 2925 5149 6271 3902
0
3 1616 9334 9403
2 8533 7556
1 8698
0
0
2 9504 7125
3 7018 8133 7857
0
2 5436 5545
3 7756 6338 9536
2 6606 7155
0
0
6 8398 6215 7867 2593 1210 5747
1 7475
0
1 1623
2 425 3000
0
0
3 3096 256 4134
5 9855 7215 7660 3757 7486
0
0
0
1 1740
0
3 9042 3063 2197
0
0
0
3 1762 9027 9273
1 3032
0
0
1 6146
0
2 5220 4397
1 6032
2 1873 6019
1 166
0
0
0
0
0
1 7724
0
1 8833
2 9070 2243
3 7660 4780 4747
2 7871 2559
0
4 3980 5472 3011 5539
0
6 5082 6746 3263 3093 6052 9616
0
0
0
0
3 7521 9649 9850
0
0
2 466 3987
1 8776
0
1 2725
1 8034
2 7352 5617
3 7360 9360 7590
2 3781 7456
1 9278
0
0
0
0
0
0
0
2 829 4974
4 779 5510 6442 2798
1 4441
0
0
0
0
0
0
0
1 9791
3 4596 3225 9110
0
0
5 5318 7636 7784 9978 484
0
0
3 2005 505 6003
4 2558 8539 9146 4534
3 6979 4035 1916
0
1 2889
2 4006 2540
0
0
0
0
2 4863 6205
0
0
3 1048 7694 7863
0
0
7 9270 1613 1988 2577 817 5762 9658
2 6409 8139
0
0
0
0
0
1 9397
3 4789 4572 8329
0
1 9279
0
0
0
0
0
0
1 4509
2 693 8983
1 243
1 3541
0
3 925 1237 8508
0
6 9273 6975 6998 7195 3740 7388
0
5 1274 8842 7782 5154 5382
0
3 3251 225 9220
0
0
0
6 5783 2501 3062 9801 6621 8483
0
0
1 4433
0
0
1 7746
3 9553 5502 9450
0
0
0
2 1367 9968
1 9632
3 3602 4310 6255
0
0
3 7442 928 115
2 5479 5555
2 7124 8231
3 4744 2781 3584
0
0
0
1 2755
0
0
2 197 9836
0
0
3 2419 2586 788
0
0
0
1 8046
2 9698 8720
2 4189 8794
2 4082 5573
5 1607 8534 1467 2332 9360
2 9582 4071
1 6593
0
0
2 6705 628
0
0
4 7605 6808 5388 7376
0
0
4 5813 9082 6945 7645
0
0
0
0
2 1857 7121
4 2505 5308 6312 3046
0
2 1011 2097
2 9147 9979
0
0
0
0
4 2679 8143 6164 2688
0
2 7820 1568
0
0
0
0
0
0
0
5 6908 9042 5673 1749 7078
0
0
3 910 1788 7311
0
0
0
1 4661
0
2 7840 1627
1 5943
0
0
0
0
0
0
0
0
0
0
0
1 6667
0
1 8058
1 6564
0
1 7783
0
0
4 1186 4497 9412 1149
0
0
0
0
3 4053 6024 5716
0
0
0
0
0
5 6757 2841 8770 4658 8671
4 4960 8852 4452 9372
0
0
0
0
0
0
0
0
3 8960 7118 4652
0
0
0
1 2069
0
0
0
0
4 4776 6035 558 1288
0
0
0
2 3394 7071
0
4 2107 2898 2385 2534
0
3 7925 9442 885
0
2 7345 4504
0
0
3 5066 3745 2956
0
0
0
2 2554 1230
0
3 1502 2464 6191
2 3281 240
4 1748 9585 3173 9043
0
3 1857 9728 8823
0
3 5483 9211 8705
0
3 1758 5253 3797
0
4 651 6447 6026 5306
0
0
0
0
0
5 8323 4981 9781 5951 9220
0
4 4511 3642 6597 8679
0
0
0
0
5 3490 1990 8991 6475 7582
0
0
0
0
2 4021 2686
1 7879
3 4935 9817 2050
6 660 2638 8910 4776 6107 8912
0
0
0
0
2 4556 5918
0
0
0
3 8079 4017 606
4 998 6640 9336 1475
0
0
0
0
3 3312 4282 8788
0
0
1 6703
2 2246 6949
1 3293
4 4418 2560 5714 146
0
4 3870 9542 1199 5733
0
0
0
1 3584
3 390 4853 8301
1 6199
0
0
0
0
2 1532 6503
0
0
1 7829
0
0
1 5227
0
4 8317 9282 7404 9103
3 4420 2341 1460
0
3 4168 1120 5434
5 765 7791 6212 1790 5094
0
1 367
1 911
0
0
0
0
0
0
0
0
0
3 6615 895 4681
0
2 1908 7375
2 3916 6685
3 7934 4984 622
3 6903 1157 9151
0
0
0
0
0
3 4509 9748 3293
3 4486 2814 2653
2 2868 7532
1 3358
0
5 6059 7964 7009 298 9124
0
5 5019 6382 8953 6542 31
1 5487
0
0
0
2 3742 9030
1 2411
0
0
1 9285
1 6110
0
5 1738 4243 4785 7493 5339
0
0
0
0
1 3039
2 8552 322
0
1 39
0
3 915 7970 255
3 4276 7379 5484
0
1 6737
0
0
0
0
0
3 352 4864 5393
2 8778 1774
0
0
3 5408 26 8094
0
0
3 7241 335 8615
0
3 73 1459 8222
0
0
0
0
0
0
1 2780
3 453 6410 2148
0
5 531 3457 1271 6725 1067
3 580 4842 9232
3 8502 1921 2775
3 7331 793 9276
0
1 3498
0
2 3965 9456
0
0
0
0
0
1 5735
3 1407 2630 9140
0
3 5276 8461 2519
0
5 2265 5720 6052 9894 6887
2 4172 8103
1 5580
0
0
0
2 8946 8259
0
0
1 3828
0
0
0
0
0
4 9875 3178 558 1525
0
0
0
0
1 4675
0
0
0
0
3 9037 9838 4662
0
0
0
1 3327
1 3229
1 9888
4 4037 1768 4770 2788
0
0
0
0
0
3 4296 4849 8879
0
1 6685
0
0
1 5975
1 363
0
1 4563
0
3 2421 2822 6078
6 6090 6665 7819 8500 8481 1142
2 5635 8030
0
2 8049 7519
0
0
0
0
1 6204
0
3 3039 3931 9269
0
0
5 3665 6862 2883 5155 8300
0
0
0
1 872
6 3266 2283 3342 6499 9765 7864
3 7902 9210 9857
1 5271
0
0
6 1132 5374 3001 4831 2319 7614
0
0
0
4 2695 4003 9305 9420
0
1 5924
0
0
2 7021 2096
0
2 8236 3953
3 4457 3483 8170
0
0
0
0
2 3220 9614
1 2145
0
4 3884 1867 2405 1359
0
0
3 9559 1725 8767
4 9997 4736 9929 5150
4 1965 8563 4760 5522
0
0
0
0
1 3688
0
1 739
0
3 7055 7641 1787
0
5 2943 4724 7389 9440 863
0
5 8189 5271 3559 2881 2088
0
0
0
1 160
0
1 864
0
1 9485
0
3 5068 564 6446
0
0
0
0
0
3 5278 577 3871
0
3 2207 5209 3182
0
0
0
0
3 1606 2360 3054
0
0
3 811 5572 5531
0
0
1 655
1 883
0
0
4 5427 9779 3827 3571
0
0
0
0
0
2 1514 4468
0
4 4870 6243 5012 4103
0
0
0
5 340 3992 2490 7034 4182
0
0
0
0
0
1 4942
0
0
0
6 4768 189 3934 6371 6379 4372
0
0
1 5273
0
0
0
0
2 766 6027
0
2 2640 8248
0
2 5661 6367
5 7480 5681 3681 8483 7669
0
2 9295 3211
0
2 4263 997
0
0
0
0
5 8354 94 1907 3844 4436
0
2 255 9654
0
0
0
0
0
0
0
4 3093 2628 4253 6155
1 887
0
0
0
1 9131
0
3 5096 7010 6612
0
0
0
0
0
3 5429 3335 7475
0
0
1 9146
0
0
5 1909 7741 7696 8250 9029
1 714
0
0
0
2 846 5931
3 5035 1600 224
0
2 7023 3522
2 9792 9558
0
0
0
0
1 6417
1 5264
0
0
3 8807 4448 7438
2 5634 5992
1 3684
0
2 8342 9364
2 7960 5290
0
0
0
0
0
0
0
0
0
2 2710 910
2 7350 8929
4 3067 9117 1561 2820
1 1652
0
0
0
2 7495 2777
3 1973 509 7373
0
0
2 65 5082
0
0
0
0
2 1372 9556
2 516 5257
0
1 1231
0
1 9246
0
0
1 9893
0
0
3 7589 9016 4124
0
0
0
0
0
0
0
0
6 5680 8735 9665 68 1918 6001
3 5071 593 1458
0
0
3 6614 4491 9921
0
2 7347 5061
0
0
2 2584 7392
1 6334
0
2 5788 6023
2 8960 9550
0
0
3 3199 4456 1815
0
5 7296 9161 5456 3871 9290
0
0
0
0
0
3 1695 9831 3110
0
0
0
1 1258
3 839 2305 9514
0
1 2032
0
0
0
0
2 572 8311
1 3705
0
4 4853 3694 5307 5959
3 1412 5980 6938
2 3676 3742
0
0
0
0
2 1483 1081
0
0
3 8103 6509 4093
2 2430 4169
0
2 4034 6997
2 2200 5296
5 9184 8169 7669 4357 4228
0
0
0
1 933
1 5625
0
2 5648 5305
3 8638 2026 2695
0
0
0
4 7455 4664 1495 8264
1 1611
2 106 1680
2 3322 6952
3 3318 5089 7461
1 2270
0
3 5479 485 5024
0
0
2 2162 9040
4 4759 1645 2317 5187
0
1 2231
0
4 4173 2209 9009 4653
0
0
5 3579 8045 1996 4184 3279
0
0
0
0
0
0
0
0
3 5604 9351 6401
0
2 8565 4390
1 1642
6 3194 1684 7399 9398 7916 9566
1 9539
0
0
1 9764
0
2 6094 5227
0
0
2 8302 7006
2 2642 3057
0
0
0
1 6007
0
0
0
0
1 8750
2 713 4019
0
4 1828 8897 9570 6197
1 8842
4 9264 7565 5680 1713
4 6107 587 6838 2737
0
0
0
2 6164 538
1 2516
2 9775 9532
0
0
0
0
0
0
4 63 5267 7420 3274
0
2 2036 1973
3 641 4977 507
0
0
0
3 1017 1960 1852
0
0
5 9181 4471 65 634 5467
1 3630
0
5 6068 5630 9801 6564 7280
0
3 4864 4488 6779
0
3 8629 7527 7448
2 2127 2847
0
1 1313
0
0
0
0
0
1 3543
0
1 6350
4 5150 6989 5554 6410
0
3 8020 4255 632
0
0
0
0
0
2 9791 663
0
0
4 9429 7543 6786 7663
2 446 973
0
0
0
0
3 8977 8721 451
1 2918
1 71
4 4204 6394 9189 9590
3 1018 5521 9974
0
0
0
0
0
0
1 5478
0
0
0
1 8169
2 6005 2417
1 1838
1 797
0
6 3499 5390 143 9791 2450 7790
5 2735 5826 5475 203 6561
6 2782 1630 1145 7961 5241 472
2 5572 4165
1 3923
1 1292
0
0
0
0
1 8756
0
0
0
3 6708 3564 2972
2 6925 2793
0
0
3 7228 8898 1915
0
0
1 7252
0
2 5548 4600
1 8366
3 7220 7100 2291
0
0
6 7443 8421 1524 8991 6638 4162
1 3239
0
6 5663 3089 9891 3903 4913 6668
1 4408
2 5875 2658
2 9901 7881
0
0
0
4 2718 7150 5907 6620
2 4106 8248
2 2113 3869
0
2 4534 6254
0
1 1158
0
0
3 9255 7901 4718
0
1 426
0
3 8474 7273 5716
0
1 8492
1 8832
2 2891 9466
4 8993 7662 5991 1180
0
2 8449 6839
5 891 8416 8097 305 8218
2 7502 9588
0
0
0
0
0
0
2 6677 796
0
1 2807
4 1788 3064 3425 3947
0
0
6 2189 8657 8992 4943 9793 7845
2 9644 8680
0
1 2481
1 5625
3 1403 9328 9338
2 934 5992
0
0
0
4 3864 3438 4340 1312
2 8164 7651
6 2863 462 9910 2798 7798 8663
1 8716
0
0
0
0
0
0
3 7294 5459 4266
0
0
2 7809 6943
1 7049
0
1 8057
5 4289 1190 6182 9617 8092
0
1 3185
0
0
0
1 3111
0
0
3 9640 8354 7408
1 1428
0
5 7382 4819 8309 9911 7471
0
0
0
0
5 2021 5208 4807 9075 7540
0
0
0
0
0
0
1 8187
0
0
0
0
4 4418 9357 4879 8533
0
0
0
2 3580 1024
0
5 2150 4207 2449 8440 7604
0
0
2 7434 5552
0
0
2 2371 6522
0
0
0
0
1 2468
0
0
1 1441
0
0
0
0
0
1 5480
0
0
0
0
1 4931
0
1 3826
0
0
0
3 8460 6053 4601
0
0
0
0
0
0
0
0
0
1 4130
0
0
3 6086 1081 5925
0
0
0
1 6295
0
0
0
0
3 7003 6326 8369
0
0
3 4663 3204 8598
0
0
0
1 2711
0
0
0
0
0
1 5121
0
1 7007
0
2 5980 4740
0
0
1 2389
0
1 6569
0
0
0
0
2 6660 6267
0
3 7829 4675 2590
0
0
2 3379 2171
0
0
0
0
0
0
0
0
0
0
0
0
1 8049
1 7475
0
2 5895 9675
1 2539
1 1256
3 840 3827 6915
5 1717 29 5739 1787 7692
3 190 3939 8699
0
0
0
0
0
0
0
0
0
5 1895 9364 7765 8237 954
0
4 4132 5019 1865 8621
0
4 6960 7914 768 8025
3 7378 325 5918
0
0
0
0
2 4640 4458
2 2258 4373
0
0
5 4165 1660 1129 6046 7028
2 2315 245
0
2 9147 5654
1 4044
0
3 1458 7141 4697
0
0
2 8139 8453
0
6 8542 5581 4730 8590 8326 358
0
0
0
0
3 7092 9211 6598
0
0
0
1 7146
0
0
5 4792 565 7606 5974 6462
2 1683 9119
0
0
3 9355 8106 1314
1 8870
3 6896 6520 7225
1 3284
0
1 5443
0
0
2 855 146
3 4909 6932 527
0
0
2 9000 5725
0
0
0
0
0
0
0
0
0
1 6159
0
3 7489 1223 4473
3 2392 6813 1141
0
0
0
1 3808
5 2773 6658 7040 8930 6511
3 6147 7155 3110
4 687 2776 6154 8690
2 2900 9588
1 7697
2 2761 560
0
0
0
1 5664
4 5329 4125 6473 1617
0
0
0
3 8440 4327 7384
1 8252
5 5773 5069 6715 3477 5807
0
0
0
3 7012 6061 9600
0
0
0
3 290 1810 3587
0
1 5117
0
2 2569 3961
0
0
1 416
3 1141 954 307
0
0
4 3812 3454 1583 1198
4 5598 5774 8183 3383
0
0
0
0
3 7119 6721 4305
0
4 678 4561 6888 2789
4 8366 4854 1672 3416
2 2657 9772
6 9336 6333 897 6263 8149 9546
1 5150
0
1 3771
0
1 9636
0
2 4765 6134
0
3 8295 7310 2311
2 1978 4404
2 2675 1681
0
0
0
0
3 4843 3991 7024
5 5531 1466 6702 5906 9325
0
0
0
0
2 3599 7289
0
2 8262 9990
1 5284
0
3 6902 9731 4759
3 5901 433 4050
0
3 9016 1896 9696
0
0
0
0
2 855 1482
2 822 2386
0
4 9938 2751 1235 2088
0
2 5110 3100
3 5420 6939 991
0
0
2 3685 1570
2 9843 1741
0
0
1 9008
0
4 6438 2220 5257 3188
2 4267 8310
0
3 3614 8423 2105
3 8014 8372 8530
0
2 8024 8524
0
0
4 4623 7392 8176 3213
0
2 9055 6071
0
1 8893
5 8487 1325 3052 8170 7435
0
3 6417 2058 7141
0
6 1697 3562 2104 6970 1177 1077
2 8378 1720
0
1 7226
0
3 6027 2618 7075
0
0
3 8810 8374 1862
1 611
0
1 8659
0
0
0
0
2 9238 5340
0
0
0
3 849 1366 5059
0
1 3899
2 9143 6194
4 1468 9747 6462 5564
0
3 7293 8053 1492
5 6246 5168 8291 961 9875
0
1 7024
0
0
3 822 7516 9462
0
2 8215 5733
0
3 6857 3117 7483
0
0
0
3 9779 3861 6126
0
0
3 3691 377 9836
1 795
4 3354 3245 9982 4797
0
3 2063 2457 9986
1 3447
1 1901
1 1007
0
0
0
0
4 9718 4929 3032 3781
0
0
3 7230 5969 5316
0
3 7171 5511 9790
0
0
0
2 9502 6526
0
0
4 9856 8500 6405 8236
0
0
3 9464 8207 5133
0
4 3859 1174 1324 6646
0
4 578 5071 5947 5816
0
0
4 8422 8557 780 801
0
3 8971 1699 9681
0
1 91
0
5 816 292 7839 4906 4441
0
4 6012 7300 6194 9311
3 3627 9659 1898
2 7042 3067
1 3800
2 5107 9115
1 2925
2 1469 6167
0
0
1 3823
0
1 2771
0
2 944 6821
0
0
0
0
0
0
0
2 4176 2897
0
0
5 9468 3068 1790 1743 6290
6 9603 5440 1652 103 1828 6732
0
0
4 6235 4880 3171 4364
0
0
1 2852
1 5432
5 9354 7821 1267 7880 714
0
0
0
3 5710 3792 5448
0
0
1 6745
4 4803 5112 3006 972
0
0
2 8283 6963
0
3 638 3891 2476
0
4 8650 5503 4017 2994
5 2478 1363 1189 2798 7795
3 5381 5137 4375
1 7118
0
3 387 5564 2759
3 5901 6955 506
3 3895 800 5633
2 1776 9405
0
0
0
1 7265
0
1 9897
0
1 5409
3 6195 1386 9705
4 4437 413 95 484
2 3282 9581
0
0
2 4391 400
0
0
3 4788 8826 8081
2 9464 6631
0
0
0
1 9886
3 6774 3786 355
1 8191
0
0
0
0
3 1285 1021 278
3 9487 4773 7346
3 9528 2376 4473
0
0
0
5 2562 6572 6216 6268 2076
3 6328 4881 2961
0
0
0
4 1719 1331 654 714
0
4 8689 3828 362 1670
0
0
2 5793 5411
1 7809
0
3 4076 1302 4468
0
1 1568
0
0
1 7409
0
0
0
0
1 5494
0
0
0
0
0
2 8160 9376
0
0
1 3111
0
5 8235 1409 6840 9086 4457
4 7360 2544 4149 2479
0
5 7195 1153 7087 3568 5132
0
1 5252
0
2 622 6558
0
2 1706 9934
3 6320 6857 9052
2 2281 8150
0
0
3 5654 1124 2827
0
0
0
0
0
1 1274
0
0
0
0
1 8686
0
5 7381 1559 2941 9941 9459
0
0
0
5 9022 7088 7749 4845 1129
2 1351 7164
0
3 4840 5483 3535
2 2157 2091
0
0
0
0
0
0
2 1154 8177
0
0
0
0
3 4600 4234 2346
1 1305
3 139 9942 4908
0
0
2 9505 7482
6 4044 5109 1656 7454 4551 4609
1 5375
0
3 1229 15 2335
0
0
1 5421
0
0
0
0
0
3 1343 1513 250
1 2793
5 2492 8016 5530 1263 5865
0
0
0
3 8160 2860 8725
3 1239 2860 9044
0
3 5920 5576 6142
4 4040 1104 352 8497
0
0
0
0
0
0
2 8539 6275
4 7802 3322 2737 5742
0
1 3912
0
5 5794 220 7270 2642 5621
0
4 5805 4017 3756 436
1 1500
0
0
1 2083
0
0
1 5458
0
0
5 8167 6253 6795 7085 6742
0
0
0
4 6805 5241 5536 3259
2 7129 8841
1 3517
0
2 5825 6696
0
1 7539
0
1 2147
0
4 946 304 1819 2348
0
0
2 4659 8349
1 4716
0
0
0
0
2 7692 307
0
3 6286 4469 8433
3 7006 3354 3868
0
4 6834 6188 4382 3600
0
2 8737 911
0
1 9469
3 8219 8221 8824
5 9548 8266 1425 2774 8899
0
0
0
0
0
0
0
0
0
2 5301 647
0
0
0
0
0
0
0
0
0
2 2349 6521
4 8168 788 3855 8491
0
0
3 8954 4208 4376
2 7718 717
2 2284 3599
0
0
0
0
0
0
1 1797
0
0
0
0
1 2900
0
0
1 6464
0
4 3518 7942 3162 5617
0
0
3 4572 6277 4993
0
0
0
3 7341 5323 8941
0
0
0
0
0
0
0
0
0
0
0
0
0
3 9116 2810 5434
0
0
1 2063
0
2 3611 2152
0
4 5349 7183 3103 362
1 6897
0
0
6 9404 8769 9983 4269 4098 5608
0
0
6 6993 845 6796 656 9031 1279
0
0
3 5426 7543 9069
0
1 3925
3 3776 6839 7828
3 1918 9494 944
0
0
2 8006 9002
0
0
0
0
0
4 2647 4556 3506 2496
4 9058 877 8316 95
0
0
0
0
5 1587 1954 6835 3971 7045
0
3 887 2246 9161
1 4997
1 9147
0
2 4922 4781
5 1937 6904 2383 3736 7869
0
0
2 8786 1933
0
0
2 8297 6680
3 5780 688 3443
0
0
4 1555 2063 9583 9857
1 5352
0
0
0
2 9160 8012
0
6 6071 4330 6804 2662 6537 6213
0
1 1994
0
0
1 6054
1 3165
0
1 2490
3 451 1618 1454
4 4602 7828 8337 4680
0
3 247 6963 317
0
6 3453 9763 6282 2629 5961 4654
2 1801 6897
0
5 9750 6872 7750 7483 9903
0
0
0
1 5702
0
2 587 9187
0
0
0
0
0
0
0
5 2466 8491 588 4159 4844
0
0
0
1 4985
2 1066 2240
0
1 3606
1 715
4 8870 8228 4489 7535
0
2 6733 3883
1 1326
0
0
0
0
0
4 2653 5431 9344 7950
0
4 1614 585 3552 7285
2 4774 5515
0
0
0
0
0
0
1 8716
0
4 3588 5559 854 1220
2 9446 8134
0
0
0
6 3845 8888 5170 3841 5035 3709
0
0
0
0
2 8939 5316
0
2 4329 7966
2 4889 2590
0
4 3266 9739 5921 8265
5 3197 1657 3225 656 1350
0
0
1 3312
0
2 9213 1625
0
4 3123 387 7291 1786
4 9514 6497 6591 4958
3 1357 5755 6189
0
0
0
0
0
0
0
0
0
0
0
0
0
0
2 3753 2827
6 8711 6038 1880 1926 7898 2962
0
0
4 6874 8783 1817 7582
0
0
0
0
2 6970 2521
0
0
1 3708
0
0
0
0
0
5 8718 416 3394 7067 8172
0
1 5242
1 8654
0
1 9657
0
0
3 1611 2393 7546
0
0
0
1 7914
0
0
1 5587
0
0
0
0
1 7848
2 876 8280
0
0
0
0
2 9007 3321
0
0
4 407 4790 4265 54
6 8272 5519 3900 2563 3786 6304
1 8116
0
0
3 2335 2025 8798
0
0
3 4535 7638 8422
0
0
2 4526 2725
0
4 8252 5060 5281 2519
0
0
0
2 935 9360
3 373 9313 1037
1 3309
2 358 1681
1 640
0
3 5604 6109 9364
4 6892 8750 5317 6217
0
2 4851 9688
5 6939 6868 2494 9159 6418
0
0
2 2118 8709
1 2337
6 6239 6472 7152 9443 1864 3165
0
0
0
0
1 9369
4 8576 436 1174 6547
0
1 5488
0
1 2906
2 3721 9131
0
6 4552 2196 1707 8734 2121 1681
3 6475 4080 4139
1 8920
0
0
0
0
4 9563 4970 5153 9723
1 5864
1 6525
0
0
0
0
0
1 6532
0
1 6627
0
0
0
2 3586 1438
0
0
1 1580
3 9255 5902 1267
1 2834
0
1 6188
0
0
0
1 1643
2 9197 4056
2 2491 8354
0
0
2 8632 5873
0
0
0
0
1 6557
0
0
0
0
0
3 3302 3970 2832
0
0
0
3 4739 3144 540
1 969
0
0
1 5897
0
0
0
0
0
0
1 344
0
0
3 7758 5528 727
1 5095
0
0
0
6 3276 3171 9044 4548 5019 8898
0
0
0
0
0
0
0
0
1 489
0
0
0
0
0
0
1 6787
2 8882 1228
0
0
2 8528 3984
0
2 1515 1301
0
0
3 2206 7336 9341
2 4262 5094
0
0
0
0
0
0
2 6915 5587
0
0
0
0
0
1 5617
0
2 9229 1470
0
2 1798 9254
0
0
0
0
0
0
0
0
0
3 9862 3677 1701
0
1 1993
1 8049
0
0
0
0
0
4 9069 1509 6384 9885
0
0
0
1 3136
0
2 3293 9771
0
0
3 8468 1921 9054
1 7858
2 3635 7304
0
1 2231
4 9431 5452 3113 5816
3 5608 916 2646
3 9916 6353 2054
0
2 6529 5784
3 1519 6806 8418
0
0
0
3 6166 2157 4077
3 7830 5196 429
6 2401 311 6938 714 9864 2083
0
0
0
3 7661 6824 465
0
0
0
0
0
0
4 838 2864 3162 7803
4 3677 591 4010 6759
0
0
0
0
1 6887
0
3 9879 3355 8764
0
0
0
0
2 6993 8736
0
0
0
0
0
0
0
0
1 4576
3 1517 4257 6181
3 1489 2705 9488
4 6904 1012 8943 431
0
0
2 4145 970
4 9415 5520 1103 1264
0
0
0
0
0
2 8030 8603
0
1 6056
0
0
0
0
0
0
1 8015
0
0
1 975
0
1 1056
0
3 6753 1173 2746
0
1 2481
0
0
1 2873
0
0
0
0
0
2 4384 5116
0
0
0
3 2003 3682 7070
0
3 1640 836 4439
0
0
2 149 6025
1 9518
0
0
2 2523 6373
4 8372 7158 67 5180
0
2 7708 6219
1 4931
4 4057 979 1157 145
0
5 1878 6476 3860 389 4604
0
0
0
0
4 2450 3154 8386 1423
0
0
0
0
0
0
0
2 3133 6523
1 2738
2 35 1599
0
0
1 8252
0
0
2 1103 7464
0
0
0
0
0
0
0
0
0
1 3061
0
0
0
0
2 2103 8825
0
1 3143
1 8106
0
3 5719 4226 9584
0
1 6942
0
1 4765
4 9072 9179 9677 7954
4 7763 7129 1567 8719
2 6064 2843
1 6471
0
0
0
3 5290 3666 5494
0
4 8864 9887 6705 8362
0
1 1565
0
0
2 9732 5190
0
0
0
0
3 1162 2963 9686
2 6536 9973
0
4 8031 6477 3029 4963
0
0
0
0
0
3 2694 9385 7258
0
0
0
0
0
1 2894
0
2 9364 2585
3 4790 6691 9378
1 8411
0
1 260
0
0
1 5108
1 7527
0
3 2165 5761 785
0
0
2 7547 4657
0
0
1 4517
0
1 6267
2 9664 386
0
0
0
2 1595 6797
3 4732 4082 8022
0
1 2875
2 1741 4151
0
0
0
3 6166 784 6537
4 5231 3447 1296 7254
0
0
2 8052 3617
0
0
0
1 1988
3 3912 9944 6231
1 6459
0
0
0
0
0
0
0
3 6151 6537 9678
0
0
1 8944
3 3325 7676 9778
0
3 8472 2914 5624
2 743 5168
0
0
3 397 8764 9070
3 6713 1949 9431
1 4016
0
0
0
0
1 956
0
0
1 7068
0
0
0
0
4 6708 6409 2956 1320
0
0
0
1 282
0
1 2827
1 5206
0
0
2 147 1248
2 7525 9617
0
0
0
0
1 6541
0
0
3 7367 7575 3822
1 6200
1 5833
0
0
0
2 8749 3103
0
1 5066
0
0
3 4853 9772 3188
0
0
0
0
0
1 8515
2 9140 4381
0
0
0
0
0
0
0
1 2504
4 6046 9355 5179 5594
0
0
0
1 1802
1 5380
0
5 2606 9257 9778 9034 3709
0
0
1 6091
0
0
0
0
0
3 651 679 118
0
0
0
0
2 2397 950
0
1 6233
1 1106
0
0
2 7891 2253
0
3 5259 9626 6340
5 6688 3581 1827 4780 2250
5 6818 8032 9446 4378 1728
0
3 9598 3453 9552
1 475
2 4399 8483
0
0
1 9289
1 5938
0
0
0
0
0
0
4 4889 7415 5975 3210
2 4969 6721
0
0
0
3 4929 252 9643
0
3 6444 3325 9820
1 3947
1 9198
3 616 6857 8615
0
0
2 8608 65
1 7653
1 9674
2 5917 8986
1 966
0
2 8304 6143
0
3 2095 7388 3130
5 1080 3906 6345 4892 3203
0
1 9431
0
3 5771 1247 9060
0
0
0
0
0
1 3021
0
1 9588
0
1 6416
0
0
0
3 6214 943 3380
4 9318 2611 6395 4806
0
0
0
0
2 8610 6140
2 1554 2319
2 9587 2986
4 4105 6321 5371 900
0
0
0
0
0
0
0
0
5 9016 2884 9361 4312 4675
3 4397 5016 4226
0
0
0
0
0
4 360 3911 8842 8441
0
0
0
0
2 8555 4062
2 8867 2859
2 6852 4077
0
1 7220
0
1 250
0
4 3381 3121 5819 8664
2 359 7744
0
0
0
2 4502 6643
5 4824 7793 7608 7559 4161
0
0
2 460 1625
0
1 9753
0
2 8201 4107
1 2843
1 2429
5 1551 7533 1717 4158 7300
0
2 5484 5489
0
0
0
0
0
0
0
0
2 3999 6979
1 1388
0
1 5833
0
4 9578 1671 6407 5683
5 6768 3907 6143 7022 6150
0
1 4297
0
4 3875 9511 8867 2419
2 2355 7501
0
0
4 7568 2761 3434 2222
0
3 7492 809 9046
0
0
0
0
0
0
0
0
0
3 1431 7017 1607
0
2 3329 335
0
0
0
3 9084 1336 5675
0
0
1 4927
1 5027
0
0
4 4600 9054 1979 32
2 1728 7398
2 7425 3442
2 2777 7705
0
0
0
1 2877
5 930 8470 6656 3400 8781
0
0
0
0
0
0
5 2518 2089 8748 9345 4537
0
0
0
2 6562 3806
0
0
2 5629 1878
0
1 6368
3 1679 3917 6206
0
5 2833 8193 7221 329 9696
0
6 1989 657 5587 483 7508 927
0
1 3617
0
0
1 3850
1 7303
0
0
2 5313 9792
0
0
0
0
0
2 45 2240
0
0
0
0
0
0
0
3 4788 8423 7117
0
0
0
0
0
0
5 3589 6236 4677 3326 1913
2 7628 3764
2 2202 3578
5 428 2903 4422 1999 5159
0
1 2661
0
0
0
1 606
1 4089
0
3 9381 5166 5712
0
0
0
1 9122
0
0
2 589 4590
4 4364 4546 6722 2232
0
0
2 1041 7210
0
0
2 2409 9316
0
0
1 8160
0
0
0
2 7572 5010
1 4095
0
2 6652 4840
0
1 3845
0
0
1 692
0
0
0
5 6335 3491 599 288 5629
3 7607 159 538
0
0
0
0
0
0
0
0
0
2 9376 269
0
1 8755
0
0
2 4435 7071
0
0
0
0
0
1 3864
0
3 1440 8195 2592
3 1933 3116 7546
2 11 3595
0
0
0
1 6804
0
3 6329 6717 3358
0
1 3374
0
0
0
0
0
3 7064 8760 3850
6 1442 1721 3053 3025 9066 6018
0
0
5 8070 6065 140 5994 9177
0
4 57 888 228 7015
2 3391 67
2 6303 4027
0
1 2460
2 9577 5329
0
0
0
1 8545
2 421 2444
3 8119 8197 1419
0
0
1 707
0
2 2929 1097
0
0
0
3 690 7850 5123
1 736
0
0
0
0
1 2360
0
3 9444 5810 9195
3 6197 7498 4794
4 3593 5547 1668 3625
0
1 4337
0
0
1 7243
0
3 7945 9286 8873
0
0
6 296 5366 4821 2665 1698 5818
1 1683
0
2 909 7146
0
3 6399 2836 6311
0
3 2678 7908 7618
0
3 5995 4220 1875
0
0
0
2 6784 3893
0
1 8503
0
4 4102 1617 1866 7531
1 1733
0
0
1 8981
5 5694 7667 9261 7657 4907
5 643 2061 6565 2487 5551
1 4851
0
0
0
0
0
3 2695 5291 2402
0
1 412
2 5714 6839
2 2208 7063
0
0
3 8828 3483 3819
0
0
0
3 75 8327 3403
4 4674 6646 8952 9975
0
3 5333 108 9703
2 8180 2616
0
1 3211
0
0
0
3 5461 8756 2459
1 3323
2 7201 1078
5 6472 8114 6848 9616 9043
3 9029 596 2916
2 969 1638
0
0
0
0
0
0
1 7244
2 602 6785
2 6633 1756
4 6260 2194 983 7951
3 3546 4358 8100
0
0
0
0
0
0
0
0
0
2 6131 9720
0
1 3364
6 681 9999 1586 4794 6934 7728
0
0
0
0
0
1 1762
4 1005 3077 3409 9063
0
0
4 928 541 3095 4525
0
0
0
1 6781
0
0
0
0
0
0
3 7134 9638 4318
0
4 8767 6276 3819 4692
0
1 9983
0
0
1 4974
4 5672 1151 1569 1806
0
0
0
0
0
0
0
0
0
1 9445
1 120
0
2 3075 7802
0
2 670 260
2 5095 5932
0
0
0
1 7271
0
4 5728 5947 6286 283
0
4 5594 6748 8664 9363
0
1 1838
3 6479 6124 4818
0
0
0
0
4 3701 9026 6168 2851
1 2992
1 6147
6 595 8125 9600 6439 1492 2085
0
0
1 804
1 9677
2 5433 9817
3 9419 3041 1144
0
0
2 8288 2546
0
0
0
1 7454
5 7586 4772 7595 6407 4740
0
0
0
0
1 2047
2 8394 5209
0
3 4905 3526 175
3 7044 3688 4736
0
1 8109
0
2 315 9700
0
0
4 1115 460 7325 4692
0
0
4 4899 4975 8531 6692
0
0
0
3 3485 8341 4798
2 5767 3326
0
0
1 9580
0
0
3 6740 1583 7256
1 7793
0
1 2718
4 4603 2493 2278 2591
0
4 6759 3102 4179 2726
5 6166 3949 6002 1072 2773
4 7163 9249 4151 1760
0
0
2 7515 8546
0
0
0
2 1266 2717
2 8392 5406
1 6599
0
0
2 4437 1410
4 4842 1150 3830 4535
0
0
0
0
0
0
1 2135
0
0
0
0
1 2093
0
0
6 6672 5489 8420 3026 8188 3042
0
1 1653
4 2237 8466 6145 4729
2 7860 5340
0
3 7562 2663 5449
1 2740
0
0
5 8761 5741 8045 2595 7741
0
0
1 4576
3 3713 8993 357
1 2855
1 5929
0
2 2462 3075
0
1 387
2 4240 6491
0
0
0
0
3 2065 4879 4908
0
3 46 7436 6077
0
0
0
0
0
4 5746 5621 3115 684
3 7101 9261 6866
2 5470 459
1 6553
3 8565 6102 2212
0
1 7070
0
4 4720 139 1047 6724
0
3 3721 1697 3651
0
3 2930 3436 8688
0
0
1 8402
1 5051
0
0
0
2 9000 9907
2 4013 3903
0
0
2 7946 6044
0
0
0
5 7017 7662 959 4181 993
4 1974 2822 7457 2316
0
2 6196 8663
0
0
0
0
0
0
3 9163 7161 7597
0
2 3460 1662
0
0
0
4 5478 9625 4293 5970
0
0
1 28
0
2 9692 8461
3 6247 2818 2031
0
2 5727 9873
1 826
0
0
0
0
0
0
0
4 7797 8999 8365 3213
3 6501 3917 4663
2 7594 7775
2 9097 3928
1 5751
0
3 7552 6915 6913
1 1805
0
6 7370 4237 155 5587 5973 7232
0
0
2 4928 2300
3 5397 9710 5317
3 7205 9566 3778
0
1 5326
2 2299 3113
0
0
0
4 5252 3148 5697 6912
1 4463
0
3 2147 4033 4535
0
3 7488 243 839
0
1 1197
0
4 5747 8470 6257 3634
0
0
3 2630 3940 4632
1 165
0
0
1 1272
0
2 5204 6798
0
4 8105 4784 6994 2969
4 7195 9910 632 657
6 7122 5789 470 6764 2301 4021
0
0
0
0
1 3720
0
1 8165
4 9904 1490 5791 3755
0
2 8642 9110
2 4322 8483
0
1 8974
1 6139
0
0
1 6033
0
0
0
0
2 1350 282
0
0
0
5 6238 9871 2178 9095 532
0
0
1 467
0
2 8951 3233
5 3844 5793 8219 9566 408
2 2223 5466
3 6036 3997 384
1 3616
0
0
0
1 2941
0
1 2351
0
0
1 5420
0
3 4176 4560 9749
0
2 4223 6559
1 8587
0
4 4023 5484 8104 2642
0
0
0
1 5942
0
0
4 4176 3497 4358 5121
4 8932 1981 9100 8852
0
0
0
0
3 2085 4592 8137
0
2 3059 7792
7 7438 2083 4837 1279 5312 9683 1409
0
0
0
1 9251
0
4 6855 3259 8042 1616
2 1304 8988
0
0
3 492 1280 1201
0
0
0
0
1 3544
0
2 8956 2801
0
0
0
2 7153 9835
2 2043 8630
0
2 962 7202
3 4208 8145 1739
3 1422 6053 5399
2 4197 4427
0
3 8216 9886 5062
0
1 3349
0
3 1026 8078 4980
5 2583 7093 9104 4477 5684
0
0
5 4034 3180 1324 872 5495
2 4957 4601
3 4237 9785 4497
0
0
0
0
0
0
3 2713 8087 1359
1 2971
2 3625 4970
0
3 2780 7566 3699
2 9072 2175
0
0
1 9384
0
0
0
0
2 6465 5916
4 2275 9183 7312 9027
0
0
0
5 8455 4327 5366 971 5917
3 2051 1025 4973
0
0
5 2982 3002 1946 4540 5692
0
3 8186 9999 8435
2 2134 3348
1 9955
4 2078 403 9040 3595
0
5 457 7379 4450 2953 6400
0
0
0
1 3527
1 3427
0
1 8621
2 1723 516
0
0
0
0
0
0
1 6722
1 5817
2 3626 1060
0
0
2 2915 2650
4 2961 4609 1477 5949
2 2927 8282
1 7465
0
0
0
0
0
0
0
3 3992 2368 4892
1 2457
0
0
4 2555 5650 4085 8114
2 809 7993
0
4 73 3906 6650 3589
3 3203 1951 7459
0
2 5086 8951
0
0
0
3 7305 8997 3910
0
0
0
0
0
0
1 4211
0
0
0
2 7655 1512
0
3 354 9919 1928
0
2 2304 5629
0
0
0
0
0
0
4 4921 9408 5413 1064
0
3 1133 2042 2570
1 6994
2 1701 6001
0
0
3 7052 4474 5710
0
0
1 4323
0
0
2 6883 3599
0
1 5336
0
0
1 3596
0
1 5597
0
1 1984
0
0
1 1392
0
2 9073 5021
1 6124
2 4533 7220
2 7030 2528
0
2 3585 1499
0
0
0
0
0
3 1102 2672 9269
0
0
0
3 7097 8593 8698
0
0
1 966
0
2 4106 4827
1 7441
0
0
0
1 6810
2 2748 2550
0
3 4268 4684 8925
0
0
0
0
3 8749 3032 7721
1 4778
0
0
0
5 1062 9149 221 8162 9912
0
0
5 7172 3515 9421 9490 6731
0
0
4 3299 4177 6543 9093
0
0
0
0
4 9786 4466 2464 38
5 4938 6744 6930 5579 3617
0
0
1 1039
0
1 4544
0
0
3 3022 6869 3213
3 1778 8837 3390
0
3 1613 9673 3603
3 3035 5710 3747
0
0
0
3 6044 4911 1208
0
0
0
0
0
3 816 5826 4097
2 1049 978
0
0
0
2 900 4492
0
4 8951 6264 5532 4982
3 9903 1485 9345
0
0
0
2 6195 9600
3 1111 9891 5353
0
0
0
0
2 8968 8137
5 2789 2612 9754 4959 6951
2 1342 5624
0
0
2 5499 231
5 3345 2102 9537 4988 493
5 2219 8012 5613 6311 6488
4 6116 3138 9649 3676
0
0
1 6247
0
1 5625
0
0
0
1 7427
0
0
3 1316 9171 5059
0
4 7016 307 2865 5887
0
0
0
5 4117 9851 1521 4149 8431
0
3 129 8940 531
0
0
2 8633 5418
0
0
3 6853 8310 1951
2 5916 8225
4 541 6471 3309 5637
0
4 2300 9589 5577 9921
0
5 3099 4579 1448 5094 1658
0
5 7567 9710 45 4750 8324
0
2 1355 2649
1 9359
5 332 7713 4152 7911 9707
0
0
0
0
3 6971 3136 8445
1 2974
1 9678
0
2 3293 8239
2 8476 833
0
0
3 232 8235 2457
0
0
0
6 9548 5459 9376 2298 1386 2522
1 5524
0
2 6356 4175
0
0
3 4769 8232 1535
2 4293 2576
2 1654 1662
0
0
4 3087 8507 1102 5129
1 1672
0
0
0
0
2 2830 4424
0
1 6367
4 919 5700 2397 7414
3 2732 893 8209
0
0
5 2526 4888 2078 9231 4095
1 9095
0
2 1228 114
2 1763 6841
1 498
0
0
0
2 7698 8385
0
0
0
0
0
0
0
1 6568
3 4138 6145 9083
0
0
1 8812
1 3819
2 1552 2876
3 2561 5938 7296
0
4 3023 669 4330 3533
0
2 4373 3224
0
1 2651
1 2372
1 2179
0
0
0
3 5254 107 4366
0
2 5172 2609
0
0
4 5777 8053 5155 7649
0
0
0
0
3 8140 9555 1208
0
0
1 1609
0
0
0
0
6 5200 6074 4311 9554 38 9359
0
0
0
0
0
5 1292 1666 9352 2889 4261
0
1 651
3 3628 7022 2894
0
2 8442 4769
0
3 5060 3759 6832
0
0
0
2 9897 5765
0
3 4425 4842 9585
0
0
0
0
0
2 6596 2620
0
1 6913
4 2585 1316 5362 6040
1 3338
5 3373 2402 8734 5157 8348
3 5406 6962 238
0
1 5834
0
0
1 4033
0
2 4718 6291
0
0
0
2 8814 7173
1 970
0
0
0
1 2838
4 5850 7423 2238 1689
0
1 3381
4 8314 2610 1322 756
0
0
3 2817 4206 3264
2 3794 7217
0
0
3 7741 266 751
1 5227
3 3512 6559 5033
2 464 1509
0
0
4 8529 8580 1127 7047
0
0
0
5 9691 2447 631 4703 1688
3 8465 2275 7825
3 6162 1801 5996
0
0
0
1 6832
0
0
0
0
0
0
0
4 2119 5794 9074 8180
0
0
0
2 6722 1440
0
0
1 6221
0
0
0
0
3 993 8165 1515
2 7610 4995
2 9986 4866
0
1 6858
0
0
0
1 7702
1 1730
0
2 8600 895
0
5 3389 3857 5775 4265 7069
2 2132 580
3 4052 5951 6518
5 1487 5607 2603 9999 2038
2 3745 5437
3 7527 2052 2905
3 6573 6203 2882
0
3 975 6711 9043
2 8432 8926
0
2 2250 3566
3 2759 690 2561
1 7524
1 8339
0
0
5 5996 8390 3382 3395 4647
1 5442
1 6918
0
0
2 6972 8930
0
0
0
6 3518 4537 5557 9170 9366 937
0
4 5750 6888 6500 3478
6 6008 1393 8426 9863 6989 8985
0
0
0
0
0
0
0
2 8223 9455
0
2 5702 4319
1 3191
2 1530 6938
0
1 4616
3 1260 6709 6360
3 2291 3206 2837
5 2065 4046 1450 9001 5338
3 7346 5152 916
0
7 8904 1016 5198 6293 7945 7793 8372
0
1 6640
0
0
0
3 5065 445 880
1 7678
1 1658
5 1413 5512 6949 9839 3536
0
0
0
0
0
0
2 6607 6590
0
0
2 3366 1553
2 9922 5210
3 366 4809 1195
1 6568
0
0
0
0
0
0
0
1 169
2 4921 2654
0
1 7440
5 5871 5759 318 4192 4799
3 8883 9686 5785
3 131 1829 5022
2 8377 577
3 4214 4679 2414
3 7873 3404 8801
0
0
0
0
4 5370 1401 4587 1344
0
0
0
0
0
0
1 6292
0
2 1100 1466
0
2 6373 2153
0
1 421
0
0
0
2 9008 5586
0
0
1 8033
0
2 8006 2681
0
0
3 5338 860 7574
1 7576
0
4 9300 4572 3515 2865
0
0
1 1664
1 9472
0
0
2 9291 1137
0
0
2 8672 6
0
0
5 2806 1259 2034 8537 7510
0
0
0
5 6218 3830 9212 6359 2800
0
0
0
1 1578
0
0
0
0
0
0
0
0
0
1 2271
0
0
3 4188 4004 564
3 9152 5826 3935
0
3 390 2729 9227
0
5 1605 3530 1774 8108 9948
0
0
4 1733 4178 7692 617
2 4069 6156
0
0
0
2 3052 128
0
0
0
0
0
3 5401 205 9697
0
0
0
4 7184 6159 3474 9658
0
3 7762 3768 9806
0
0
0
4 6448 3311 5646 9047
4 9505 2428 886 9623
1 1714
0
0
0
1 5487
1 1348
1 4471
0
0
0
0
0
0
2 8166 2961
0
0
2 2122 7535
1 109
0
0
0
3 9746 7769 9848
0
1 3270
0
0
0
0
0
0
2 4909 965
0
5 8978 6467 5919 8802 7969
4 2414 5939 5165 4735
1 7313
0
0
0
0
1 9463
1 8478
0
0
0
1 3653
0
0
2 4413 251
0
1 2802
1 499
0
3 8054 5541 4228
0
0
2 4219 6581
0
1 6671
0
0
0
3 4094 6678 3430
2 8727 4002
2 9507 8490
0
0
3 5627 398 8939
0
0
0
0
1 5627
0
0
0
0
4 8142 5943 5352 4151
0
0
0
0
1 4937
1 977
5 8805 4665 2848 5440 5416
0
0
0
0
3 281 5314 9035
0
0
0
0
0
0
1 7448
0
3 4695 7098 8356
0
4 5019 4912 5865 6365
0
4 389 9954 9396 430
1 7384
1 203
0
0
0
0
0
0
1 6555
2 5669 5171
0
1 4329
1 7902
0
0
0
0
0
2 4945 2727
0
0
0
2 3130 3164
0
0
1 2985
0
0
1 4473
0
1 3140
0
0
3 6678 2938 437
0
0
1 4111
0
0
0
0
0
2 1088 501
0
4 3845 8264 2223 8168
0
0
0
0
3 8187 7425 8545
0
0
0
0
0
0
0
0
0
4 3751 5332 7404 7539
0
0
3 3451 4567 9426
3 4941 4375 3560
0
3 265 2052 5105
3 6022 7795 6674
2 8216 3560
0
5 5578 3091 151 1852 5383
0
0
3 7385 8996 6047
0
1 648
0
1 9149
3 3085 3402 4015
1 1078
0
0
3 1001 2793 1642
2 8518 47
4 6081 1563 9394 5508
0
2 7108 1572
0
1 2108
1 4355
0
0
2 5159 7285
2 9711 660
1 9591
2 3885 5606
1 3001
2 3422 9474
0
0
0
2 4536 9506
2 6741 2503
1 3178
5 3074 5742 6904 4539 6673
0
0
0
0
0
2 7713 2493
2 5514 3681
0
0
0
0
0
3 9667 2217 7551
3 1319 9044 7732
0
0
2 9333 1691
0
1 9764
0
1 6902
0
0
3 1076 6381 9519
0
0
0
0
0
1 2380
1 536
0
5 377 4417 8933 1616 7007
2 510 9197
1 6371
0
0
0
0
4 6404 6206 4561 8605
3 4229 3976 9698
1 5177
0
0
1 5523
0
0
0
0
3 7233 5138 4266
0
2 7740 7403
0
3 5167 5547 966
0
0
2 8391 1526
0
4 733 5354 2637 6831
0
3 3048 9122 9913
0
2 1739 9282
0
0
2 4439 7742
0
2 6754 1686
3 8211 9597 9706
0
4 6909 7396 9588 3677
2 6971 8132
0
0
0
0
2 1189 1449
2 9346 6311
0
0
0
3 5174 1576 8113
0
2 1619 3570
0
0
3 7590 4243 414
0
4 2202 6487 6535 8461
0
0
2 5514 8055
1 1959
3 426 2910 5048
0
0
0
2 4019 6300
0
3 4427 5332 7904
0
4 9893 9465 6051 8523
0
1 3
2 8707 3970
0
4 7951 1628 3449 907
1 7834
3 3700 2136 6582
0
3 6236 3364 7898
0
0
0
0
0
0
1 4356
0
0
2 9634 5671
1 3587
0
1 8000
0
0
0
1 5523
0
0
0
0
2 2118 5884
1 2082
0
0
1 5460
0
3 386 7680 5652
0
3 1937 2338 4379
0
0
2 2568 2072
4 8983 7556 151 6635
0
3 4019 2437 2544
0
3 4496 8901 7933
0
0
0
5 2020 2986 2385 4728 1916
0
2 8531 3325
0
2 9434 2062
0
2 204 9659
0
1 441
1 1521
2 2129 8148
2 9184 2943
0
1 5595
0
4 2229 2072 4530 4677
1 1173
0
1 5344
1 7694
0
0
4 1407 5139 103 1848
5 673 7897 9188 8942 2559
0
2 6641 3388
3 1865 7052 3130
1 6855
0
1 8543
2 312 1216
1 3198
0
0
0
0
0
0
0
2 951 686
0
3 3175 255 9850
0
1 7910
1 423
3 8420 3702 6866
0
0
0
0
0
0
0
0
2 9404 2716
2 9865 3612
0
3 8557 6249 6592
0
4 4950 2703 9381 3471
5 3865 2611 3969 9145 94
1 9688
2 4195 9932
0
0
0
0
3 9664 894 7289
0
0
0
0
0
0
0
6 6501 5593 846 3024 4400 1908
4 2525 8417 3563 8474
2 9047 7309
0
0
0
0
3 8405 317 9534
0
0
0
1 6047
0
3 2485 2818 7625
2 3369 5180
5 9932 2978 6141 4684 1520
0
0
5 95 9023 5054 2180 4499
0
5 3354 430 1274 5341 6356
2 9374 5768
1 6532
1 6351
3 3498 2922 9301
1 1652
4 6690 709 3226 7333
0
0
0
1 9089
0
0
0
2 3823 6339
3 7652 7394 1513
0
1 1633
2 7589 1711
0
3 8516 4311 4662
0
1 2396
0
0
0
1 2683
1 4119
5 6545 5936 7964 5880 6646
2 7372 9115
1 7274
4 1759 8599 9742 5215
0
0
6 1973 6383 2309 7241 3843 3649
5 1980 6892 1373 490 7942
1 9778
0
4 34 2581 6132 1027
0
0
0
0
2 7062 401
3 1324 1754 156
0
0
0
0
0
0
6 6336 2835 3414 7492 5694 6346
0
4 9129 9579 8013 6373
0
5 9933 5636 1328 2370 4037
0
0
0
1 183
0
0
1 7945
0
2 4461 1819
0
0
0
0
0
0
0
1 1996
0
3 4504 5412 5182
0
0
1 1217
1 5064
0
1 6830
0
0
0
5 237 7794 7088 1336 9657
2 3823 9809
0
5 8936 4636 9829 2490 5026
7 9970 5090 1463 2384 4720 5150 3170
1 419
0
0
0
1 50
4 5598 2416 2709 8588
0
0
4 8960 5606 4107 4560
2 5177 5156
3 1993 6814 8178
0
2 9745 9685
2 53 5392
3 9388 70 3787
0
5 3070 2883 2893 3343 4869
3 7004 5203 5199
1 8869
0
0
0
2 7249 9997
4 225 4535 6144 1834
5 3452 359 9090 2479 3739
0
0
1 573
0
0
0
0
3 6888 8763 5626
2 4620 4957
4 4423 3326 7836 1856
1 9656
0
3 4758 4350 2725
0
0
2 6516 9745
0
2 4864 1169
2 2294 5173
0
0
0
0
3 6795 7552 1169
1 989
0
2 8878 5044
3 5341 5498 9998
0
0
0
0
2 1112 3046
0
0
0
0
0
0
0
0
0
4 9601 8388 8335 5317
3 6012 6017 7462
0
0
1 239
0
3 6931 9668 54
0
4 5183 923 4159 5771
0
4 8593 2087 4978 4039
0
1 4579
0
0
0
3 3752 3380 4578
0
0
3 1139 8105 6906
4 5291 2303 8720 2940
5 6358 6709 6010 7127 4895
0
0
3 8331 9928 6236
2 9472 1345
2 4244 6440
0
0
0
0
3 2483 205 6639
0
0
2 9245 8928
3 5718 6022 6707
3 3465 4600 657
3 5653 9981 3718
0
3 7795 1530 6482
3 2501 538 3810
0
0
0
0
4 4927 1488 4464 3958
0
0
3 6822 1223 3996
1 6280
0
0
0
0
2 6681 1311
1 3317
1 7210
1 4565
0
2 555 1092
0
0
0
0
2 7682 2637
0
5 7025 6949 7269 6417 7286
0
2 7600 4561
1 4589
0
5 5778 6669 9634 18 6974
0
1 1579
1 8213
0
0
0
1 5552
0
0
0
0
0
0
0
0
0
1 8506
0
0
0
0
1 1820
0
0
3 3239 6719 5671
0
2 1747 2514
0
0
0
3 7466 1494 2569
0
2 707 7999
1 8370
0
0
0
3 4937 9333 7858
0
0
0
0
0
0
0
0
3 28 4554 5654
1 7878
0
0
1 9901
4 6070 5017 9963 6811
2 3527 3652
0
0
2 7850 1818
0
0
0
0
0
0
0
0
0
3 513 8126 493
0
2 9525 3643
0
0
0
0
5 2366 2764 9888 2238 2246
0
0
0
0
0
2 4870 3202
1 6139
2 7147 5958
0
0
0
1 8197
0
0
0
1 9343
0
0
0
1 5229
0
0
0
0
0
1 7393
0
2 7770 6989
1 1051
0
3 5640 5129 9402
0
3 5840 153 5226
2 6510 7788
1 3861
0
0
0
0
0
0
0
0
0
4 3270 9558 1842 7103
0
4 9325 1847 6527 8193
1 9648
0
2 825 8873
0
0
5 3960 779 5284 3184 4557
4 2410 6229 7392 8907
0
0
0
0
2 7577 2611
0
0
2 1109 847
0
0
2 6993 3648
0
4 4350 7823 3412 2059
0
0
0
0
0
0
0
3 6835 7737 7389
1 4253
0
4 170 117 20 4982
0
2 2309 9957
5 1 6614 1054 6920 4212
0
0
2 4188 2295
0
0
0
0
2 7808 1
1 624
6 6185 59 2373 5922 5302 3848
0
3 6590 6899 901
1 4351
0
0
1 4359
0
0
2 328 7542
2 2033 3517
0
0
0
0
4 6064 9718 5594 2999
2 3640 7365
3 8966 3481 7298
0
0
0
2 2073 9307
0
2 4675 3376
2 3638 21
0
0
4 7659 2919 320 3043
0
0
0
4 297 5131 5859 2771
0
2 137 7549
0
1 6114
0
4 7849 3471 1111 7141
0
0
0
0
0
0
3 3220 1872 5501
2 4079 5244
0
0
0
3 9513 9760 3820
0
2 5708 5686
0
0
3 2889 7643 339
2 7123 6307
0
3 5444 5339 8765
2 4899 6015
0
3 9532 7156 3807
2 7938 8718
3 7610 8505 7622
0
0
2 6711 8728
1 1934
1 9197
0
0
0
0
1 7844
0
2 8458 9539
0
0
0
2 6403 2674
0
0
0
0
0
2 7649 3101
2 2919 5580
1 5761
5 6490 8866 4668 7344 6147
1 2453
0
0
1 8409
0
1 6176
0
5 5840 9279 8737 5889 8719
5 6166 4805 2811 1867 6151
0
0
0
0
0
0
3 5963 5274 491
1 8391
0
0
1 576
0
0
0
0
5 9206 8345 6875 6620 2119
2 4963 3623
0
0
0
0
2 2197 5628
0
0
5 9508 6919 9302 2342 4442
3 5785 7809 2702
1 7389
0
0
2 8750 1311
0
5 4948 5770 6889 5105 6322
0
0
1 3759
0
0
0
1 8962
0
0
0
0
4 8093 4538 897 2412
4 5133 4445 9112 8630
0
0
0
5 9628 3956 2888 5410 675
0
0
0
0
6 858 1232 8977 6001 2152 9564
0
0
0
2 1350 8528
0
2 7647 886
3 5151 2107 3152
0
0
2 7380 4168
1 8091
3 7421 9990 5774
2 9127 2922
0
0
4 1100 3978 1705 3938
1 3513
3 4734 1412 6091
0
0
2 684 4843
2 6336 1294
3 9141 1007 4272
0
0
3 9323 2074 4455
2 7093 9299
0
0
0
0
2 2188 2035
0
0
5 5998 1301 8898 8588 4738
1 9568
4 3416 9143 7619 5940
0
3 7056 7265 7734
0
4 7350 4840 2710 8057
0
1 8339
0
0
2 1549 5474
2 8326 9880
1 7441
0
0
0
0
0
1 3142
0
0
3 8865 1904 1064
2 5832 9320
0
0
0
3 5322 2506 5082
1 6848
0
0
0
5 125 7023 879 8867 2086
0
0
0
0
0
4 6573 5019 2884 8925
2 9510 6462
5 3794 9198 9287 9907 9975
0
2 6366 4802
4 6326 2470 789 8836
2 8109 2052
2 7150 3097
1 1208
0
0
0
0
0
0
0
0
2 1152 5273
0
0
2 8863 4240
0
3 9392 344 4942
0
4 6286 9932 2878 5764
1 7418
0
0
0
3 5944 2928 6859
0
0
2 5879 3567
2 4059 5247
0
0
6 7151 7790 3775 1497 1071 2918
0
0
0
0
1 981
0
0
0
0
4 3424 1476 7393 3418
0
1 6306
0
3 9097 6209 584
0
0
0
0
0
0
3 3230 8956 6508
1 9159
1 9322
2 2783 7626
0
0
0
0
0
0
1 627
4 3184 2131 6152 1571
0
0
2 8066 4013
3 5252 2729 7933
2 4888 478
4 6807 3781 7716 793
3 8280 8239 3381
0
0
1 1523
0
2 1847 5878
0
0
0
0
2 6459 4562
0
3 5616 980 8647
1 7824
0
0
2 2409 5351
0
5 874 6319 303 1885 7246
0
1 8799
0
0
0
0
0
0
2 2431 7380
0
1 3899
0
3 2678 8547 5229
0
0
0
0
0
0
0
0
0
2 6839 7547
0
0
1 2278
2 6019 1024
0
0
3 3897 1344 8797
5 8989 3544 5043 1373 976
5 3247 6897 8680 5552 5877
0
3 7033 1357 7039
0
0
2 8005 8126
2 2106 480
1 5082
0
1 5340
0
0
2 6290 1195
2 3726 5616
2 6579 3297
0
0
1 6124
0
0
4 4079 735 7166 2799
3 1849 1030 2124
0
0
0
0
0
2 9147 6769
0
1 5016
0
2 3726 6075
4 3466 6330 8925 7898
2 5252 6295
0
0
5 7559 3297 8806 3300 3866
0
3 5802 904 4492
2 3959 8929
2 6352 6405
0
1 8408
3 4947 8153 4862
0
0
1 3449
0
1 5004
0
7 5832 5837 9961 6486 7339 3704 2152
0
0
0
0
0
0
0
0
0
0
0
0
0
0
1 4081
0
2 5655 3886
1 6760
0
0
1 1526
1 6652
0
0
0
2 7962 9943
4 856 4357 8316 5586
0
0
0
0
0
0
1 3657
3 6241 5890 5037
4 7460 4474 7642 7341
3 3496 827 273
0
0
0
0
4 3203 6323 7027 937
0
0
7 5448 7653 2755 7694 6735 6102 165
0
0
0
0
2 2962 5476
0
1 871
4 9193 256 4259 5100
6 1154 5116 338 7331 1590 6419
1 7777
3 1554 6312 3102
0
1 5674
0
0
0
0
1 5550
0
0
0
3 2561 8833 2540
0
0
0
6 2544 6916 6746 7874 3676 5525
0
0
1 5317
0
0
0
0
0
0
2 3308 8981
0
2 7421 5916
0
2 1268 452
0
0
0
5 8944 303 8862 2553 5272
0
0
0
4 4008 860 7930 6456
0
0
0
2 7680 2973
0
0
0
2 2273 3591
0
0
0
2 3091 8365
2 9443 61
0
0
0
3 7573 9202 2364
0
0
0
1 7982
0
0
0
0
0
1 8151
1 7951
0
1 5574
0
0
0
0
6 2938 5541 4882 1974 6633 2282
1 4206
0
3 9925 5217 5262
2 2198 804
0
3 1347 4381 6310
0
0
3 7002 7424 8976
2 1263 6321
0
0
0
0
1 2435
1 4101
2 7865 7379
0
0
0
0
1 5273
0
3 7791 5302 4666
1 1173
2 5532 6452
2 2842 3410
1 1602
0
0
3 6207 9957 185
1 8030
0
6 8244 8821 2031 589 989 1069
0
4 4884 6614 902 6111
1 3118
3 8394 1414 7736
0
1 7461
4 8532 8127 3771 2788
1 3942
1 277
0
0
0
1 5077
0
0
0
0
0
1 5460
0
0
0
0
3 5826 71 8285
3 3379 2424 5461
0
1 1392
1 4962
0
4 4270 145 4256 5651
2 2719 6024
0
3 2758 6246 5466
2 5418 2035
0
0
0
2 7829 4064
0
0
0
0
0
0
0
0
3 6800 9496 6297
5 4308 6298 528 8430 7280
0
2 2632 4213
0
0
6 6196 7593 5704 322 5429 9160
0
2 3303 9997
0
0
0
0
5 8740 8367 1090 6710 5704
0
0
1 619
0
1 7216
0
3 1943 3661 6500
0
0
0
0
0
0
2 8759 1639
0
0
0
0
2 7275 2672
0
4 8947 8732 1646 1537
0
0
1 2398
0
0
0
0
1 2435
0
1 6279
1 978
1 3952
0
0
0
0
1 518
4 3619 6491 3734 3154
1 6364
3 3598 9801 3975
0
0
5 9420 4097 3497 8894 4428
1 243
0
0
1 2183
0
5 1438 5986 7888 9436 5665
5 7539 3795 8786 418 5858
3 4278 2810 4971
0
0
0
0
4 3403 3571 49 6231
0
0
0
0
0
0
4 944 6150 2122 225
0
3 3581 6175 147
0
2 1780 5946
4 7556 4380 7472 9515
0
1 5135
0
0
3 8965 1729 9371
1 9265
3 5936 144 7634
0
3 455 9960 942
0
2 6108 8890
0
2 9033 5315
4 1559 2944 8374 2037
2 6736 3573
0
0
3 6493 1254 5396
0
0
0
0
4 2475 8999 2200 6615
0
0
0
0
1 8748
2 4772 5486
3 2157 5724 1528
1 3816
0
0
1 8250
1 1314
2 8102 6138
0
4 1290 4847 5752 3497
2 9911 4152
0
6 6449 1567 7438 7558 6446 6351
0
3 8460 441 3133
3 6640 8475 8759
0
0
0
3 9260 796 6627
2 5910 3873
2 5821 1302
0
1 6797
0
0
0
0
4 9309 3861 5941 1703
3 6537 9933 1969
0
0
0
5 7840 8363 3858 2823 5638
0
0
0
0
0
0
1 105
0
0
0
0
1 9046
3 6089 3523 4284
2 1409 1745
0
0
0
0
4 7247 949 1997 3748
0
2 7289 1374
3 1430 6432 319
0
0
0
0
1 3824
0
0
0
0
0
2 1123 7045
0
2 1977 2913
4 5503 398 2750 6503
2 1328 3242
0
0
1 9808
0
2 7806 944
0
2 3728 44
1 635
1 4273
0
0
3 2933 4820 1072
0
3 9572 2065 4128
0
2 350 2117
0
0
0
3 5330 7318 1771
0
0
2 3888 3683
1 1390
0
0
0
1 856
0
0
2 3907 7193
4 4863 9227 645 3879
5 9637 9773 9449 3355 9031
1 8870
5 8630 6414 6647 9059 2800
2 2992 5225
2 7319 6672
0
1 4733
0
0
0
0
4 5045 1547 8430 4364
0
1 2864
1 8314
0
2 3479 9085
0
0
3 1899 1347 4629
2 3894 1596
0
2 6454 8899
0
1 8981
0
0
5 6494 2249 354 4939 9264
0
0
0
0
0
2 649 7071
0
5 6863 4520 7134 2474 2463
0
0
0
0
0
1 8127
0
2 4468 3897
0
0
0
1 1595
5 5038 8053 2517 4924 7871
0
3 1416 1985 851
0
0
2 2982 7343
0
1 3724
1 2545
1 531
4 6262 6793 4825 7858
0
0
5 3384 8896 2374 3283 6623
5 4576 8039 9455 3506 5097
3 3682 1285 3321
0
0
4 6088 6703 2007 6697
0
1 314
0
0
0
1 7960
0
0
2 4709 7520
0
3 3265 5590 1583
3 6847 4010 5412
0
0
0
4 7917 5321 1118 2632
4 8753 9563 9770 8882
1 915
0
1 5312
0
0
1 2320
0
0
0
0
0
1 3710
3 2826 5039 9249
1 8145
1 3734
3 9759 1826 9157
0
1 7639
1 3246
0
0
0
6 2225 2361 6439 1115 8530 1431
0
0
0
0
0
0
3 806 8749 7956
0
0
0
0
1 6713
0
0
5 6214 1940 3332 2103 928
0
0
0
0
0
1 1839
0
0
0
0
0
2 4310 1283
0
0
0
0
3 553 8406 3781
4 8060 9322 4522 9662
0
1 1758
0
0
0
2 9589 3931
0
4 7935 2323 4196 1046
0
0
4 3333 8521 9599 3077
0
0
3 767 7253 7055
2 5963 6109
0
4 1755 7654 1241 9724
0
1 6498
0
0
2 361 3054
0
0
4 4452 8786 710 3110
0
0
1 8937
6 2301 4759 1413 3327 2382 5050
0
3 4261 3631 6594
1 816
0
0
0
4 9363 8529 9882 5935
2 2976 2176
0
0
0
2 5355 3012
0
0
0
0
0
2 6228 9523
0
0
2 1981 1532
1 3413
0
0
0
4 3759 3432 2276 3710
4 9556 5079 8512 9739
2 5773 1799
3 6305 3248 8555
0
3 9136 8095 7011
0
0
7 487 7941 3310 1266 2874 3555 9700
4 2866 3899 1926 5984
2 7760 8186
0
0
0
4 3350 5524 1797 745
0
6 3027 1075 9958 8912 8288 4946
1 3835
0
0
0
2 1040 9871
0
4 2827 4637 6393 2052
0
3 8576 9836 447
0
1 8402
4 2291 8155 1846 7529
0
2 83 5682
0
0
0
0
0
0
0
4 7065 9290 5855 712
1 4462
0
0
0
1 9581
0
7 2797 9301 8772 7906 820 670 7179
0
1 9783
3 1233 85 4490
2 4327 8751
5 1469 6627 8479 4056 5071
0
0
0
2 4012 1697
0
0
3 8139 1006 289
0
0
4 6897 9903 278 5369
2 9745 2657
0
0
5 7946 78 5122 2216 9778
0
0
0
0
0
2 6091 1793
0
1 1531
0
0
0
3 6380 4837 6533
0
4 2136 1776 21 2699
0
0
0
0
0
1 7783
3 1121 1168 7159
0
1 797
0
4 4537 7243 3321 8613
0
2 5608 5073
0
0
1 8549
0
0
0
0
3 4536 4619 7657
0
3 2805 3163 8376
0
0
2 2350 1497
3 2172 3008 5613
0
0
2 1390 2877
1 6460
0
1 1686
0
0
4 4175 1121 2643 9721
0
2 7254 4622
2 8260 206
0
0
3 7976 9365 9858
0
3 1137 1911 4005
0
3 6111 238 4259
0
3 7716 5204 5248
0
0
0
2 1587 4204
0
1 4652
2 3171 7447
0
0
0
4 2681 5024 6104 8382
0
0
6 8784 7482 3790 3782 7966 5741
0
4 6513 9906 5228 1776
1 8293
0
0
0
0
0
0
0
0
2 4862 1701
0
0
2 4158 391
0
0
0
4 3274 7300 3072 8165
0
0
0
0
0
2 1453 4910
0
4 3041 8086 3907 6090
0
3 6013 1162 8873
0
1 9191
0
0
0
0
0
0
0
0
1 9957
0
0
0
0
0
0
0
0
1 9965
1 3043
1 2638
6 7381 3624 4504 3016 4845 9582
0
0
3 7559 1693 4521
1 2043
3 9057 349 3106
1 3364
3 8987 2446 6736
0
1 5778
4 5150 2966 7961 6290
6 937 8276 2615 3671 8429 5450
0
0
0
0
0
0
0
3 6593 5687 5194
4 4729 5533 8933 7518
6 145 7365 6581 5442 1663 6064
0
0
0
0
0
0
6 5231 4017 6135 1586 8071 4261
0
0
4 825 9780 1784 9483
6 4540 7910 1601 5531 4550 3913
0
0
1 9003
0
0
0
1 6999
0
1 4228
0
0
6 4211 4800 494 2349 4639 1019
5 2266 3797 5198 7420 2437
3 4341 7559 8002
1 233
0
0
0
0
0
0
3 3362 5260 3883
0
0
0
3 6914 3813 9203
1 3958
0
0
1 1362
2 9065 5690
0
2 7861 9808
0
2 2892 5277
1 4813
0
0
0
2 5571 7256
4 9010 2107 3671 7096
0
0
0
0
2 2527 9353
0
1 1682
0
0
2 6615 1385
5 1999 2983 961 8664 1365
0
0
0
0
0
3 7710 7687 3262
1 8054
0
1 9763
3 7645 998 8541
0
2 7602 2881
0
0
1 3085
2 2747 8078
0
0
0
0
0
0
0
2 5280 2203
0
0
0
4 6522 8788 9162 8164
0
0
1 9203
0
0
0
1 6379
4 3281 6359 61 406
4 1506 7148 5669 7886
2 7156 4310
0
0
0
0
1 4147
0
3 1653 2007 9864
2 409 2280
1 6134
1 2788
1 5674
0
3 2652 4658 9683
0
0
0
2 568 9191
0
1 1937
1 3280
0
3 408 7224 5491
0
0
0
0
0
0
4 7865 7711 3147 7963
0
1 5156
3 73 5816 7060
0
0
2 3371 429
4 4561 9981 6109 2284
2 4372 2525
1 1379
0
1 5583
0
0
0
0
0
0
1 7100
0
0
6 337 5558 29 5882 254 8319
0
3 7366 9078 8513
0
1 891
0
3 1233 2637 5857
4 4362 8816 416 9470
0
2 9474 6003
1 6921
0
0
0
0
0
0
5 3192 3186 6428 4197 2161
0
0
0
0
1 1016
3 4815 5930 9519
0
0
0
4 6058 8631 4438 6715
0
0
5 7428 6032 2521 5125 7578
0
0
0
0
0
3 8451 8513 6198
0
0
0
2 5092 3950
0
0
4 3868 2192 7344 5982
0
0
0
0
2 908 3285
0
1 9878
1 6486
2 5214 3475
2 3571 8147
1 9415
2 8639 8229
0
1 5580
0
0
0
0
0
2 8985 7636
2 934 1210
0
0
0
1 126
0
0
0
1 6910
2 1221 478
0
2 8714 1340
3 4824 9570 6859
0
5 749 1513 6119 1122 1777
4 5278 3402 7269 8640
0
0
0
1 5969
2 6334 3737
0
0
0
2 3556 4403
1 838
1 7450
0
0
0
0
4 2897 6848 741 7221
0
3 3587 607 8920
0
2 802 8990
0
1 9201
0
0
0
2 4280 9066
0
1 4921
0
0
0
0
3 1515 100 6448
3 7718 7313 1873
0
5 8596 3720 2328 2883 56
0
1 9162
0
1 170
0
4 4330 8001 3435 5905
3 2421 9739 201
0
0
0
1 7417
0
0
1 868
0
0
1 7588
3 1721 3646 7824
0
1 6306
1 3918
1 8877
0
0
1 7085
0
0
0
6 3832 449 6397 8050 8002 3955
2 4364 4713
1 1760
1 7638
0
0
0
0
0
0
0
1 8558
1 9946
5 2004 1102 4748 5161 1301
5 8540 6053 1369 9 3310
0
3 8548 3205 7551
0
0
1 9212
0
3 6854 2134 4816
0
4 288 6033 699 7250
1 7563
0
4 9584 5124 2056 7380
0
0
2 2794 6620
0
0
0
1 3364
0
0
3 481 4076 4036
2 7828 394
2 9088 4444
0
0
0
0
0
0
0
1 6657
0
0
4 764 6492 8094 354
1 5983
0
1 2396
0
2 517 8802
0
1 6265
0
0
1 296
0
0
1 5671
0
0
1 2758
0
0
0
0
1 7852
3 9897 4212 2135
3 9067 977 8002
5 6502 7855 5178 6925 7528
0
0
0
1 3474
2 5527 3959
3 5385 6629 1296
0
0
0
0
0
0
0
2 9585 5113
0
0
0
1 1913
0
4 1182 2750 7335 8125
0
1 5322
1 2748
0
3 9130 4968 1388
2 6736 3305
0
5 1614 1175 1368 2229 5906
0
0
0
0
0
0
2 7662 3957
0
0
2 6480 4346
0
4 7236 6577 2203 2888
0
3 2662 7935 3718
0
4 7877 9695 6621 3884
0
3 2294 5697 8716
0
0
0
3 9432 4387 9932
1 5875
1 6019
0
4 9213 8390 796 2892
3 2824 286 9905
0
0
0
3 7832 2799 8733
2 1255 6812
2 5999 8412
0
0
4 6079 8096 7148 6815
0
7 2456 6292 469 8094 3402 1139 3284
2 1827 971
3 74 5071 9778
2 735 7465
1 1904
2 6002 9540
0
0
1 3589
0
0
6 5368 1729 532 6186 4098 3253
2 3685 2365
0
5 9031 1151 8370 3285 8690
0
0
0
0
0
0
0
6 36 4483 3788 9365 592 6229
1 3885
5 2833 4532 4409 4986 2398
0
2 7827 8953
5 7570 6290 8600 8926 60
0
2 3174 7097
0
2 7712 2837
2 8865 3195
0
5 5286 5060 851 2523 7773
0
0
0
0
5 8221 689 4732 1222 2165
0
0
5 6739 1747 8065 6807 7231
0
0
2 8805 1199
1 8167
1 9660
1 1052
1 2099
0
0
0
0
0
0
2 9399 7249
0
0
0
0
0
0
0
3 1983 15 9618
0
0
0
0
0
0
0
2 1149 3070
2 5972 2952
2 786 1803
0
0
0
0
0
0
0
0
0
0
0
2 4240 9523
3 7847 1284 9147
2 4301 4094
2 74 9743
4 8720 5608 7278 3208
0
0
0
0
3 8415 879 1242
0
0
0
0
0
0
0
0
5 5346 285 2130 2322 2419
2 1807 2065
0
0
3 5753 3163 137
0
0
1 8895
0
0
0
4 4799 1801 1807 9555
4 8534 4027 6966 8156
0
3 5785 8992 9119
0
0
0
3 334 443 8615
1 8925
0
0
1 371
1 7677
2 2617 8044
3 9685 8723 2091
0
0
6 2774 2282 561 137 8571 8657
0
2 8798 1950
0
0
0
3 1522 7778 5955
0
0
0
0
3 7171 9465 4996
0
2 3990 7105
0
0
1 6969
0
0
0
0
0
0
2 4515 593
0
1 6371
2 4685 1043
0
4 6933 9493 6336 7909
0
2 1682 1898
0
0
0
0
4 8149 7942 6838 6298
0
3 5877 3086 7558
0
1 4916
3 1303 9613 7325
1 6448
0
4 6208 6327 2821 1818
3 2352 4681 9595
0
0
1 9496
6 9258 201 602 6633 482 8750
0
0
0
1 690
0
0
0
2 2618 2114
1 7491
1 1982
3 9295 9180 3190
0
0
3 3725 293 3062
0
0
0
0
5 2990 5253 6849 9613 8579
1 9582
0
5 8679 474 9748 7641 9787
1 1117
0
2 5561 3507
0
0
2 9406 2569
1 928
0
2 2153 9857
2 4091 591
0
2 8946 8680
0
0
4 8847 1250 3387 2521
7 1740 3008 5111 4457 4144 125 8667
0
1 86
2 2830 4758
0
0
0
2 5198 1179
1 4705
0
0
0
2 3634 9647
2 8222 2674
1 3713
0
0
3 4975 6050 1836
1 8710
0
0
0
3 310 8023 4220
4 497 8801 1712 6054
6 689 3152 6160 8825 4952 4426
0
0
0
2 6752 3090
0
0
0
0
0
5 7792 4244 2240 4686 8713
0
0
3 4315 4789 7923
0
0
2 3148 1309
1 7504
3 4091 9004 5817
2 2042 324
2 125 4302
1 5204
0
0
0
0
0
1 6599
0
1 1410
1 129
0
0
0
0
0
0
3 551 8771 7106
2 511 8762
4 2063 3173 4428 5028
3 5597 4478 977
1 1511
0
0
0
5 5304 5148 2592 4858 149
0
0
0
0
3 8166 6369 7838
7 5826 410 6491 9150 6198 5879 3774
2 8228 5888
0
0
2 1197 5070
0
2 2155 3638
1 531
1 1201
2 959 317
1 6527
0
0
3 2794 3137 5013
0
0
0
2 2461 8601
3 6381 8204 9478
0
1 26
0
0
0
2 2320 9796
0
1 8418
0
4 8198 2201 9093 9421
1 9756
0
0
0
0
0
5 3225 2896 2156 4059 6017
2 5673 6162
5 4364 8304 5225 1928 7276
5 5232 644 4655 9890 9290
3 4593 3656 2032
3 1033 2448 5691
0
3 4900 289 1836
0
0
0
2 9049 8609
0
0
3 4932 5566 3622
1 1944
0
2 6246 2565
2 5495 1051
1 5815
4 9982 305 5789 9086
1 9181
1 4797
0
6 1795 2026 2171 6992 8152 9574
0
2 6904 5163
0
0
1 8180
0
5 341 7442 2283 9389 7003
0
0
2 9744 9827
1 7077
0
2 8556 1658
1 3656
4 8224 108 3222 5058
5 5569 5442 2607 1485 128
4 9822 4633 3133 414
0
0
2 1070 7375
0
0
6 6093 7530 8738 2304 9735 5712
0
1 6162
4 8019 3897 1317 1436
0
1 6024
1 648
0
0
0
0
3 1450 6441 5614
3 2452 7529 6599
0
0
1 104
3 6129 6312 3430
0
0
0
2 8032 4903
0
0
0
3 533 5891 7376
0
2 2090 2854
5 7157 5774 5905 1195 5195
0
0
0
0
0
0
0
0
0
0
1 6879
0
0
0
0
0
0
1 9441
0
1 2584
0
0
5 583 4322 9536 7991 6580
1 6071
0
0
2 9349 2819
0
0
0
0
0
0
0
0
1 7211
4 2408 9046 7106 6232
0
0
2 3617 370
0
0
1 1375
0
2 5036 559
0
1 5062
1 7392
0
0
0
0
2 8506 6376
1 3273
0
0
0
1 7632
3 5163 5235 9963
0
0
0
0
1 692
0
2 4117 385
4 7795 6598 467 6835
0
3 8776 6583 8460
0
0
0
4 8411 8198 7689 3189
1 9762
0
4 4567 2978 7426 8123
0
0
0
0
0
3 945 3368 3147
0
0
6 2403 3285 8224 524 6760 9730
1 4294
2 330 9914
2 9621 6618
2 3019 598
2 2893 8545
0
1 7788
0
0
3 9771 8503 8580
0
0
4 7608 1748 3795 3510
0
0
2 3220 3060
0
2 7321 3463
0
0
0
0
0
1 8415
4 8783 2006 290 6182
0
0
0
0
1 8850
2 8852 8242
0
0
0
0
0
7 3563 8565 573 6621 3856 2848 7140
1 4833
0
2 8343 4589
1 3803
0
2 2892 164
0
0
0
2 6767 27
1 8727
0
0
4 5177 7067 5926 2362
0
3 1972 1918 6828
1 7654
0
5 1170 6323 2699 8256 9144
1 6231
0
0
0
0
0
0
0
0
0
3 2058 9020 9594
3 8944 1981 5558
1 1418
2 8943 5074
0
0
0
0
3 4262 6184 7299
0
2 2683 5355
0
0
2 9151 4451
0
1 6757
0
0
0
0
0
0
0
0
1 144
0
0
5 8360 5399 6924 9941 1748
0
1 3444
0
0
0
4 8601 6789 1271 1847
1 6072
0
0
0
0
2 2012 6274
0
2 346 6931
3 5338 98 5373
0
0
0
0
1 3161
3 2208 6178 3248
0
0
1 6260
0
0
0
0
0
0
3 6684 6225 4204
0
0
0
1 764
0
0
0
0
0
0
0
1 6031
2 1334 3600
0
0
0
0
3 9437 9604 5793
0
0
0
0
6 2423 1895 5619 6935 283 636
3 7714 6173 3200
0
0
0
2 1002 4132
0
0
0
1 3164
1 4327
0
0
0
0
0
0
3 1577 8922 7757
0
3 1894 9284 3779
0
0
0
0
0
0
0
0
3 7915 1152 4603
0
0
6 9384 2555 6916 8148 5403 2843
2 1653 7217
0
0
0
0
1 2090
0
4 8454 7803 1394 5701
1 7268
0
0
1 6513
0
1 4403
3 9584 2870 6029
0
0
0
0
2 3819 7432
0
0
0
1 6041
0
0
0
0
0
2 8739 2548
2 6147 8852
2 7374 6620
0
0
3 7871 4628 9685
1 5346
0
1 280
1 7773
0
0
0
1 6055
3 2081 2831 7184
3 2289 4251 7075
3 1451 321 1862
0
0
2 8763 3725
0
2 9860 9702
0
3 9299 5269 2444
0
0
0
0
0
0
2 7483 4428
0
0
4 9261 404 6569 4861
1 4078
0
2 5014 6861
0
0
0
1 914
0
1 6053
3 9771 5099 5998
0
5 3589 796 3426 879 8805
0
2 4004 8120
0
0
3 3288 8285 7823
0
0
5 489 9577 5519 9899 6688
2 8996 1619
0
0
3 7937 609 7406
3 2169 4128 3023
1 5785
0
0
0
0
0
2 1504 5411
0
0
0
1 5950
0
4 366 728 3349 7691
4 9461 7554 36 4710
0
0
1 5240
0
0
0
0
0
0
0
0
2 4815 4211
3 64 1604 4054
3 5011 481 9229
0
0
0
0
0
2 9355 8901
0
3 5770 8623 5142
2 9068 515
3 1268 529 1447
6 9154 2000 4825 852 7825 8245
0
0
0
0
1 1473
2 7299 5522
0
3 4010 4546 1460
0
0
0
2 9805 4867
5 8617 8866 5114 3217 6407
0
0
1 2123
3 9029 526 6361
0
0
1 4047
0
0
0
0
1 5295
3 9258 1081 3913
0
2 3064 231
0
0
2 1777 7500
0
0
0
0
0
2 9280 960
1 565
1 118
0
0
0
1 1850
1 4910
0
0
0
0
0
0
0
1 3458
1 5566
0
0
0
0
0
0
0
3 3980 844 2820
4 2872 47 4156 4690
1 5193
0
2 8741 3555
0
3 8436 6929 8082
0
1 7288
0
2 3556 4350
3 9293 5598 4694
0
0
0
0
2 7930 6473
2 5584 1076
2 351 9860
3 1437 1777 213
3 1797 1706 4194
6 2013 2604 2772 1520 7670 7404
0
0
3 975 1359 163
0
3 6383 4340 224
0
4 4979 4174 1931 4873
6 7404 9318 9574 7441 6169 9837
0
0
2 6628 4245
0
0
0
0
4 9304 2577 7854 693
1 3710
1 7110
0
5 4057 353 9511 3450 2501
0
0
4 4536 7128 9414 1532
0
0
0
1 1978
0
0
4 8464 4105 5860 5110
0
0
1 8918
0
0
0
0
0
0
0
0
0
2 2330 2587
1 2316
0
6 4701 3986 4790 1792 6718 4845
0
0
1 2775
0
3 9143 9251 8393
0
0
0
1 4427
3 8969 5676 1772
3 5835 267 5932
2 3290 4644
5 2605 4951 2588 6755 2132
