1000
2 985 683
9 576 995 496 963 713 912 132 47 769
2 813 38
6 756 892 717 888 923 721
10 689 292 881 922 838 82 4 810 791 395
2 247 379
9 170 788 410 734 780 747 826 314 474
2 857 206
1 843
7 154 717 855 885 862 698 883
3 944 440 978
5 637 680 749 909 805
4 627 875 385 109
9 487 81 680 332 736 454 14 417 921
3 879 173 441
9 628 650 227 117 694 527 179 677 703
6 650 353 961 514 533 449
3 978 587 320
3 408 993 236
5 42 250 789 52 231
8 12 382 747 741 48 311 281 727
3 782 588 257
7 725 570 867 995 756 51 850
2 812 110
4 327 129 807 779
3 775 796 863
9 833 65 621 632 775 747 770 283 315
2 270 380
5 95 630 150 764 936
6 401 974 118 92 390 116
1 198
7 909 453 436 341 517 319 274
5 63 33 264 123 226
4 343 226 600 75
1 686
8 172 894 726 9 566 754 499 832
1 989
7 683 345 914 18 779 745 114
8 165 655 791 37 92 99 335 874
4 671 609 812 572
5 660 58 819 207 173
10 439 863 412 562 464 576 547 544 2 709
8 991 61 554 321 888 273 611 142
8 772 898 132 537 967 491 109 93
5 77 628 594 611 409
10 945 705 340 65 661 704 735 350 176 521
2 342 795
4 870 319 306 564
10 1 562 609 354 237 395 833 401 136 919
7 801 711 430 60 400 784 619
1 218
6 652 663 11 367 690 155
2 710 179
1 409
9 545 903 508 763 957 263 172 727 906
5 107 221 90 316 258
4 870 230 424 186
3 991 824 780
7 581 403 715 736 812 299 87
1 908
1 463
3 714 431 71
10 208 864 962 789 16 153 87 321 974 664
2 75 285
7 835 300 271 395 58 236 406
7 975 799 30 839 752 355 530
9 948 604 377 340 716 526 220 322 920
2 632 845
10 216 717 631 818 664 197 355 160 880 569
7 24 626 363 407 289 317 758
3 716 664 760
8 663 518 322 592 745 421 947 538
7 736 459 984 863 879 546 968
2 526 332
1 279
9 663 915 305 797 571 284 685 368 443
4 656 30 457 673
2 279 425
9 219 352 50 313 139 61 149 508 669
1 629
7 966 750 926 617 6 29 329
10 126 140 174 662 858 612 191 660 679 106
2 923 92
4 869 623 627 808
3 332 412 565
9 84 20 133 755 465 779 36 725 814
9 174 558 76 722 808 254 854 67 719
3 756 675 977
6 836 843 336 703 145 537
2 92 803
2 815 703
6 663 813 642 856 190 252
2 455 420
4 709 731 729 586
9 345 148 813 544 91 110 96 805 871
7 709 77 445 793 2 950 759
1 788
1 386
4 998 371 143 217
1 480
7 575 122 925 281 379 328 174
10 349 212 721 61 885 576 472 382 229 282
9 484 829 902 607 289 992 708 584 187
10 565 799 300 304 366 119 254 552 699 62
3 595 891 187
10 456 244 800 116 353 283 335 358 34 555
1 786
1 66
6 733 74 294 77 774 860
10 283 116 885 779 51 956 343 312 53 491
5 571 479 408 164 387
4 115 592 35 439
4 704 17 348 144
6 733 129 829 22 74 884
7 359 223 964 419 729 651 413
7 680 69 420 132 770 510 531
10 708 885 102 142 153 314 813 875 706 114
6 800 936 765 960 971 158
8 798 153 74 549 716 517 598 330
8 83 498 800 372 276 584 831 677
6 332 455 549 196 465 158
5 927 233 889 61 641
1 518
5 597 492 325 462 548
9 176 373 165 200 577 476 706 319 461
10 994 411 634 959 35 896 308 459 194 409
9 623 953 220 928 85 723 416 747 357
6 747 601 383 491 234 590
10 228 908 804 293 3 799 878 425 778 614
4 544 660 449 246
2 870 2
1 177
1 695
10 595 608 969 33 496 252 307 724 806 190
8 597 110 451 292 552 308 728 945
6 723 278 681 189 275 48
8 857 841 740 799 36 952 613 894
3 748 805 723
6 742 381 814 998 602 773
1 595
7 539 91 285 57 348 982 604
10 394 962 597 677 57 227 958 134 61 665
10 725 982 27 462 652 680 71 244 508 944
1 369
6 179 317 440 595 658 795
9 808 24 2 883 821 996 746 852 430
1 133
1 185
7 912 924 359 60 709 106 160
1 78
8 994 348 337 472 766 50 485 4
8 327 502 914 204 18 72 462 786
1 322
2 519 612
2 129 817
1 415
3 141 517 582
1 381
3 384 683 149
6 178 744 14 112 133 586
4 492 164 222 843
2 234 923
5 352 549 401 230 508
2 315 831
7 188 735 450 395 808 880 477
7 507 271 571 3 365 473 577
10 395 554 264 224 447 179 389 97 99 505
7 730 154 509 949 220 958 273
9 751 575 245 745 72 370 190 452 965
8 262 623 111 322 447 657 726 251
5 614 267 605 696 434
6 571 665 690 633 294 978
8 579 487 78 296 850 929 177 943
4 670 925 790 687
5 304 908 784 103 24
10 883 184 76 814 510 597 657 300 526 794
7 477 157 319 237 258 132 760
4 339 676 186 461
5 126 609 60 66 388
8 981 20 529 273 62 461 605 137
1 447
7 447 566 998 697 972 849 388
4 911 572 345 105
6 60 665 873 757 968 148
2 151 759
4 802 919 487 357
7 393 210 197 479 184 627 662
10 421 686 268 224 801 671 921 502 485 598
5 102 615 156 317 817
5 334 930 765 510 491
9 310 275 420 113 899 406 473 959 398
8 740 598 518 4 929 603 221 443
2 543 537
4 945 186 108 605
3 726 54 891
1 507
7 591 490 410 930 303 648 513
10 457 388 11 754 103 308 211 626 914 455
2 732 419
3 278 199 73
8 433 471 382 390 123 676 23 460
7 976 455 382 734 598 192 693
2 236 199
2 639 318
6 211 64 494 59 467 581
7 957 270 127 150 347 223 676
6 734 865 37 624 411 30
1 623
7 699 4 70 739 544 281 130
2 982 371
4 184 841 250 930
2 747 735
4 695 374 557 669
7 421 211 788 893 692 407 130
7 364 448 787 739 354 82 139
9 911 63 42 217 320 18 700 94 324
9 857 203 118 442 249 623 871 301 278
5 337 256 959 760 890
3 217 977 97
8 477 994 320 405 341 967 894 425
5 325 354 485 111 943
7 239 466 998 867 564 668 291
1 801
2 486 633
5 322 924 668 556 563
2 27 716
8 819 104 846 524 810 481 155 240
8 390 280 338 257 579 237 394 372
9 702 971 368 445 27 404 980 171 325
2 316 414
8 17 790 969 646 84 112 550 155
7 276 173 344 331 182 643 268
5 873 919 230 839 156
5 938 626 917 576 835
6 651 563 552 753 863 969
3 73 254 2
4 82 603 970 294
1 269
1 791
4 4 771 623 545
9 65 276 364 94 585 676 982 79 502
10 797 533 963 634 572 966 891 310 913 140
5 812 122 791 449 360
7 27 190 394 589 58 581 376
3 930 991 761
4 991 208 455 264
4 839 583 637 225
4 11 35 336 405
10 157 472 459 332 328 719 439 634 500 583
7 619 711 24 984 478 31 218
1 148
1 770
1 427
4 395 588 990 938
7 683 534 951 193 24 717 324
4 949 197 309 226
9 941 729 977 318 236 983 398 900 874
1 205
3 844 345 866
6 6 115 812 639 326 774
1 288
1 777
2 568 538
4 464 536 772 154
1 698
9 226 468 295 684 787 206 869 673 443
3 262 468 221
10 527 908 751 504 693 853 684 711 38 881
2 817 98
5 25 54 467 541 597
8 985 485 924 245 578 935 63 109
5 38 946 952 735 798
10 79 264 853 685 730 471 709 75 911 375
9 401 175 622 183 379 942 196 44 290
6 786 10 123 986 691 154
3 698 725 235
9 500 113 498 157 634 95 919 820 118
6 276 416 149 733 873 250
3 158 147 261
7 933 484 599 931 686 936 549
5 142 895 985 256 769
3 909 346 340
9 624 834 839 561 736 344 331 837 305
1 341
4 750 611 775 391
3 523 812 637
2 990 517
2 712 53
3 301 985 983
4 791 107 972 370
10 418 90 355 423 489 411 279 740 708 986
1 404
10 744 428 709 501 993 205 272 640 509 915
3 947 900 672
1 861
9 264 103 502 918 605 643 750 920 857
1 165
4 518 307 504 935
3 204 733 806
4 846 574 142 253
5 367 307 433 475 799
1 500
2 505 454
4 519 137 14 581
9 243 852 319 334 177 48 985 153 742
8 989 795 889 514 766 2 721 231
6 107 324 366 62 111 88
4 30 186 971 706
1 462
10 24 640 20 353 733 627 160 834 933 131
3 599 38 624
10 613 583 344 133 301 355 963 490 440 695
7 630 390 991 669 858 712 148
10 208 362 447 424 123 319 75 988 483 169
4 704 410 874 231
1 642
2 818 499
8 14 575 153 435 459 8 889 360
4 708 787 924 722
1 597
9 928 699 858 870 158 559 630 114 307
3 556 151 121
10 110 247 433 464 7 545 892 362 425 407
9 993 53 858 862 722 866 553 978 744
6 812 409 775 417 69 982
9 420 931 472 594 492 539 113 186 465
10 343 289 390 688 948 592 236 438 164 696
6 909 823 58 818 924 332
9 904 776 147 956 99 197 118 92 796
10 531 770 480 772 387 459 590 218 333 551
7 519 130 848 910 760 823 244
7 105 927 567 913 583 917 227
3 941 491 291
9 169 772 781 724 185 175 860 220 236
10 559 562 603 40 711 821 714 772 866 517
9 876 974 601 605 84 584 32 135 357
7 123 460 14 941 345 359 172
4 148 287 257 275
2 550 521
6 567 878 171 888 771 638
9 963 650 649 206 981 975 106 243 267
7 464 68 281 211 808 623 991
10 797 744 242 604 182 636 147 711 172 879
6 859 564 525 55 652 587
9 85 823 492 844 960 986 381 858 919
5 132 436 238 826 329
7 337 740 218 973 601 540 250
7 260 28 188 791 739 155 306
6 658 826 301 393 165 248
7 294 559 863 500 548 59 378
3 889 584 338
10 283 174 331 609 17 622 818 851 784 261
10 416 938 368 487 528 622 257 638 899 698
7 176 565 213 250 120 668 235
10 60 47 636 39 679 382 520 569 999 592
1 952
10 794 302 356 556 86 363 345 743 986 513
1 633
7 674 993 624 296 990 144 833
10 765 280 449 774 366 817 45 746 599 636
5 148 499 595 977 337
10 403 645 342 751 849 807 93 520 262 774
4 450 468 832 344
3 791 448 399
9 699 251 269 319 856 492 95 238 322
7 878 491 852 425 449 224 281
3 928 424 656
1 925
2 863 232
10 681 222 997 791 535 536 179 740 655 596
1 664
3 881 425 938
9 457 895 706 291 162 961 835 546 24
10 88 4 405 412 734 704 640 957 288 698
1 137
8 824 854 528 730 511 141 498 10
9 399 967 296 504 497 340 374 732 675
9 105 644 138 29 797 773 770 782 301
6 24 925 704 83 791 10
10 4 687 715 809 632 714 359 336 331 344
4 968 440 513 653
7 696 229 114 608 628 320 394
8 866 307 643 782 146 350 245 506
10 178 429 474 964 807 195 391 640 320 303
7 362 539 199 867 221 103 408
5 740 945 789 562 710
5 451 117 190 168 981
4 31 989 569 823
4 396 204 200 114
8 748 955 927 523 715 385 452 774
1 416
9 527 116 858 428 906 378 146 948 179
3 723 596 245
9 236 61 174 132 52 844 416 917 675
8 232 795 545 826 590 82 233 812
9 352 227 335 673 626 956 275 106 713
3 79 725 607
1 480
8 488 496 457 674 927 545 279 271
5 133 995 117 731 906
10 629 203 809 929 154 109 490 971 223 39
1 949
10 568 75 145 471 934 589 247 614 883 167
8 537 207 265 203 253 909 346 791
9 898 761 807 488 883 716 325 612 753
4 183 360 136 462
6 65 905 804 257 406 437
6 53 350 561 333 224 977
5 960 488 831 713 161
2 979 895
8 692 277 879 980 849 313 496 20
9 592 649 270 563 989 685 104 905 191
2 687 127
7 891 647 812 1 440 120 417
8 73 810 200 524 128 584 348 634
8 305 202 169 64 723 471 747 14
5 1 503 595 257 561
1 715
2 849 943
5 669 738 50 494 565
4 241 763 779 703
10 886 693 491 875 688 686 460 589 774 955
3 219 756 599
2 154 537
2 15 1000
4 138 43 797 381
1 173
6 986 200 448 666 393 622
9 360 107 332 164 26 270 118 951 386
9 935 951 678 536 517 327 625 435 643
3 304 184 592
7 721 710 62 833 51 112 819
7 760 721 322 427 984 833 365
1 530
10 354 426 216 788 91 313 177 729 198 130
7 825 84 563 957 815 57 535
2 682 983
6 909 362 145 849 174 687
9 575 102 570 943 812 1000 31 696 536
1 711
10 784 430 217 532 827 820 128 99 566 795
3 1 587 77
8 132 317 227 653 922 44 2 329
3 781 113 72
8 131 958 609 731 999 271 584 481
9 668 817 301 932 126 525 306 470 213
3 418 795 410
2 745 726
5 888 950 28 69 729
9 883 478 52 386 763 379 482 937 276
6 688 580 304 562 43 907
7 708 557 828 340 83 542 997
6 644 146 550 204 943 65
4 887 59 134 35
4 414 35 257 682
2 162 646
6 361 301 917 947 326 332
2 499 592
3 834 146 120
5 577 12 61 665 799
10 320 853 275 905 378 449 325 17 650 835
8 805 320 740 916 935 821 232 440
6 919 381 394 686 55 904
1 130
7 967 11 517 436 639 382 8
7 678 228 628 55 977 204 331
3 842 276 415
6 67 536 660 865 13 780
2 942 670
10 980 473 456 329 570 130 233 8 377 52
5 714 476 598 393 487
9 357 193 471 55 123 172 250 496 539
3 509 53 992
4 339 642 44 171
7 352 468 212 600 997 139 652
4 569 187 901 812
1 370
10 814 110 800 105 656 352 323 616 452 281
4 889 932 378 484
7 890 657 822 601 97 146 100
8 43 970 104 495 733 11 540 131
1 960
5 553 560 900 674 113
6 540 488 237 618 961 453
1 817
10 388 468 887 638 25 353 467 449 292 206
2 402 162
4 256 344 215 578
8 985 401 476 11 748 384 31 28
2 159 426
3 744 230 433
5 390 494 708 63 277
2 134 522
9 214 423 502 154 402 922 935 312 202
7 74 468 70 72 460 860 178
3 255 447 837
2 577 638
4 80 583 122 140
1 703
2 429 481
3 724 70 797
1 727
6 895 226 225 437 934 413
9 950 388 912 240 836 898 777 273 619
4 240 85 214 448
8 451 195 400 57 52 1 702 709
10 603 367 135 261 371 833 324 85 487 556
5 9 400 869 605 468
8 215 205 349 308 612 390 372 787
4 653 895 489 23
7 686 210 744 989 124 980 784
2 89 829
8 477 287 600 117 453 703 134 873
1 82
9 194 625 446 338 948 422 651 206 85
7 393 310 103 593 86 281 874
8 98 445 606 254 821 463 921 486
1 458
2 509 839
10 974 567 154 637 111 17 177 531 578 552
10 461 409 578 412 337 587 9 643 806 316
1 796
5 208 60 243 464 913
10 790 855 549 646 142 813 475 778 14 559
8 415 892 136 875 149 525 422 351
3 175 536 271
8 70 698 571 233 61 50 222 193
10 45 741 290 463 481 415 46 129 259 341
4 551 800 669 244
1 803
2 729 131
10 968 267 895 413 21 155 666 59 828 917
6 928 499 78 812 677 504
6 620 398 340 515 559 771
7 663 817 872 333 713 698 58
7 819 613 932 812 667 9 732
6 672 10 564 962 66 196
7 311 645 182 422 336 394 612
1 188
5 215 258 666 197 780
6 555 935 661 84 389 561
8 791 42 207 882 159 54 981 683
7 952 581 318 412 884 181 39
9 961 395 47 14 841 630 854 81 11
8 30 995 744 875 349 148 985 151
8 353 376 390 213 325 329 67 379
1 351
8 110 975 919 927 556 935 660 750
3 160 204 391
7 462 939 143 119 635 764 213
10 157 210 657 208 602 825 641 546 923 70
9 637 580 281 407 391 724 80 239 399
4 325 527 723 569
7 889 864 618 979 359 230 319
1 134
6 277 222 33 987 231 657
7 648 244 20 344 459 602 132
5 726 846 152 482 243
10 615 347 507 103 971 227 65 563 784 257
1 671
7 544 530 427 16 526 115 772
5 525 885 929 255 139
9 693 896 680 563 556 242 902 630 697
5 162 406 727 682 451
8 246 893 215 633 826 689 837 109
3 360 592 704
6 789 675 239 143 687 715
8 937 20 629 253 530 880 497 960
2 322 296
1 542
4 432 143 48 753
2 493 286
7 550 260 930 990 171 100 342
2 241 555
1 979
1 13
9 922 640 535 913 89 764 612 664 168
4 659 180 88 719
8 897 248 866 415 474 591 292 156
4 802 713 951 504
7 169 667 246 477 421 567 806
8 405 931 952 600 54 625 806 89
3 708 572 595
2 789 978
1 30
10 836 94 776 888 546 332 202 57 922 596
7 498 876 548 51 972 904 870
9 370 65 43 725 479 275 422 399 127
3 173 524 568
6 433 114 732 658 548 748
5 527 289 89 259 61
9 743 840 446 259 998 286 812 217 822
4 484 713 569 558
5 682 708 710 428 556
1 15
5 484 291 501 687 804
2 704 454
7 942 129 249 139 194 594 597
8 565 692 688 434 750 73 496 847
7 345 818 561 831 948 977 898
9 406 369 262 698 841 287 24 853 85
5 901 20 433 792 76
2 153 957
2 124 708
8 764 917 287 95 582 102 524 5
7 190 382 58 591 661 868 892
3 188 842 180
3 1 625 670
5 387 870 785 44 152
10 517 347 302 395 819 773 495 394 899 535
5 329 22 266 502 917
8 327 215 657 439 95 989 451 189
4 741 64 897 295
4 749 343 400 509
8 494 94 500 427 326 362 23 530
7 817 337 687 112 237 262 375
8 389 789 985 364 178 706 739 914
5 97 840 975 713 579
4 26 813 589 619
4 931 157 184 103
4 363 194 324 91
2 286 395
8 303 946 549 590 618 410 721 440
4 781 606 463 242
10 747 459 480 776 216 21 402 174 223 152
3 15 122 528
3 493 934 894
3 75 455 562
6 295 965 469 899 933 723
5 558 924 143 904 618
2 832 509
2 378 576
1 809
5 29 539 355 550 254
2 759 449
3 748 361 715
4 603 944 270 424
2 396 532
9 293 662 890 352 58 471 991 468 55
3 483 78 348
5 549 132 305 704 89
4 802 674 953 552
4 952 102 184 356
8 940 578 88 982 164 104 111 331
8 429 127 57 379 894 139 487 96
9 628 604 884 69 769 322 784 801 270
6 712 792 644 213 691 822
5 918 973 937 876 920
8 461 195 399 271 153 351 849 983
9 405 391 493 196 823 488 537 878 873
10 97 839 615 881 450 587 958 1000 426 503
3 577 67 434
6 600 844 957 396 350 61
1 127
2 740 693
8 353 569 561 81 945 312 781 114
9 158 626 656 942 197 974 586 305 343
6 709 858 315 865 897 65
1 782
4 666 457 811 181
1 157
2 62 221
8 20 428 524 663 935 70 89 995
4 160 912 488 570
9 610 414 953 722 408 925 565 815 381
8 703 303 374 50 93 976 998 338
8 970 27 270 502 556 416 396 608
1 451
3 453 297 796
2 724 796
10 611 547 170 997 310 90 934 435 988 440
10 778 522 163 855 499 171 78 681 742 944
9 797 52 859 493 140 468 838 135 845
8 133 301 349 128 51 921 318 863
5 254 925 559 467 105
7 853 490 982 716 448 612 973
1 887
4 277 590 120 804
4 192 769 468 548
5 45 904 128 472 588
1 939
9 883 9 993 738 917 628 822 897 216
7 763 99 980 160 408 273 622
8 341 78 489 109 156 255 162 240
7 246 379 446 195 440 95 941
3 782 946 857
6 453 147 730 575 243 648
7 706 887 280 404 372 85 623
2 918 992
6 220 306 767 569 254 14
9 577 35 305 165 589 199 690 850 331
1 637
2 768 331
4 857 613 151 948
8 926 419 541 888 84 622 306 565
7 267 95 693 684 659 790 799
8 978 652 649 990 152 808 272 308
3 161 562 453
3 468 905 168
9 195 24 988 236 4 811 909 906 450
7 712 930 13 868 702 530 550
9 184 428 486 209 88 49 83 453 845
2 600 94
9 356 330 92 344 18 381 19 526 338
8 590 799 148 111 221 36 47 320
3 902 292 400
2 514 114
10 133 46 609 177 755 831 189 198 725 36
10 645 862 295 125 547 512 229 809 958 45
9 617 976 663 370 9 805 373 977 573
8 874 876 143 315 24 606 999 783
9 390 585 918 460 182 749 320 388 198
9 412 329 880 58 303 276 63 399 669
1 121
6 819 504 30 16 621 410
6 621 55 705 636 627 534
9 518 460 157 291 337 854 726 835 448
1 826
1 446
5 107 325 397 860 517
2 183 152
10 824 17 22 989 94 244 48 434 784 304
3 429 865 718
1 667
10 414 738 928 1000 784 13 152 224 158 655
7 539 433 664 698 108 616 745
3 732 764 10
8 911 533 643 927 53 266 976 932
4 320 37 554 50
6 340 276 785 286 580 903
3 75 366 588
3 347 720 957
3 302 218 707
10 5 867 684 974 881 257 222 58 38 151
6 102 433 452 754 914 554
1 1
10 101 483 880 440 340 151 315 98 637 78
2 942 284
5 141 432 71 679 277
1 484
4 38 713 338 915
8 554 24 908 671 285 400 412 802
1 41
4 41 58 18 222
9 530 866 411 943 972 694 165 491 662
3 993 246 402
4 176 741 811 125
2 255 627
4 267 168 763 442
9 43 349 744 88 121 109 755 64 301
4 212 980 899 706
5 217 397 91 161 208
4 282 116 86 614
9 262 585 736 472 709 872 819 313 275
8 847 434 856 585 702 951 454 684
4 163 997 686 275
7 509 506 542 291 79 522 885
4 10 902 678 407
3 79 116 369
10 956 781 818 158 518 957 33 883 398 103
3 222 123 392
2 553 15
9 3 461 861 402 299 362 946 285 745
3 699 856 237
7 748 916 242 260 807 425 664
6 888 154 532 856 933 965
2 963 236
8 93 757 986 351 952 311 130 827
8 361 625 745 814 270 55 756 322
7 789 331 698 234 974 730 925
4 594 401 869 698
7 102 891 775 629 177 920 854
0
4 675 471 1000 551
4 565 842 775 9
7 758 885 325 169 736 948 813
10 205 129 665 766 230 725 931 653 14 674
1 712
1 967
9 746 946 711 402 436 238 405 733 228
6 676 820 251 542 148 495
5 759 296 543 63 536
6 200 459 390 308 325 712
4 756 964 113 226
6 398 343 152 253 47 238
8 10 320 605 872 252 847 675 39
1 613
8 774 447 218 76 521 901 484 96
8 387 17 342 701 133 529 274 982
10 741 513 139 75 490 131 564 919 717 39
5 735 665 908 755 425
6 632 507 374 918 525 422
6 113 959 401 999 818 115
3 318 490 726
5 405 494 757 244 183
5 556 979 61 243 590
10 188 196 112 824 533 794 141 767 596 872
9 85 352 259 764 33 365 841 799 422
9 390 675 204 371 773 948 415 808 425
2 412 880
3 306 460 668
6 140 570 47 702 697 698
5 179 437 32 291 414
5 402 369 380 686 488
1 396
3 561 451 212
8 647 268 540 898 550 471 638 87
7 182 906 757 200 38 867 940
6 840 557 369 176 973 642
4 754 278 300 44
7 488 20 945 301 582 125 50
10 415 250 932 590 276 528 126 860 704 919
8 470 690 392 181 984 372 607 976
2 293 975
10 87 174 575 216 909 934 995 80 212 189
10 201 832 842 191 77 411 343 333 626 378
6 591 610 910 45 440 868
10 9 143 514 131 330 410 670 755 676 456
5 485 708 46 992 830
5 397 756 461 132 716
3 702 614 994
9 808 331 14 653 190 704 915 783 720
5 794 771 664 232 821
4 659 290 222 859
2 874 110
9 131 101 42 92 538 784 564 166 414
4 894 619 62 189
2 113 195
7 718 763 280 567 277 562 64
6 712 949 719 171 618 52
1 965
8 592 888 654 41 275 914 793 338
6 336 240 680 500 428 277
6 990 803 202 392 720 745
1 381
2 924 223
10 469 892 318 130 655 477 173 457 220 827
1 576
2 306 97
6 202 870 279 108 154 415
4 683 95 782 568
3 537 218 634
1 792
1 832
5 611 521 874 834 216
3 351 411 395
8 208 277 88 943 933 598 502 217
2 830 248
2 772 553
4 364 790 612 301
6 197 329 704 998 701 708
6 856 498 891 238 297 253
9 954 988 864 517 346 321 295 166 720
10 711 79 239 216 321 398 316 771 391 709
3 80 679 177
8 839 31 825 792 658 963 376 701
1 525
2 518 903
5 498 164 957 460 450
4 202 820 22 592
10 991 447 612 625 212 395 401 385 588 883
4 681 400 850 471
6 694 15 957 129 658 413
4 373 396 708 84
2 507 710
4 746 716 295 206
3 50 159 903
8 346 39 31 656 498 997 672 343
5 427 838 372 900 683
4 324 545 798 397
6 876 467 641 678 555 668
5 933 963 78 277 108
9 887 984 697 317 523 568 749 813 338
2 246 687
5 249 854 628 743 958
5 954 44 256 668 968
3 602 538 478
1 461
1 749
7 205 884 769 936 891 908 120
10 97 128 669 572 682 339 628 745 240 896
5 581 960 626 682 892
10 884 736 361 329 148 776 740 584 34 703
4 142 114 472 163
6 677 971 362 773 580 313
9 918 65 606 896 985 52 866 728 499
2 59 553
4 924 767 958 321
7 839 575 100 97 979 488 107
10 703 59 297 726 539 481 812 202 504 987
1 661
8 206 638 93 544 477 124 460 458
7 39 960 293 996 467 191 23
2 955 17
5 482 675 481 312 659
5 668 260 429 616 514
6 309 372 629 117 319 139
6 226 873 531 572 887 7
7 56 685 923 225 77 968 630
9 746 316 457 537 185 798 820 148 899
1 700
6 74 375 576 247 240 716
4 289 453 266 925
3 524 496 829
6 635 628 684 965 94 243
1 687
4 882 828 147 56
6 223 190 597 849 370 929
10 436 994 926 720 852 362 586 404 739 184
5 479 250 973 351 851
8 603 882 372 282 917 918 110 468
10 553 897 697 693 570 696 402 721 127 892
7 7 954 154 848 332 912 216
7 922 837 161 801 631 931 229
9 106 632 376 193 144 235 338 510 586
1 893
6 273 574 559 886 169 268
4 126 836 197 705
2 587 189
1 982
5 702 887 910 520 738
10 554 627 104 227 766 428 224 140 657 281
3 457 389 708
1 673
8 950 40 678 597 273 985 281 202
9 239 399 429 919 745 954 670 469 916
8 916 840 461 615 262 129 923 805
3 444 899 458
7 598 635 968 738 751 337 74
9 198 75 345 412 881 859 583 164 348
3 128 773 512
1 945
6 713 29 78 187 383 799
4 371 218 805 769
5 189 569 794 280 650
3 871 987 1000
1 232
3 594 50 153
5 368 722 522 263 337
4 791 404 881 517
10 472 434 599 644 674 157 514 928 165 862
10 770 83 508 446 560 578 140 460 405 204
8 620 500 544 136 160 726 914 996
5 656 275 854 864 845
10 551 837 100 460 292 818 1 125 813 772
7 369 48 193 63 384 316 716
6 993 859 244 191 435 724
8 642 612 228 517 907 138 860 965
2 191 403
5 861 52 916 463 75
8 299 895 293 363 87 166 416 533
9 564 801 107 805 777 803 782 862 681
3 451 152 19
2 474 845
9 689 666 270 863 752 487 995 805 809
6 619 150 861 635 621 264
5 193 130 859 928 972
1 710
7 374 599 867 950 402 215 8
4 304 701 436 309
7 246 929 21 16 311 805 380
4 306 600 703 597
10 975 556 913 519 993 193 428 160 455 579
1 198
3 517 637 908
6 498 566 320 381 975 814
8 522 329 608 175 726 21 573 431
10 714 462 50 558 694 183 606 946 324 562
10 784 523 650 185 256 258 459 31 935 636
8 402 374 459 67 68 56 229 222
2 716 519
1 366
9 288 844 831 482 114 729 56 172 880
3 519 120 453
6 570 903 722 812 17 821
8 796 362 925 671 327 314 326 159
5 888 743 757 312 385
7 803 130 676 621 893 764 421
1 332
5 267 389 88 486 625
4 943 796 57 316
9 825 233 230 856 312 407 937 563 270
8 767 971 75 214 894 487 118 970
5 215 418 186 143 471
5 147 305 573 697 245
8 906 451 907 258 666 16 804 675
6 470 828 63 842 379 480
10 723 673 544 79 432 689 658 577 407 46
9 155 499 834 864 391 930 484 370 27
4 860 141 509 542
1 746
2 152 264
9 544 995 136 56 371 44 456 930 688
7 935 900 944 112 320 500 732
9 501 146 873 127 533 826 153 877 139
2 975 781
2 52 672
9 890 576 60 244 834 769 345 770 703
4 235 199 853 254
1 796
