1000
7 287 474 102 730 196 864 394
6 875 231 308 631 277 859
0
10 735 103 80 459 923 64 998 436 409 893
0
21 853 228 841 322 456 532 535 439 188 518 679 506 899 84 126 855 926 792 441 796 756
19 992 891 411 45 926 313 319 352 771 412 471 609 525 353 205 216 136 723 915
0
2 831 752
18 787 918 672 370 648 915 343 599 523 764 502 20 246 102 674 604 924 278
0
18 609 71 467 742 86 418 173 996 936 727 648 60 649 110 523 572 753 149
4 675 594 83 254
18 187 701 1 974 952 319 5 842 806 423 65 568 209 591 716 886 723 982
0
13 885 406 143 176 333 327 185 261 436 141 693 422 508
10 34 19 254 196 178 829 836 614 884 850
10 72 505 657 644 267 110 96 775 897 504
8 795 746 370 190 326 159 838 987
7 987 929 536 166 543 137 568
0
23 442 817 165 239 859 899 611 683 382 959 997 94 880 99 133 282 166 350 448 273 53 846 748
13 158 342 402 279 291 854 23 677 922 256 873 98 671
13 663 195 757 851 727 916 628 494 354 554 684 592 682
0
0
11 784 119 9 625 826 283 798 657 591 946 222
5 523 450 409 798 729
0
14 803 234 569 967 768 198 14 344 882 139 964 508 359 791
6 773 158 955 737 397 903
17 692 663 5 18 898 274 358 103 24 642 676 397 577 3 110 575 672
0
6 719 125 700 230 300 365
16 980 897 454 548 58 703 110 747 12 419 591 977 255 132 520 103
1 597
2 410 789
20 595 672 57 577 947 603 32 296 851 691 789 464 620 306 878 71 181 697 768 159
2 782 701
6 907 667 925 484 763 878
14 916 529 200 997 819 164 239 906 738 41 133 195 507 572
15 809 448 935 61 547 434 648 145 481 618 256 304 223 372 355
0
21 183 46 606 188 150 705 950 36 58 138 860 349 878 793 683 353 549 651 215 253 766
0
6 606 203 323 811 158 445
14 112 687 35 617 521 852 302 991 781 150 497 792 620 980
13 329 291 709 883 741 915 604 897 781 327 567 28 934
14 366 757 526 980 676 143 796 292 536 576 586 121 105 964
5 238 911 508 454 23
1 836
0
22 697 425 436 972 467 80 741 124 340 141 927 293 91 859 571 82 667 38 852 375 95 30
16 360 116 963 337 385 305 560 945 931 668 433 377 74 47 856 959
14 664 159 273 366 503 668 767 957 393 639 312 824 61 842
20 137 609 286 100 69 535 751 939 844 857 699 682 821 510 504 490 898 377 47 653
6 143 181 301 63 967 399
0
11 994 534 791 851 744 424 856 571 768 216 846
5 991 562 26 603 684
0
0
0
7 593 10 46 450 241 36 675
14 274 188 451 624 120 388 665 191 944 935 759 773 933 930
0
16 947 852 697 464 394 802 41 303 212 191 536 363 955 759 903 602
0
15 621 269 17 333 8 848 918 577 100 586 674 117 736 431 928
7 965 368 320 875 205 82 644
12 81 366 862 2 499 531 251 416 278 384 367 673
15 16 491 57 116 887 171 585 334 51 225 969 375 215 925 453
24 476 795 955 491 933 95 226 168 514 639 637 221 114 588 953 792 54 862 488 32 382 417 927 601
23 296 677 103 712 437 398 184 622 647 717 363 645 228 666 325 400 716 815 341 179 572 792 106
11 606 430 64 697 810 788 475 543 979 825 678
17 561 995 195 174 673 898 997 403 255 835 59 107 10 904 111 657 964
4 140 416 11 236
5 1000 540 621 174 215
9 829 460 557 576 303 756 244 173 863
11 653 897 415 741 835 444 181 770 409 147 9
21 647 330 105 814 725 875 708 492 897 884 120 696 240 435 986 341 681 276 969 928 845
16 278 439 840 943 303 686 980 424 530 864 770 114 927 205 287 818
13 598 123 950 632 734 604 296 216 188 66 101 200 12
0
16 506 18 744 630 736 157 831 536 255 523 892 703 284 16 984 811
1 631
0
13 24 972 984 490 882 11 438 927 693 107 351 790 595
17 456 340 40 308 871 845 537 596 780 659 732 204 259 875 851 190 54
16 300 388 2 530 219 860 377 376 80 502 31 357 572 289 835 753
1 888
2 77 604
17 213 353 87 112 375 619 975 236 843 377 950 777 850 957 643 458 345
12 238 122 460 833 207 125 850 235 315 23 436 963
15 461 973 20 40 363 184 483 844 542 665 258 646 761 747 509
6 172 575 180 115 637 650
18 376 9 170 695 948 767 912 890 998 457 190 659 408 187 230 211 356 6
4 599 448 369 343
1 176
7 205 946 514 184 706 531 116
11 984 710 290 88 403 86 958 433 939 113 538
18 201 190 372 307 773 178 583 112 359 878 808 78 859 941 464 41 627 235
3 25 815 176
11 816 230 514 65 538 907 789 110 803 703 198
16 502 232 277 697 754 305 376 613 16 20 432 916 478 507 548 88
7 212 737 98 796 543 643 778
1 894
0
1 948
0
17 34 604 132 71 706 259 20 967 356 873 850 767 629 657 787 51 265
5 623 915 42 697 33
4 138 385 918 959
16 718 653 989 924 287 95 300 914 320 728 122 370 609 637 99 94
7 331 363 475 149 869 174 231
14 236 946 860 147 235 887 775 634 400 719 32 825 455 959
15 281 323 80 397 19 59 920 262 154 83 440 739 50 875 379
8 752 550 236 994 753 665 353 162
8 920 857 997 405 69 261 263 577
1 280
4 922 488 358 40
5 708 792 455 337 589
19 523 622 8 809 387 873 290 266 353 240 726 954 512 15 359 341 325 998 725
16 107 812 921 795 578 451 280 849 513 701 363 499 362 505 512 971
19 796 256 27 663 648 849 870 633 257 161 992 117 817 894 421 571 438 164 901
9 287 398 686 186 21 104 415 869 423
23 521 333 675 201 504 676 514 370 110 972 112 998 621 847 926 102 260 989 957 566 463 343 91
8 560 727 947 607 96 205 843 556
20 618 9 493 146 954 416 185 171 452 348 759 597 625 465 494 508 754 936 959 953
3 415 84 256
24 423 297 385 692 758 881 762 449 584 648 959 804 208 614 939 706 403 244 200 753 227 495 80 551
0
17 929 352 499 215 930 96 164 911 444 205 753 744 649 119 954 310 575
0
17 633 713 315 698 862 397 649 206 314 209 614 597 140 280 226 612 229
23 660 25 275 716 496 463 408 882 789 209 262 991 401 280 9 605 93 225 158 217 493 532 999
12 282 3 96 432 733 452 414 39 983 74 309 943
17 434 318 501 782 700 875 978 929 296 996 642 346 148 119 762 780 42
2 193 210
4 787 169 203 992
22 971 181 688 801 259 968 905 812 424 569 84 279 653 917 316 155 99 277 980 96 988 589
13 487 378 886 172 153 125 58 440 37 803 593 200 326
3 342 944 194
0
17 489 142 437 315 5 792 906 998 131 257 57 611 819 712 526 106 660
0
14 252 705 606 150 436 796 658 708 230 575 817 275 910 791
0
8 615 420 280 886 138 674 193 205
18 767 878 417 213 197 950 531 309 721 324 370 879 499 652 30 468 550 259
15 440 23 956 44 523 188 785 450 609 586 952 511 720 463 849
21 907 242 167 953 782 269 604 534 357 491 848 129 847 652 571 763 122 550 603 465 181
23 813 146 783 426 549 23 122 116 949 291 476 635 398 526 220 468 682 566 245 207 631 557 577
2 914 331
6 558 589 406 179 563 688
14 238 806 653 951 960 893 695 338 130 754 804 572 446 654
2 251 133
9 68 592 901 105 886 925 981 479 510
16 664 833 468 111 398 43 498 654 747 370 810 375 138 756 896 27
2 784 356
7 829 56 84 485 803 435 76
0
2 703 191
18 897 196 626 718 348 701 76 239 150 507 745 445 500 719 399 756 425 688
0
20 971 645 698 961 161 329 460 673 72 870 133 973 883 712 325 77 393 125 528 265
17 519 244 42 200 710 222 909 757 456 906 816 728 709 464 336 603 558
0
14 945 986 385 663 570 980 249 825 705 911 820 123 180 597
19 7 5 394 95 812 788 560 506 548 620 763 714 628 989 775 164 517 860 396
21 154 960 49 632 523 156 104 245 65 617 135 163 144 60 909 184 610 551 419 138 53
6 470 962 671 813 209 716
0
11 964 900 769 491 343 957 1000 323 230 474 21
5 641 572 700 295 699
1 91
21 127 725 858 381 275 314 177 169 574 659 746 125 247 644 37 447 934 811 419 75 343
5 593 169 3 201 350
0
18 964 373 725 352 908 591 419 978 336 481 20 892 347 207 190 651 114 201
5 642 496 702 982 22
5 963 107 953 331 1000
23 829 990 715 408 3 468 331 507 700 281 149 775 72 278 423 44 512 661 284 776 809 658 282
9 18 374 666 726 35 153 979 459 8
23 597 834 343 318 884 966 432 312 256 621 924 889 624 193 266 487 851 153 418 289 776 896 457
20 321 284 126 708 182 89 256 634 257 335 690 925 175 164 324 491 329 244 205 930
3 703 883 663
0
14 157 812 220 926 818 774 784 839 197 988 510 756 913 508
18 618 458 235 388 393 777 326 720 531 116 597 55 835 369 446 412 269 952
15 822 310 744 674 994 676 249 899 464 317 916 868 862 477 633
9 962 505 78 632 473 711 457 982 859
3 644 25 257
4 10 891 729 426
2 895 71
12 369 597 329 840 715 694 22 944 394 761 499 813
8 669 157 575 150 782 841 600 323
0
22 811 409 383 885 512 115 907 449 457 860 652 466 680 242 504 179 484 482 390 39 809 80
14 656 223 846 214 947 873 659 426 788 152 337 82 258 616
14 191 361 524 590 985 32 824 168 796 289 334 580 149 269
8 700 283 943 227 575 266 435 748
15 624 748 286 700 457 410 284 132 984 830 525 924 228 120 612
22 8 261 611 188 345 115 781 102 613 529 14 723 697 382 302 620 989 376 675 588 464 633
0
18 803 4 418 448 237 734 56 244 643 454 249 988 740 302 957 324 976 601
0
4 970 135 220 588
2 779 887
13 471 761 290 591 875 535 643 23 765 352 851 622 82
22 428 180 570 593 796 887 53 810 472 246 761 245 540 872 325 710 20 18 8 798 718 494
18 111 763 859 232 799 257 724 987 103 841 132 438 141 522 251 558 484 184
5 64 678 210 75 518
8 542 623 872 497 58 577 35 830
20 717 179 390 498 768 808 22 694 439 784 155 632 248 985 692 256 220 232 708 181
7 44 403 799 873 984 141 401
16 201 547 844 845 822 227 665 406 751 517 563 111 194 123 117 909
1 412
14 976 195 157 355 412 295 170 84 600 127 910 760 258 6
13 192 460 6 571 114 241 924 858 453 394 230 726 387
19 288 518 707 956 868 232 156 195 942 997 134 573 11 844 825 148 221 639 922
13 255 707 202 660 721 573 574 859 99 133 157 385 190
0
5 392 595 479 668 689
19 951 634 784 992 823 828 138 327 569 611 567 178 9 684 240 423 695 225 590
13 891 203 70 314 241 917 558 176 1000 899 234 309 156
7 83 901 982 938 646 240 903
18 64 841 534 949 114 224 518 168 745 528 743 669 476 477 683 786 455 522
23 796 151 902 476 533 502 608 328 845 907 390 385 464 714 917 558 184 626 741 978 634 69 883
17 421 851 994 625 858 441 298 529 683 227 202 787 733 512 648 545 54
23 622 19 116 163 653 873 660 609 74 715 316 201 245 541 843 111 521 195 641 28 200 300 845
8 506 788 601 862 891 658 221 772
0
21 734 97 809 358 508 369 440 848 868 264 132 412 390 158 188 989 649 74 482 72 186
7 279 283 376 397 607 576 876
16 416 45 228 471 541 395 660 643 983 792 241 753 295 731 167 637
15 190 880 136 485 775 753 39 561 205 614 799 462 433 679 421
23 199 820 277 519 94 19 695 660 696 93 798 722 163 864 797 463 331 808 922 44 485 993 63
11 249 965 235 532 922 602 115 466 618 26 74
0
12 571 930 707 288 260 603 458 675 226 897 142 613
9 102 623 866 867 618 71 899 283 90
10 961 500 121 529 83 861 274 849 101 53
7 657 872 929 327 20 683 217
15 514 517 236 24 656 758 835 463 330 840 489 436 130 518 83
8 883 444 509 655 171 956 437 896
7 846 203 581 578 489 401 435
14 316 660 97 496 339 342 209 255 150 837 488 986 750 698
16 673 975 511 560 781 516 417 206 670 484 505 127 573 896 430 987
13 132 16 349 933 894 580 271 372 441 313 361 692 602
0
10 550 894 282 388 811 295 917 304 9 908
13 316 82 523 208 280 81 339 625 500 475 667 37 393
12 960 928 231 879 767 972 481 330 151 258 204 747
9 116 619 134 492 196 637 573 407 131
0
2 983 73
22 364 709 442 212 462 473 363 647 131 708 300 228 671 608 263 595 807 189 333 923 45 26
2 955 307
18 305 198 810 624 721 247 536 310 790 58 451 379 386 72 439 49 179 811
0
0
12 639 569 602 935 138 887 113 88 793 579 483 564
0
19 819 547 14 383 965 715 140 770 421 700 285 778 417 623 141 527 811 820 574
5 354 301 488 469 783
12 288 501 742 241 382 359 590 889 86 447 35 979
17 442 161 522 668 718 893 380 457 445 95 785 282 69 664 779 194 221
7 347 177 754 135 960 27 717
17 1 843 494 500 257 566 997 119 565 914 46 351 580 680 112 93 699
15 664 521 823 411 451 43 989 62 331 503 39 113 262 805 433
8 217 682 279 148 819 537 925 114
5 67 451 197 592 245
8 934 229 505 117 353 147 5 728
6 756 65 508 996 950 43
0
17 885 309 157 90 833 701 59 457 634 319 118 766 454 268 783 882 169
13 814 416 367 924 68 497 3 889 141 429 794 184 818
11 522 571 856 451 230 382 194 713 207 36 218
4 256 928 303 787
0
0
22 941 848 489 497 352 1000 304 947 940 985 898 277 635 524 538 49 921 624 626 583 90 517
12 129 35 706 670 54 740 791 81 265 546 134 462
5 814 46 24 415 73
17 765 84 166 430 335 820 493 364 637 149 505 897 729 649 273 566 204
17 547 967 714 747 431 327 338 464 469 915 153 654 45 318 129 400 537
4 501 801 256 878
13 257 929 707 842 471 205 99 417 724 834 911 329 631
4 916 761 97 988
16 124 356 102 188 681 200 976 846 668 280 656 31 856 469 978 17
4 225 145 574 730
12 819 282 797 723 960 127 466 585 245 219 673 554
7 537 99 343 805 146 15 1000
0
0
9 829 352 74 281 550 72 641 300 113
0
14 952 165 775 668 73 489 761 517 787 40 42 946 154 66
0
20 666 814 126 570 306 831 550 835 434 504 586 288 285 672 377 559 310 554 190 739
15 399 450 639 406 675 943 299 955 992 703 746 156 255 462 232
4 69 20 947 331
9 333 73 952 875 792 44 369 12 113
4 832 458 20 685
17 516 484 463 890 666 222 537 127 994 441 863 679 419 277 266 244 978
15 161 94 310 281 812 296 247 979 273 363 861 93 280 555 888
22 169 558 545 154 792 390 661 315 798 77 16 24 817 990 185 739 879 783 963 100 923 10
16 245 748 970 859 655 54 360 23 69 827 201 297 266 797 418 134
4 320 410 670 51
0
11 753 351 371 339 813 949 74 935 990 670 422
4 703 671 557 811
0
13 423 532 677 902 59 49 63 355 312 158 246 965 708
14 418 110 95 83 929 256 801 750 465 503 876 411 938 509
1 713
22 727 152 61 353 893 651 515 456 375 72 975 5 901 75 320 936 265 191 106 462 803 267
10 41 222 806 546 588 628 42 861 597 958
15 97 144 290 529 168 26 617 924 244 397 99 370 679 482 865
0
7 12 470 589 57 436 384 556
18 892 736 454 45 784 873 749 106 298 900 924 494 373 818 86 501 422 759
8 230 955 592 246 85 21 789 501
14 629 2 509 598 28 824 502 784 315 245 395 143 58 161
18 467 703 527 317 994 853 259 447 666 49 548 162 690 17 525 782 614 759
7 890 360 71 271 82 535 205
17 37 902 182 119 118 531 931 219 389 451 683 702 858 237 65 387 12
2 21 658
16 370 806 367 521 568 732 984 526 558 893 131 768 961 718 258 142
10 766 56 192 476 375 669 742 690 442 424
10 475 331 253 459 292 500 353 127 567 70
8 556 899 436 639 835 398 49 486
8 219 718 148 230 391 111 35 679
0
15 617 337 179 296 788 663 354 797 371 387 438 593 504 578 464
14 269 962 129 909 614 516 977 905 512 867 561 406 136 317
21 442 768 511 430 904 976 708 232 696 195 781 878 529 794 751 233 340 491 413 103 941
21 154 737 694 584 39 371 421 655 666 460 608 265 732 250 948 889 794 736 479 264 617
9 263 665 331 77 980 615 394 164 841
10 202 740 939 773 727 394 429 887 487 403
13 677 840 873 740 100 960 400 202 877 511 298 862 853
16 651 641 265 583 223 594 279 640 638 546 152 317 923 575 149 697
0
14 390 549 273 755 423 121 241 10 380 692 732 233 934 196
0
22 323 115 180 584 614 922 735 265 324 874 177 834 773 868 777 598 281 497 58 518 232 639
4 834 91 966 21
12 634 323 235 906 314 327 856 360 80 507 205 715
5 382 791 687 702 480
17 851 919 849 622 944 372 56 564 329 278 769 575 301 940 829 523 324
15 415 145 149 125 421 670 895 981 839 126 167 692 307 908 219
19 74 600 229 550 126 542 168 369 582 557 390 807 412 816 113 60 901 29 869
19 677 488 219 763 535 714 421 852 711 172 977 829 126 88 461 306 877 513 120
6 789 98 603 943 185 565
11 591 253 191 254 710 954 456 983 628 215 179
0
11 295 336 372 391 512 75 56 607 618 639 707
19 987 112 371 773 842 897 252 727 374 133 257 249 748 851 127 566 445 43 620
17 398 405 255 527 203 500 287 301 123 444 442 167 676 180 651 374 509
21 301 54 5 360 938 7 626 344 530 749 386 103 167 724 912 988 555 754 239 400 266
8 101 674 590 585 889 33 190 214
1 444
21 47 155 609 492 604 830 657 584 420 773 498 423 520 251 852 529 17 834 699 419 506
10 900 638 982 5 912 394 768 856 669 378
0
22 252 116 2 622 528 910 540 304 604 240 326 146 330 721 539 911 97 595 206 590 329 187
8 375 687 682 230 460 444 195 960
0
2 337 865
20 320 158 505 832 588 580 977 712 968 478 219 467 246 888 198 209 425 50 815 139
10 384 859 900 125 161 241 560 429 178 362
15 673 615 298 729 51 337 906 319 735 103 555 356 207 821 520
2 409 217
3 902 91 725
12 58 443 311 38 151 330 656 500 90 761 179 801
5 348 530 948 512 597
0
17 253 386 878 426 365 981 759 752 549 834 382 164 725 422 116 364 54
23 952 459 131 950 411 361 699 647 997 6 2 901 413 838 172 220 505 21 887 193 788 825 552
0
5 261 458 61 140 80
1 346
4 504 830 503 194
20 230 757 750 804 254 189 241 186 36 813 148 409 990 344 51 212 27 920 632 519
1 197
4 410 812 719 587
9 563 346 70 953 962 484 506 932 341
9 307 200 634 89 922 584 103 118 547
10 626 795 223 232 941 477 849 647 555 972
15 953 896 357 221 653 94 326 865 127 443 709 431 9 296 635
15 185 820 42 557 686 883 708 864 801 548 435 345 673 613 810
5 258 292 179 486 660
12 976 330 473 343 640 982 963 122 831 654 937 876
4 401 565 372 938
18 79 966 601 737 751 989 210 363 648 632 547 198 253 762 259 18 920 789
1 378
15 385 445 418 136 276 319 618 994 936 617 462 671 451 393 718
11 699 327 737 671 626 833 841 800 175 807 711
9 836 671 746 225 797 500 279 71 726
9 969 480 459 224 937 958 910 231 959
20 34 583 801 535 694 833 289 931 479 725 288 300 685 35 622 798 346 333 348 999
20 888 271 37 813 718 580 258 411 606 226 100 444 508 972 671 626 376 412 199 583
15 735 554 239 576 626 212 938 684 493 49 224 487 621 998 276
3 340 34 288
7 470 766 966 637 477 135 26
0
16 914 943 89 614 710 464 803 802 705 794 129 697 116 18 755 738
5 514 302 310 353 925
24 542 606 178 42 675 22 329 403 915 564 973 318 595 312 744 956 194 474 943 163 871 478 972 897
13 296 692 845 671 251 104 42 338 519 901 782 228 816
14 602 879 511 62 258 151 460 394 205 153 901 10 449 528
14 177 533 609 141 412 875 404 227 985 895 604 505 640 15
7 124 988 34 329 930 915 48
10 266 270 132 967 339 942 425 991 279 82
17 143 369 320 509 941 638 736 168 545 986 837 282 576 963 716 403 391
5 76 47 267 49 272
17 335 912 840 180 284 62 727 92 735 617 633 955 176 511 382 286 656
19 439 694 481 862 971 510 693 736 817 307 348 308 709 621 839 312 675 122 10
7 238 963 800 580 43 813 270
14 70 432 132 814 803 617 361 631 768 187 951 887 815 438
7 748 935 991 614 417 150 486
22 934 182 602 68 767 534 249 172 763 530 898 675 168 930 269 653 841 699 951 283 810 659
1 193
16 542 642 457 931 886 308 149 946 232 736 485 814 721 75 582 25
8 153 692 706 274 668 815 271 20
14 343 905 30 874 788 74 918 984 717 959 618 239 427 331
19 951 548 808 772 908 184 603 28 354 781 804 434 252 274 960 554 269 752 844
7 754 306 366 440 32 343 400
2 511 833
15 591 953 385 446 70 187 822 389 215 158 667 59 537 883 589
8 636 308 811 682 474 239 876 87
15 910 900 321 591 720 755 43 880 271 948 843 521 827 894 288
1 113
13 857 924 532 81 850 376 871 156 724 641 834 624 583
12 449 230 161 352 483 288 102 499 505 583 274 164
10 6 621 868 379 990 908 226 866 332 305
7 855 352 54 247 597 422 660
14 841 812 665 164 148 32 747 707 992 87 153 346 532 319
20 591 971 845 978 639 807 174 846 924 641 229 318 860 388 254 527 444 801 374 702
0
0
13 661 135 680 80 884 374 194 191 697 841 980 775 949
12 609 174 921 907 561 159 765 861 836 724 51 635
1 361
6 60 453 22 388 312 251
12 469 305 549 847 160 481 602 45 735 176 354 682
13 660 883 5 419 802 709 392 995 689 394 114 881 611
0
20 969 527 485 463 864 724 891 285 38 986 385 594 881 487 875 16 210 780 231 817
3 182 790 365
20 612 580 458 874 967 994 698 802 88 413 225 121 637 606 119 49 321 100 30 382
7 64 884 199 91 565 846 774
5 229 30 553 260 277
21 396 19 679 240 231 638 880 484 523 554 713 985 294 871 836 295 351 898 696 838 215
11 51 799 325 507 356 778 217 939 697 392 861
16 757 505 97 155 788 151 158 174 631 170 191 911 740 81 640 789
4 933 512 785 412
9 28 59 129 477 498 51 735 816 33
0
21 20 324 108 387 991 670 429 147 965 460 835 958 785 615 869 740 179 884 501 613 827
19 389 338 994 915 765 137 596 336 968 127 212 471 503 4 966 582 574 241 124
21 619 539 850 677 102 560 446 293 473 184 480 776 119 844 533 69 580 656 24 392 548
4 33 232 584 758
19 650 385 778 23 629 407 571 984 676 607 923 726 81 373 963 547 619 220 396
9 115 302 464 714 63 153 852 238 682
19 287 86 818 957 835 983 656 504 987 873 860 488 294 977 686 625 603 451 587
8 25 406 296 976 81 978 265 35
0
13 92 458 260 58 882 395 423 200 845 877 367 681 731
21 313 702 332 614 540 93 353 683 43 345 666 63 994 908 371 821 717 374 242 56 327
20 264 577 861 453 598 874 494 951 774 79 27 647 212 644 749 187 271 219 406 460
14 648 383 448 51 896 786 418 180 504 892 785 993 237 808
1 216
2 463 835
9 692 554 123 431 864 493 263 970 956
6 138 48 612 809 439 770
6 491 417 7 680 157 328
14 926 257 858 503 153 997 112 659 874 673 897 537 330 198
20 495 2 346 983 564 252 634 560 561 439 958 145 971 54 468 729 147 56 594 877
0
14 595 679 754 229 265 836 809 697 914 685 817 122 328 900
8 959 516 983 680 536 512 279 884
9 879 414 627 253 482 991 489 805 43
7 808 520 227 545 981 411 446
20 810 846 38 695 571 665 895 545 254 577 619 216 247 701 143 305 929 62 154 881
0
3 678 823 516
4 124 382 106 703
23 411 937 303 550 203 830 970 622 309 896 46 188 979 774 326 283 397 476 135 654 147 314 965
0
5 387 934 971 321 470
7 132 565 91 841 515 654 958
9 934 45 994 639 560 683 236 309 572
11 388 794 723 962 389 239 86 955 398 545 429
9 522 496 811 439 112 498 540 561 767
14 587 84 774 92 476 396 337 369 462 316 456 343 82 589
21 262 43 654 184 640 821 256 951 939 316 667 741 738 499 723 639 688 594 779 683 238
0
0
20 655 370 426 724 305 725 623 196 398 987 622 275 555 801 504 228 47 75 789 154
19 414 319 282 24 480 105 451 280 205 579 942 149 168 827 437 662 402 351 228
10 60 9 806 384 870 92 143 335 202 549
15 816 305 812 923 105 942 612 727 152 566 473 974 498 19 529
21 364 787 462 450 653 706 218 937 848 249 50 567 865 277 425 496 732 301 895 199 482
16 319 856 747 215 971 109 880 931 985 762 235 950 98 229 850 239
16 439 45 70 144 112 562 639 524 238 552 491 971 589 362 406 996
4 116 229 983 53
1 844
10 489 577 823 594 710 118 874 398 791 170
21 240 226 889 506 805 363 434 796 410 880 224 619 182 73 946 263 685 310 398 482 689
0
3 688 119 368
9 353 486 835 719 485 734 628 762 112
2 14 46
17 237 267 885 36 388 562 506 713 198 775 159 641 891 449 278 708 441
7 568 150 776 387 817 855 876
13 344 244 538 656 749 459 21 133 918 269 555 53 7
17 135 234 269 832 341 50 723 913 27 333 821 427 589 149 508 827 208
4 542 63 639 292
19 818 474 256 345 582 785 869 426 11 864 873 924 498 66 457 250 975 119 147
0
15 819 621 107 100 487 218 44 999 175 297 987 149 366 13 432
12 721 955 519 284 861 707 308 312 62 966 656 683
8 407 231 268 806 502 982 392 881
21 436 628 838 14 409 682 233 616 420 978 781 34 961 195 226 154 216 48 296 734 358
17 116 480 850 918 595 758 689 645 21 254 135 623 518 208 297 575 739
14 165 767 652 856 30 518 189 156 161 125 392 602 330 416
6 949 189 137 745 280 757
10 217 358 87 275 814 809 434 672 666 501
3 393 153 838
0
0
15 311 236 798 941 178 511 71 650 468 606 416 61 893 202 999
3 248 115 896
19 26 697 90 371 903 35 501 438 310 265 700 361 130 555 754 706 163 497 1
21 879 457 236 1000 763 666 415 402 969 133 689 846 700 485 889 785 953 186 708 730 249
9 191 34 394 771 188 416 544 133 116
18 843 589 43 606 723 267 579 205 648 594 644 620 225 711 477 471 698 101
19 122 800 621 498 236 716 195 920 43 134 569 982 669 78 849 269 576 286 190
0
0
19 652 267 214 989 435 422 408 227 552 161 516 452 674 824 360 298 420 390 645
4 120 25 591 517
8 762 482 158 634 622 782 793 166
20 603 512 432 962 464 786 557 883 176 813 333 740 656 754 272 673 793 481 684 535
10 8 136 523 240 968 521 643 275 407 368
0
0
5 804 222 391 121 984
16 377 285 9 131 831 524 832 973 850 514 805 919 721 80 905 651
11 67 725 794 627 875 947 653 621 336 515 406
22 819 563 926 175 898 381 67 75 390 978 47 1000 238 114 314 15 413 375 492 170 845 154
18 16 851 589 461 314 495 867 729 277 913 216 929 487 826 401 319 207 645
5 205 839 605 452 980
0
3 208 124 287
17 91 996 405 489 977 633 463 512 419 453 232 2 872 618 442 484 448
20 352 30 523 472 511 956 382 132 365 124 216 942 825 112 901 560 384 915 131 728
3 700 536 483
11 322 983 994 587 619 796 910 861 389 951 680
0
15 775 552 279 428 305 472 873 555 453 461 817 594 556 337 788
7 683 431 841 821 526 346 82
18 227 315 577 191 833 700 36 613 204 72 687 545 645 934 989 160 537 481
10 960 539 225 456 836 158 19 920 612 881
11 543 141 364 324 453 119 931 590 701 78 31
8 458 552 308 877 656 959 903 757
15 394 583 732 20 964 798 310 999 772 775 355 214 11 458 181
15 793 401 934 324 9 873 450 380 684 838 842 422 27 300 928
16 325 615 370 237 84 716 270 56 869 846 91 727 46 179 32 494
17 545 865 970 129 754 546 355 612 517 3 189 405 824 967 11 438 380
4 852 453 481 981
9 901 694 329 746 549 622 667 726 366
0
15 872 707 842 408 5 12 969 357 201 899 40 668 979 411 221
18 757 941 915 218 676 22 860 491 172 911 603 73 383 650 808 381 289 498
0
22 455 800 157 635 745 680 256 285 344 617 86 866 959 380 675 350 11 164 885 326 638 1000
13 902 424 422 780 47 578 782 817 421 987 123 724 958
11 293 435 901 96 944 337 897 138 388 602 954
23 887 413 416 607 305 684 209 28 876 769 415 730 745 20 445 364 43 196 470 784 204 668 10
20 621 475 506 532 469 759 161 851 256 57 273 519 389 457 635 661 753 914 727 870
7 953 320 32 502 790 926 564
11 944 609 82 718 138 626 9 10 952 631 25
17 679 546 84 309 907 1 690 469 400 221 695 787 196 175 417 790 716
18 797 628 189 339 953 299 135 303 794 652 910 569 109 582 620 365 450 857
11 328 557 754 911 154 609 621 875 184 22 738
8 856 522 563 649 19 617 368 179
12 100 743 364 404 127 923 257 566 883 831 271 703
20 852 189 920 110 361 810 506 205 299 197 40 974 933 490 952 775 450 381 454 729
16 358 590 154 443 816 825 279 159 461 418 429 323 68 47 784 593
2 196 523
16 371 150 407 780 144 585 706 409 392 151 561 235 753 550 742 848
3 560 903 158
6 380 658 194 110 46 887
22 407 119 936 614 862 812 955 477 106 316 187 326 748 269 660 650 591 309 361 994 448 904
16 8 623 903 715 114 368 843 468 353 998 360 986 915 758 348 254
16 92 482 303 572 413 152 309 76 897 522 141 401 483 712 944 332
0
8 300 275 687 157 231 268 123 337
2 823 455
4 129 715 126 836
4 830 496 551 690
14 622 348 117 969 197 719 775 770 398 654 401 54 51 716
2 971 662
17 102 488 90 550 844 295 60 570 603 495 12 737 826 908 473 323 791
16 302 904 45 349 653 774 829 736 72 898 252 232 948 840 911 548
12 180 513 996 902 762 529 727 211 658 867 388 574
3 3 211 443
23 906 250 936 94 696 935 477 397 465 374 279 622 965 841 91 17 629 867 373 620 849 603 423
13 781 537 980 43 471 553 949 491 704 378 617 556 822
0
7 16 41 317 118 345 169 896
2 879 451
8 507 300 215 457 88 743 45 267
0
0
19 508 503 80 925 428 333 149 151 600 859 279 851 207 419 493 863 319 921 713
14 789 532 88 357 195 104 150 772 430 846 689 84 393 754
9 623 731 119 901 511 133 601 813 65
0
22 12 573 92 517 23 271 955 139 897 90 938 564 264 622 773 123 504 882 692 325 427 461
14 936 821 84 385 388 572 877 641 438 904 310 476 245 367
15 143 199 778 224 880 478 615 201 782 618 721 879 711 13 5
21 227 49 147 581 357 711 870 19 125 202 649 392 790 267 253 44 567 200 715 394 988
16 667 275 384 643 624 517 381 62 971 686 735 638 878 123 829 871
20 248 835 674 460 111 783 511 665 306 295 370 662 887 205 742 565 587 669 88 284
17 379 521 906 572 272 207 226 371 700 504 378 206 376 112 999 445 28
14 232 448 597 757 152 317 862 612 251 518 1000 700 138 79
4 988 510 256 114
9 381 987 869 336 676 744 88 635 587
12 223 863 649 582 222 717 768 427 675 256 226 715
21 6 598 911 755 887 624 77 675 205 733 407 840 631 331 555 317 286 848 490 336 886
0
18 220 506 831 775 482 663 12 541 854 705 688 341 569 957 44 871 699 563
12 575 709 126 881 997 601 129 765 892 733 226 319
4 919 761 619 678
4 396 461 589 542
0
22 749 741 92 618 405 221 966 206 378 469 367 86 212 642 525 443 836 797 795 748 501 245
15 939 498 292 932 770 662 959 726 137 493 72 245 857 8 792
19 505 677 48 42 853 969 875 543 430 869 572 124 911 303 742 586 854 204 308
15 683 41 78 279 567 902 204 833 99 910 986 498 741 467 643
2 874 187
14 949 18 408 867 371 595 723 50 282 295 749 850 410 504
8 684 323 97 48 681 307 761 931
10 560 363 429 472 748 350 434 870 699 12
2 763 515
2 291 948
0
0
3 165 15 155
11 218 387 981 751 657 97 717 236 793 200 340
21 391 167 731 844 399 573 182 804 616 988 70 302 648 835 436 252 490 89 558 983 555
22 688 525 514 131 409 775 475 192 540 703 932 718 80 26 541 678 403 824 673 654 783 62
2 663 730
1 275
16 69 144 150 819 710 857 733 396 924 601 771 234 301 333 298 489
1 376
10 378 122 250 809 212 923 824 977 892 922
4 163 621 177 280
1 25
4 376 917 411 476
11 602 408 838 359 824 139 99 842 618 379 284
3 131 505 422
22 89 44 209 409 233 457 454 546 54 462 833 788 165 412 781 317 215 501 846 159 229 476
13 834 989 353 247 446 95 596 53 5 793 815 869 147
9 206 432 977 658 622 86 224 973 959
0
20 108 513 788 78 3 866 199 769 544 504 818 114 258 563 575 887 409 548 498 281
10 758 972 156 289 377 9 746 536 792 32
12 457 556 973 691 923 602 402 643 5 104 133 330
19 523 270 41 460 947 471 271 869 49 959 310 952 210 225 987 859 556 478 200
16 424 909 932 86 970 832 914 291 91 646 74 160 973 960 57 740
0
18 149 335 388 965 92 487 782 761 39 53 271 168 998 133 493 27 766 324
0
10 390 619 256 740 36 2 370 352 24 122
0
12 204 44 970 300 622 645 227 432 543 818 453 448
2 521 868
4 423 133 101 260
14 222 22 613 350 415 82 83 374 694 738 810 198 740 291
0
0
18 113 717 351 667 381 738 535 46 233 134 354 261 121 817 243 794 987 603
0
2 227 456
12 751 522 130 976 461 502 301 353 54 193 133 899
9 32 80 860 143 912 294 625 923 459
5 537 817 565 499 180
8 382 429 777 61 630 102 346 521
0
0
10 254 435 623 187 208 448 501 749 57 482
0
15 59 62 690 980 382 471 958 421 859 950 869 638 910 716 728
13 377 258 898 884 45 59 94 911 345 95 649 325 474
19 864 894 415 837 673 352 441 115 569 859 358 78 655 907 130 783 798 986 386
8 935 64 619 483 632 132 772 487
3 978 720 268
22 210 638 347 310 896 548 13 945 690 30 85 300 439 91 95 247 338 900 327 822 722 925
11 945 26 606 57 941 203 104 793 402 5 616
17 429 436 424 701 694 23 185 287 444 462 868 805 38 379 749 750 76
3 824 282 839
12 185 719 273 480 9 725 161 778 574 777 913 387
11 549 18 60 406 556 618 554 467 731 219 763
12 303 384 870 759 831 830 709 228 523 938 300 423
13 530 90 713 904 58 461 878 907 938 174 776 953 937
8 996 790 543 603 522 949 468 172
23 887 426 837 161 209 318 113 663 238 649 356 694 70 279 170 554 540 338 690 841 583 749 959
2 651 438
12 122 385 128 437 558 331 268 758 112 942 653 325
0
19 186 492 307 898 331 788 199 484 432 890 718 761 920 844 836 278 786 513 875
0
5 817 567 104 769 731
4 540 499 463 337
5 375 227 263 301 796
16 238 934 768 9 877 978 242 491 900 618 310 472 742 911 19 438
14 873 483 80 856 592 773 146 589 3 607 723 107 305 311
16 496 502 202 930 366 138 974 662 118 551 58 711 382 644 996 438
21 762 403 864 344 103 799 392 795 860 363 717 331 796 21 628 463 335 922 859 323 508
0
20 295 205 283 182 460 569 542 218 807 429 437 226 5 451 932 595 307 990 816 866
18 309 811 495 584 725 353 168 758 474 865 548 15 253 28 26 390 704 792
6 551 896 559 769 498 583
10 901 291 97 48 50 662 461 500 104 531
8 680 849 187 143 892 753 819 464
9 992 985 931 622 299 887 692 57 756
10 273 810 565 531 486 201 922 364 516 61
0
20 220 923 660 51 421 598 655 512 578 697 763 2 84 353 116 887 457 130 958 721
2 495 907
16 998 683 713 934 311 59 433 700 68 288 64 633 939 12 289 873
13 223 886 831 842 258 332 9 853 385 139 337 933 811
17 288 519 755 702 697 583 485 550 775 945 295 488 746 923 70 409 238
2 677 794
22 843 398 219 660 174 136 356 488 593 221 213 536 711 607 755 156 111 14 389 476 376 751
8 74 56 154 370 924 117 462 373
5 676 911 200 352 558
14 727 298 921 745 27 535 747 694 749 811 792 1000 469 840
6 165 241 51 32 921 178
15 844 685 433 639 667 306 779 653 339 916 133 536 478 647 480
14 32 337 476 98 142 674 241 906 639 188 934 564 115 773
18 612 848 909 516 317 219 996 196 379 433 611 62 78 653 710 895 683 305
21 396 71 933 732 420 245 76 948 386 639 373 262 524 345 721 657 665 750 977 674 895
20 803 264 819 276 776 220 368 991 596 309 604 878 301 548 960 804 20 865 635 357
16 619 295 685 143 694 77 187 869 378 615 610 876 996 1 512 350
14 169 130 772 403 305 475 529 416 857 328 408 348 139 430
15 806 742 968 569 489 453 690 816 25 803 431 629 888 554 595
0
11 48 384 155 413 753 853 270 44 592 376 103
0
19 923 980 828 180 777 161 795 148 114 861 13 389 24 25 341 919 914 346 953
7 348 704 627 597 526 371 583
16 547 766 427 459 68 220 877 392 724 534 254 431 978 255 102 550
4 30 17 345 192
4 306 651 140 414
24 994 905 823 170 536 210 392 218 116 783 525 665 892 715 298 855 74 45 112 150 808 904 593 200
7 695 341 811 111 631 644 487
2 242 941
0
8 999 951 793 1000 501 958 723 587
3 944 906 857
7 777 795 396 830 923 567 485
14 329 760 397 504 707 100 771 205 488 699 387 153 415 139
19 167 531 16 154 268 171 583 193 892 271 45 115 91 335 127 511 804 87 860
16 885 193 736 282 534 548 619 841 849 168 715 410 640 543 46 339
17 616 551 773 642 206 307 957 728 661 544 319 972 716 162 298 502 490
14 861 355 788 249 850 87 730 442 391 981 566 352 129 412
0
0
6 383 809 499 620 194 644
23 166 155 882 619 112 158 402 176 899 848 291 486 93 29 748 594 252 697 972 526 47 432 265
15 542 565 839 432 103 479 377 54 715 348 408 824 382 194 226
23 563 807 850 477 391 564 213 808 17 339 743 786 700 341 55 481 395 825 191 790 617 836 467
15 573 144 422 315 687 754 558 446 39 139 830 99 327 659 729
1 995
13 900 276 114 840 355 722 297 527 795 393 395 286 396
4 202 588 840 62
7 903 635 994 703 737 565 838
21 488 594 535 999 231 273 71 987 907 328 214 533 141 111 852 117 388 611 99 179 575
7 135 180 382 212 675 62 78
5 953 987 211 507 582
10 119 145 633 161 13 5 720 596 271 411
7 187 248 761 573 450 976 745
0
13 584 356 742 816 769 160 890 659 873 365 96 402 486
13 144 458 222 994 12 658 482 791 135 88 533 557 382
19 964 731 541 306 43 261 882 349 822 4 556 966 181 493 878 653 455 692 863
4 184 829 374 649
23 215 577 119 144 889 558 530 251 832 390 393 494 303 71 954 775 635 723 756 917 671 82 63
4 571 124 245 842
19 878 308 617 499 72 840 29 422 783 738 173 260 875 278 841 216 141 974 309
5 350 972 846 91 488
18 912 179 787 986 521 750 780 83 636 608 847 558 514 20 11 973 931 295
12 432 697 479 291 743 605 138 79 557 680 909 640
1 417
18 50 140 498 438 573 699 964 772 200 109 539 817 436 407 697 52 231 833
7 466 908 945 296 771 499 132
10 822 846 784 492 100 283 12 941 261 888
17 422 26 306 127 559 831 125 889 39 815 433 429 695 241 780 645 85
17 668 289 338 480 677 187 38 479 182 16 908 156 54 689 303 249 806
21 722 190 192 853 787 927 332 656 844 825 864 882 744 433 850 306 276 626 348 203 485
2 236 17
13 750 651 162 108 732 427 708 214 787 753 739 456 315
12 400 246 440 7 650 923 553 762 685 584 297 93
18 120 68 716 129 228 88 219 838 474 402 918 383 735 397 532 960 325 320
0
14 161 52 654 787 303 710 810 850 473 310 509 407 10 102
3 178 176 169
7 17 147 420 613 746 685 901
0
11 824 460 585 286 722 883 916 461 429 228 405
18 494 81 298 620 949 544 251 19 213 313 759 656 211 327 651 422 809 210
4 753 161 664 925
8 608 651 112 183 631 879 179 849
7 437 85 601 203 137 100 303
10 207 555 609 127 35 478 999 103 378 610
0
9 606 941 21 120 230 825 765 538 568
19 62 484 473 956 252 621 69 979 733 985 75 333 633 408 241 845 802 838 342
15 108 346 773 495 233 865 919 613 145 533 360 22 926 456 971
9 24 535 118 553 611 461 950 412 834
7 448 255 894 346 455 847 852
0
7 378 494 834 338 593 80 815
0
0
10 454 783 691 326 624 487 206 996 426 191
18 792 385 734 632 299 846 595 373 374 233 364 79 562 57 863 541 66 944
17 93 567 442 496 268 340 191 826 327 962 672 321 92 304 905 37 694
11 483 360 72 599 317 600 636 117 461 834 688
18 778 218 328 91 308 862 136 842 793 756 604 819 730 990 564 395 211 531
6 173 304 86 914 239 98
4 921 376 282 33
0
13 897 618 941 388 822 495 585 731 113 489 866 658 970
6 579 995 503 686 321 984
11 119 562 56 256 373 714 290 907 313 511 881
0
20 371 727 676 3 482 769 462 443 400 504 81 380 726 832 741 314 168 869 241 708
6 183 431 582 627 145 291
13 572 885 660 175 349 927 878 391 759 581 80 718 615
17 355 396 776 859 467 967 778 624 578 737 343 101 632 577 839 584 68
7 363 663 119 642 47 43 411
9 777 389 173 491 893 853 545 695 261
4 501 887 796 620
5 588 536 343 427 793
7 265 622 755 514 651 255 318
10 362 616 268 348 605 794 371 370 67 215
14 369 957 813 541 135 709 285 384 550 569 171 6 51 196
18 616 664 80 13 873 767 894 679 553 437 729 574 147 193 880 857 661 385
15 275 428 704 762 959 902 705 165 69 945 681 164 801 975 454
0
11 620 587 707 398 662 624 423 172 303 773 514
11 648 574 949 806 99 156 699 887 883 8 12
1 616
0
16 883 482 84 496 688 798 956 666 12 77 237 355 10 910 743 608
22 52 218 166 562 27 164 488 698 213 420 494 719 216 417 799 298 366 621 62 954 746 284
12 681 235 410 757 913 548 387 579 956 50 777 519
21 387 432 821 984 283 451 766 594 697 249 858 877 290 874 268 531 75 944 527 797 996
22 827 43 932 249 951 406 354 893 538 592 193 578 46 365 456 95 671 874 15 669 463 812
22 342 78 771 995 845 110 427 407 975 961 819 960 584 72 432 489 121 179 290 58 605 638
0
7 489 853 912 808 10 880 286
9 840 976 921 258 246 302 573 759 269
12 950 162 420 799 552 355 704 871 908 11 174 598
17 226 905 374 365 218 898 51 265 793 301 87 688 12 302 249 844 744
11 150 394 795 134 755 221 790 991 874 766 916
1 675
22 219 38 272 705 27 892 832 477 21 870 742 617 941 303 568 343 206 579 193 103 787 509
11 559 591 293 215 278 501 729 821 184 831 267
18 141 2 272 800 383 539 321 602 586 999 384 508 71 500 535 604 775 809
13 528 629 243 383 731 427 593 321 925 324 179 806 290
9 49 301 857 455 279 238 813 540 444
6 537 925 555 205 937 597
10 139 640 645 358 688 182 483 181 19 279
21 687 133 48 600 704 981 109 216 606 130 858 444 629 932 339 776 663 603 42 593 506
15 287 278 281 930 691 162 391 285 227 895 440 408 760 512 855
16 10 274 413 339 712 145 681 483 592 452 725 25 772 15 918 835
3 764 284 602
2 34 28
14 377 364 997 593 27 29 354 376 739 389 394 825 12 424
18 558 800 476 232 235 16 817 347 437 862 863 190 593 385 87 36 311 61
1 300
0
2 177 417
3 570 806 282
5 136 837 430 200 135
0
19 302 289 112 381 985 237 549 323 709 918 425 628 914 527 518 46 831 472 634
16 956 870 89 790 391 35 894 379 668 328 705 92 422 63 921 258
9 64 507 33 530 442 950 456 758 1
16 399 692 430 882 385 201 515 623 468 467 203 458 87 100 982 621
17 138 936 102 234 64 164 879 52 193 512 343 132 799 462 28 361 144
4 650 207 779 228
9 310 477 902 11 352 20 540 973 7
0
1 341
11 639 739 23 258 816 951 869 201 946 60 640
15 295 689 551 402 952 983 428 62 892 987 608 156 652 366 75
10 91 546 855 641 137 746 932 253 489 944
20 166 997 141 347 64 987 356 812 722 582 887 116 642 426 849 283 974 249 571 83
10 597 305 517 660 268 569 308 588 823 326
5 436 711 254 811 445
19 735 389 227 145 570 158 731 977 501 11 904 99 939 129 581 75 42 18 288
5 485 264 415 835 858
13 17 344 113 873 898 693 390 30 63 671 967 849 62
0
0
2 62 998
9 224 809 610 450 618 503 892 382 352
12 695 93 497 529 837 299 46 914 714 599 781 419
16 819 926 620 12 205 490 396 626 158 350 402 345 421 940 204 630
9 461 379 974 154 812 105 604 984 532
4 747 944 609 221
0
6 846 656 30 901 754 573
21 410 451 978 307 962 301 35 729 570 133 212 416 404 57 537 875 958 336 805 496 862
4 39 210 740 117
23 580 276 247 234 996 845 763 764 180 905 859 360 819 506 682 821 699 813 464 65 21 460 73
0
10 801 554 439 224 197 699 643 58 44 36
11 706 792 43 580 201 341 811 762 112 689 2
0
14 755 37 692 369 823 525 640 521 740 576 690 577 84 245
4 547 270 578 720
13 786 195 348 21 798 582 272 950 840 705 668 309 929
14 360 953 71 120 946 659 284 38 65 56 658 253 151 264
7 536 433 160 776 734 690 48
14 357 433 479 859 25 820 914 749 645 91 539 452 518 722
19 818 226 44 961 951 999 119 797 548 124 114 820 181 216 426 390 459 441 122
7 197 811 497 329 230 246 814
0
12 97 771 212 903 833 366 30 160 859 329 555 432
12 884 176 30 732 885 660 209 186 642 843 471 645
0
0
16 704 390 733 654 339 131 35 280 407 936 515 902 68 267 588 89
19 893 970 727 466 367 738 882 851 602 124 861 742 654 201 153 720 468 136 625
19 818 683 76 992 357 643 312 614 442 456 46 631 589 81 581 899 692 402 339
12 890 492 694 437 419 856 9 273 264 364 444 447
19 264 371 992 995 259 378 444 71 963 658 91 645 380 737 407 683 435 349 215
16 235 43 801 960 746 91 457 902 625 199 368 35 743 427 604 685
9 473 59 215 866 34 875 817 981 657
17 712 822 952 209 944 38 166 400 657 521 485 697 880 222 691 258 864
21 373 817 725 519 710 715 989 75 513 457 354 447 35 454 744 500 613 362 453 372 425
9 142 538 455 884 490 869 296 54 136
5 845 635 876 802 528
2 486 495
10 32 937 807 858 442 904 415 720 332 577
15 955 716 904 781 536 292 694 106 601 355 285 917 859 407 594
6 858 792 759 92 997 555
0
4 564 336 758 779
0
10 661 97 524 304 472 386 660 998 232 471
8 717 448 788 805 790 856 497 321
3 272 531 930
1 304
20 320 368 741 197 656 217 889 448 710 988 885 454 491 180 540 353 222 445 996 916
7 930 536 692 744 690 61 828
11 745 381 111 972 439 232 173 101 934 892 244
19 62 632 193 640 103 908 776 173 928 855 9 664 921 810 847 292 333 911 874
0
8 688 15 572 580 69 95 303 140
0
0
2 21 240
8 487 40 677 648 35 135 929 545
0
6 428 45 425 894 400 670
5 127 923 676 556 909
2 337 937
19 843 9 538 909 380 814 226 459 812 671 413 655 189 550 678 878 605 90 219
12 993 311 38 844 70 790 286 388 395 665 437 267
8 221 753 862 757 516 310 507 369
20 298 573 383 802 522 320 754 855 576 931 998 23 846 864 452 17 48 533 447 481
12 633 36 816 505 702 266 751 327 156 149 863 40
11 101 696 453 205 24 439 129 835 142 163 11
23 333 529 385 163 445 681 473 639 312 534 582 443 640 786 142 883 398 726 932 799 715 641 132
4 285 788 836 857
1 402
0
1 282
0
6 851 142 783 922 405 418
18 703 670 499 635 544 975 577 762 437 89 275 724 984 420 798 65 517 596
0
17 866 999 705 904 736 986 278 197 387 117 989 191 741 913 760 964 615
9 827 704 114 869 648 589 185 262 545
1 173
8 916 816 292 615 589 440 739 253
17 433 519 710 678 175 753 211 289 209 821 464 214 335 156 508 91 124
6 604 289 737 806 766 780
20 768 911 456 839 471 420 442 663 124 518 828 22 27 789 938 779 61 465 529 993
