1000
1 2
10 88 256 842 413 361 63 327 701 676 636
7 480 402 665 714 210 86 438
5 65 171 977 560 422
6 194 959 748 965 942 164
2 167 927
2 961 353
6 373 580 742 286 334 302
8 497 208 564 366 18 35 999 833
5 758 757 327 857 284
8 523 237 681 967 640 996 86 177
1 382
0
2 329 797
3 302 504 851
0
0
3 53 197 69
4 530 973 303 978
4 529 469 492 737
9 160 93 147 701 264 225 255 94 575
6 849 40 950 609 650 142
7 841 452 611 115 628 979 879
0
1 90
9 367 321 885 313 819 910 963 271 880
6 648 949 291 243 498 41
1 463
0
7 294 158 476 824 405 610 252
5 476 589 712 679 87
1 188
0
4 41 461 143 324
8 766 681 540 641 543 239 867 627
7 484 619 174 769 822 877 71
1 745
5 129 139 400 988 533
2 840 331
4 671 432 481 385
3 620 372 428
6 610 104 532 487 611 162
4 166 69 984 263
0
0
5 663 235 695 677 674
7 294 207 194 71 139 527 105
0
0
7 816 790 191 399 233 509 285
0
1 207
4 668 658 842 147
2 840 405
2 284 544
4 358 957 922 188
9 921 717 850 611 946 286 616 362 874
3 557 325 897
4 368 848 137 168
6 930 833 723 642 324 64
0
5 985 790 641 333 132
6 542 206 945 388 95 952
1 390
2 916 591
2 751 211
4 470 585 205 975
10 316 134 767 431 124 398 463 439 426 103
9 413 587 704 433 376 612 907 755 795
1 374
2 589 716
3 516 796 605
2 465 999
6 903 983 401 165 212 282
0
5 911 326 875 736 529
0
9 992 726 993 266 312 238 313 606 100
8 775 846 156 927 975 184 788 291
7 174 243 124 901 245 743 623
6 900 218 907 193 424 238
9 521 225 487 426 518 320 224 158 701
3 44 574 686
5 877 619 146 239 750
10 305 974 383 207 485 853 286 861 215 577
9 429 347 905 652 195 455 383 982 680
5 136 887 727 331 544
7 113 384 683 712 878 210 855
6 329 604 795 576 318 111
0
3 262 556 953
2 345 99
1 740
4 628 426 163 781
7 913 531 671 258 969 419 376
8 950 573 687 941 484 821 745 106
8 192 873 360 957 164 783 649 220
8 244 554 900 397 446 390 705 186
7 520 754 926 325 753 331 313
7 291 198 288 705 297 795 958
6 305 963 970 873 415 783
9 228 208 953 586 178 321 551 430 125
8 356 566 823 523 939 61 751 399
6 334 993 275 139 777 950
10 901 391 171 378 164 358 660 458 144 484
3 593 605 706
0
7 778 937 726 520 796 808 908
1 481
6 970 758 694 497 920 701
8 921 878 412 186 867 876 885 955
5 627 919 180 805 531
9 855 818 294 940 928 616 552 995 831
5 811 425 638 451 744
3 903 134 368
3 417 623 379
4 398 606 929 836
2 902 438
0
1 795
2 535 216
2 129 142
2 669 547
5 847 886 349 675 712
3 803 891 615
9 870 249 836 617 959 323 815 259 814
0
5 733 896 622 945 741
4 197 650 511 746
0
7 500 691 612 951 16 908 906
2 503 581
5 496 292 351 193 800
7 778 312 694 334 536 949 992
2 184 986
2 997 831
3 809 469 725
1 252
6 621 454 930 486 946 458
9 330 610 146 314 505 862 967 375 168
6 536 598 771 355 77 983
4 797 898 958 265
2 241 237
6 977 736 884 430 831 912
3 400 963 843
3 793 894 424
1 227
9 24 524 981 818 555 708 367 894 293
10 878 335 386 551 840 394 341 587 346 987
5 734 845 860 933 774
2 398 889
0
1 446
8 852 170 921 911 760 880 659 930
7 187 240 799 753 201 403 428
0
2 376 531
2 655 766
4 810 490 596 422
6 387 749 740 513 175 360
4 694 440 288 701
0
1 224
7 627 580 885 484 353 455 369
8 995 204 45 398 402 521 368 216
0
8 363 804 920 130 119 947 979 873
6 711 599 237 477 319 90
0
3 860 227 360
0
10 324 859 819 770 309 991 501 681 245 645
0
5 450 818 750 335 568
7 429 453 985 784 955 758 766
4 820 785 775 913
7 441 568 458 321 752 968 733
2 221 608
6 690 613 622 213 907 200
7 885 941 656 476 763 820 952
1 393
5 475 602 845 811 520
4 714 889 338 473
4 576 453 887 205
9 883 724 356 377 229 950 399 361 318
10 498 317 580 900 510 488 350 822 371 413
3 724 579 457
2 857 576
2 804 700
1 932
9 437 156 352 317 409 303 592 246 890
8 792 574 483 45 475 615 907 361
2 726 527
0
0
4 554 789 990 224
6 973 774 799 780 943 971
2 620 820
3 858 886 294
8 628 881 949 731 510 714 696 274
10 799 734 952 908 470 517 859 642 704 450
9 818 991 557 643 597 743 429 837 273
6 235 723 348 483 982 852
3 244 336 552
2 769 472
10 386 876 840 287 495 435 455 390 306 897
0
3 399 744 478
10 474 280 622 791 509 152 528 379 714 747
2 782 303
2 715 902
0
8 910 865 969 231 412 237 597 839
8 223 345 406 510 922 840 438 737
3 938 296 773
5 788 425 679 354 359
0
0
0
3 383 971 662
2 427 881
3 534 238 841
6 268 346 646 436 230 270
3 793 483 890
6 640 522 819 914 570 463
5 241 807 691 404 967
3 941 330 255
1 780
3 290 583 957
8 470 173 362 740 791 260 420 424
7 370 839 655 359 963 284 512
10 716 675 739 732 562 720 381 374 277 671
1 462
5 980 251 659 387 912
7 370 335 994 374 273 282 127
1 731
1 51
5 621 545 997 447 515
1 777
4 558 635 311 431
2 698 575
8 508 268 195 345 474 472 938 869
7 611 261 713 789 757 529 775
5 637 534 394 381 603
3 462 614 308
4 672 956 896 637
6 982 298 493 768 418 282
0
4 702 785 608 728
3 774 13 282
7 857 609 591 672 738 836 519
9 389 855 866 543 273 837 612 841 773
6 280 571 868 683 987 827
1 839
2 798 342
1 838
1 771
9 434 856 493 955 265 321 288 919 812
0
2 933 662
4 530 869 313 474
8 647 918 789 389 660 505 953 735
5 770 322 765 688 808
0
2 576 438
0
0
2 591 663
1 305
2 365 351
1 326
0
0
9 571 956 460 908 843 462 275 742 631
8 814 317 725 938 386 336 930 485
2 952 730
0
9 959 683 505 576 425 519 983 390 938
7 424 909 156 799 706 682 675
2 513 647
5 852 412 810 837 404
3 515 326 323
6 61 330 415 407 893 48
3 764 565 45
3 449 563 567
2 442 797
4 152 789 610 948
8 398 620 545 964 616 417 350 373
2 565 701
7 389 635 440 674 416 308 814
6 347 432 358 517 489 753
2 536 480
6 572 369 941 978 914 218
1 790
3 316 427 914
0
0
0
0
6 505 847 420 627 800 744
9 893 660 984 964 801 983 883 868 891
2 799 331
1 633
0
6 591 489 448 316 308 429
7 793 806 519 497 779 348 459
5 832 769 912 948 417
8 455 901 999 388 392 973 799 440
3 968 646 314
9 90 692 350 834 630 616 919 856 679
0
0
2 971 595
4 621 574 716 708
3 910 162 584
5 511 561 961 495 676
4 617 998 523 980
5 605 786 928 776 791
0
2 411 700
7 481 922 801 783 574 670 319
6 677 488 524 968 472 421
0
1 622
6 354 731 259 640 894 964
3 372 707 860
3 543 571 570
6 432 756 334 658 806 304
0
3 598 878 319
6 976 533 421 363 361 826
0
0
7 699 889 862 152 946 737 859
5 597 588 922 891 965
2 622 754
0
0
3 718 651 988
8 485 884 505 746 412 543 453 162
2 951 831
8 987 639 615 711 755 520 445 644
0
7 773 582 741 489 760 745 266
4 482 603 904 878
5 742 439 802 480 410
1 356
7 865 421 785 599 451 588 617
4 964 801 465 851
7 808 801 780 619 763 556 476
2 691 784
3 997 796 611
2 604 440
2 590 61
4 964 446 343 601
8 715 486 404 779 792 514 991 947
3 453 647 682
3 739 771 207
1 119
4 644 749 545 532
5 452 376 636 914 419
5 427 706 496 405 829
7 493 107 396 383 421 391 791
0
2 584 33
0
8 825 997 481 16 739 893 884 635
7 536 398 976 166 734 493 678
4 304 798 973 915
5 500 940 977 812 610
3 456 432 621
0
1 594
2 410 518
8 777 16 829 808 152 750 207 837
4 379 928 542 957
4 533 647 423 540
4 982 594 693 399
5 259 981 460 487 564
7 561 744 839 402 913 619 580
1 869
1 559
3 980 277 610
5 739 544 425 843 637
2 861 841
2 937 978
2 702 803
2 864 446
2 509 895
3 493 814 678
3 428 796 396
0
6 648 608 194 743 539 525
4 491 156 127 754
0
4 560 982 781 918
4 510 859 691 649
1 299
8 740 777 795 44 643 77 896 793
4 411 791 590 977
5 687 663 127 865 683
0
5 749 812 617 650 436
3 827 493 854
1 905
5 497 626 823 965 700
5 565 773 893 579 338
0
3 509 637 601
8 916 497 942 970 654 343 750 603
2 623 802
1 965
6 795 499 980 718 967 605
5 600 575 485 504 595
3 815 654 408
3 525 823 904
7 513 514 662 966 909 838 156
1 479
3 481 705 762
7 710 570 480 468 560 408 809
4 594 107 434 372
2 462 958
2 914 452
4 452 794 879 870
4 733 61 876 169
2 802 510
5 536 267 1000 273 801
4 923 732 934 559
4 795 742 613 784
7 839 891 90 77 720 560 890
6 524 693 746 442 886 733
3 475 631 964
0
1 752
2 664 543
0
1 839
6 608 476 487 955 937 446
2 543 477
0
0
0
1 852
3 366 887 195
7 623 304 897 767 977 218 548
3 13 774 720
1 873
1 690
4 601 525 730 898
3 882 987 683
2 823 940
7 948 793 879 465 833 617 757
1 896
1 694
1 940
2 651 563
3 809 632 772
5 637 796 560 974 762
5 500 556 753 960 584
1 549
6 486 594 934 654 337 16
4 614 824 733 671
3 29 494 715
0
1 828
0
3 641 748 640
7 897 558 17 267 748 660 859
1 299
6 609 768 714 925 864 473
5 516 366 709 574 689
3 914 788 732
3 402 645 536
1 582
4 592 905 620 1000
6 702 704 592 877 16 698
6 995 483 680 492 510 577
3 542 628 605
0
0
1 541
0
4 646 75 171 441
0
4 402 663 536 671
6 516 605 642 721 277 127
0
1 587
5 922 831 923 672 932
7 751 964 652 433 812 495 858
1 195
6 558 902 480 528 818 259
0
0
7 549 644 782 601 966 996 948
1 643
4 576 676 699 596
4 691 173 779 646
2 508 337
5 604 212 985 805 708
1 613
3 888 929 989
6 803 978 902 615 829 833
7 906 818 836 666 333 657 943
9 207 761 764 880 599 866 890 558 523
4 219 516 512 24
3 13 630 627
0
6 707 708 995 514 605 629
5 194 848 831 562 763
2 772 825
2 538 636
0
3 793 937 689
3 712 830 24
5 975 484 952 597 519
4 552 697 669 545
1 896
4 753 935 554 823
7 217 852 960 576 707 538 884
2 323 843
1 827
7 596 802 891 932 900 740 218
3 754 595 783
4 312 785 696 668
3 616 699 665
2 977 479
5 29 978 683 996 744
2 985 786
1 816
4 587 837 273 653
2 727 977
2 825 956
3 934 575 551
5 693 961 905 777 675
2 820 1000
4 759 77 195 273
0
2 846 899
3 965 959 541
0
1 849
3 879 631 545
1 789
3 749 551 976
2 875 970
2 581 923
3 637 828 966
2 982 935
2 776 838
1 869
1 834
1 713
5 581 663 212 902 654
4 775 618 408 750
0
5 696 217 997 650 441
0
1 892
0
5 710 863 729 965 709
5 794 817 901 696 909
2 635 943
2 863 875
1 669
4 633 791 195 971
1 968
4 849 49 628 594
2 627 1000
4 965 582 891 799
5 691 606 581 789 695
3 827 798 585
0
1 75
1 785
6 814 997 716 798 661 895
0
4 332 556 218 864
0
0
0
0
3 627 869 487
2 863 883
3 878 822 722
2 866 727
6 464 119 863 843 364 786
1 858
1 798
3 594 682 729
0
0
2 632 272
2 77 855
2 364 869
5 858 603 45 597 946
2 727 762
3 776 938 764
7 886 702 995 966 688 679 746
2 878 859
4 984 364 277 130
6 701 924 90 681 644 955
4 130 479 582 745
1 298
3 700 479 667
0
5 775 848 366 654 825
6 617 90 493 646 792 915
6 966 630 734 1000 763 988
0
1 645
0
1 712
2 297 44
4 933 323 440 647
2 854 999
3 767 833 681
4 312 631 971 259
2 810 862
6 764 267 758 737 466 733
6 672 273 691 718 630 669
3 735 466 627
0
4 731 767 939 277
2 781 592
3 166 899 248
1 749
1 931
2 729 591
2 821 690
1 995
2 897 484
2 641 738
4 874 329 914 687
1 914
2 674 779
2 13 162
3 969 127 643
4 965 766 991 975
1 902
0
3 207 796 764
0
1 769
2 493 686
3 684 218 671
3 847 665 710
2 882 679
1 925
1 952
5 828 790 312 995 733
3 311 961 880
3 777 897 494
2 538 675
2 859 881
1 736
3 876 329 924
4 859 775 697 969
4 641 874 754 949
0
0
0
3 848 337 880
1 814
0
4 493 788 479 558
0
0
0
3 338 807 984
3 765 739 827
6 890 748 929 304 908 677
1 876
0
2 807 24
0
5 996 773 758 259 834
2 767 748
1 676
0
4 737 541 744 738
5 804 119 784 861 937
0
0
1 61
3 772 298 908
3 130 766 730
1 759
0
0
0
3 984 684 930
2 815 921
6 924 798 248 811 482 556
3 706 851 299
1 931
3 839 392 944
4 266 272 311 753
2 860 762
3 156 782 788
3 740 879 479
5 713 981 267 917 875
1 844
1 319
4 828 858 850 364
3 965 925 661
0
1 917
0
0
4 312 949 806 171
0
3 819 959 815
3 759 864 928
4 717 732 879 29
2 436 311
1 13
1 776
2 923 752
1 299
3 727 13 24
2 970 963
3 440 757 954
5 854 194 939 728 577
4 660 768 778 775
0
2 938 676
3 892 433 957
4 984 901 886 848
1 942
1 171
1 851
0
0
2 787 740
1 944
4 891 809 922 464
3 920 794 807
5 830 935 808 710 815
3 762 765 834
1 333
3 676 195 915
0
0
1 900
2 767 49
1 960
3 877 744 852
1 750
2 796 16
0
0
1 939
0
0
1 781
3 267 494 48
1 842
2 955 966
1 130
2 983 762
3 786 942 538
2 592 840
0
0
2 972 837
3 983 907 441
2 971 764
1 710
3 273 152 744
0
3 949 494 683
0
1 950
1 964
2 889 831
0
0
4 266 861 612 943
0
2 166 804
0
3 272 804 950
2 853 482
4 901 709 918 825
1 311
1 830
4 994 674 809 733
5 264 987 794 925 573
2 508 744
2 17 968
3 433 986 966
2 923 612
1 799
0
2 683 975
0
1 691
0
1 868
1 948
3 610 75 773
3 974 914 771
0
3 661 919 957
2 893 975
1 909
2 956 304
5 861 556 906 823 24
2 840 898
0
0
3 921 925 953
1 877
4 707 950 734 219
0
0
5 33 845 983 862 77
3 981 897 841
1 909
4 844 259 826 875
1 927
0
0
1 859
1 304
0
0
3 865 579 998
0
2 623 945
1 936
2 623 219
2 333 919
3 582 408 883
0
0
1 921
0
2 277 171
1 983
2 990 683
0
2 894 963
3 866 395 828
0
0
0
1 968
2 873 846
3 870 217 976
0
1 871
2 959 870
1 886
3 119 811 992
0
2 980 433
0
4 107 887 266 612
0
1 77
0
0
0
1 267
0
0
1 917
4 17 867 560 577
2 944 918
4 751 48 986 464
1 273
0
1 957
1 839
1 900
2 61 973
3 573 861 311
0
1 556
2 612 51
0
1 329
3 45 194 33
0
3 961 479 273
6 402 660 900 392 493 863
2 827 591
0
2 954 846
0
3 364 863 914
3 1000 965 976
0
0
2 433 743
2 992 173
1 765
2 49 266
0
3 954 392 217
1 304
3 824 848 482
1 513
2 963 267
3 733 964 743
0
0
1 986
0
0
0
1 660
2 24 999
2 734 963
0
1 392
0
0
0
4 755 953 333 683
1 592
0
1 953
0
1 883
0
2 778 29
0
3 484 947 993
0
0
2 823 987
2 304 795
3 773 591 508
3 1000 75 812
2 974 953
5 969 662 299 958 932
0
0
0
0
1 329
0
1 883
0
1 610
0
2 839 868
0
1 959
2 847 493
1 996
0
0
0
3 743 171 817
0
2 836 277
0
1 859
0
2 661 195
0
3 482 733 579
0
0
3 560 956 955
1 751
2 676 17
0
0
1 924
1 998
2 817 857
0
0
3 304 912 464
1 846
1 508
0
2 755 61
1 919
2 623 402
1 272
1 299
0
0
0
0
0
3 823 264 1000
0
0
0
0
0
1 272
3 811 943 751
