200 200 200
177 200
188 200
190 200
48 200
66 200
74 200
110 200
169 200
7 200
80 200
167 200
107 200
192 200
76 200
75 200
31 200
198 200
22 200
136 200
16 200
61 200
161 200
68 200
34 200
183 200
157 200
24 200
193 200
116 200
196 200
70 200
154 200
12 200
102 8
142 200
134 200
32 200
89 200
30 200
153 200
23 200
73 200
95 200
72 200
114 200
149 200
124 200
53 200
120 200
26 200
122 200
121 200
4 200
83 200
108 200
113 200
42 200
106 200
2 200
69 200
179 200
145 200
191 200
57 200
103 200
100 200
173 200
133 200
46 200
104 200
37 200
40 200
178 200
146 200
25 200
197 200
84 200
127 200
87 200
8 200
51 200
185 200
71 200
130 200
35 200
65 200
29 200
79 200
128 200
170 200
135 200
19 200
50 200
44 200
85 200
115 200
111 200
117 200
92 200
138 200
105 200
17 200
93 200
15 200
39 200
10 200
11 200
81 200
45 200
109 200
47 200
164 200
166 200
6 200
195 200
62 200
54 200
18 200
52 200
141 200
194 200
36 200
180 200
60 200
5 200
21 200
131 200
129 200
137 200
168 200
64 200
143 200
165 200
181 200
78 200
94 200
99 200
174 200
3 200
162 200
152 200
150 200
163 200
112 200
160 200
156 200
77 200
175 200
158 200
189 200
49 200
82 200
144 200
187 200
14 200
123 200
27 200
126 200
43 200
67 200
56 200
102 200
91 200
9 200
172 200
155 200
63 200
20 200
171 200
182 200
125 200
147 200
1 200
140 200
59 200
119 200
132 200
38 200
97 200
90 200
184 200
33 200
86 200
101 200
118 200
159 200
176 200
28 200
96 200
88 200
151 200
58 200
98 200
13 200
148 200
55 200
139 200
199 200
186 200
41 200
1 7 24 166 167 140 193 142 176 126 4 154 62 143 182 145 192 148 141 195 36 95 132 64 44 9 39 43 125 114 152 200 198 161 124 153 149 68 151 48 135 38 46 158 20 14 179 71 90 160 42 66 183 133 196 113 181 118 5 54 2 108 105 131 115 60 77 32 92 130 139 165 119 50 56 190 89 19 127 47 102 99 52 98 15 146 169 81 41 187 162 86 57 184 147 194 103 96 33 110 29 26 185 197 155 59 164 3 128 150 91 63 21 61 37 199 35 178 97 72 58 11 120 23 94 156 171 88 168 104 10 174 111 129 123 93 100 163 12 109 13 51 76 180 31 22 112 138 34 101 27 53 78 83 87 25 65 16 117 84 186 188 28 137 170 80 82 70 49 144 122 79 30 106 73 175 134 17 159 45 40 107 121 8 55 116 189 177 172 6 74 173 18 191 85 157 67 75 69 136
75 114
97 147
51 162
45 84
162 198
60 161
40 142
14 124
92 127
80 137
17 98
65 155
70 147
21 167
127 128
8 138
81 154
97 135
35 56
102 169
110 113
72 118
22 69
45 161
29 46
49 166
23 87
14 112
63 152
135 142
24 100
19 52
7 50
17 86
50 185
38 90
23 123
55 148
73 132
24 165
15 157
125 144
44 55
94 193
69 79
124 178
129 185
31 87
110 115
85 157
26 37
114 200
12 186
158 163
38 105
21 63
105 178
7 21
19 24
79 176
16 134
44 119
34 178
42 72
17 162
11 159
135 185
8 17
76 97
53 200
53 190
88 104
154 199
42 122
110 152
32 34
54 188
20 88
108 118
15 177
22 196
32 168
5 173
21 130
22 170
139 157
88 118
123 165
164 193
2 182
136 138
84 88
116 159
7 132
70 135
17 105
147 176
53 185
70 89
21 129
25 77
8 18
95 173
44 140
10 121
11 198
128 194
61 102
107 128
61 82
65 121
10 146
68 170
15 139
16 108
6 83
40 192
97 119
119 161
18 101
94 162
68 78
43 116
31 34
147 176
154 181
167 193
64 113
46 149
106 176
123 167
22 75
84 161
58 77
40 128
148 178
26 196
5 176
142 157
84 142
30 167
99 109
127 170
4 51
72 183
37 120
44 81
22 171
163 198
135 138
70 185
127 136
11 195
75 144
16 104
106 188
97 160
145 155
99 134
96 194
67 173
3 67
94 148
12 14
160 166
77 100
50 84
129 132
45 54
8 165
5 124
44 55
12 40
42 56
67 163
131 165
13 158
130 173
18 80
125 145
23 150
17 191
137 189
74 93
163 173
101 121
166 180
19 175
25 114
3 186
17 69
12 60
170 184
116 159
99 120
21 167
12 74
78 199
129 172
162 184
