200 100 200
189 131
38 93
82 30
123 149
140 177
192 59
107 91
180 103
72 115
166 75
5 128
69 39
75 49
184 45
160 184
185 186
65 38
128 21
56 67
86 66
35 33
106 170
142 155
170 143
64 5
70 142
77 180
33 148
95 136
111 90
114 50
37 62
46 95
144 112
135 111
63 192
103 187
164 46
62 85
161 107
31 94
45 163
60 166
32 194
76 79
139 32
11 87
67 72
58 189
131 9
18 86
81 200
9 56
101 102
177 83
194 70
13 178
102 161
186 160
153 2
94 114
30 65
98 101
112 121
83 13
87 200
22 68
50 35
121 76
187 144
49 140
59 123
196 82
136 106
149 8
157 60
90 37
34 18
91 197
138 22
115 157
143 98
155 185
85 138
2 18
178 23
23 135
158 153
68 40
40 122
21 196
79 69
122 164
39 139
197 11
66 63
93 58
148 64
163 158
8 31
1 197 40 71 73 93 157 138 161 136 108 76 176 31 2 192 143 74 134 63 198 152 94 107 25 155 104 191 17 24 29 189 186 179 145 65 188 39 142 67 7 22 61 158 114 139 84 23 146 118 21 193 120 50 147 8 115 190 148 15 19 160 199 124 95 35 117 166 167 5 89 79 130 56 9 77 90 154 32 144 133 180 82 100 53 162 150 159 184 187 66 131 98 88 13 14 75 30 178 99 106 123 60 59 62 27 165 87 122 12 6 171 175 92 3 103 68 121 156 200 38 129 85 20 132 172 83 151 169 45 44 137 181 164 49 18 140 86 126 43 42 34 33 153 163 11 16 174 10 196 119 52 28 47 58 26 97 72 57 185 54 78 81 101 37 105 69 51 183 96 80 64 46 36 135 128 194 182 113 168 41 102 70 149 195 55 141 91 110 177 4 127 48 173 111 170 116 125 112 109
2 143
9 6
3 131
139 200
113 199
6 190
10 6
36 165
61 135
6 4
4 3
111 158
3 2
31 190
2 175
17 62
2 15
129 197
8 2
96 127
2 159
76 161
24 2
2 128
98 103
117 172
32 133
158 188
31 19
17 32
19 8
8 7
94 116
7 172
7 89
10 4
4 3
108 161
3 158
3 2
2 85
15 2
6 62
47 59
24 154
68 74
6 5
126 151
5 3
3 2
2 41
3 151
8 182
8 3
3 178
41 47
9 4
4 113
35 148
107 157
51 181
47 112
95 111
36 16
16 5
5 134
5 155
5 39
42 125
9 46
48 198
14 9
9 63
27 29
11 58
85 128
65 164
65 151
40 4
4 2
2 24
24 13
13 11
9 173
29 136
100 174
9 5
5 82
11 92
11 84
7 49
23 78
10 135
39 41
57 125
57 149
46 85
47 157
52 195
46 137
52 145
131 162
46 8
68 168
8 151
8 16
169 181
112 164
16 7
40 46
7 120
7 4
4 115
2 75
2 121
22 158
2 12
22 2
2 145
28 118
29 72
117 146
2 93
2 84
85 199
2 10
10 4
4 28
128 169
12 9
7 16
9 12
12 194
28 93
39 62
28 200
41 193
20 7
7 6
6 3
3 2
66 121
2 158
121 131
27 190
9 37
19 199
19 5
73 164
103 191
5 3
3 2
109 148
2 174
73 143
45 76
73 189
65 193
84 123
70 143
156 188
51 190
70 171
61 53
53 121
21 68
4 3
18 139
3 149
3 2
2 197
95 188
82 86
14 8
8 7
74 91
7 5
5 3
3 2
2 79
89 121
2 120
2 153
73 117
133 160
73 71
71 150
66 72
86 15
108 189
15 86
86 172
86 179
123 139
77 129
36 17
17 16
16 70
72 114
84 34
