200 200 200
118 146
18 118
45 189
169 166
153 30
136 93
171 174
106 145
15 151
114 83
112 196
73 95
193 130
126 40
78 111
189 153
160 143
124 2
113 34
28 89
1 43
64 77
172 183
143 29
72 81
185 199
163 18
38 103
48 35
194 53
63 62
158 26
86 16
128 187
98 24
91 24
94 88
4 3
154 114
191 71
162 107
69 82
148 121
176 8
146 180
85 112
35 37
66 58
93 31
140 56
25 176
116 148
41 9
30 129
149 19
122 23
34 125
43 21
12 78
129 190
150 165
97 4
24 5
152 182
56 115
77 195
22 32
74 124
145 7
54 12
10 156
157 188
60 74
9 60
192 164
16 171
137 132
21 131
92 55
101 79
127 58
47 92
89 126
75 157
144 99
61 140
131 134
55 73
26 178
147 27
178 193
6 106
87 159
31 10
198 152
111 17
8 104
79 52
107 160
65 154
151 185
51 70
133 28
177 105
7 122
23 128
5 162
186 72
100 20
110 64
121 76
70 149
134 197
96 155
20 87
33 173
132 69
29 101
103 66
39 50
81 61
199 170
68 15
197 161
53 59
161 137
76 181
46 41
67 175
170 117
13 48
90 89
142 11
115 167
37 163
123 54
125 85
179 158
138 97
130 135
135 147
40 141
88 179
57 42
183 108
141 191
105 84
11 38
42 67
139 150
32 44
159 6
156 169
165 80
3 184
14 177
155 91
19 25
84 198
182 110
168 142
44 47
119 200
2 119
52 100
58 172
80 96
99 75
95 168
27 46
62 139
36 45
120 22
173 109
82 120
82 27
187 200
167 144
175 113
196 51
184 133
102 14
174 13
188 68
181 63
109 102
17 116
104 86
164 39
83 94
166 186
117 57
190 123
108 192
59 33
50 36
195 65
71 1
49 191
180 194
1 189 117 18 175 153 160 57 184 199 166 138 24 152 67 5 35 118 70 8 53 155 43 146 107 139 94 151 200 106 195 164 3 178 102 171 83 90 110 20 28 130 187 157 132 76 29 77 194 120 97 64 13 192 129 108 179 165 193 87 142 88 158 39 180 6 101 75 61 176 126 182 40 95 149 4 145 72 85 114 196 60 46 41 156 15 30 104 186 9 26 55 56 19 21 170 92 23 127 167 27 177 54 59 12 51 188 82 69 147 173 32 52 133 14 113 183 111 84 42 116 185 37 79 109 159 38 80 99 89 163 66 181 143 135 169 172 22 174 150 168 78 58 144 62 140 105 128 71 91 47 65 74 125 122 162 131 190 154 63 148 93 11 124 73 2 141 134 10 33 198 96 25 16 36 68 50 121 161 81 112 48 137 115 100 45 191 17 86 49 103 44 119 34 197 123 136 7 98 31
48 160
34 74
83 141
28 77
48 189
71 92
62 87
147 198
12 113
91 146
137 179
102 121
44 53
102 199
3 145
33 183
36 169
3 41
151 191
27 53
107 146
49 73
41 92
18 142
85 121
50 56
176 185
29 80
114 176
83 189
35 107
37 58
113 135
56 141
100 124
141 144
14 194
19 194
133 182
52 109
89 96
54 110
49 176
12 38
2 22
61 147
175 197
137 139
48 146
69 94
39 79
20 100
135 156
91 169
136 181
56 184
83 141
29 164
56 159
72 103
15 166
47 60
15 13
20 57
13 74
115 140
79 127
6 24
18 127
135 183
2 53
17 142
71 76
26 45
70 102
161 185
75 133
58 179
9 63
50 135
22 178
59 80
88 195
179 183
65 91
184 195
79 145
29 72
90 111
70 162
45 55
37 179
80 186
5 26
5 41
29 106
10 197
52 160
140 146
15 140
98 186
2 162
20 172
129 144
46 189
50 87
108 160
188 194
4 30
4 2
2 155
2 171
101 147
161 173
59 153
158 187
37 61
127 135
46 78
50 104
60 186
20 136
165 184
27 105
86 149
7 67
32 69
10 195
10 4
4 148
4 187
88 143
31 189
135 161
31 148
82 138
89 159
11 178
71 150
86 157
137 163
17 79
5 200
121 195
57 101
37 107
117 131
56 181
21 147
69 156
8 67
114 158
132 191
58 132
30 189
187 197
49 51
51 73
149 177
38 171
38 187
43 133
49 67
35 50
37 91
83 144
81 197
38 81
33 153
111 191
68 105
29 42
40 134
37 100
123 142
26 185
39 89
117 186
111 151
97 183
52 95
154 183
15 94
183 193
68 145
5 139
5 43
35 69
9 174
110 130
3 21
93 159
3 53
14 47
31 104
16 59
16 120
51 58
132 157
8 152
