200 200 200
7 195
172 77
20 200
11 174
113 49
124 87
98 5
143 106
151 91
182 199
139 81
100 13
195 112
175 126
48 27
9 102
22 111
76 118
119 191
93 146
51 165
102 157
35 17
58 98
71 119
85 185
183 18
16 46
146 145
192 161
82 120
193 45
148 65
42 50
23 148
38 37
179 156
13 155
135 183
50 158
186 19
95 75
121 127
62 186
80 151
59 72
25 55
114 10
131 86
108 43
6 117
79 23
44 177
145 134
18 90
138 76
106 83
194 142
126 166
185 94
137 38
78 132
97 187
173 113
84 136
117 167
129 47
189 84
107 138
183 25
77 93
153 99
169 153
112 61
136 129
86 121
141 14
142 66
24 7
17 109
178 80
162 123
152 108
122 41
14 44
74 16
56 154
54 40
118 190
64 168
75 137
187 60
2 150
43 63
61 101
34 172
1 82
19 29
191 2
132 198
123 192
66 11
49 71
127 110
163 92
73 149
72 6
154 31
190 188
174 8
36 88
164 169
181 196
27 114
165 181
55 194
90 163
184 103
46 54
105 159
160 21
150 28
197 78
158 200
47 3
10 95
63 125
8 53
87 193
157 171
115 96
188 32
180 189
161 4
40 100
166 182
94 104
134 74
116 35
81 52
4 164
92 139
103 147
69 26
32 57
125 58
15 9
21 73
29 122
110 34
60 115
96 143
39 30
12 130
57 33
52 184
3 22
199 59
37 56
167 131
5 67
168 42
41 89
140 69
159 176
109 68
65 24
68 48
33 173
99 160
31 197
155 144
28 180
144 64
70 128
30 175
130 85
149 141
198 36
104 170
176 135
171 178
170 79
91 107
53 179
196 18
101 39
128 133
120 12
156 140
133 97
111 124
45 152
177 1
67 105
89 70
88 62
83 162
147 116
26 51
1 58 169 103 127 179 6 188 144 145 46 118 141 97 114 96 83 109 112 199 173 86 140 71 139 129 44 81 49 195 155 70 136 91 121 100 13 12 53 190 36 143 37 16 9 48 152 21 193 150 19 120 51 111 34 74 75 50 90 93 128 166 66 196 54 198 151 130 138 176 39 56 89 14 165 126 98 42 27 160 159 10 167 157 106 131 108 45 99 172 123 23 29 134 5 43 59 4 15 32 162 132 171 185 183 174 149 133 116 163 24 187 61 104 17 125 64 8 115 135 33 67 47 80 79 30 3 95 63 113 2 124 26 87 28 102 137 68 101 20 148 189 65 57 197 85 161 153 18 119 168 35 191 22 156 69 62 7 92 94 78 11 194 38 31 178 181 72 186 122 77 40 60 200 55 52 146 82 184 164 107 177 76 147 192 73 158 110 117 180 142 41 182 105 25 84 175 88 154 170
9 35
11 4
4 200
10 113
5 71
9 7
7 5
5 140
5 177
5 135
9 155
31 63
35 103
7 105
36 35
35 185
37 28
28 161
22 7
7 113
7 105
7 73
10 16
20 17
17 171
17 6
6 4
4 182
6 3
3 2
2 51
16 2
2 190
44 32
32 24
24 6
6 3
3 149
97 105
25 84
81 135
115 180
106 146
122 181
121 156
77 195
88 187
109 113
138 177
42 159
171 196
161 193
87 154
8 196
8 12
12 73
12 52
110 158
59 82
77 130
33 80
89 121
108 163
59 196
131 134
164 197
54 148
87 111
20 71
20 16
16 6
6 3
3 30
3 129
30 5
5 3
3 157
72 96
80 125
96 103
38 98
34 60
34 12
12 4
4 17
17 10
10 9
9 7
7 5
5 3
3 70
109 189
11 95
71 176
148 163
140 163
69 107
69 100
134 136
7 106
28 92
7 119
49 91
85 162
12 111
14 71
24 166
25 187
88 187
16 17
94 199
5 200
5 3
3 2
2 68
2 52
2 11
11 132
36 145
10 186
33 64
84 120
122 189
33 185
33 97
33 3
3 2
2 108
11 168
11 5
5 18
18 172
18 168
60 194
80 166
135 185
69 162
76 87
5 137
39 199
39 14
14 81
14 12
12 170
152 191
52 121
53 181
41 57
50 52
65 109
20 190
52 123
61 142
110 152
159 174
32 190
7 29
42 106
15 131
9 140
36 81
36 11
11 3
3 2
2 42
42 169
81 96
7 81
7 193
7 70
7 2
2 95
155 185
19 105
19 6
6 2
2 180
94 183
75 175
96 131
127 164
78 95
146 183
21 188
21 20
20 4
4 88
62 160
12 32
121 171
62 145
27 62
2 156
11 98
165 179
65 194
32 131
155 187
86 122
95 160
