200 200 200
142 166
171 126
88 84
124 134
185 111
85 72
158 153
175 118
74 65
117 96
35 74
170 118
184 93
90 124
94 17
181 13
80 54
12 77
175 60
29 134
21 29
68 157
78 87
104 144
106 200
26 28
110 19
22 45
44 94
66 184
55 125
136 97
158 33
134 28
81 61
153 86
69 66
135 104
68 96
4 16
155 106
61 111
163 135
174 7
15 48
125 22
116 192
189 83
161 63
172 66
166 79
114 86
109 136
56 93
8 131
140 20
24 164
45 39
77 178
166 26
154 139
89 179
23 169
34 48
176 55
97 148
118 39
83 39
132 99
94 17
128 118
104 134
131 28
141 21
146 48
60 171
137 152
73 164
60 126
198 178
85 131
129 14
116 123
28 66
37 130
120 19
155 33
198 112
130 7
99 155
95 5
30 15
64 6
14 199
159 57
94 104
12 128
168 81
7 156
154 113
114 18
22 11
26 122
116 118
9 152
22 134
40 163
164 178
88 69
62 35
124 183
57 155
199 58
58 11
114 136
154 80
42 18
26 93
32 96
7 33
169 11
199 122
62 163
10 19
31 169
103 26
91 184
186 32
110 129
189 141
10 124
162 99
60 164
93 28
67 135
161 106
121 60
151 170
34 29
178 29
120 7
42 103
87 24
5 200
142 138
146 129
110 68
48 11
64 137
179 66
166 135
38 95
80 180
36 50
187 140
104 143
19 7
89 93
50 24
154 172
184 5
18 164
143 33
92 68
2 1
111 198
47 184
70 162
182 145
190 2
188 61
30 24
74 32
112 83
39 29
102 83
36 184
66 150
96 198
48 66
183 68
31 27
95 22
33 39
165 177
17 111
148 111
73 152
123 184
167 165
142 125
11 118
197 131
169 81
173 118
137 14
157 11
134 62
86 23
71 48
1 165 177 28 32 34 6 23 176 74 2 111 93 148 105 9 169 12 184 140 200 127 42 35 186 54 119 160 91 85 130 141 72 164 115 66 24 15 59 46 180 27 199 129 53 108 40 98 193 149 152 150 146 44 96 121 55 151 157 90 30 83 95 196 5 22 33 37 36 88 29 168 60 13 156 195 181 191 58 198 190 73 137 17 125 118 114 71 172 110 143 25 182 167 76 158 86 38 65 155 135 166 147 103 77 50 126 178 124 20 192 188 49 87 21 109 101 99 7 41 106 84 144 139 159 179 131 133 16 123 153 162 11 117 122 82 63 78 197 145 107 51 47 61 19 89 102 57 104 79 94 154 18 43 120 113 70 68 161 116 185 52 194 128 10 75 170 183 26 67 4 62 100 136 189 97 69 48 92 138 163 81 134 112 132 142 64 45 39 56 80 8 187 175 173 174 14 171 3 31
4 3
3 2
2 161
6 3
3 8
59 117
2 38
2 142
8 4
4 3
3 139
3 2
7 181
2 125
54 183
2 86
2 112
2 32
2 101
2 104
50 187
2 15
4 127
4 12
85 178
60 67
4 191
5 4
4 23
4 2
2 122
7 161
73 150
7 4
4 52
12 9
9 3
3 105
3 2
2 19
2 101
2 77
13 4
4 78
87 169
10 7
97 154
7 3
3 2
152 157
2 56
2 37
2 8
8 19
8 6
6 3
3 2
2 158
2 148
2 149
2 186
2 46
12 124
15 188
21 94
15 184
14 11
11 7
7 6
60 103
6 60
15 89
15 73
17 26
18 29
18 14
14 44
14 84
14 32
14 12
107 195
12 6
6 4
4 67
4 3
69 76
3 125
3 104
3 2
2 176
2 140
19 148
45 82
102 187
75 139
14 141
19 7
7 2
2 114
2 92
23 175
23 26
23 17
17 6
6 193
26 8
8 32
8 4
4 66
116 180
4 2
2 35
24 124
68 86
24 68
24 63
24 22
22 17
17 141
25 8
8 99
64 152
44 155
30 37
29 161
9 145
97 185
9 102
170 173
29 61
90 194
29 10
10 4
4 2
18 165
2 14
14 90
157 194
14 12
106 116
12 92
12 137
18 15
15 3
3 2
2 87
13 87
90 175
83 105
2 165
13 71
13 12
12 10
10 3
3 160
3 176
3 158
86 180
3 2
2 72
2 198
36 20
20 2
2 25
161 198
25 174
64 129
15 160
15 2
2 74
25 15
15 47
15 12
12 119
12 34
12 91
12 165
12 6
6 4
4 169
4 3
3 136
28 142
130 159
28 11
11 10
10 2
2 148
2 163
30 89
30 105
31 155
31 177
31 20
20 138
20 123
32 97
32 9
9 174
9 6
