200 200 200
81 7
195 40
181 191
111 119
25 192
182 36
200 89
16 117
115 145
73 194
31 77
185 169
136 73
139 148
118 84
149 73
77 106
184 32
71 43
59 141
113 185
104 165
146 158
36 183
44 85
60 16
45 2
139 78
68 89
77 158
112 183
86 154
129 77
77 165
148 184
130 19
134 89
70 149
91 129
167 11
92 195
172 144
57 6
128 188
115 30
189 119
120 191
25 150
142 114
180 76
1 23
155 71
65 94
77 128
167 39
80 190
83 61
135 186
197 81
7 89
160 165
127 107
3 107
68 76
158 94
28 50
80 23
34 46
159 148
158 81
81 22
27 105
17 47
103 139
191 194
43 4
96 159
80 8
161 69
133 192
148 179
176 33
134 10
27 172
50 166
37 177
57 8
103 147
22 24
95 14
52 173
72 124
23 129
118 13
115 193
112 180
142 117
197 97
134 36
152 167
8 182
133 157
114 133
38 44
103 109
131 111
13 63
57 179
138 127
164 31
32 183
61 50
133 194
191 199
7 186
50 166
32 101
132 168
42 9
67 22
168 126
91 81
10 35
143 72
156 74
25 17
51 75
173 88
160 43
78 151
161 32
85 121
128 107
54 19
159 163
51 162
5 85
113 7
49 160
33 124
130 73
81 37
140 99
58 197
14 126
163 96
162 129
178 172
39 178
19 63
16 152
142 175
166 75
185 178
5 114
22 36
105 75
54 120
48 197
19 64
197 33
92 46
109 198
106 129
155 65
196 25
3 156
155 190
111 154
7 31
121 16
166 119
159 137
9 39
99 97
42 152
46 81
53 182
171 90
182 56
64 46
137 1
67 90
21 151
137 51
97 156
20 44
141 67
161 65
192 12
37 180
127 109
48 151
103 106
18 67
152 188
86 29
147 124
89 163
169 176
1 16 44 31 64 152 104 181 151 100 190 125 12 158 165 94 200 8 117 70 72 53 20 89 134 39 113 128 176 166 127 146 114 78 19 167 68 76 163 111 21 22 10 17 81 132 197 56 179 98 126 46 116 183 13 33 143 37 133 23 184 14 162 145 5 36 65 105 180 62 136 198 154 83 18 191 24 131 47 88 57 119 6 192 147 108 25 138 54 69 32 118 67 49 90 84 97 93 27 95 106 42 129 173 155 135 59 170 150 4 169 188 107 48 141 34 120 58 82 149 35 182 159 186 30 144 50 60 110 193 75 11 156 142 122 172 87 153 103 63 194 123 92 189 168 55 137 115 160 7 148 195 73 15 86 161 178 41 177 109 187 139 157 196 61 38 3 171 80 29 51 96 52 130 175 121 124 112 77 85 101 102 91 28 9 74 40 164 140 185 99 79 43 66 71 174 199 2 26 45
129 183
17 16
16 79
79 129
80 119
161 166
129 177
177 5
5 2
52 72
33 191
2 190
34 118
190 195
195 197
197 169
50 61
169 191
16 103
191 195
195 198
198 47
137 158
47 56
56 79
63 75
79 130
85 154
63 101
130 160
82 108
44 88
160 139
32 51
42 135
4 25
139 166
166 91
76 134
155 177
91 21
21 6
6 2
2 169
169 67
67 106
106 176
40 160
176 99
80 200
91 142
90 124
99 12
12 200
133 188
200 26
123 151
26 32
46 197
32 98
4 30
28 61
98 102
102 113
113 109
109 24
24 114
114 196
196 102
102 109
109 99
99 176
176 87
38 125
87 22
65 135
22 190
190 194
194 154
20 73
154 156
156 9
9 49
49 19
97 117
19 124
124 180
180 19
19 68
177 186
68 91
91 41
5 38
41 151
151 185
60 106
16 88
55 61
185 199
172 188
89 168
199 38
53 191
165 200
176 194
38 8
8 195
195 196
196 199
28 118
199 200
200 68
68 16
16 178
9 94
178 89
89 62
96 158
146 159
62 114
19 120
114 168
168 125
125 58
150 155
58 90
90 126
119 128
126 2
2 30
120 200
82 88
30 17
17 47
47 118
150 195
156 194
118 184
184 29
8 76
8 129
29 138
138 187
187 176
176 180
180 193
193 199
108 118
50 53
199 84
84 177
177 157
98 140
190 192
157 186
186 148
26 63
37 98
92 180
57 144
148 149
93 135
149 157
157 107
107 68
122 161
68 156
37 172
156 129
5 180
129 62
62 34
123 165
25 46
34 123
123 90
92 179
6 19
90 154
154 167
67 71
100 191
102 170
167 186
8 190
186 188
61 68
188 197
80 178
197 199
199 200
10 101
130 142
47 160
73 127
141 183
200 147
134 198
56 132
147 114
