200 200 200
24 137
79 155
87 98
33 136
110 11
21 97
101 150
41 153
98 198
126 61
183 121
188 48
173 193
47 89
67 46
51 56
107 102
116 45
80 93
118 78
140 146
95 123
112 101
15 189
30 191
68 23
185 156
161 115
48 67
10 85
83 129
145 69
13 151
151 181
146 175
70 58
57 7
22 127
60 184
81 51
31 159
76 173
147 22
177 113
168 43
122 99
69 100
34 9
2 158
32 160
109 37
58 131
78 144
35 57
93 147
55 176
167 32
189 63
186 180
144 38
102 192
125 72
196 118
108 190
38 54
115 42
97 82
54 124
164 49
11 31
163 41
103 80
45 174
181 33
19 107
74 18
4 73
123 126
120 44
26 25
61 28
77 20
36 77
104 86
94 143
56 90
170 199
28 119
174 24
50 55
73 148
197 128
20 172
192 195
198 125
40 39
53 134
105 84
194 145
121 91
111 87
86 35
16 152
195 142
182 166
100 94
127 194
52 17
162 96
82 59
65 162
191 111
141 178
150 138
6 130
166 76
137 68
12 170
142 200
25 161
152 81
187 52
133 62
117 83
85 109
169 135
159 149
9 95
148 167
1 185
72 34
92 154
139 92
75 6
113 112
128 104
89 12
46 186
106 8
44 114
153 19
129 179
132 128
158 140
66 182
165 10
90 88
172 21
64 177
143 36
29 70
176 16
37 40
27 157
43 2
3 65
84 71
59 75
5 165
99 3
149 183
132 1
190 164
63 163
18 188
134 5
62 64
8 15
17 171
130 105
138 13
7 200
175 132
199 29
114 135
96 141
91 30
171 50
155 117
119 168
156 187
136 79
49 197
193 122
88 103
39 66
180 196
157 116
179 14
71 133
131 60
42 4
184 120
23 108
160 53
154 27
178 106
135 110
14 139
124 47
1 186 35 125 154 3 6 170 155 89 32 27 165 189 150 192 169 104 47 29 120 172 19 126 174 190 151 95 166 121 71 182 99 163 59 156 73 34 41 124 57 100 78 40 86 61 43 146 115 98 28 108 118 8 142 83 68 36 134 2 139 90 128 157 111 50 158 79 87 30 110 130 153 76 16 191 105 194 147 39 11 13 69 84 135 91 173 55 42 66 96 106 197 123 113 85 62 168 103 167 183 193 160 119 107 140 198 21 17 195 152 185 14 159 60 144 101 141 18 97 136 171 25 145 38 132 112 5 175 10 129 46 65 74 37 127 148 49 54 161 116 20 102 77 52 181 187 178 137 72 114 7 58 44 45 67 51 199 23 184 109 82 164 24 33 143 200 122 48 133 162 26 81 131 94 179 93 196 53 70 15 12 188 63 177 9 117 92 88 149 22 75 176 56 31 180 80 4 64 138
3 2
2 180
115 176
16 167
34 79
16 156
18 9
65 158
145 153
69 146
151 166
9 4
31 96
4 2
2 67
2 137
14 46
5 12
5 2
2 186
2 141
2 119
75 149
135 143
105 114
6 4
55 139
4 3
3 2
2 155
2 62
75 139
23 93
23 8
8 7
7 5
5 24
5 132
14 129
14 10
10 4
4 101
24 22
14 169
94 174
22 4
4 3
3 2
2 4
4 3
3 109
9 167
9 135
9 32
183 190
12 5
5 2
89 185
2 30
2 50
2 159
2 190
9 132
9 118
9 4
4 52
4 29
4 54
7 154
139 150
4 2
2 55
42 123
26 169
32 188
53 138
29 27
27 21
21 6
6 55
40 90
6 8
21 77
11 133
8 174
8 6
6 2
2 165
11 4
4 24
2 7
7 17
25 5
5 186
5 3
3 103
3 74
3 2
2 189
51 105
24 4
4 2
2 125
41 20
20 17
17 8
8 3
3 2
2 41
41 177
7 6
6 44
31 59
9 57
9 146
6 156
6 3
3 57
9 69
9 7
7 5
15 180
15 13
13 36
5 124
36 85
18 142
39 18
18 28
28 2
2 200
140 168
2 139
2 74
18 17
157 185
17 45
17 9
9 86
9 7
7 6
6 44
2 193
6 69
6 2
2 99
8 25
15 168
30 27
27 36
20 36
58 135
20 160
32 14
14 130
14 194
33 18
18 2
2 73
2 35
35 33
33 179
2 78
22 21
21 18
97 142
18 12
12 6
6 4
4 2
134 167
2 162
46 53
86 151
25 42
77 131
2 142
2 62
2 183
2 54
2 135
46 80
48 17
17 26
26 15
15 12
12 6
6 61
6 154
6 2
51 120
2 41
57 5
5 24
29 124
24 14
14 6
6 4
4 8
8 7
