2000 2000 2000
1264 200
540 1774
1199 1386
1798 200
1056 1386
1084 1386
153 1774
1960 1386
269 1386
294 1386
501 200
428 200
1555 1774
594 1386
1293 1386
513 2000
606 1386
1505 1386
541 200
1851 1386
1499 1386
674 1386
833 1386
477 200
906 1386
498 1386
841 1386
295 2000
1957 200
446 200
244 1386
1104 1774
1817 1386
1803 200
1942 1386
127 1400
1584 1386
520 200
1887 1625
1510 1386
121 1400
142 1386
986 1386
1554 1386
1351 1386
1301 1386
999 1386
117 1386
211 1386
1314 1386
1802 200
1862 1386
1805 200
367 200
393 1386
1495 1386
546 1386
22 1386
64 1774
1742 1386
1063 2000
506 1386
1926 1386
1132 200
203 1386
1636 2000
1788 1386
1434 1386
1344 1386
955 1386
1403 1386
349 1386
1304 1774
1363 2000
165 200
759 1386
370 1386
830 1386
1774 1386
1608 1386
1501 1386
499 1386
971 1386
1048 1386
538 1386
1116 1386
180 1386
1370 1386
437 1386
170 200
741 1386
1779 1386
455 1386
1904 1386
1323 200
75 1386
1455 1386
715 1386
533 1386
1146 1386
379 1386
1912 200
1909 200
433 200
37 2000
1808 1386
1845 1386
987 1386
1861 1386
823 2000
621 1386
992 2000
732 1386
502 200
872 1386
1477 1386
50 2000
1654 200
1091 200
1550 1386
95 1386
711 2000
260 200
1360 2000
792 2000
164 1386
467 200
1557 1386
1419 1400
152 1386
419 1386
793 1386
787 1774
565 1774
497 1386
348 1386
1167 200
1578 1386
40 1386
162 1386
1405 1386
72 1386
1897 200
1947 1386
584 1386
1993 1386
340 200
1257 1386
780 200
411 1386
132 1386
684 1386
1576 1386
1352 1386
1590 1386
427 1386
1910 200
1624 1400
687 1386
355 1386
1297 1386
90 200
1154 1386
1931 1386
1379 1386
1822 1386
595 1386
432 1386
1202 1386
1716 1386
931 1386
112 1386
975 200
243 1386
1061 1774
1004 200
1311 1386
368 1386
323 1386
1341 200
1781 1386
185 1386
932 1386
846 1386
527 1400
1775 2000
1934 1386
1938 1386
204 1386
1729 1386
1295 1386
714 1386
375 1386
903 1386
1137 1386
205 200
413 1386
250 1386
1335 1386
1736 1386
135 1386
255 1386
324 1386
805 1386
266 1386
1329 1386
8 1386
1749 1386
197 1386
1277 1774
1093 1386
1534 1386
889 1386
1300 2000
482 2000
440 1386
1471 1386
41 200
1582 2000
940 1774
531 1386
1099 1386
51 1386
922 1386
402 1386
849 1774
1734 2000
1340 1386
1002 1386
1985 200
1531 1386
1188 1386
1787 200
1204 1386
1124 1386
535 200
556 1386
1839 1386
257 2000
1793 1386
991 1386
1580 1386
1969 1386
610 1386
1155 2000
1273 1386
798 1386
210 200
1008 1774
1691 1386
1709 1386
96 1386
618 200
1092 1386
1070 1386
21 1386
403 1386
1245 1386
1829 1386
1954 1386
696 1386
456 1386
1888 200
1843 2000
1425 1386
773 1386
190 200
1225 2000
463 1386
1837 1386
1514 1386
740 1386
392 1386
447 1386
365 1386
1205 200
771 1386
1169 1386
1450 1386
1738 1386
816 200
525 2000
1459 1386
1556 200
1785 1386
1289 1386
664 1386
1999 1386
567 1386
352 1386
1296 1386
547 1386
775 1386
1080 1386
1000 1386
101 200
25 1386
713 1386
1883 1386
569 1386
297 1625
1965 2000
909 1386
1569 1386
635 1386
1210 1386
1051 1386
519 1386
530 1386
1764 1386
259 2000
1125 1386
1588 1386
1366 200
1129 1386
1378 200
1115 200
873 1386
331 1386
1982 1386
651 1386
1423 1386
968 200
806 1386
1885 200
1151 1386
914 1386
1546 1386
1633 1386
1667 1386
1466 1386
1568 1386
597 1386
229 1386
24 200
751 1386
640 1386
560 1386
1049 1386
464 200
1784 1386
1275 2000
435 1386
1123 1774
1637 1386
1243 1386
1039 200
362 1386
827 200
1382 1386
1374 1386
407 200
577 1386
845 1386
412 1386
1706 1774
1494 200
1145 200
721 1386
1902 1325
1647 1386
98 1386
1240 1386
742 200
58 1386
564 1386
1266 2000
865 1386
807 1386
1337 1386
92 200
1720 2000
1794 1386
1232 200
837 2000
438 200
1895 1386
1497 2000
673 1386
171 200
749 1386
578 1386
471 1386
1024 1386
1117 200
1107 1386
592 1386
570 200
1876 1386
1690 200
902 1386
1611 200
1079 1386
1964 1386
1570 200
1770 200
553 1386
1618 1386
346 200
1795 200
192 1386
361 1386
943 200
972 2000
694 1625
1614 1386
1346 2000
725 1386
1972 1386
612 2000
1171 1386
448 1386
223 1386
1268 2000
817 1386
862 1774
667 1386
1681 200
1796 1386
746 200
329 1386
1042 1774
1626 200
1884 1386
614 1386
1980 1386
1745 1386
1463 1386
1254 1386
1508 1774
605 1386
1809 1386
690 1386
926 2000
279 1386
174 1386
1353 1386
1710 200
1941 1386
1371 200
93 1452
1968 1386
1193 1386
1528 1386
630 1386
1308 1386
3 200
1209 1386
861 1386
1551 1386
113 1386
1119 1386
1607 1386
1242 1386
512 200
528 1386
1133 1386
82 200
681 1386
1098 1386
1987 1386
391 2000
1334 1386
442 200
291 200
1212 1386
423 1386
1478 1386
182 1386
1476 1386
709 200
1060 200
1562 1386
1668 200
936 1386
934 2000
1365 1386
580 1325
486 1386
10 200
508 200
309 1386
1298 1386
1705 1386
59 200
1043 1386
1349 1386
737 1386
1725 1386
1865 200
417 1386
766 1386
1664 1386
1389 1386
1207 1386
1029 2000
677 200
409 1386
230 1386
1451 1386
1989 1386
1782 200
1753 2000
327 200
1229 1386
973 1386
388 1386
648 1386
752 200
1723 1386
1589 200
125 1386
378 1386
685 562
55 1386
866 1386
818 2000
123 1386
286 1386
736 1386
995 1386
320 200
1410 1386
583 1386
213 200
795 1386
536 1386
1361 200
1844 200
296 200
852 2000
366 1386
1305 1386
1259 1386
1516 1386
354 1386
1054 2000
148 1386
1627 1386
1724 1386
976 2000
1740 2000
1535 1325
1542 1386
71 1400
722 200
957 1386
1739 1386
744 1386
854 200
1017 1386
1601 1774
1467 1386
988 1386
1834 1386
801 1386
158 1386
1978 1386
1648 1386
1880 2000
1915 1386
1891 1386
47 200
729 1774
762 1386
1394 200
853 200
364 1386
1807 1386
1936 1386
344 533
104 1386
1766 1386
608 1386
1222 1386
1460 1400
425 1386
1754 1400
1324 1400
1321 1386
1479 1386
1190 1386
133 200
1333 1386
887 1386
1643 1774
1492 1386
1841 1386
337 200
173 2000
1481 2000
1806 200
17 1386
1052 1386
1223 1386
332 1386
115 1386
478 1386
697 1386
1737 200
1156 1386
1258 200
1014 1386
330 1386
373 2000
449 200
80 1386
1362 200
794 1386
1937 1386
529 200
962 1386
318 200
1312 1386
702 1386
1422 1386
1545 1386
970 200
52 200
246 1386
1244 1386
831 1386
420 1386
143 1386
1427 1386
1685 1386
1402 200
306 1386
985 1386
215 1386
325 1386
61 1386
201 200
1292 1386
1790 200
1287 1386
1149 200
430 200
984 1386
9 1625
1327 1386
1067 1386
1336 1386
281 200
1818 1386
1951 1386
1956 1386
1138 1386
48 2000
555 1386
1976 1386
493 2000
743 1386
1037 562
265 200
951 200
1219 2000
1756 2000
557 1386
1777 2000
1135 1386
1679 200
904 1386
79 1386
1708 200
1733 1386
484 1386
1657 1386
1440 1386
398 1386
851 1774
1100 1386
458 1386
89 1386
1461 1386
925 2000
94 1386
27 1386
937 2000
924 1386
1992 1400
360 1386
1758 1386
1003 1386
1238 1774
843 1386
345 1386
1173 1386
890 1386
907 2000
789 1625
726 1386
626 1386
911 200
1581 1386
727 2000
1613 200
1799 1386
1262 1386
1026 1386
1206 1625
1797 2000
1150 1774
107 200
7 1386
1086 1774
916 1386
141 1386
982 1386
514 1386
1701 1386
770 1386
1247 1386
893 1774
1269 1386
1665 1386
1372 200
1248 200
1727 1386
672 200
1338 1774
1447 1386
589 200
1696 200
212 1400
582 1386
491 1386
1397 1386
1525 1386
1765 1386
1629 1386
207 1400
1416 1386
11 200
760 200
386 1386
1893 1386
790 1386
676 1386
1571 1386
358 1400
376 1386
1918 1386
1632 200
665 1386
347 1386
1059 1386
1036 1386
1873 1386
1746 1386
1538 1386
1489 1386
177 1386
414 2000
1773 1386
600 1386
452 1452
604 1386
1988 1386
1280 1386
905 1774
1357 1386
1840 1386
1418 2000
451 1386
1200 1386
300 2000
1609 1386
679 1386
654 200
140 1386
114 200
1035 1386
680 2000
218 1386
659 1386
1034 1386
1433 1386
1503 1386
847 1386
1073 562
488 1386
526 200
443 1386
1502 1400
1191 1774
1231 1386
1488 1386
706 200
826 1386
769 1386
1144 1386
334 1386
660 200
1500 1030
221 1386
1448 1386
1064 1386
1755 200
1164 1386
1922 1386
1033 1386
1620 1386
562 1386
73 200
1640 1386
761 1386
222 200
778 200
1515 200
1170 1400
728 1386
1913 1386
1120 2000
122 1386
1996 200
825 562
1013 1400
1673 1386
108 200
796 1774
521 1386
1526 1386
490 1386
1096 200
424 1386
1181 1386
1412 1386
663 1386
1804 2000
1220 200
692 1386
1377 1386
445 1386
1417 1325
469 1386
1076 1386
590 1774
1547 1386
1390 1774
1950 1386
753 200
1261 2000
224 1386
240 200
581 200
1213 1386
1025 200
1792 1386
1573 1386
341 200
899 1386
1203 1386
563 1386
1830 1386
1726 1386
1342 1386
77 1386
734 1386
160 1452
1750 1386
929 1386
965 1452
292 1386
877 1386
36 1386
168 1386
1441 2000
1722 1386
1811 1386
1046 1386
1650 1386
782 200
1192 200
1814 1386
1616 200
1050 1774
1928 200
1815 200
518 200
1612 200
1130 1386
1946 1386
1521 2000
12 1386
1911 200
434 1774
820 200
980 1386
1974 200
1522 1386
1406 1400
465 1386
1350 1386
1566 1386
1943 1386
261 1386
1932 1386
1172 1386
990 1386
118 1386
1473 1386
1183 1386
1380 200
1920 1386
1949 1386
206 1386
181 1386
303 2000
1089 1386
958 2000
691 1386
1016 1386
572 200
875 2000
374 200
305 1386
1045 1386
718 1386
575 1386
1744 1386
275 1386
1028 1386
892 1386
356 1386
797 1386
1369 200
267 1386
46 1386
1251 1386
136 1386
23 200
1945 1386
1666 1774
699 1386
1152 1386
1414 1452
159 1386
1030 1386
864 1386
1320 1386
1513 200
586 1386
645 200
272 1386
693 200
800 1386
1010 1386
1355 200
768 1386
1168 1386
422 1386
607 1386
408 1400
1177 1386
1331 200
1216 1386
979 1386
1933 200
884 1386
258 200
85 1386
1075 1386
930 200
593 200
591 1386
829 1386
130 200
754 1386
1606 1386
1683 1386
1707 1386
147 2000
1066 200
515 200
276 1386
474 200
319 1386
198 2000
1575 1307
1316 1625
750 1386
1306 1774
811 1386
470 200
1388 1386
1007 1386
1786 1386
252 1386
1866 2000
155 1386
860 1386
1071 1386
146 1386
1218 1386
1990 1386
1603 1386
109 1386
1511 1386
357 2000
1031 200
809 200
33 1386
1303 200
369 1386
888 1386
1635 1386
1944 1386
1113 1386
1290 1386
1541 1386
735 2000
880 1386
967 1386
954 1400
274 1386
1001 200
585 200
97 200
400 200
248 1774
1136 1386
87 1386
1712 1386
187 1386
881 200
963 200
70 200
1047 1400
1997 1386
14 1386
1684 1386
1916 2000
194 200
1970 1386
1011 1386
1175 1386
1813 1386
359 1400
1343 1386
1302 200
363 200
426 1774
551 1386
1358 200
1348 2000
1592 1386
1642 200
917 1386
836 1386
1241 1386
2 200
454 1386
1020 1386
1984 1386
1741 1386
35 200
983 1386
186 1386
1383 1386
175 1386
29 1386
1692 1386
784 1386
1413 1386
209 1400
1160 2000
1855 1386
539 1386
284 1386
225 1386
1979 1386
1863 200
1468 1400
921 1774
1565 200
1529 1386
891 1386
1711 1386
1864 1386
901 1386
1309 1386
1281 1386
1634 1386
475 200
45 1386
1595 1774
1480 200
543 1386
1517 1386
1878 1386
1686 1386
1121 1386
1995 1386
509 1386
1577 1386
1196 1386
1585 2000
67 1386
1148 1386
1474 1386
1038 1386
1400 1386
1432 1386
1842 1774
56 200
1139 1386
1953 200
554 1386
1689 200
857 1386
576 1774
1671 2000
856 1386
1564 2000
1490 1386
1272 1774
510 200
1214 200
1959 2000
1053 1386
1347 1774
1574 2000
755 1386
808 1386
898 1452
919 1386
616 1386
1930 1386
842 200
131 1386
1330 200
848 1386
169 1386
1041 1452
380 200
670 200
1062 2000
335 1386
579 1386
316 200
878 200
615 1386
1409 1386
1288 1386
111 200
537 1386
883 200
1112 1386
1523 1386
1279 1386
1713 1386
1820 1386
1783 1774
338 200
642 2000
459 1386
947 200
828 1386
1778 1386
1235 1386
1869 1325
483 1386
1228 1386
1332 1386
1103 1386
139 200
941 200
819 1386
1670 1386
897 2000
1163 1774
1097 1386
1198 1386
157 1386
1068 1386
1368 200
1579 200
1253 1386
1879 200
1464 1386
1698 1386
703 1386
126 200
1105 1386
1693 1386
523 1386
1131 200
293 1386
1057 1386
214 1386
978 200
1074 200
273 1386
238 200
351 1386
1715 200
1255 1774
1211 2000
1445 1386
1095 1386
559 1386
251 1386
799 1386
1677 1386
1924 562
868 1386
234 1386
228 200
1509 1386
1903 1386
1776 1400
1623 1386
233 1386
882 1386
1507 1386
813 1386
748 200
710 1386
202 200
1991 1386
634 1386
945 200
814 1386
998 1386
1424 1386
4 1386
1846 1386
552 1774
1600 200
1962 1386
1317 1386
1197 1386
166 1386
353 200
268 200
1157 1386
116 1386
1927 200
1644 1386
730 1386
871 1386
859 1386
944 1386
1721 1386
738 1386
1771 2000
542 1774
1907 2000
1058 1386
704 1386
278 1386
151 1386
161 200
1619 1386
199 200
1735 1386
1559 1625
460 1386
1470 1386
1889 1386
473 1386
304 1774
18 1386
1886 1386
232 1386
942 1386
1561 200
494 200
1386 2000
1094 1386
1625 1386
1767 200
953 1386
574 1774
247 1386
1 200
719 1386
1236 1386
1663 1386
99 200
1263 1386
938 1386
280 1386
948 1625
716 1400
178 2000
1496 200
326 1386
1356 1386
16 1386
620 1386
1250 1386
712 1386
1449 1386
34 1386
1325 1386
647 1386
627 1386
1307 1386
495 1386
1699 1774
573 1386
444 1386
1182 1386
874 1386
241 1386
1444 200
1848 1386
803 1386
1161 200
657 1386
344 200
838 1386
587 1386
105 1386
628 1386
599 1386
343 1386
195 1386
534 1386
43 200
910 1386
1586 200
1291 200
1955 200
1189 200
102 1386
1114 1386
487 2000
76 1386
1083 1386
840 1386
1572 1386
406 200
457 200
308 1386
44 1625
19 1386
974 1386
1940 200
646 1774
1260 200
637 1386
1868 1386
1482 1386
1022 2000
237 1386
994 1386
1747 1386
1898 1386
675 200
1860 1386
1282 1386
1687 200
1983 2000
1224 1386
220 1386
1659 1386
1438 1386
283 200
532 200
662 1386
1583 200
933 1386
172 200
1462 1386
1431 1386
476 200
1401 1386
481 200
1221 200
1454 1386
1875 1386
1553 1386
439 200
1772 2000
231 1386
683 200
264 1386
1385 2000
128 1386
548 2000
1704 1386
824 1386
1082 1386
682 2000
611 1386
88 1386
1836 200
894 1386
1187 200
993 1400
977 1386
1147 1386
1658 200
382 1386
1284 1386
996 200
613 2000
1833 2000
32 2000
1621 1400
1227 1386
1838 1386
1900 1386
322 1386
822 1386
1906 1386
1436 1386
1761 1386
227 1386
1415 1386
1540 200
100 1386
1800 1386
1446 200
1421 200
1678 1386
1700 200
1230 1386
765 1386
908 1386
480 1386
1917 1386
923 1774
287 200
774 1386
1743 1386
1484 1386
1493 1774
461 2000
747 1386
110 1386
1524 1386
1896 1386
834 1386
1399 1386
401 1386
1539 1386
666 200
763 1386
179 1386
549 1386
960 1386
950 200
915 200
256 1386
396 1386
84 200
311 1386
720 2000
193 200
156 200
1682 1386
418 1386
1475 200
731 200
1376 1386
1278 2000
689 1386
1752 1386
989 1386
669 1386
1717 200
631 200
1939 1386
1870 2000
1731 1386
1901 1386
124 1386
1055 1386
1498 200
1195 200
1769 1386
242 1386
844 1386
62 1386
1128 1386
603 1386
270 1386
1975 1386
1877 200
1536 1386
1549 1386
377 1325
1530 200
505 1386
1669 1386
1610 1386
1872 1386
120 1386
410 1386
1315 1774
1201 1386
1832 2000
1812 1386
1552 1386
1077 1386
1102 1774
1615 1386
28 2000
1109 1386
1483 1386
723 1386
1186 200
1153 1386
1457 1386
389 1386
516 1386
485 200
779 1386
1882 1386
1819 1386
1856 1386
1408 200
150 1386
1639 1386
791 1386
6 1386
217 1386
1271 1386
1905 1386
1543 1386
1791 200
1853 2000
632 200
1548 200
1027 1386
1537 2000
668 1386
134 200
1544 1386
1651 1386
609 1386
336 200
1825 562
1617 1386
896 1386
103 200
371 200
1718 1386
879 1386
1560 1386
492 2000
145 2000
1005 1386
961 1386
1966 1386
1174 1386
1676 1386
1276 1386
1512 1386
895 1386
1166 1386
1597 1386
1719 1386
1069 200
416 1386
1605 1386
1111 200
561 1386
1283 2000
26 1386
1439 1386
1392 200
384 200
394 1386
328 1774
208 1452
1246 200
1469 1386
1179 2000
63 1386
739 200
1801 1386
617 1386
1159 1452
1040 1452
254 1386
1567 200
263 1386
1110 1774
1674 1386
245 2000
1044 1386
981 200
1142 1386
81 1386
1558 1386
966 2000
1660 1400
219 1386
678 200
1831 1386
596 1386
1106 1386
1384 2000
1437 1386
1395 1386
1858 200
568 1386
503 200
1849 1625
571 1386
1998 1386
1472 200
927 2000
20 1386
517 1386
1751 1774
705 1386
1009 200
1680 200
1487 1386
821 2000
701 1386
216 1386
839 1386
949 1386
545 1386
1628 1386
1485 1386
1598 1386
42 1386
387 200
1453 1386
588 2000
772 1386
959 1386
1952 1386
1108 1400
1237 200
964 1386
1697 1386
500 2000
1404 1386
395 1386
544 200
1835 1386
1398 1386
1748 1386
453 1386
1435 1386
802 1386
1226 2000
302 2000
1935 1386
310 1774
1768 1386
299 1386
1294 1386
658 2000
271 1386
1299 1386
1599 1386
858 1386
815 1386
1506 1386
1127 1386
1828 1386
404 1386
1925 200
1140 1386
1375 1386
69 1386
381 1386
1234 200
314 200
1630 200
236 1386
1458 1386
106 1386
920 1386
785 1400
1178 200
1641 1774
289 1386
1894 1386
1759 1386
176 1386
1087 2000
282 1386
1265 200
832 200
1367 200
1874 1386
1881 200
1688 1386
641 200
1354 1386
298 1386
855 1386
1892 1386
57 1386
644 1386
91 1386
462 200
876 1386
1249 1386
1656 200
253 200
315 1386
200 1386
558 562
935 1386
688 200
1359 1386
1821 1386
1381 1386
1527 1386
1023 1386
1859 200
1158 1386
1118 1400
1252 1774
154 200
939 200
1274 1386
1215 1386
598 1386
636 1386
1184 1386
1391 1386
504 1386
1456 1386
1730 1386
1326 1386
624 1386
405 2000
1929 1386
1921 1386
129 1386
1387 1386
1393 1386
886 200
1194 1386
479 1386
1012 1386
472 1386
1827 1386
745 1386
1345 1386
1757 200
1694 1386
1958 1386
1420 200
68 1386
1967 200
708 1386
1078 1386
1491 1774
1429 1386
1339 200
1594 1386
655 200
918 1386
1318 200
1319 200
700 1386
835 200
601 2000
66 1386
1563 1386
653 1452
1763 200
1006 1386
1857 2000
863 200
956 1386
1088 200
1961 1386
1695 1386
54 1386
1646 200
1443 1386
661 2000
317 200
788 1386
312 200
385 200
441 1386
522 1386
31 1774
1322 1386
1826 1386
1672 2000
810 1386
1313 1386
496 1386
163 1386
1373 1386
399 200
167 200
288 1386
1714 1386
1661 1386
119 1386
339 1386
1596 1386
1923 1774
756 200
783 1386
191 1386
1914 1386
1452 1386
5 1386
1645 1386
415 1386
625 1386
78 1386
321 1386
1810 200
431 1386
333 200
188 200
290 1386
1426 200
1239 1400
1233 1386
1850 1386
695 1386
137 2000
1973 1386
60 1386
639 1386
1823 1386
1675 1386
623 2000
1019 200
619 1386
717 1774
249 1386
633 1386
1270 1386
1143 2000
1101 1386
144 1386
1977 200
1504 1386
429 1386
239 1386
900 200
1032 2000
1141 2000
511 1386
1789 1386
997 200
390 1386
1622 1386
524 2000
1593 1386
1986 1386
38 1386
1176 2000
1286 1386
189 1386
1018 200
649 1774
928 1386
226 200
1963 1386
1867 1386
602 200
1532 200
138 1386
1090 200
656 1386
489 200
1971 200
1185 1386
1703 1400
1728 2000
946 2000
83 200
301 200
1760 1386
1780 1386
468 1386
1871 1774
1702 1386
776 1386
74 200
1428 1386
698 1386
885 1774
913 1400
1122 1386
507 1386
1847 1386
550 1386
757 1386
1948 1386
1919 1386
671 1386
786 1386
1021 1386
652 1386
450 1400
1267 200
804 1386
764 1386
1762 1386
850 1386
1732 2000
1081 1386
1519 200
13 1386
1364 1386
1591 1386
1652 1386
1816 1386
1430 1386
758 1386
733 1386
262 1386
638 1386
1072 1386
1126 2000
15 2000
397 1386
650 1386
767 1386
196 1386
65 1386
1981 200
342 1386
421 1386
277 200
1533 1386
1180 1386
1653 1386
1890 200
686 200
1015 1774
812 1386
1638 200
466 200
1852 1386
869 1386
1328 1386
149 1386
183 200
622 1386
383 1386
1396 1386
870 1386
1411 1386
952 200
1994 1386
1165 200
969 1774
1899 200
184 1452
1649 1386
1486 1386
629 1325
235 200
1518 1386
643 200
1217 1386
1065 2000
1208 200
566 2000
1310 200
1465 1386
777 1386
867 1386
1285 1386
912 200
372 200
1854 2000
313 1386
350 1386
1824 1386
53 1386
1256 1386
49 1386
39 1386
1520 1386
1655 200
1631 200
285 1386
781 1386
307 200
1162 1386
436 1386
86 200
1604 1386
1085 200
30 200
707 1386
1442 1386
724 1386
1407 1386
1662 1386
1134 1774
1587 200
1908 200
1602 1386
1 903 1542 923 1048 1534 644 1353 1693 599 1075 1070 1184 1174 1503 384 813 578 247 1827 1469 1678 675 1614 1745 488 329 284 631 732 1279 820 643 248 337 283 349 978 464 1770 664 1170 1905 1181 512 113 56 330 139 1457 1021 1398 389 628 406 1177 1782 110 1936 1036 1055 537 1605 1568 788 606 1946 1330 756 1272 1704 214 189 1875 1640 1739 171 909 421 1057 1465 1350 1343 47 1066 162 1703 703 584 1784 472 1777 1408 1891 1995 142 528 559 918 100 1746 204 572 140 238 1768 1676 647 889 176 101 536 170 665 1765 1921 259 654 386 1749 988 912 233 1287 622 31 1214 1220 882 1007 872 1204 1505 492 231 705 115 1065 1275 1431 961 1248 1377 217 1616 935 651 1656 1669 1634 635 341 1215 1399 130 1771 1374 1926 225 1630 87 413 592 693 1409 1185 263 801 554 411 1853 1805 244 96 53 1197 1766 153 583 1588 1064 987 1290 611 482 1040 1573 1061 1335 10 1243 931 182 1919 727 99 1357 131 1063 207 990 154 460 1494 363 322 83 822 1180 1232 1278 236 1333 1848 1502 605 91 1120 1645 387 952 1323 764 541 251 1854 1027 1681 1115 1582 457 270 1271 1865 1436 980 1261 857 1134 1594 714 1817 570 860 1548 46 1520 346 1179 1809 1931 365 1675 669 829 1380 102 1107 1747 1762 1748 1050 532 1535 166 616 458 623 846 966 250 1643 1209 1965 1139 663 218 1346 1621 1686 1984 1550 1826 1164 1306 507 998 523 1522 1508 239 1173 439 468 1145 1481 908 1342 1420 645 1148 1779 1943 971 466 743 278 1418 1632 308 1315 782 1201 566 1759 1506 1394 624 1911 1079 476 80 1094 343 567 1537 28 1613 974 1138 348 202 1437 1560 742 694 1578 580 557 609 1067 1362 105 1602 1378 1538 1695 1586 994 1044 1830 1093 1126 661 1890 713 1509 1916 156 65 1387 977 1580 478 1039 401 1167 14 550 698 1376 898 345 1321 673 873 837 1894 1862 854 485 475 73 1804 347 1089 41 812 1229 1274 1099 1988 1295 874 282 1003 671 1267 1949 224 797 691 1859 1158 1795 844 806 1207 30 307 1226 1597 785 1973 215 1251 787 1958 1554 1517 556 1149 641 1018 722 434 287 1310 494 249 243 1674 1482 1892 1839 1794 1873 1246 1702 436 445 34 268 489 735 674 1735 1700 1991 1791 1725 186 29 1608 981 1155 1153 625 1843 1937 549 883 1403 177 1923 1908 1999 1802 869 1097 761 1510 818 1755 941 416 879 1324 1339 1154 700 393 707 1085 1882 1710 90 716 1450 1286 589 617 1524 853 405 422 901 390 286 911 848 109 196 451 954 1049 1969 852 1001 751 1849 1671 493 1347 1218 1593 824 1024 1982 1426 1023 1433 377 291 71 748 1900 92 792 1964 319 630 1043 1031 1292 843 1256 1649 916 155 75 1705 426 1434 620 1867 269 1833 1742 370 1478 1952 133 190 938 82 1960 1318 501 677 1016 141 1996 35 1257 383 1684 1233 1731 317 802 1600 240 1956 260 1763 720 169 1824 407 539 1379 66 1467 1799 226 1276 821 51 1444 1297 1618 985 1337 1797 79 1590 1150 896 49 1486 1255 1685 1667 1631 900 1661 1654 1584 1925 230 884 1091 1319 1002 430 374 456 1692 1672 1850 124 1880 1815 558 1014 1455 508 1020 538 388 353 890 1507 886 1496 769 1136 1308 1019 1113 1501 1053 183 543 1740 1449 887 772 1035 790 297 332 242 598 1477 107 2000 40 1034 1781 1175 1708 213 1989 1423 1432 795 1241 1466 744 448 524 723 129 144 1117 1191 803 587 160 530 296 1463 951 1221 245 839 1222 519 649 1928 1530 1354 1803 950 50 262 1239 1798 315 1262 1775 227 1751 862 1715 301 481 1540 1103 261 1131 1986 371 1623 948 1364 1407 379 1296 1624 845 1599 1206 867 574 418 380 1338 958 1062 668 892 63 473 1462 1384 1820 1521 1499 1011 1495 753 546 725 1341 1786 1837 164 773 708 1213 689 293 223 1228 1841 1565 590 470 364 104 1699 350 26 1651 1821 621 1963 1188 60 737 680 1808 1783 415 43 86 827 165 1592 520 1549 1752 1696 69 333 114 1125 754 1851 993 1009 216 1814 1270 1265 568 1396 1119 866 328 1587 533 563 1787 809 1975 1252 1114 579 1689 1732 1084 116 855 1095 138 934 791 1910 181 1750 1829 1810 836 593 585 1758 1385 220 1402 667 1838 1412 1078 1525 752 1448 479 1647 1479 1903 1774 1583 127 1981 825 1773 1052 715 1157 54 856 1441 232 267 143 509 1514 496 1329 833 1585 1361 1636 168 1231 151 84 679 1109 513 1326 1546 902 1533 1939 1083 1559 1589 1620 634 1920 1860 376 894 1033 970 747 660 1734 1390 596 729 438 1322 1644 968 893 1022 1461 1878 777 960 618 241 1130 642 834 1142 1924 1259 1574 739 1006 1485 94 1869 1074 1603 1382 600 72 299 516 298 683 678 718 576 1670 778 77 312 765 442 1071 1476 1253 770 859 1470 926 273 953 1360 565 594 484 633 784 1629 1983 1128 1662 1930 1302 779 1381 368 1760 1217 1010 1282 1972 440 252 463 1927 128 1435 796 858 864 1458 849 529 1569 431 588 804 1756 1307 1846 450 919 1424 686 1611 999 1196 1320 323 123 235 1056 581 302 1121 1847 1940 3 1668 711 562 1628 274 277 1691 120 454 615 1439 1352 1876 920 1541 910 1304 147 763 967 1411 1087 881 786 1687 1328 940 1017 1598 1870 167 551 362 1263 1913 1858 602 24 1635 1812 1311 1813 39 1152 730 1219 500 303 395 1500 1054 1780 1300 483 185 1883 280 1045 111 264 222 1193 1638 697 1785 1884 531 1754 1673 534 1526 1234 229 1284 57 1658 1528 397 1454 1566 1312 613 540 944 1451 1069 1539 1874 750 1289 354 70 1428 18 1195 33 895 1728 1211 385 758 310 1985 1110 212 1092 904 367 1491 208 392 318 1901 1922 1498 1718 1879 1305 838 373 1811 1372 1235 266 1933 947 906 402 1098 78 339 1536 1979 205 108 1483 614 1395 1101 610 933 1242 1834 955 93 1625 1918 1124 1474 870 914 817 847 521 1796 1216 1313 382 1610 1842 502 1192 58 1331 1544 518 1388 265 175 1383 67 1954 1863 1607 963 945 1738 816 1086 1314 1189 690 1945 1914 206 1073 1438 1723 193 1208 1105 823 289 1518 1190 1683 1230 1724 1240 710 1421 830 1151 1198 991 865 1694 1823 98 1604 1404 22 1247 194 726 1212 1987 1563 256 1966 1947 414 228 1753 922 1144 1245 930 979 1104 300 187 888 126 506 942 1648 1413 1480 1356 1697 800 375 1906 1349 135 1365 1030 344 316 1828 653 1072 1277 20 510 1793 1186 1176 925 1889 134 199 1210 1994 702 1351 1899 409 696 1660 424 1266 279 1764 1767 526 672 195 149 1366 1967 1978 1137 1249 400 957 548 877 1038 462 1655 1397 360 1269 1663 632 1512 1970 828 629 841 1778 992 1250 1475 48 1567 1090 1619 1123 443 1886 1288 253 789 4 915 1909 1473 1416 1845 1203 1127 184 490 37 444 695 1818 1552 1557 219 1617 38 1551 740 774 1570 356 1641 325 1917 504 309 1532 1881 636 1915 1414 709 1572 692 1872 441 759 793 876 1601 612 1835 1531 767 776 1400 1912 1490 1577 1713 1348 331 336 542 717 681 1719 591 290 1334 44 1108 525 461 1344 1106 320 1682 1730 1168 1285 972 449 1293 1429 455 913 1543 480 1332 1077 1460 1037 1425 826 842 1511 1898 477 956 1744 292 1363 281 8 145 1391 964 136 571 342 1015 21 6 810 469 372 1840 1058 1389 626 172 1406 1452 986 1529 1472 814 798 1224 486 1701 234 505 712 597 819 295 62 1487 527 701 656 499 1303 1042 1609 1371 159 209 757 1769 1980 1140 1497 45 1359 1355 1680 1904 1029 1576 582 899 1998 553 1677 1032 639 192 254 179 932 1711 74 1446 861 311 255 545 404 276 378 1143 117 408 983 381 68 425 1664 359 1456 1555 173 1712 95 1558 989 1992 517 1733 158 1492 1484 452 1068 1727 1772 762 734 1942 1132 719 835 1852 738 652 1244 943 394 1182 152 1844 498 503 1025 1868 369 1857 1133 939 1990 535 905 962 198 32 1801 1264 1792 1327 755 1836 326 1147 982 1268 1141 1161 687 427 946 928 1200 1309 1419 733 1776 1659 1864 921 564 1076 1871 1116 1722 1298 1606 1726 1895 1504 1459 1929 561 446 1004 547 272 868 1591 1959 766 1737 89 1080 429 1118 1575 1855 1375 321 327 16 1955 1832 197 1790 1489 1938 497 1653 1464 724 808 432 357 736 211 103 1974 88 1047 1806 573 410 150 1227 1561 305 1223 996 163 1159 1471 285 1698 577 662 959 676 1743 1373 1527 1368 1716 721 657 294 1008 1807 1281 1861 1968 19 997 1993 118 59 850 731 11 1291 749 417 437 1897 1160 42 1165 1156 783 1100 995 1907 61 560 1146 1059 1953 1000 891 1761 1041 627 161 1646 399 1788 907 1934 771 1345 619 1581 52 1657 1819 984 1129 937 775 1615 355 1519 433 1386 965 637 17 1652 1051 760 1169 699 148 1238 7 119 453 137 1178 1757 799 1714 361 1163 659 257 586 420 1595 1523 121 1440 1370 1736 1122 258 1081 1012 487 306 1707 465 1950 25 1706 1932 794 640 658 1627 1639 459 1005 746 1579 840 917 897 1493 781 1046 511 552 1410 1888 871 5 1637 85 398 447 1951 200 805 1468 358 467 340 1877 210 419 12 638 391 728 1453 1112 1665 396 1729 650 428 1596 1887 1088 604 338 544 112 1721 1800 1325 1194 684 1111 688 1935 288 201 927 313 275 1336 1258 146 768 491 1060 1856 1976 9 1626 1488 1260 1961 1789 522 1902 1642 1948 682 1283 924 1422 603 1225 191 352 1369 929 1358 351 1199 1896 831 704 1393 81 666 1317 495 55 885 1013 949 1294 106 1443 132 1205 1997 595 1447 97 1971 706 1622 23 1254 1831 685 1688 157 180 1633 976 178 246 314 1280 1977 655 1941 2 1679 1162 1957 203 221 1299 1822 1301 271 1340 412 741 1316 1445 569 474 646 1401 811 807 1885 1237 607 335 745 1547 973 832 1944 423 125 1513 1392 76 1028 1720 1553 366 670 601 648 1515 174 1096 1545 1442 1893 237 1666 1516 1367 1741 1430 1082 1202 13 1135 1612 27 1026 515 1564 122 1171 1415 1183 304 64 1172 1571 514 1102 188 1273 1825 1417 863 1816 936 1562 851 555 1690 471 878 969 435 880 15 1405 815 875 1236 1962 403 1556 1166 1709 975 1717 36 1187 334 1427 1650 324 780 575 1866 608
1098 1268
1364 1776
1245 1449
96 1372
1167 1916
257 395
656 1385
1050 1846
736 1115
459 475
796 1861
605 1943
579 1748
13 484
538 850
1135 1416
784 1227
1859 1949
643 786
1483 1895
1367 1885
415 982
430 1426
421 1227
1779 1873
928 1418
580 753
288 880
157 1190
294 1616
139 645
910 1757
85 552
1487 1537
478 874
236 547
488 1826
807 1785
530 856
37 1981
285 330
388 628
851 1052
875 1148
1312 1467
118 632
1639 1997
1358 1771
705 1779
605 1538
444 1688
732 1223
7 573
1416 1645
29 780
1746 1894
136 1366
458 1721
1517 1661
465 1342
1475 1545
1910 1939
132 857
1032 1291
1685 1748
112 930
4 1225
421 1421
263 1972
824 1182
1863 1868
548 901
1047 1429
654 1910
362 1973
1454 1719
56 1461
217 999
570 740
993 1655
315 777
105 826
916 1477
345 1398
1497 1892
404 1304
751 1740
741 890
1850 1968
575 812
212 1538
359 1895
375 376
869 1082
234 1305
348 1287
1698 1906
387 814
827 1429
1266 1404
452 1754
67 1181
645 1594
467 1672
937 1104
1470 1660
137 466
595 1589
1477 1690
615 744
517 983
515 1856
161 1875
283 957
865 1916
1234 1670
20 288
1080 1533
378 1693
243 628
319 1013
159 868
695 1713
321 1519
1153 1311
217 1192
231 1360
808 1799
1466 1703
1062 1884
649 692
1466 1972
1195 1630
308 606
437 1542
1272 1725
1338 1701
496 1493
31 390
1289 1761
158 463
791 900
506 912
1796 1894
68 1827
1538 1552
632 922
281 447
466 1076
582 1034
1740 1766
1134 1894
438 1727
486 1181
1363 1632
744 1895
522 1277
51 697
363 1231
1012 1916
40 872
33 584
562 1863
1903 1941
319 1406
635 1168
501 823
531 1539
313 432
1401 1581
1286 1546
127 919
53 435
256 413
1075 1973
729 824
44 1151
380 1551
236 995
1184 1274
649 1697
640 1416
227 833
186 588
1018 1452
158 1574
334 340
367 987
179 1200
667 880
597 1015
230 734
123 1811
330 1471
1399 1440
765 1436
43 1017
1043 1951
853 1077
77 1902
1196 1352
1741 1892
1567 1888
930 1835
500 1572
278 687
630 1928
459 1067
1093 1263
997 1806
1205 1524
1011 1697
47 721
624 1502
497 960
92 229
1150 1709
572 1551
288 299
415 791
1823 1863
904 1817
122 1104
714 1358
1171 1626
266 1246
626 1132
723 778
168 1905
81 932
712 898
217 996
88 1041
652 1182
347 1208
1002 1783
386 511
1517 1862
1297 1679
285 1914
907 1447
820 1795
1135 1704
956 1345
84 1737
886 1931
1669 1678
367 496
996 1552
287 1453
467 1269
170 1703
75 510
601 1341
411 1600
479 1089
518 1471
893 1476
1285 1914
654 917
250 474
1361 1482
643 1767
459 1265
987 1107
17 198
62 108
493 1060
1202 1289
309 1889
428 1526
99 1358
238 1284
467 1253
846 1317
972 1116
914 1827
125 853
284 1509
51 730
53 406
584 793
523 1277
25 906
1111 1629
1256 1354
311 1192
33 1031
85 1231
1523 1924
389 1229
389 1290
775 1810
1367 1834
815 1508
292 890
364 1850
341 1490
369 1514
287 1751
260 455
349 442
987 1114
48 349
229 840
612 1119
284 1590
1108 1167
260 1419
818 1265
596 993
136 872
290 1456
1574 1742
194 229
997 1857
642 733
369 1644
238 1447
434 1073
1655 1790
419 1813
506 604
1197 1649
795 1459
275 580
227 1482
1405 1472
924 1636
521 783
66 694
933 1138
1008 1888
5 43
778 1713
808 1395
519 1337
621 1587
461 1543
348 1738
82 1307
638 1019
1267 1800
503 1567
1778 1797
1428 1555
970 1178
392 1975
1226 1857
388 1198
41 986
709 1382
438 1871
1541 1852
1057 1516
70 887
1237 1607
750 994
200 431
1163 1911
1246 1321
1667 1800
614 1095
790 1423
98 894
670 1840
245 415
1302 1326
1233 1873
593 1894
772 1190
567 871
151 1544
81 1976
1082 1951
1514 1636
262 909
1211 1496
1881 1949
192 1021
961 1205
655 1296
205 600
382 414
253 1681
112 132
674 1031
422 647
1016 1791
23 516
203 953
81 604
781 1841
1801 1866
410 1895
78 321
181 481
847 1726
199 1654
503 1440
281 1827
602 1251
286 1030
396 1345
115 707
981 1111
1243 1367
259 1879
660 1200
1121 1308
87 924
438 1366
583 1104
346 1243
1035 1777
1181 1824
460 1264
859 1125
440 1000
496 562
101 944
783 1502
129 1227
25 38
340 1069
98 1454
331 606
933 1150
420 966
237 951
599 742
643 1608
334 1023
1388 1580
559 1115
659 1642
206 468
1279 1739
285 1107
470 1010
899 1894
1194 1764
1531 1654
1064 1334
402 1923
73 1050
484 1237
1252 1361
1517 1530
109 716
1062 1181
928 1352
1007 1987
668 877
1121 1551
1599 1847
1020 1534
1510 1722
405 1324
874 1939
869 1152
6 1498
114 1492
125 1662
901 1071
1353 1463
750 844
5 1469
640 1368
547 1377
283 955
1328 1617
166 1415
1639 1995
115 322
87 1346
990 1163
722 1232
98 763
276 917
83 225
124 611
134 1590
1039 1228
807 969
127 1336
172 630
44 1883
88 693
410 602
399 1435
643 781
1723 1938
574 764
14 1579
1237 1495
250 1470
1565 1673
429 1702
150 1621
228 1579
1190 1846
780 1673
358 714
704 1563
388 822
3 513
108 776
919 1776
1110 1923
909 1842
822 1664
525 956
745 1323
958 1767
1727 1809
444 934
473 1446
1721 1734
146 1760
41 404
1079 1626
626 1784
1323 1646
1659 1984
274 450
1246 1478
522 908
203 654
216 1641
1145 1665
1153 1177
339 600
25 1501
877 1380
1728 1855
2 1255
475 956
801 1205
1363 1383
631 1274
687 1408
343 450
530 1568
1083 1180
434 706
870 1746
557 1111
1385 1918
101 895
195 886
1032 1814
1204 1751
645 1647
1207 1340
1136 1604
216 1900
1710 1971
643 1137
314 1157
95 537
1554 1810
498 1589
261 941
441 756
934 1923
1956 2000
138 1201
1001 1579
879 1659
942 1196
731 1203
753 1860
286 893
99 165
1031 1788
738 1660
1273 1397
516 1243
541 877
381 723
514 1113
532 1071
1021 1174
1002 1858
905 1424
104 975
123 1357
1582 1877
1251 1809
997 1840
459 540
3 147
694 1248
95 1529
1083 1389
390 839
963 1086
99 394
1271 1469
507 629
660 678
51 1568
378 993
796 1412
976 1705
40 593
1345 1752
1398 1412
919 1211
1285 1527
123 277
986 1918
894 977
1590 1677
709 1069
116 464
587 964
1036 1226
827 1767
872 1055
1026 1424
233 1254
858 1802
1431 1453
329 1465
693 1744
651 1488
547 813
7 1902
853 1214
1443 1982
951 1979
487 821
14 1113
114 986
1210 1378
1021 1679
771 1608
606 1195
179 604
985 1887
1749 1977
403 1815
1315 1432
714 796
127 609
519 1279
561 1605
760 1809
1081 1481
123 1778
1308 1358
928 969
264 882
893 919
177 958
1133 1231
347 1280
181 748
944 1997
709 858
1425 1769
1023 1385
953 1592
57 838
86 549
230 1153
440 1508
1285 1618
350 1617
438 614
174 1676
894 1949
842 1514
861 1845
83 864
1146 1972
481 1587
14 1410
464 920
1281 1652
10 1914
38 1140
1365 1756
118 1799
1090 1336
622 1967
301 1537
126 553
336 929
143 154
1858 1881
587 1827
882 1648
787 1152
898 975
47 1571
60 1024
55 1805
714 1508
117 711
615 981
425 914
830 1409
329 782
696 1705
840 1377
1155 1597
128 265
1117 1543
682 690
1276 1330
880 1961
447 630
215 1651
444 633
164 804
1537 1971
306 1861
59 1403
857 890
859 1817
334 1373
1191 1540
385 823
375 1744
88 311
155 1528
139 1561
270 653
1692 1902
188 267
1626 2000
644 1418
709 1150
349 703
62 848
882 1855
1779 1807
293 1217
563 1673
599 1512
302 821
549 1309
1068 1363
185 1860
621 1103
990 1464
1106 1697
606 1157
1098 1651
758 1865
237 1901
799 1494
199 215
222 868
613 975
460 972
370 722
1449 1642
394 1230
702 1885
946 1213
1721 1738
622 1219
1020 1163
641 992
459 1733
929 1481
1373 1745
578 856
1336 1976
1452 1542
927 1268
799 1502
583 1518
168 634
785 892
924 1436
472 1239
433 837
1700 1911
758 1468
503 1447
254 1392
104 215
1169 1796
59 483
110 652
114 1200
376 1463
1525 1736
892 1591
225 1520
4 1646
742 1222
243 1554
871 1863
972 1227
372 1964
164 462
320 1302
579 1030
665 1407
438 1618
52 222
686 1019
778 1395
541 1594
567 1700
197 1735
1790 1852
2 780
25 1607
604 1238
327 1240
266 1078
66 1442
1041 1407
974 1322
568 1033
487 1963
111 1197
1275 1393
466 1491
580 587
379 1777
565 1131
454 1110
498 1119
1907 1996
488 1075
16 369
810 1721
1526 1749
860 1369
1050 1338
1191 1846
684 1400
1428 1636
386 996
319 1975
34 1995
861 1952
752 1333
1172 1763
289 573
526 1725
1213 1258
396 806
294 1933
6 409
543 1968
271 941
649 1286
410 455
532 1744
1307 1874
746 1065
55 301
1266 1962
998 1977
813 1520
1062 1992
286 1715
662 1564
992 1263
883 1099
404 1032
350 1855
304 340
36 89
1719 1768
1017 1150
94 1871
94 682
1340 1970
1703 1704
140 1865
108 360
1210 1721
603 1420
399 566
385 974
1398 1484
1793 1935
293 1833
336 1047
1208 1602
907 1240
913 1371
319 1996
999 1131
1662 1708
234 1091
314 1501
478 1651
317 1253
1902 1912
55 1358
155 1831
240 1595
338 1623
503 1158
137 1770
975 1960
132 1020
611 1551
747 853
154 1518
956 972
52 262
28 1380
682 1588
76 77
135 1118
1246 1997
56 114
266 522
517 1798
557 1169
237 1751
1866 1982
148 1979
962 1560
724 1776
1172 1620
858 1871
151 1715
1516 1992
4 1544
1274 1699
178 1245
1045 1794
1054 1990
208 674
663 1007
266 1472
956 1365
415 1326
1062 1091
487 1033
852 1989
659 1981
847 1410
1612 1903
1060 1520
1620 1840
991 1484
534 1045
772 1138
1323 1869
266 1810
760 1126
922 1630
331 1118
114 460
941 1150
880 1039
1605 1882
186 957
750 919
361 392
1425 1797
556 1646
22 1518
647 1036
1281 1540
442 862
186 1330
158 729
530 1568
1038 1568
285 1193
310 452
1022 1770
131 991
1465 1969
3 551
256 627
466 1811
807 1627
1923 1984
1134 1863
315 1172
567 606
265 1555
1406 1769
86 1956
1377 1649
399 424
939 1414
235 1210
736 1027
459 1333
916 1899
456 856
976 1961
234 1304
1166 1651
328 1064
197 807
5 1686
5 1916
852 1143
857 1935
232 1319
1258 1719
1019 1927
103 501
1315 1952
1238 1455
1059 1700
329 542
73 1924
288 1946
301 1115
173 983
49 1578
1141 1932
590 634
201 1353
347 1516
1083 1657
1715 1882
22 828
862 1008
128 926
895 1416
363 1942
610 1963
133 1967
710 869
1040 1813
560 601
355 1268
840 1689
266 459
15 583
309 1605
755 981
1195 1523
843 1347
1304 1745
715 745
12 341
932 1907
356 1014
829 1093
486 1424
200 634
147 150
255 1297
827 1000
1558 1721
254 861
1372 1728
680 1941
53 1428
111 1437
249 652
1388 1416
1010 1378
194 1064
1078 1652
494 1704
267 782
1256 1477
682 1284
126 310
1050 1737
751 1891
538 1188
1625 1953
1432 1694
1136 1923
1301 1956
94 1263
156 1806
991 1931
204 1705
1156 1308
238 1159
231 422
704 1130
218 1097
563 1641
658 727
991 1478
520 1008
741 1476
192 690
596 1891
174 846
27 901
1821 1937
243 356
763 810
1010 1055
134 872
333 1552
145 1420
1389 1803
95 583
1810 1984
216 539
691 1347
583 669
147 1998
1572 1784
591 1218
349 1549
835 1891
1154 1263
166 376
297 1866
1465 1816
810 1754
1260 1846
827 1557
1468 1570
1138 1256
980 1042
291 1366
1271 1948
29 714
903 1357
878 1732
1137 1440
480 576
336 643
117 1947
68 191
46 899
766 1370
183 923
465 1313
469 931
186 1330
1278 1286
683 1930
1516 1863
1822 1854
1195 1813
620 692
76 270
476 967
1427 1822
812 1107
1732 1774
377 1730
1720 1767
1401 1951
394 1890
41 1172
582 926
549 1861
777 1171
1421 1920
938 1606
111 1993
1096 1977
16 596
203 1375
1572 1651
544 983
193 1719
1198 1300
462 1187
443 1774
273 742
655 1942
1145 1334
119 983
1455 1688
191 904
153 357
794 1984
638 1569
744 1228
495 1834
97 1219
46 338
1069 1372
211 1931
480 1478
697 1319
276 790
716 1332
1008 1743
1179 1323
609 1147
309 1311
715 1237
604 619
108 800
603 1358
93 1057
1097 1482
457 714
419 919
466 886
1177 1329
1637 1809
99 1664
19 1351
250 1050
338 662
22 1998
698 1634
347 1738
933 1078
656 863
1526 1808
1091 1599
659 1919
505 1309
947 1962
1368 1380
1812 1972
837 1212
636 1023
1818 1956
1167 1511
564 1085
354 826
75 544
179 978
1328 1814
292 666
927 993
1097 1116
1051 1438
1245 1805
564 1583
1576 1999
1353 1451
433 483
662 1683
276 1093
938 1746
1788 1849
537 1240
171 962
325 1491
987 1111
632 1838
336 1996
257 976
558 1568
1624 1958
1063 1095
353 1944
1140 1361
1042 1912
698 747
596 826
1016 1870
505 1197
143 1917
929 933
448 1065
806 1662
1397 1564
1592 1843
654 867
729 1513
587 683
1005 1192
735 1210
608 1400
144 1916
379 939
710 1986
645 1802
1244 1459
451 1085
447 1977
1478 1945
445 1621
299 313
766 1314
1123 1129
1709 1853
454 1005
103 269
515 1223
733 1498
304 1100
571 586
197 1374
243 404
700 1994
797 1495
348 660
171 1039
394 1184
1768 1826
614 692
283 1434
1319 1556
1127 1626
443 502
1500 1709
543 762
953 1308
279 1817
537 1433
532 1935
1263 1311
457 466
263 818
173 407
313 1695
303 1714
525 1261
289 1085
154 775
175 1702
1359 1967
63 1049
642 1365
177 1088
1321 1507
1004 1131
252 1286
1429 1990
1098 1610
322 752
161 1495
1565 1756
1342 1425
290 734
1636 1904
1215 1515
1072 1833
998 1161
1104 1390
1331 1793
527 807
607 1681
1148 1667
417 731
1048 1163
1022 1557
1282 1963
1128 1662
397 816
1731 1795
495 1723
320 693
1369 1386
715 1438
848 1873
1336 1389
292 825
1556 1779
217 1703
590 1330
760 1824
563 1681
511 1237
816 1008
585 1182
369 1119
399 709
90 1630
63 358
1018 1703
107 466
754 1934
1246 1597
568 927
84 1180
1012 1478
1671 1776
1253 1890
213 1886
142 175
1064 1934
131 1736
972 1847
969 1997
233 1707
178 1907
178 767
537 1654
930 1479
362 1078
498 1648
259 1437
838 1498
1125 1363
805 1093
62 1617
494 1131
360 1913
1524 1831
1493 1524
114 1129
1558 1972
1340 1495
294 1270
1797 1843
741 1281
1215 1300
918 1314
177 923
216 830
1099 1976
891 1822
423 655
1622 1863
1019 1051
233 1881
1714 1895
977 1738
380 866
83 296
889 1229
1738 1912
42 1068
1093 1492
505 650
817 1746
227 1301
54 502
80 1522
713 1642
454 590
761 1738
1431 1799
1303 1465
598 667
1682 1865
811 1029
1551 1579
677 815
269 1653
60 120
325 1437
131 340
1734 1889
1031 1293
52 1204
878 1037
1896 1976
456 591
47 806
594 606
1239 1421
647 791
18 86
754 1381
803 1745
572 1921
261 1790
1370 1734
336 1956
311 1584
1512 1878
1226 1550
1155 1177
350 1316
262 1986
74 1829
1064 1188
102 1368
1207 1495
1105 1387
1141 1533
493 1955
955 1075
150 420
423 1025
797 1730
1104 1370
785 992
747 1613
161 302
494 998
596 617
63 1955
95 382
879 1322
1548 1850
622 1359
328 767
487 1583
1393 1662
45 890
1361 1569
585 638
1610 1817
1584 1619
309 879
498 943
255 1234
1210 1271
56 1691
144 698
57 1910
310 899
236 1798
192 261
89 1156
535 1662
288 1872
379 1336
1136 1498
273 1414
62 580
1032 1102
1344 1627
1527 1742
330 1437
400 539
761 1338
1359 1917
104 240
1313 1834
1326 1418
528 834
65 367
227 1358
344 607
18 1196
1246 1299
725 825
172 1731
1630 1807
211 1829
943 945
1213 1456
618 1834
601 769
121 1721
541 695
81 176
783 862
1370 1626
390 566
484 1047
1487 1915
413 442
722 970
1037 1605
1702 1742
201 716
659 1703
373 1670
287 1096
956 1492
166 965
83 454
471 1609
68 1869
514 1783
328 1080
1445 1515
991 1336
13 1477
625 1076
1337 1929
170 1038
330 499
1066 1734
280 880
843 1758
380 737
861 1886
557 1736
1640 1930
251 727
264 1810
265 1850
421 478
721 1193
1166 1734
418 898
603 1007
42 1160
1187 1748
261 484
841 1822
808 1077
1455 1524
512 1552
1434 1759
206 1383
1001 1069
401 514
801 920
778 1065
94 556
613 1279
81 1962
473 1529
85 1834
774 1321
917 1846
252 901
351 985
333 1922
1103 1425
646 1968
269 1144
414 1461
932 1251
432 1702
943 1211
284 1678
300 538
393 1345
555 1452
402 675
1899 1932
93 1597
538 840
803 1402
8 1134
844 1147
838 1511
1010 1179
560 571
494 1256
333 838
345 1686
261 915
782 1941
985 1990
252 1097
712 1572
22 89
180 1541
205 958
965 1932
111 1003
462 1170
734 1857
228 923
49 478
903 1327
1324 1827
425 1738
294 1031
424 615
961 1114
474 1389
99 1268
796 1573
331 766
322 1864
1074 1568
13 171
1260 1686
835 1021
209 624
949 1737
1276 1456
405 1072
760 934
822 1897
359 1190
585 1902
327 1182
497 738
663 855
707 1025
622 1585
281 350
1024 1426
163 1950
1360 1371
117 1124
75 1627
65 248
718 1672
653 1088
281 1645
328 1750
1162 1319
1961 1979
1889 1925
655 822
718 1075
116 536
454 672
446 680
1156 1840
453 982
1132 1349
371 1866
840 1120
232 289
114 1425
465 1798
3 1956
1452 1776
552 1480
142 786
606 1909
328 1224
876 1364
947 1850
1122 1590
869 1707
980 1905
102 1268
406 501
98 1574
307 1005
430 1963
361 1746
395 817
855 881
808 1028
615 1421
1388 1545
1352 1852
1267 1784
1006 1282
337 1079
137 426
719 938
620 1094
303 632
593 1476
32 969
588 1945
140 381
878 1723
392 1541
1172 1717
1576 1831
180 1834
1457 1959
775 1847
1271 1968
407 1858
243 277
1545 1969
72 926
249 784
887 1804
938 943
363 1912
899 1833
1100 1785
315 1793
175 1622
329 1943
146 273
507 1837
1472 1793
452 552
710 960
1334 1750
1224 1275
451 1937
1013 1087
778 793
544 861
154 262
157 926
151 993
76 1319
134 841
363 1778
390 1383
1152 1911
524 989
710 775
806 1898
1779 1975
310 1828
193 1239
297 1930
1323 1668
1193 1324
326 1033
398 817
551 941
382 1007
849 1384
1157 1539
110 1447
796 1410
388 1269
1567 1891
743 1963
602 1149
426 1295
301 319
55 1115
1177 1839
42 1413
1007 1651
1167 1193
993 1557
1336 1915
928 1339
1332 1906
402 924
881 1082
776 809
81 236
781 1286
693 1943
722 1322
224 1956
1465 1497
1410 1623
333 962
199 1362
490 1163
1484 1817
290 1624
114 1301
1217 1874
638 1488
952 1072
381 781
1396 1939
505 1653
326 1429
317 1543
535 1225
368 400
917 1582
305 572
625 1307
104 833
1932 1963
239 1350
424 1185
381 1819
365 1534
131 1721
607 853
196 1967
76 1924
845 1195
206 1087
626 1033
864 1725
35 742
401 1662
210 556
770 783
15 589
1396 1920
1165 1557
331 1222
340 458
777 1808
1429 1915
799 1758
718 1869
1522 1695
76 1225
694 1641
1090 1386
1262 1529
174 1789
40 1724
517 1729
575 1854
1133 1403
1655 1851
394 1780
392 1596
1059 1975
436 1998
789 1722
423 1039
923 1865
373 1277
1085 1364
611 869
504 1647
1579 1853
666 1997
1679 1837
204 832
705 1594
270 1014
1405 1957
454 773
599 788
1541 1680
198 1122
12 1238
56 1805
1462 1975
931 1067
165 1438
1153 1325
1029 1115
36 855
221 1440
677 863
1098 1180
831 1623
1519 1742
560 1573
552 1526
927 1052
1024 1329
622 1333
844 1106
283 909
617 1684
611 1420
1904 1993
1291 1912
1037 1270
595 911
207 1147
374 1563
930 1282
811 1022
658 1763
1206 1790
62 834
1206 1660
861 885
177 205
398 1168
342 823
509 606
300 1300
152 1747
535 1020
1060 1674
1277 1674
930 1658
585 1042
159 681
329 1433
360 1920
412 589
471 963
570 1401
1670 1753
221 965
142 1460
1173 1258
1627 1807
251 1982
1059 1868
1023 1362
1599 1977
122 1225
405 448
513 1331
644 1227
177 1798
141 1229
633 1049
19 1039
312 1933
879 935
1571 1743
1595 1797
1368 1410
117 1106
630 1077
675 1279
619 1076
829 1658
953 1232
380 963
1543 1663
498 1585
1033 1589
625 944
30 146
1093 1890
614 1346
1353 1657
391 1882
1244 1711
1711 1902
880 1115
167 245
73 1618
3 1381
1401 1488
192 578
564 1611
1166 1519
775 801
126 1816
499 594
1838 1940
907 1463
455 1111
168 214
