2000 1000 2000
1827 1340
485 1378
877 1508
436 169
825 1075
1443 879
1908 51
1134 1504
1822 667
1311 695
1495 135
1440 81
59 1146
998 240
1037 975
1286 1765
1503 1950
1371 378
876 399
1378 888
1498 1845
1027 254
1264 1940
1153 840
374 1092
1872 1251
1242 1690
1937 1630
979 1124
304 889
132 794
1165 910
645 227
403 751
87 1076
949 1169
1874 961
1566 1046
449 508
1690 946
355 1113
185 763
100 719
801 373
1097 1153
1788 1949
488 899
782 1817
1442 942
1953 1744
1033 1582
1673 1099
537 1372
267 864
851 1759
1360 699
258 1810
271 386
183 1553
1922 1823
641 781
1580 1509
1894 1592
1724 506
389 117
1028 637
1383 961
805 86
736 1269
370 481
1186 1391
1308 210
794 335
616 1531
1301 1072
44 876
1169 701
1720 9
1957 1999
94 290
134 1045
1026 795
685 2000
1486 1498
647 1366
1162 1129
963 1188
687 10
522 165
578 683
1984 708
290 1
1919 915
976 989
93 1256
1156 1822
1358 1266
1608 125
116 566
756 19
306 997
1277 1122
1330 74
1328 665
905 967
621 684
1422 1988
65 1369
1146 1295
855 1054
1956 674
1945 459
1733 873
1582 556
694 1905
1563 1242
910 1377
170 1746
1918 1039
1307 1984
414 1615
1377 43
323 841
791 1999
1391 456
520 1019
742 1550
1751 644
253 903
710 295
1080 1753
97 76
1536 1996
1896 654
280 1165
1475 1237
850 193
913 1027
1912 980
708 1240
983 1345
816 143
1596 1808
442 1688
151 267
36 785
181 1101
1228 1127
718 1997
190 805
678 649
1766 1331
1088 473
1241 1100
650 1912
1905 1685
1203 1923
716 1486
1994 846
719 909
1367 1003
1337 998
78 1900
129 1790
322 1908
941 1309
1265 62
1167 1608
1454 1224
1960 1610
1411 1515
1127 1394
1429 1715
386 1042
602 1853
545 212
915 1381
1031 147
683 568
605 792
873 1960
220 590
198 268
1148 1777
1173 183
1597 1802
1239 610
822 447
620 34
1276 92
1525 401
1697 1466
410 264
1925 318
1405 1967
366 436
41 1491
401 549
92 643
654 1973
1698 1896
1044 1013
1548 496
846 352
1834 364
1622 1767
785 1447
888 985
1857 927
432 1352
828 678
667 1613
1187 501
1224 1333
197 1644
1641 1571
1871 1732
1786 46
1592 1869
567 59
1072 680
334 537
931 1956
398 880
1253 1807
564 91
209 360
43 1576
659 613
1732 1412
820 1228
1842 1512
149 1733
1394 1371
673 1788
1556 911
1715 897
1073 924
1942 214
644 707
1344 438
1291 355
1974 710
1542 918
1406 1943
1420 150
606 458
1924 1464
187 1536
1949 1425
1467 1941
243 134
219 1153
1178 1247
969 1229
1003 349
1366 1883
77 1265
441 1584
1112 1956
1858 1301
378 1642
948 1297
122 1470
427 1132
1009 1279
1812 166
878 1146
1020 261
1817 315
420 1890
1256 222
680 1535
1229 256
824 1894
808 1077
502 1932
1759 1558
1272 791
430 1900
1417 694
1515 172
1176 267
751 954
1849 1820
787 485
1297 1332
40 1246
1324 548
1746 1172
4 1801
1295 1216
1571 1197
332 1088
741 1220
1557 1741
1304 918
264 1758
158 120
674 1476
1777 636
1550 801
1077 1288
642 1676
550 915
1662 846
512 1368
1046 924
1769 1858
555 30
607 1617
1118 1491
661 44
1182 1239
699 39
295 1139
317 495
1030 114
384 1694
1124 1364
1160 1321
196 1814
108 1401
1863 1038
1647 135
1390 96
863 1281
792 1573
117 817
1236 1422
613 238
459 793
1538 271
635 1385
698 1538
1252 226
1651 748
385 578
1042 486
1150 714
312 1162
1553 1516
1149 385
1506 1176
924 724
524 522
511 1346
1745 1370
1795 1597
776 1962
1941 72
763 1942
1783 594
1488 551
1613 13
1624 6
278 1673
110 1933
1016 1160
1852 1307
1830 976
150 803
1157 1614
594 1967
1039 1118
861 306
1172 1417
250 1493
493 446
104 1264
408 1577
293 119
1518 1328
797 947
473 1679
1393 1110
1312 1812
1345 152
193 1186
139 108
800 1944
813 736
944 1121
35 1910
1444 447
438 572
849 1440
1516 395
1927 264
1202 1467
1452 813
1977 723
1491 1982
1687 681
1646 1338
402 1860
496 149
212 978
1663 1275
349 1396
1058 1910
74 1210
1982 1274
774 1823
1537 633
1900 744
1767 116
1727 658
1552 1010
638 1597
1513 1552
216 511
486 251
1120 1624
1593 774
214 1968
321 484
1939 1549
62 913
1293 187
637 922
1434 786
371 949
1845 1091
1701 477
1614 1724
726 616
221 74
1487 304
454 1457
1269 1030
1045 524
477 1580
1837 1073
1352 1026
1920 1185
1940 250
1976 1641
1644 266
298 1058
1494 1632
881 280
1142 649
1839 197
289 1649
1460 1953
46 1009
760 496
1696 1556
1619 630
1099 829
1168 376
1755 431
1166 614
585 1277
1248 1242
1237 1976
1468 242
479 1206
795 1408
1853 1419
1818 1852
1632 476
96 185
636 534
688 829
1601 1079
618 1423
232 93
903 1454
1801 61
1865 1920
1437 1324
223 1506
1011 322
1079 1167
364 1420
1368 1659
911 991
1147 216
1106 620
1880 932
1279 1924
272 722
1247 647
247 1319
56 1099
672 557
962 512
120 749
1921 1664
1466 1966
1220 190
1676 1065
1370 900
16 381
1340 1038
1829 1033
1053 834
922 1196
1474 1414
1521 928
947 228
1523 611
1549 1409
1289 474
447 330
81 99
1092 1906
469 1487
1555 122
186 107
328 824
1695 247
571 1276
1470 1434
1504 1766
1744 851
478 1238
629 172
940 129
1338 16
1006 64
167 1437
434 740
115 1306
1591 1044
377 360
1654 1669
1395 1544
1577 1555
768 1589
282 760
1532 1700
541 1134
125 1914
609 65
781 1751
1584 5
1944 726
889 484
1988 1152
1071 1813
1348 787
1923 1722
166 133
1933 1827
1813 233
1309 616
86 1769
1678 1241
744 340
452 1532
1423 564
315 641
588 1360
1047 1162
335 131
1928 304
342 1974
946 1162
7 434
1141 1182
610 1248
707 1418
1215 948
724 822
1091 1011
1331 332
1245 1932
1807 31
1329 1302
1207 825
549 1849
61 1031
330 198
1968 1945
1971 387
194 544
534 446
1321 1521
740 1619
928 959
1586 849
165 1071
476 573
1019 1081
551 1344
1664 398
1234 1020
1419 1959
1217 756
347 1080
1231 275
1268 1157
991 234
1426 1166
1100 1253
603 683
1688 223
1533 1643
369 1203
1113 243
630 1112
1404 1537
1860 1187
967 544
1906 1481
130 1397
352 120
133 40
1890 1626
697 1020
1051 1345
387 541
19 850
373 1510
1480 1382
1281 442
405 1699
803 1393
590 1426
639 1494
147 253
508 776
1713 1569
340 1406
31 1120
900 1579
961 470
1861 742
1196 1474
643 1548
1705 1617
1797 609
535 1698
646 454
1589 1442
1275 1385
137 1662
598 1006
1251 598
1823 33
675 1051
39 1156
705 1960
1564 87
1643 817
1659 886
458 97
912 681
548 1311
222 1937
1476 278
241 1016
470 110
1936 1557
242 820
1854 1286
1602 168
1408 1452
1917 1118
1731 1706
1372 1453
239 1971
1054 1028
665 1846
256 1329
30 1635
318 1745
1980 815
406 1556
897 769
702 659
531 544
233 741
10 585
1899 495
1302 1602
834 942
937 192
1089 1892
495 245
682 1231
467 657
573 979
260 1790
1481 1880
1431 1202
1576 342
1374 1495
1453 1207
227 424
1967 209
395 1857
572 784
769 1348
932 1359
119 1977
1999 863
1130 403
1306 1645
204 1304
1010 1533
733 1420
1447 1395
1997 635
762 808
1493 69
1761 611
1139 1089
1846 1697
146 1215
34 143
446 555
1959 1651
701 82
1216 1919
510 250
1544 1094
431 1988
864 370
1883 298
1397 712
633 1082
1694 1922
240 853
1785 1488
1573 434
218 815
1996 609
1910 407
234 323
1425 1003
1610 77
9 1737
1648 1918
1359 520
657 698
1962 1601
1332 130
1645 1818
649 855
1083 44
1531 571
1579 369
1317 722
1064 1548
84 1783
1143 687
1728 1512
445 293
144 585
135 204
666 220
722 1686
1666 1980
954 1020
1950 1723
1398 289
1403 1368
593 1173
1814 1731
1081 467
1712 1064
1679 642
1512 992
1943 402
985 1678
360 1358
734 1148
1587 1563
124 1149
817 1495
1723 1300
1685 406
1802 232
1686 937
277 1429
1832 1837
784 1356
1075 602
731 1308
529 1112
1653 1367
748 1443
1904 1439
448 137
1038 531
1094 1150
254 313
1675 328
1428 95
714 1750
1300 502
1616 1610
558 702
880 731
1609 445
1758 553
69 36
1206 1272
399 94
6 971
1667 829
1630 1920
1065 78
1333 115
749 940
353 408
886 1874
1617 1490
192 941
114 159
1668 1614
1197 638
1119 873
131 963
1655 834
159 1622
1642 488
1102 1011
1510 618
723 1147
871 1013
1635 4
1892 239
76 1609
251 1925
456 1562
918 682
1076 296
1671 1038
238 1411
1464 1888
1966 1460
658 1513
997 1168
169 1808
1790 479
1382 132
1238 1646
1246 1909
1339 1586
879 432
829 604
1562 734
1509 478
228 1872
1916 588
51 1675
1914 684
1737 912
786 1711
1381 196
695 1834
95 447
297 808
544 1513
1 1518
270 59
1364 1217
424 1980
1569 1252
381 675
296 1786
501 1839
1810 1275
1347 374
557 1732
793 1588
1711 1871
614 693
99 1083
684 1927
1412 1705
484 1097
942 666
91 449
980 1403
1013 558
1699 1783
1741 334
1706 1861
407 181
604 762
1396 647
210 1695
1005 1404
1558 1899
1765 1785
956 889
1152 385
523 1555
1932 1143
978 1829
1409 1591
712 685
279 905
5 1561
959 371
1188 676
971 139
1418 167
1649 182
840 719
975 431
841 646
474 645
1129 1701
1973 1921
553 1995
168 1574
268 258
556 1904
664 639
1184 840
1508 1053
1588 1339
927 170
13 797
82 1854
1274 1605
143 1648
1496 1403
992 877
1414 881
1995 1268
1700 347
1669 816
815 1106
1626 664
1820 1475
245 241
693 405
1808 187
1185 735
1439 1347
560 1197
1401 1291
376 96
566 1005
481 1525
226 146
899 969
681 716
1869 448
1319 1337
1958 1188
152 944
72 1713
506 673
275 469
1750 593
1322 458
225 1132
1535 545
261 605
1326 1916
1753 186
989 606
182 828
1605 1728
172 878
1121 523
1210 1037
64 1830
1240 1326
1722 1936
1288 427
313 1141
1369 1330
735 1939
33 436
1356 1468
153 1750
909 1593
1132 1317
1490 1950
1909 104
235 1206
676 1289
1082 1564
1266 9
1457 861
853 420
568 1566
1574 1398
1888 1431
1122 1382
1385 403
1346 277
1754 1321
1561 431
266 452
611 705
615 2000
1110 1312
1101 782
107 535
1 1172 1310 1261 1088 1721 71 1066 903 643 429 1734 306 179 865 30 1573 1636 1955 1487 1497 1947 746 1856 1110 905 732 1087 358 174 1878 953 150 475 1781 1449 304 1539 1198 1137 611 1469 789 1206 780 106 1000 1644 1075 63 855 1069 1766 33 1586 1885 873 881 1317 686 1835 262 915 265 1360 578 1244 96 1271 1041 1320 584 957 1241 1090 1642 211 1654 1673 592 1545 334 1109 127 895 1772 1312 1313 648 968 1064 1453 1086 1049 759 1165 408 283 1294 719 1785 142 366 582 705 1097 326 1201 1217 1048 853 1012 1256 333 1973 373 610 880 1020 1564 1690 548 822 1765 1632 718 1063 1924 1143 1156 596 1719 1716 1446 1348 736 1698 1932 57 472 360 604 967 401 882 1967 1615 213 1903 1646 385 514 2 622 884 1922 570 1542 1655 1466 1767 949 1061 796 277 441 693 1505 1780 203 5 677 774 558 1164 1723 1306 1992 973 576 951 1688 756 281 352 931 1948 1677 532 307 1669 252 305 225 674 435 668 1645 1592 708 409 688 250 1722 1286 837 448 591 1842 835 1620 752 1709 1585 1667 685 151 1752 995 1965 1904 1168 99 847 1430 1745 1226 1598 1945 856 94 309 268 1211 807 1247 392 609 1302 728 781 122 754 711 681 1588 1522 1900 1162 1180 1376 1134 1565 1940 1327 679 372 1985 563 1599 1919 959 13 1099 1831 1365 699 1114 659 620 608 131 1192 223 302 191 1931 760 1228 1847 1262 383 1139 1003 1364 1576 1027 1782 66 29 451 600 116 1609 1507 1363 403 985 724 1756 784 771 916 849 1622 658 171 1613 141 1496 95 497 1351 1892 338 729 981 520 107 1129 875 367 983 1663 1899 1591 669 1391 1082 1942 542 186 317 594 836 783 425 1471 606 1328 1377 1612 1214 1954 833 271 1928 963 706 1188 436 712 76 1939 906 593 978 1424 486 12 15 1374 1820 714 1356 1236 1664 1265 615 801 987 653 1798 1006 388 1013 560 190 886 1492 125 380 1047 1481 1898 1352 904 14 861 817 1548 499 19 1519 1871 289 1619 104 1182 701 1311 1404 1396 59 964 877 1092 1209 1529 910 1824 782 1409 387 645 907 178 1237 694 948 914 58 297 683 1753 1493 841 617 723 485 740 1010 1342 1118 813 1509 1388 1112 1951 1480 1877 474 1483 1704 1259 192 909 20 18 839 1200 263 1119 133 315 1189 1725 662 859 79 636 340 1405 181 845 513 444 386 920 1961 374 924 159 1177 1441 1427 1794 1299 684 844 1213 404 1870 562 272 585 398 757 215 730 1250 569 291 969 1488 1774 725 1853 1981 1470 1395 517 1484 1382 1307 1897 336 1479 1040 1052 1731 650 480 112 753 1866 751 1282 1045 1578 1367 1127 469 805 371 462 1303 83 212 1996 1714 421 1557 1406 1906 496 115 100 1838 1332 1163 355 434 790 17 1930 1770 717 1759 572 1415 1232 1751 46 395 1464 1438 926 1135 989 2000 1473 1980 1205 1606 612 1602 1147 762 1450 1468 365 945 479 793 1197 994 88 927 187 531 296 1362 1907 311 1104 1693 254 247 1026 1750 220 269 527 381 1717 1777 1960 1807 230 704 1235 937 123 831 824 251 1019 1997 498 765 599 1962 510 1662 290 85 1795 138 1921 900 773 1252 1764 157 1016 749 488 1527 202 980 512 1167 613 437 1002 1914 1999 1830 689 1792 721 579 316 618 493 1587 577 629 1953 709 1158 1429 1233 1674 1920 1867 1647 376 1724 741 1490 1191 1963 1863 745 1321 37 787 1018 75 173 812 205 809 26 418 854 1812 1966 1051 461 1199 1943 1502 826 1680 534 456 1144 550 198 1983 1113 1499 1242 1246 508 997 1858 700 869 1956 1910 511 377 528 1062 1740 889 1754 266 1098 1267 842 1925 1439 124 1786 206 1597 858 1128 1115 246 314 255 1528 423 1884 1068 504 1852 1659 581 1179 1941 62 1865 894 830 1581 369 176 330 961 420 1700 1445 303 986 772 1743 1176 1869 39 1643 1475 1635 630 1736 1859 695 119 22 1036 1288 47 1763 999 1755 524 1416 944 1401 742 1546 364 1248 1245 1541 1456 690 1278 285 207 619 972 1532 1455 821 1231 1326 165 93 818 113 427 1194 1874 1359 1465 1692 1701 261 1515 1793 883 646 1621 1572 1323 545 1656 1504 44 918 1747 1315 3 406 1440 368 521 1230 775 405 1653 958 341 786 678 715 1210 946 1896 1773 1297 731 1126 990 587 50 312 1583 1014 1512 710 1757 1447 698 1318 397 54 1394 1881 1166 1325 155 1275 1454 966 1460 1713 267 1462 806 1732 673 1175 820 538 42 1520 557 1912 1630 713 140 1556 308 991 1558 851 126 1895 1888 294 25 357 1371 1563 1972 1817 1444 1055 471 1864 1322 888 1171 1746 49 384 416 11 1159 1203 1728 840 1476 172 1458 1843 1804 1433 652 1682 382 310 897 573 467 819 933 1300 132 1474 417 459 1758 1329 73 1595 193 1822 1712 1494 546 1639 1882 68 1334 322 1257 603 407 77 1011 464 799 72 902 1651 89 6 1826 1879 1103 1202 299 1155 1629 1044 891 391 687 1553 249 169 1533 158 941 1964 1790 1876 1448 770 344 777 540 1111 400 494 1788 166 929 1178 74 870 1305 890 1136 1510 1513 1970 236 1648 1544 1034 182 503 1495 1768 651 1577 938 1485 696 1543 1500 1936 1276 349 284 1854 70 447 553 1514 1207 671 666 665 923 80 544 153 1039 763 1341 663 162 564 482 932 574 363 1461 828 65 1570 1549 1116 1032 1989 1605 1949 1403 1760 23 1971 1991 1459 697 1345 1560 53 323 466 1436 279 680 1818 332 960 734 1811 1457 998 1779 1913 1121 204 1193 1627 1452 389 156 111 1187 1108 1272 1053 1982 351 1640 301 216 505 1665 275 457 1604 55 1623 449 922 27 1067 1038 1957 1030 767 1741 575 942 1186 755 1037 1580 863 390 4 1216 1043 1420 1375 748 627 16 571 722 525 794 1601 286 1952 509 1392 35 956 800 102 864 1025 928 130 1435 1579 590 1169 1181 413 1387 1531 1657 838 339 1808 1076 675 1805 893 1249 1065 535 867 1240 1637 1800 229 667 52 354 490 1687 1035 175 1432 1338 635 217 32 270 1304 661 329 1141 1696 256 1361 109 8 682 547 1861 1594 738 726 1711 9 1554 1501 342 1628 595 1122 1994 237 1277 1851 320 940 1428 1848 692 1184 567 209 492 1810 40 913 7 1478 1279 1331 1081 761 1419 885 453 1368 1568 1699 152 1823 551 965 811 167 1675 1926 1080 970 1301 248 168 887 114 1710 282 1107 802 785 318 180 264 1661 1140 1998 1600 523 233 1634 1366 1089 917 1253 703 1678 1050 1523 1775 200 1887 219 1827 921 559 287 1033 208 1666 500 1093 1638 935 1354 1829 321 1410 605 84 1684 1762 273 1393 1550 975 633 185 1255 1761 67 348 1319 737 962 1426 1138 795 463 1287 1993 1593 912 1339 934 81 1219 1697 1978 1833 465 231 1125 1611 1413 446 1243 28 776 1408 1683 1291 1791 210 24 1353 445 1443 727 1152 149 1729 1151 644 454 656 1295 832 1269 343 1148 642 43 1344 1229 639 1846 473 1841 1073 1715 1350 1227 543 1694 1916 860 976 1349 375 1596 1308 1517 1074 1974 878 1289 103 823 1145 1029 1840 1491 21 834 324 943 129 218 919 829 134 1706 1589 1071 1174 1150 1521 537 1691 1280 1969 769 1400 1281 1918 810 1607 1161 1778 245 1927 1437 899 1298 1590 1442 1891 815 1183 539 901 280 1850 518 1223 1801 1154 1225 1046 347 1508 1057 1873 393 195 1536 214 118 657 170 1771 974 260 78 1258 1234 955 60 597 1825 1503 1463 110 1789 1990 145 415 1857 1855 1106 1730 1815 1389 936 566 1608 228 422 240 414 1748 477 411 549 235 536 939 438 430 516 1929 1031 1117 1705 478 797 1058 1883 1467 161 143 996 1421 1472 1399 526 601 1290 1534 1626 1333 1708 766 735 433 460 641 874 1562 1120 1133 1417 691 552 1880 1130 1059 1486 476 1959 984 1070 1816 1689 1839 744 1340 1538 1346 1336 458 353 1547 1944 1933 519 1797 1506 1383 1264 634 1720 979 1875 1023 491 1347 1806 56 541 1860 1902 1157 183 370 660 1862 144 1950 1423 1984 1142 876 1894 779 1263 580 1153 1373 1060 410 720 649 1266 602 1397 313 1909 1021 1190 1584 91 1610 455 1056 1007 1386 1316 1195 857 1077 1837 614 243 1518 64 988 327 1968 1411 1381 483 1616 450 346 432 1407 1889 993 1402 554 1890 484 146 1934 1802 1355 654 589 424 257 568 1004 804 1173 402 137 1516 702 1828 135 816 1293 1803 788 792 276 163 1085 1274 1671 1569 419 1489 1422 672 908 1726 253 1631 1738 1372 1072 529 238 1105 638 716 108 827 61 750 337 1218 1975 1222 412 1849 278 1658 1742 758 1821 565 1670 293 1239 244 1123 468 10 1552 637 350 1668 1685 1054 764 487 443 199 868 625 224 147 1776 1451 319 164 1215 655 121 803 1196 292 1987 896 399 1102 850 1695 879 359 1378 440 739 1511 1379 117 258 586 1649 1958 583 843 892 1813 226 101 426 1208 1100 1024 1525 160 862 1418 1832 1314 1571 825 1886 848 1707 1017 522 295 676 1799 1260 506 871 1358 1660 1836 707 1238 242 1809 616 1160 86 1905 632 1292 1084 866 128 1676 188 647 1414 298 197 1224 623 1868 1814 1524 1124 232 1844 1995 1681 1935 1212 733 1083 1283 439 1727 222 1380 45 607 1284 1369 1650 481 556 331 234 154 136 1335 1986 1787 778 911 1390 325 97 1915 1254 495 92 621 90 196 177 1796 87 148 227 1551 1574 1744 1633 1618 1733 1917 1185 1091 1749 1561 394 1268 120 1641 428 846 201 808 1022 1385 1384 982 977 1285 1686 1095 1834 1094 501 361 184 1979 1937 954 1819 533 598 1988 1718 1938 1221 328 1270 1783 335 41 872 1845 1131 791 1672 1170 1769 1015 1559 1431 1132 950 1434 664 743 852 1703 470 1625 1735 259 34 1482 362 1204 925 51 971 992 1028 1009 814 1001 241 1739 1412 588 189 1149 1603 489 356 1537 345 1737 1784 1096 530 1617 48 1343 640 274 1535 1042 1567 1977 1911 1398 1357 1079 1582 1566 396 31 1555 1425 378 1923 952 1702 300 1652 442 561 1893 1220 1078 1624 239 747 1908 1101 1309 1337 1005 452 98 1530 930 38 898 1273 768 288 624 194 507 1679 105 1296 1477 139 947 1324 502 1370 82 1146 1614 1251 798 1526 1498 379 1575 1540 1008 1946 1330 515 631 1872 69 555 1976 36 626 628 1901 221 431 670
49 1023
82 33
33 939
120 30
30 1927
128 60
60 4
4 2
2 1625
92 1672
136 41
316 1741
41 70
70 67
67 3
3 2
2 1943
161 181
9 8
8 3
3 1011
74 69
445 1328
69 1803
216 45
1091 1453
45 20
20 1476
564 1084
181 171
171 597
16 4
4 412
65 39
39 38
38 371
92 33
11 1314
33 16
16 1783
204 30
30 82
82 1817
135 97
97 1092
5 3
262 1313
3 2
2 697
226 64
64 22
460 1871
22 425
22 1465
22 2
2 1561
130 59
59 2
2 281
737 1799
48 8
8 307
165 91
91 665
221 50
50 761
293 1480
1470 1786
109 40
1101 1836
1954 1963
40 1872
53 610
305 115
115 12
12 2
2 252
182 1297
252 748
722 1321
2 1175
111 1654
891 1306
352 1616
125 92
92 4
4 808
329 59
59 1950
58 28
28 183
28 18
18 13
13 678
51 31
960 1424
31 207
118 1269
1323 1748
369 296
296 240
145 1103
145 1823
111 774
240 592
704 1086
177 139
139 7
7 121
121 10
10 2
2 982
655 1138
1312 1922
168 1507
1584 1869
420 1504
1580 1755
1531 1765
162 1570
473 1275
216 1305
931 1649
757 1778
147 915
1778 1950
1223 1361
1289 1714
1475 1959
347 1474
1287 1591
1023 1570
889 1818
568 878
138 1190
1224 1617
1666 1905
545 1522
1057 1260
291 1867
1291 1465
183 1451
250 1067
1238 1335
221 727
578 1711
1061 1582
380 921
946 1101
206 1380
534 1004
368 1733
591 1992
1097 1331
1029 1960
608 731
343 1471
325 997
1881 1957
1485 1543
384 1180
698 1200
554 1543
509 1182
836 1228
1369 1552
190 1918
1033 1468
56 229
1284 1430
21 1532
1349 1748
1159 1184
1451 1539
583 1670
1297 1990
1404 1610
850 1963
370 1665
734 1530
1494 1937
1104 1391
11 12
458 1774
506 766
391 473
575 1877
91 1929
91 79
79 1446
76 88
575 647
947 1493
407 1613
560 1624
23 332
23 21
21 654
25 796
946 1492
896 1626
1053 1514
838 1793
395 1680
94 1029
615 1216
112 1101
361 428
439 792
1256 1494
1291 1771
1264 1406
65 1051
419 1883
832 1538
693 1822
536 1146
863 1214
356 1253
184 1715
1023 1769
430 524
1177 1660
771 1048
894 1464
448 1947
1607 1927
181 508
352 1686
180 1950
1238 1959
159 1741
212 1275
212 1252
648 996
815 1285
81 1574
403 762
730 1310
571 1941
724 1974
588 1413
389 1394
229 1627
526 1966
538 1864
652 1093
1390 1645
1006 1231
1255 1771
785 1596
47 898
595 1607
1063 1355
64 1142
519 528
256 1571
256 205
205 1928
870 1709
448 1991
858 1244
902 1053
447 1852
1096 1478
58 1832
357 784
1205 1677
433 1757
764 1223
842 1291
735 1719
203 1576
848 1377
336 1642
94 1258
362 1569
1634 1682
716 925
1732 1776
1164 1823
7 1628
1216 1901
691 779
283 443
938 1857
1715 1887
854 1475
324 1255
442 1709
1344 1430
1201 1467
1625 1705
275 374
265 1993
1542 1955
1905 1913
882 1707
872 1330
927 1904
434 1915
799 1715
476 1253
344 1951
306 1626
1554 1745
1575 1657
48 551
658 1941
271 1539
1493 1729
1023 1365
860 1368
1171 1519
103 1513
505 1070
1373 1959
387 844
426 1525
1276 1407
21 189
287 1214
912 1440
1333 1995
202 1689
1199 1392
544 1881
515 1769
1056 1647
81 252
81 54
52 1878
54 40
40 685
1485 1564
360 1656
1902 1940
368 549
420 681
1738 1798
30 852
1119 1185
675 1213
759 1096
1261 1927
429 1712
95 1055
1583 1946
898 979
894 1500
254 696
747 1359
397 1889
988 1982
922 1024
628 1008
361 1308
626 1780
1122 1987
498 1296
611 1411
475 1985
901 1254
1499 1533
151 234
919 1953
1544 1923
172 1062
523 1292
82 1387
82 511
1441 1911
90 918
1462 1695
543 1710
1034 1588
1831 1921
1375 1787
1687 1782
666 1476
432 616
1348 1686
455 1750
390 508
1293 1721
16 512
1260 1632
70 1086
644 1188
62 1994
749 1779
852 1228
1414 1502
667 1084
797 1505
1301 1839
519 652
41 1991
41 1955
920 1870
235 324
579 1995
325 1820
191 1358
882 1927
1660 1963
427 1286
42 833
388 1719
501 1743
1157 1494
349 1106
890 1924
313 1827
649 1585
75 83
622 1266
308 1565
596 1517
484 887
1170 1539
649 1413
716 782
1076 1710
347 438
795 1227
651 833
1130 1632
251 884
738 1820
88 1862
1443 1514
667 1302
1280 1909
219 1034
1329 1490
77 1066
301 1239
1728 1958
573 853
1176 1571
57 191
1293 1331
722 1891
305 948
1109 1548
851 1280
347 1614
417 1515
135 1435
135 55
691 718
55 12
12 5
5 615
130 1071
1209 1759
933 1773
1140 1347
713 1569
384 1886
21 1284
16 430
36 1368
16 509
671 844
1533 1881
770 1171
455 1168
1288 1625
364 982
1017 1660
1132 1587
680 1079
300 1668
525 1480
311 1325
311 51
51 42
42 14
14 2
2 374
531 1083
54 283
1777 1832
1136 1254
506 1239
605 849
1269 1284
629 1101
1637 1819
1003 1191
1484 1728
541 1016
97 809
596 1532
970 1684
771 937
966 1210
875 1487
187 1095
1092 1117
742 1173
51 620
51 1960
855 1660
500 728
1158 1520
184 1214
578 779
615 1041
787 999
1374 1677
1031 1924
423 1121
924 1646
221 1959
814 1930
1525 1796
1857 1975
506 1610
721 1602
915 1540
995 1525
33 825
788 1180
262 1557
236 416
365 1588
1049 1318
98 360
312 1146
227 1354
700 1471
1354 1763
241 1867
107 237
196 1970
17 1902
662 1065
196 172
172 360
141 1836
474 1882
545 1428
677 1294
494 1651
1024 1594
1517 1874
527 648
649 1652
477 1903
68 1623
4 818
349 1589
211 987
669 1093
200 593
652 999
167 191
721 1851
564 709
282 1496
1143 1976
286 1087
1603 1834
822 1243
125 799
89 593
43 1467
89 315
163 1995
697 1291
247 677
30 1815
534 1649
1645 1944
889 1671
262 1420
689 1697
841 1576
975 1212
315 1534
695 1673
1849 1921
249 1202
1615 1636
610 747
764 1177
956 1559
892 1919
157 895
695 1520
434 1010
1204 1360
692 887
1044 1417
5 1692
775 1601
68 1873
575 1119
793 1787
596 1378
144 649
1188 1191
1002 1454
136 908
136 93
93 1533
24 1090
900 1316
43 1751
280 1839
1159 1954
1014 1505
278 1312
278 195
195 187
620 811
187 396
607 1495
1292 1331
160 589
104 1475
376 726
87 1436
1685 1782
890 1755
186 1441
1411 1957
261 716
315 770
812 1295
1642 1792
94 1703
65 1346
65 782
1262 1968
280 1796
114 680
659 1925
46 1966
216 1551
633 820
205 888
769 1343
715 1100
232 364
90 1394
402 1871
444 1313
101 1125
37 729
1561 1756
672 1543
282 346
282 3
3 2
2 389
2 583
1086 1754
1343 1646
1323 1429
1643 1968
314 777
864 1417
1063 1798
1143 1569
1642 1973
1270 1811
70 448
81 1619
265 1642
1275 1721
641 914
464 1503
84 305
846 1013
495 862
107 1531
901 1079
558 1836
1172 1845
9 244
190 1918
633 753
1485 1579
565 1769
1318 1716
305 1119
796 1445
449 1634
928 1631
177 1247
177 15
15 3
3 1851
3 1926
3 1868
545 1527
1536 1725
706 1147
72 554
72 1370
72 70
388 1908
70 60
60 1592
60 175
1478 1587
175 1391
195 1326
91 116
660 1099
203 1614
609 823
1083 1400
254 389
254 1068
855 1858
246 1375
486 666
165 1361
1973 1984
201 1043
503 1111
432 1000
1189 1634
957 1776
584 1914
1180 1975
1830 1901
126 765
268 1767
6 1322
1178 1390
619 1851
435 1115
238 1896
1458 1574
1117 1581
243 648
976 1963
668 1691
931 1925
78 1246
1282 1642
409 1996
21 34
1070 1429
1230 1401
1012 1614
944 1819
941 1291
565 1087
22 1024
1054 1329
1069 1118
377 1980
1701 1943
656 844
284 1346
925 1181
837 1442
1133 1153
222 911
501 614
540 1765
527 1609
216 1453
523 1788
142 1380
1870 1965
265 1119
818 1844
240 1853
1091 1758
1315 1620
78 514
53 419
1759 1803
155 857
106 183
983 1592
873 1396
1131 1328
838 1560
345 468
590 1903
695 834
831 1229
611 1219
936 1338
857 1717
309 434
1517 1807
1445 1556
144 946
1314 1958
74 2000
521 1287
468 958
1098 1205
1628 1681
48 240
314 1662
1200 1829
923 1233
791 1577
321 822
284 457
327 523
492 1296
930 1298
573 1025
1043 1911
138 433
1729 1809
25 1341
944 1100
246 1896
1759 1927
779 1893
1084 2000
288 899
50 371
50 17
17 16
16 10
929 1391
10 9
9 546
754 1904
853 1414
130 1449
1060 1119
958 1438
671 894
201 1351
94 1922
399 1198
344 822
201 1602
355 785
893 1838
427 794
1644 1955
437 1801
107 544
873 1365
233 423
367 1212
625 1168
8 1393
842 911
8 1012
1154 1764
593 1363
353 723
875 876
903 1618
71 1192
167 1025
27 1633
441 1656
1080 1949
925 1465
900 1490
519 1400
495 690
1070 1216
1385 1609
893 1469
402 615
851 1449
293 1737
1394 1867
466 1685
293 357
898 1234
1545 1860
1706 1774
1284 1848
669 1422
7 1379
1070 1638
116 1763
383 1175
858 1071
898 1968
493 676
1009 1779
449 1045
1755 2000
421 1838
396 977
1165 1979
14 522
14 982
379 1938
1039 1831
1677 1972
1623 1886
1007 1119
644 871
620 739
941 1078
106 248
1539 1870
844 1546
646 1681
221 1874
258 1266
1117 1332
75 685
203 1266
75 309
57 423
1284 1566
1584 1651
315 1669
634 819
500 551
54 407
879 1027
1100 1292
48 66
1004 1271
1461 1546
1049 1618
604 1297
1181 1562
1847 1933
1468 1819
1702 1997
40 1999
185 1183
927 1738
1430 1980
8 111
606 1706
1379 1863
149 1277
1197 1306
251 1223
1189 1974
11 1011
11 10
10 6
6 544
6 277
784 819
152 1908
1120 1825
842 1306
595 1150
1611 1621
69 1525
1318 1658
1741 1812
454 1911
907 1832
671 1322
403 825
1428 1707
364 383
285 944
530 1061
402 1464
1059 1349
386 1219
818 846
342 1787
324 1641
340 1980
340 1365
244 1732
1291 1697
1426 1726
292 912
1040 1686
412 893
62 828
1021 1471
1295 1317
463 1631
915 1363
30 601
640 1924
664 713
492 1666
1251 1460
174 774
809 1237
1252 1974
577 895
754 802
469 1950
1088 1958
1446 1818
653 1787
897 1854
859 1294
1115 1882
1482 1864
512 1284
628 1711
1131 1656
799 1645
508 901
465 1660
87 1689
86 1621
791 1392
1615 1765
542 1200
291 980
544 1879
1113 1151
1271 1630
91 462
91 927
1228 1940
1528 1820
651 1229
1155 1726
50 1981
1859 1982
855 1510
569 1212
562 1100
1208 1876
779 1291
1203 1984
360 1312
1227 1575
628 1458
540 1770
1076 1152
952 1250
1561 1588
1056 1361
122 872
1469 1616
336 1903
508 1404
98 1374
1475 1916
1559 1893
756 1151
1357 1952
287 893
198 766
261 1453
698 1525
885 1975
656 1005
898 1290
838 1372
1638 1697
688 1402
563 953
835 1078
1252 1322
49 451
1210 1884
272 1361
1722 1950
105 368
1707 1775
850 1026
892 1526
16 1867
284 838
1367 1373
17 269
227 268
1015 1181
406 1564
709 1658
911 1235
1133 1314
747 1886
1373 1576
657 1741
823 1882
1482 1578
199 720
1088 1170
220 1518
336 1678
716 1762
141 766
141 73
73 68
68 34
34 21
21 16
16 953
1272 1724
1027 1548
1026 1912
598 1272
524 1683
388 1247
926 1447
301 1336
736 1221
688 794
200 707
1097 1505
1326 1928
1514 1728
1224 1805
146 526
491 810
834 898
1143 1422
77 929
77 1795
588 1899
485 776
485 773
1059 1704
258 875
352 1760
468 1864
702 1964
59 1129
1086 1486
1381 1459
243 380
39 567
39 9
9 2
2 936
34 1558
34 24
24 18
18 7
7 470
370 1871
266 937
369 1208
682 1103
568 1522
292 426
89 323
965 1074
251 1188
203 1504
963 1516
203 74
74 44
44 1545
887 1377
1697 1941
1174 1623
1336 1983
1051 1161
1768 1877
366 1633
1460 1582
12 250
12 4
4 2
2 1052
2 1842
389 1869
97 1511
97 1701
97 10
10 1463
10 3
3 1450
204 1915
1233 1420
431 1961
45 100
1120 1252
169 467
242 1624
1864 2000
1182 1658
37 952
1237 1466
1054 1268
679 1761
251 1069
93 1536
866 1339
1532 1996
675 1355
900 1540
446 1695
707 1825
208 217
143 831
231 1555
754 1389
452 471
365 1071
1330 1369
708 1417
629 860
691 1003
1272 1689
1757 1835
634 963
141 1246
367 1949
1285 1923
1287 1516
1472 1776
945 1186
132 903
112 1015
1483 1984
558 1664
499 1646
28 1942
1336 1701
929 1185
439 665
631 1017
722 785
278 1751
646 1354
1406 1960
9 506
288 1326
288 326
20 1901
1429 1782
889 1834
1221 1871
1509 1721
1098 1414
1770 1900
374 1688
731 745
1017 1079
892 1333
373 1255
1050 1800
544 1443
1394 1743
485 816
378 1471
601 1356
483 539
655 1996
279 1768
1603 1693
22 325
1289 1717
81 1109
532 1148
1708 1860
798 1579
651 1618
244 1934
42 997
147 495
1348 1754
310 635
732 1872
61 1698
168 1144
2 1789
784 1021
245 1007
638 1850
1333 1443
1451 1815
1290 1895
47 812
934 1704
1927 1996
168 224
1607 1898
1465 1659
332 1817
231 656
330 1511
462 633
207 519
483 1355
652 1380
463 1291
550 1163
698 857
1004 1645
381 1736
181 718
1858 1874
754 802
811 1290
241 755
840 1254
862 1770
607 1831
259 1832
1596 1728
867 1264
871 1302
1203 1618
1176 1954
439 1098
244 646
1272 1951
62 1338
62 10
10 2
2 1106
169 356
139 1478
587 1392
1278 1431
125 785
1059 1282
1660 1987
569 609
118 544
719 1904
819 1214
1381 1709
1864 1991
108 1685
554 1230
239 1794
1087 1694
381 1652
167 1363
713 1614
921 1137
1165 1508
333 1531
970 1602
1383 1691
592 1335
213 644
55 1160
566 780
608 1387
657 1266
1094 1394
187 1229
124 2000
250 1170
1825 1845
393 1357
570 1411
242 1436
9 1192
175 246
283 574
338 532
605 1455
877 1066
638 1529
273 1104
844 1996
110 751
380 927
172 1278
690 1431
31 1764
1203 1314
280 804
1670 1717
983 1612
841 1676
588 650
341 1610
871 1285
532 1128
753 852
49 1560
391 658
481 1427
1300 1399
191 1757
982 1591
169 1184
169 48
48 1222
929 1411
271 475
563 1467
54 542
358 378
1328 1915
1255 1565
25 651
877 1743
387 1256
30 489
1334 1394
92 847
99 1960
109 227
749 1472
1177 1415
798 1402
519 1049
441 1075
1089 1722
364 733
64 1658
8 901
271 1474
611 1109
76 440
1094 1925
1146 1377
103 1045
343 1745
473 667
515 1576
1013 1770
508 1218
1505 1655
445 1812
1370 1429
62 350
703 1909
737 777
252 1956
287 914
955 1987
255 748
255 977
255 1246
65 575
1476 1775
453 820
598 1999
41 826
1643 1817
114 223
1172 1386
1023 1319
215 1244
1087 1224
195 426
192 1589
238 606
919 1493
392 1717
553 582
23 1807
23 4
525 745
1663 1749
4 3
3 2
1514 1880
402 1518
2 711
2 750
83 1914
124 1878
3 1297
857 1466
407 1018
187 600
1697 1781
43 1831
613 1887
459 1600
1696 1980
125 1036
125 36
36 1978
36 11
11 6
6 4
1003 1058
4 3
3 718
441 1308
63 1171
1669 1948
939 1556
171 986
348 1415
509 1631
1892 1907
271 1854
523 1949
600 915
314 1285
1463 1653
361 1528
860 1706
481 1869
1110 1976
676 1188
1393 1698
132 680
249 627
635 704
138 842
1324 1663
168 936
38 293
1193 1488
1339 1669
704 825
1643 1758
423 1186
561 699
541 1215
321 1340
563 1648
58 1282
391 1484
115 1811
617 1956
592 1709
6 1524
6 1489
1179 1898
689 695
704 1669
746 1831
530 1334
26 1984
351 1079
758 1941
1044 1419
1397 1720
380 1562
329 1131
1230 1526
1624 1787
441 1628
1399 1509
1159 1292
870 1037
332 430
765 1501
1424 1463
903 1107
185 1281
185 1846
272 1687
52 383
1455 1456
1728 1925
154 624
727 1920
1621 1743
539 690
657 1753
902 1945
499 856
483 1403
949 1076
1091 1467
489 656
1214 1385
110 124
503 1134
113 1773
732 1675
265 1690
1153 1215
437 1981
12 617
625 1852
1063 1829
638 1585
705 1735
564 1771
718 1776
61 757
287 1973
753 1164
522 701
1360 1935
1506 1538
137 353
401 908
125 326
125 28
28 1928
740 862
529 1053
473 1527
1781 1802
1073 1566
1401 1571
754 1657
1030 1435
622 759
1049 1534
37 1171
339 414
170 498
265 871
1096 1338
1066 1186
868 1463
802 877
734 1272
193 852
59 130
17 545
324 773
17 517
985 1815
520 801
1118 1611
140 1994
260 1626
55 1854
1019 1131
934 1815
1285 1719
24 1278
1406 1908
144 1396
246 321
616 1423
259 864
387 1949
1077 1531
269 315
50 1885
1166 1399
513 1011
687 1611
1499 1891
58 1068
58 124
124 1636
276 498
706 1670
105 1812
778 936
298 1873
78 1294
251 1755
352 547
118 965
1836 1997
324 1808
264 1056
856 1835
1496 1941
492 1845
1582 1924
430 1986
1041 1769
982 1474
1228 1782
291 725
168 568
1711 1717
434 1976
1523 1702
38 1279
1016 1232
11 430
84 129
1113 1421
294 1290
548 650
962 1545
377 1163
411 655
1909 1996
459 657
355 1120
1167 1321
796 1876
319 724
776 821
54 1502
776 1298
82 1125
328 1531
328 113
113 110
110 47
47 644
844 852
1268 1783
1010 1434
161 990
423 1938
533 1364
1030 1907
519 965
873 1423
1567 1952
314 1709
1407 1603
1465 1595
86 1891
1097 1644
459 1215
72 471
1339 1977
1047 1262
718 1240
281 1707
666 1832
371 1125
32 460
168 1470
675 1586
238 1848
619 810
907 1518
660 809
226 1715
1388 1572
30 982
255 1428
597 1652
904 1981
250 473
41 1287
1315 1725
1070 1100
142 366
1132 1922
71 483
284 687
39 1153
265 1296
741 1534
506 1644
80 1053
80 1234
476 851
315 1934
729 1147
1361 1949
1381 1983
53 1283
31 99
1058 1768
439 1600
584 789
428 1835
607 1148
289 1051
1316 1777
997 1048
1267 1481
54 1985
271 1451
1406 1622
171 665
394 754
535 1480
13 122
1477 1638
288 504
25 1313
1399 1867
302 745
302 103
103 100
100 89
89 18
18 2
395 1883
472 1070
2 959
672 874
1584 1696
145 1140
461 642
455 1743
455 1522
581 1559
1345 1999
877 1095
396 1018
728 1935
812 1799
675 1233
44 1279
331 1202
1944 1997
695 1630
137 1852
438 1838
336 1055
1023 1050
57 1872
1306 1656
564 596
1077 1619
149 1901
1228 1880
188 637
314 1874
874 1595
132 446
343 1175
75 1896
578 1012
146 1208
445 1054
702 1531
60 1911
345 1997
506 1280
382 1922
731 1277
916 1558
829 999
349 435
98 1766
366 712
101 688
610 727
290 778
1153 1787
8 1604
237 1936
266 352
237 989
519 534
1717 1720
66 769
576 1295
374 444
9 1212
1015 1423
45 1587
419 1940
57 1172
1438 2000
52 1741
166 1027
144 1257
929 967
403 1981
882 1248
355 1476
49 575
824 1291
843 1492
625 1896
1509 1853
740 1099
1293 1954
1271 1324
537 1912
1466 1805
675 1296
1101 1296
203 272
235 1171
480 1314
361 1025
1188 1298
1649 1929
1140 1460
829 1816
448 1700
1536 1992
186 589
117 1965
795 1438
72 99
302 1219
129 1279
302 298
659 1327
298 1071
305 1800
529 1392
1484 1687
880 1044
484 1579
1068 1728
773 1365
1538 1592
444 725
343 1738
1144 1635
1177 1872
898 1480
120 1319
40 1184
455 1591
162 1617
370 1947
20 295
344 1321
901 1890
361 732
840 1586
1987 1988
682 1674
832 1615
120 1962
296 700
1088 1560
559 1938
255 349
119 179
931 1513
452 1738
305 1374
180 1203
216 279
827 1386
150 1805
640 643
812 1899
534 1598
650 1718
99 1214
146 1345
146 484
1243 1373
124 1005
117 428
483 669
378 864
530 1858
1406 1994
496 701
259 350
448 1545
773 1390
900 1868
841 1467
987 1694
668 1772
744 1455
1226 1272
442 631
226 1345
474 1526
802 936
792 1287
788 1297
660 1062
476 1788
865 1281
1614 1767
1719 1720
186 370
1419 1840
113 1892
679 1420
1581 1866
24 1357
24 17
17 9
9 2
2 824
2 1630
254 1866
417 805
529 599
1580 1641
42 1347
42 1788
169 1873
169 90
90 39
39 27
27 2
2 1792
137 1093
137 134
134 631
825 1903
890 1476
1026 1324
116 818
254 520
254 1717
1115 1152
642 1327
158 1832
769 1898
1022 1198
932 1332
1047 1958
474 1892
413 1600
1316 1908
1152 1504
858 1921
724 1929
198 687
446 903
427 1145
