2000 2000 2000
1012 1046
1352 977
857 1192
1581 1438
993 1508
887 132
1458 408
1767 297
946 1050
1843 951
581 755
1545 479
802 1043
103 1054
226 1607
1349 700
98 1586
1672 811
983 638
685 714
1083 618
548 1400
1280 1970
492 1254
1642 1803
569 1112
1838 109
1499 764
1752 823
421 1786
300 176
1190 343
358 1533
570 470
1138 47
774 183
1551 710
1882 1395
456 1910
1921 80
1476 1518
1598 1253
1680 955
1650 1189
1239 349
1241 887
766 820
1758 214
107 986
1757 904
657 136
545 1362
131 620
1028 340
1891 1301
292 1926
1185 474
437 1316
651 983
601 1968
1361 1475
1343 1992
849 1925
1441 1621
467 937
301 89
1541 711
514 625
1387 1109
773 860
1282 1350
1202 123
1525 350
1088 1283
1161 1021
879 1123
1846 1504
186 1741
1403 130
1136 1555
1823 1667
1367 1957
618 1900
557 662
1621 159
897 1523
523 430
732 1449
80 1878
1258 1389
1484 518
1772 1366
1868 990
693 1166
884 1783
1929 1153
847 1128
243 1849
1099 907
691 74
1493 1857
1878 843
305 862
1697 293
388 1780
738 170
590 296
18 1103
495 1279
671 1606
405 1838
873 393
1704 1006
1665 304
1592 818
362 1884
328 733
385 645
180 942
1748 1732
1440 1736
627 1109
1335 935
1274 570
373 1685
1173 1505
106 28
1244 204
516 723
1070 1116
1085 39
684 475
1324 1053
1673 270
1535 1258
1478 1487
619 160
340 1221
1381 1421
839 127
237 1419
1932 84
409 816
706 1541
1400 1409
1863 771
372 1678
680 295
1819 217
938 1814
79 241
781 1611
1608 1147
556 851
499 575
719 408
782 1050
1616 510
1496 1688
46 1173
1559 1305
296 1260
547 1258
1925 264
346 1384
16 1184
230 747
885 974
917 1182
49 89
1242 1321
1437 1027
515 1754
1895 804
1141 814
668 1085
589 892
1907 1506
69 1718
1210 1025
1042 268
1169 591
1880 203
1834 370
294 1075
347 1138
1705 958
1595 1155
1179 231
376 593
1586 1810
1094 515
1446 1085
35 17
923 1299
256 1955
1785 541
1529 1185
692 1507
998 1930
1574 318
450 1674
779 844
1627 1501
1512 1049
1313 749
1685 1591
1075 1876
1322 536
984 1437
753 1961
1931 1788
1307 233
549 1546
297 1169
663 1749
1199 1952
960 116
204 1398
614 1687
1564 1016
961 1953
94 962
824 720
913 715
487 1287
165 1928
1862 1499
825 145
624 842
364 197
583 1392
1684 526
1439 1899
1901 31
658 665
1293 365
1391 605
1232 1601
1234 528
1316 1293
1071 282
1457 1742
1001 813
666 1638
192 976
1157 374
123 1643
1214 719
1497 133
1682 38
187 157
1530 1179
1552 118
488 1223
768 1404
1661 896
667 513
1692 1774
1976 1175
1539 1522
1960 1578
1460 1539
469 1661
1 1402
613 1213
1718 294
833 35
1664 102
707 1977
1526 491
100 1415
1666 9
1511 854
1575 1457
544 1683
1415 1965
308 1407
1835 1547
349 1529
1093 1798
76 701
317 486
752 463
1885 507
184 1876
1298 457
1155 405
173 1564
1694 844
724 1001
97 358
426 993
870 1148
562 944
1645 933
183 71
1658 488
890 1704
265 1582
1118 935
699 1648
867 1244
241 1204
434 1115
1975 911
747 1738
1043 1178
1904 458
81 1085
138 630
1790 1440
696 117
611 1748
1459 719
1918 1095
416 272
1640 746
1251 124
175 9
1769 548
1729 431
1378 690
1003 1194
288 1812
716 836
1924 237
406 198
795 43
1721 1448
271 148
669 157
1422 1198
794 1724
122 517
676 1599
818 678
1188 525
677 569
1473 1262
24 1871
578 555
1020 857
751 1613
891 1423
705 649
1802 168
1852 488
1302 209
413 1936
150 1949
1825 535
625 1463
1799 796
1431 1442
1558 1129
351 1266
1485 589
234 501
594 1013
875 1002
1522 299
445 1983
1106 726
990 639
972 1119
922 59
1164 324
1291 341
1167 1459
1870 996
1800 1429
1362 489
883 1547
1254 1583
1528 814
1212 1413
939 53
936 1641
1100 709
1152 1805
71 1186
509 1743
1648 18
316 190
571 1164
229 1986
1119 1002
1198 1303
1915 1067
995 1174
878 530
784 1278
662 1984
815 1531
1320 390
1949 1230
723 1752
1554 1213
1844 1985
1217 1175
246 352
1652 1097
512 345
371 1623
1498 743
956 276
235 1058
1421 1051
179 1904
683 834
962 1241
1025 464
1985 1582
1122 212
1994 910
1974 1779
1472 736
886 1379
352 496
1615 994
1279 1302
44 274
1371 1129
1813 378
345 1365
828 868
783 195
381 305
809 1980
1332 550
1881 39
341 1308
820 708
1370 560
631 1896
1321 308
826 1380
1649 1700
608 1410
861 980
725 667
1871 1301
211 990
787 329
370 423
1490 160
1762 670
1380 433
1742 567
710 582
374 1897
1140 813
1393 107
240 1984
1442 1483
587 1824
595 1590
12 94
1612 527
1634 883
602 25
1017 862
1969 1834
17 1386
963 934
102 1622
1386 444
1756 802
1874 420
1288 382
1773 749
528 1624
1463 166
1521 1588
597 1113
209 256
536 171
202 368
649 601
1237 1027
1784 474
1896 1775
1977 785
504 144
1357 454
973 1567
197 377
60 657
142 1786
54 1670
1481 1757
1182 1741
1026 859
1624 395
718 119
477 1830
1344 338
447 1240
744 297
62 759
540 1621
108 1604
1054 1768
378 1410
1897 1999
1920 1615
485 1690
1706 1371
242 1889
1938 1944
1944 63
869 760
1717 801
182 1993
1884 773
1269 63
1196 328
1172 1011
1604 1071
1016 679
1348 1410
763 929
154 234
32 1676
1184 1498
679 1390
466 1249
255 15
811 1236
1557 164
793 1701
1142 1502
225 177
7 1636
1014 1865
145 1776
664 1258
1091 167
1873 885
1356 276
1851 1860
704 821
742 1738
1572 1325
652 1582
1510 1737
622 1036
914 1827
1289 1402
1121 1497
1388 1061
1770 105
846 167
555 63
1646 750
1817 1367
290 646
66 1712
1345 1066
324 195
1323 545
114 1078
1065 1239
1177 1895
27 538
418 1912
678 666
1312 1094
420 319
1407 1165
442 1491
1940 1541
1016 1909
712 50
285 248
1018 1160
1663 1202
1178 1735
65 778
318 1828
104 125
330 1336
642 669
1965 600
167 1257
232 229
190 1946
506 1619
377 1263
399 224
951 1382
1363 837
864 421
1789 1820
1670 818
596 852
43 1907
715 919
1401 88
981 1087
1777 1162
850 1380
1338 546
1464 1348
1061 32
1818 249
674 432
694 168
593 599
1824 566
1737 1028
1462 1536
1467 631
1589 1425
1052 773
53 1084
1339 1177
1011 703
332 1445
329 320
455 842
1872 622
1503 368
1867 1344
429 1233
275 1136
1376 868
315 1271
410 1500
1038 1729
1469 193
250 1699
153 197
389 1139
656 243
686 519
1761 606
630 1884
196 968
1195 1137
1317 64
336 276
337 1127
1266 1250
1731 364
311 278
898 425
1691 1613
1285 1794
546 198
23 1010
640 674
1425 1448
969 1146
1327 1083
1865 469
278 472
15 289
1218 213
805 592
152 24
1515 609
1500 895
822 1763
1113 1624
1514 11
353 400
1979 282
1745 389
448 1043
700 781
1730 842
222 1369
1134 1343
1978 408
1329 205
1765 1029
1909 1351
1740 1844
407 1495
41 1648
1703 1074
1037 1544
761 1739
1219 526
801 292
282 846
1451 1922
910 354
1109 1240
1971 836
52 1668
598 633
592 1134
118 138
1588 1449
574 235
1937 651
1153 48
1934 1510
1336 1716
1750 1863
572 1708
994 414
1970 1855
1197 1870
1887 118
2 1731
1547 1003
729 240
1736 1193
1538 69
1626 1452
1618 657
1073 236
541 18
1245 1405
1057 1543
127 928
580 1478
304 1782
130 782
40 1270
1192 1692
1576 356
526 671
1347 391
1129 1189
648 391
110 1580
331 1950
730 1012
1643 1813
1435 678
1997 1306
992 1212
655 1262
1613 38
1771 1242
609 737
925 932
1495 1929
1998 568
929 1481
1128 1370
975 1089
538 1540
1744 1007
291 1186
788 225
807 75
1069 1536
1610 1970
1501 935
814 1166
1749 897
558 1176
1567 1593
908 399
1040 1223
566 1745
1775 874
1294 178
468 1520
1690 1079
799 1704
789 76
435 112
113 761
1488 740
641 1708
568 795
1187 244
1983 437
1894 777
51 1995
505 1208
200 1556
220 124
1418 1607
896 1906
1127 396
1491 327
185 1017
1639 932
1072 1009
958 298
1611 1710
502 1846
1696 431
1132 229
1412 824
1686 497
1808 1165
1101 1571
743 440
1578 1404
125 1559
1147 673
518 499
758 1316
1021 422
1593 1723
1468 540
343 692
1669 1243
1791 222
823 1797
1788 467
1701 761
1803 1659
947 481
1230 2000
1160 767
400 1645
856 945
615 103
1295 27
489 630
310 600
775 739
944 772
1402 427
268 505
1794 901
412 427
1810 1201
1389 602
1698 1955
93 1131
1104 1406
1359 222
323 1663
810 968
1170 1159
727 1927
1702 926
1203 1519
1879 966
1284 516
1427 1691
1398 1626
1733 1386
496 400
85 1014
461 33
1505 1902
665 1830
436 477
1877 498
84 85
458 89
1968 1302
72 989
703 1494
402 1161
935 255
156 929
1000 2000
1107 1316
1096 1216
1996 1820
1830 1558
1283 1379
1532 938
259 1509
39 361
1396 390
208 1809
1889 1640
1625 1530
1180 43
937 446
1216 998
690 508
868 778
214 1411
1754 1551
1955 1588
851 93
1859 307
48 881
643 767
907 1207
248 1514
217 1828
37 80
1382 924
1067 504
950 969
780 379
519 681
1890 260
945 331
1385 1739
178 1536
1365 565
1013 1500
1681 1850
1444 676
89 1773
280 332
695 755
307 822
573 1295
1341 419
384 612
575 1255
1148 885
1972 558
791 1115
1822 1496
287 1690
1847 354
1523 287
1967 331
1956 62
302 1535
675 1161
99 1925
796 525
771 1715
741 1055
1644 1948
1267 976
224 1145
28 514
1265 1879
382 1677
1753 1960
396 891
1236 955
1780 462
327 961
978 454
1273 1219
1628 854
1030 1287
87 543
29 1173
959 551
803 383
522 1160
919 918
1582 725
1181 246
759 1915
121 181
543 1004
1631 185
1130 77
1739 889
33 1235
1397 1368
1531 196
1711 1994
1238 106
1429 1845
325 1875
1600 275
75 1200
1436 211
1033 922
682 1697
1959 1721
390 1403
1668 47
1999 982
462 1683
169 1172
1930 1641
1943 1121
1171 1611
790 1577
1787 848
320 1961
576 612
1712 1415
638 1274
756 798
1674 1647
120 1135
1513 1156
276 227
1839 1927
769 1301
1637 284
585 1194
1048 1381
261 239
109 1126
1086 948
1573 1130
1223 873
1144 230
299 1821
497 500
1952 487
567 945
404 315
1792 430
513 1565
837 1430
1782 912
894 1218
236 1018
1166 899
464 556
1477 1249
697 1384
1518 1730
688 128
745 816
348 902
1508 542
1297 1268
457 16
1108 1822
1709 1231
1125 713
1958 1851
1724 1286
1963 1431
612 1852
853 1930
1760 1601
1008 900
1973 1479
459 1239
1076 1803
550 1595
1561 471
1536 1803
77 1781
366 1995
1948 236
1191 349
1271 1000
1257 1717
157 1353
482 1850
1264 254
194 608
600 1554
1046 456
1778 242
1015 831
1019 294
483 1261
408 1538
239 679
1453 758
1845 1564
1524 565
1158 695
607 258
342 544
1587 1628
83 1171
1286 387
916 1243
1546 1928
1614 190
948 121
1746 898
394 1127
440 1455
245 415
1805 1228
733 1156
841 229
1455 587
422 1916
535 1162
1259 1204
1786 1660
827 1987
498 1664
414 1336
1833 1036
1798 405
151 730
1905 1435
1568 488
238 1513
821 884
1183 409
47 1266
1570 120
1707 1897
503 131
1350 1520
1571 1037
1224 925
1693 1416
1250 26
395 1786
1408 1273
1296 1016
1351 673
1594 1753
1892 1770
812 926
1248 550
1120 1124
1671 291
1079 1960
746 285
486 1020
838 1630
397 111
479 1634
852 523
1007 580
1816 1914
380 1017
64 1795
1797 1026
845 287
902 1614
1366 605
73 479
1806 1694
58 837
160 1532
1860 1980
140 312
1886 707
565 1444
1256 1457
1596 1473
561 1302
430 1882
312 134
475 1210
957 284
452 1553
880 616
713 1175
1124 419
321 1116
553 1169
42 39
1695 1390
359 656
1186 1556
1898 1203
10 1221
1580 1842
532 1751
637 1511
1781 40
219 998
309 46
1115 855
579 1183
804 683
411 563
1205 279
1413 780
1024 1041
1126 841
1550 70
591 497
1409 448
1556 1332
4 108
443 196
283 734
63 1144
1783 1816
1394 1907
912 1319
632 840
1268 741
653 1657
1779 1542
1384 1053
30 1191
1945 1919
484 929
584 721
1041 508
1326 377
1156 444
1392 490
901 92
258 820
1893 1948
931 1789
1189 661
1404 1988
859 863
334 1152
735 64
1722 1456
1635 1793
1209 780
1683 103
999 1843
391 951
731 1618
1728 1530
798 151
1566 753
433 1974
1941 1494
1092 1933
1278 885
1654 1041
1853 1987
166 1100
210 798
155 34
92 1466
1434 1709
835 1781
1150 1123
530 695
1290 932
162 1586
1263 1355
1204 1569
91 1406
1923 870
806 1780
1966 1090
1301 783
289 412
1050 967
1475 837
915 165
531 992
333 1185
215 81
1314 1605
1114 648
971 1032
449 215
1933 715
493 1035
989 1252
67 215
26 1261
1466 480
3 1526
520 1223
14 1958
1419 502
524 1218
1276 1592
521 813
689 1371
126 1937
1151 1205
1837 1962
721 1285
1228 1456
1964 1150
539 320
778 1279
617 1415
176 1190
1220 1434
1507 407
620 1435
1947 913
170 1675
813 1635
560 1493
634 1147
56 392
1474 708
701 1646
717 275
1010 438
1471 1952
444 1613
1719 454
1519 1297
1358 542
900 1898
1373 545
354 688
785 288
599 1880
1333 1554
739 1357
1111 1038
1962 1138
375 1579
1836 1655
1795 1515
928 653
439 1216
360 259
1255 277
819 1851
174 1778
476 1807
177 1149
1417 266
921 302
132 1245
171 1508
940 34
1102 1468
1741 1282
702 706
1315 971
1766 1484
1143 1690
1146 610
1060 1696
1700 559
606 703
748 384
772 498
623 283
1246 1902
25 179
754 1294
1738 1966
1911 1270
117 1359
877 642
720 317
1502 686
1064 1460
698 1239
1912 1759
1039 1727
1687 280
586 1136
1776 37
274 322
932 79
272 1132
1633 1038
387 1354
1331 267
1509 1762
1537 812
1133 956
1732 861
1607 1509
1215 1493
728 1868
1416 1669
481 70
866 231
681 492
1899 1867
980 1598
863 1787
1841 1777
1089 353
213 936
952 557
831 776
1641 1570
979 584
1988 660
661 147
1534 1038
1565 1320
1139 531
1032 1314
1116 939
5 500
189 783
1655 594
13 1
1051 1281
356 1236
1399 631
257 1952
463 1432
1826 1889
920 287
872 357
1759 1435
507 1648
1443 120
881 1489
143 1148
1456 1951
478 1565
1679 96
918 1748
564 1239
188 1294
223 708
650 1848
1445 1372
163 1800
924 479
1951 91
135 1232
563 280
501 405
216 66
335 222
646 811
1395 192
1029 1627
1735 1533
1292 325
1375 1259
1520 403
1377 792
1713 161
1720 521
926 1712
1840 1699
1406 1485
1117 1180
1233 75
660 972
1601 435
792 874
862 810
1035 1097
1562 1829
1636 445
263 236
1308 1704
1516 664
1549 383
830 226
1281 1106
1081 918
119 1662
8 1341
1888 168
460 728
1689 880
164 1469
654 493
1082 677
1876 1168
604 1637
474 1772
645 1070
281 1182
20 1941
882 697
1804 860
865 995
1715 553
834 941
843 307
909 42
1068 1024
542 915
1734 1048
722 578
687 1699
1809 830
393 735
1433 665
1957 880
636 429
943 1217
1764 310
136 442
1420 935
1763 1747
465 215
511 138
976 455
34 1703
1659 977
554 208
786 659
899 865
1372 1765
1208 88
737 1713
1555 853
1827 461
1617 660
1494 1370
1272 655
1253 371
930 566
146 1195
764 650
1059 1975
1145 1590
740 1736
260 757
889 562
227 403
1034 45
1743 335
1062 1683
1858 126
428 914
1353 1378
836 321
1055 1187
273 940
417 545
1346 367
270 671
267 1072
494 1045
369 364
306 1082
293 296
1984 1782
1036 1331
1235 736
295 1832
1448 956
1928 803
1226 1369
1656 267
1354 293
1848 1771
1995 149
1058 1462
644 1158
1049 1833
1751 1960
517 1818
1620 1005
133 1517
893 1705
1919 123
350 381
1163 1261
1325 1191
1725 1174
633 1643
1492 1057
797 616
1662 87
21 1232
714 672
974 249
1569 184
105 1768
1227 1742
954 79
1262 346
128 1744
284 714
605 305
252 1054
1424 1444
438 1629
228 1202
672 210
1240 1790
1213 1511
1430 1500
966 258
191 1417
379 1940
115 1553
953 310
1305 712
1337 1409
1980 1392
1447 156
934 102
398 1379
1946 1603
1747 1823
1225 29
1123 346
1727 934
61 316
1914 104
1135 753
38 439
904 568
1989 1083
750 1080
326 443
529 1575
1229 1377
1299 1211
1831 1779
1917 187
1688 1743
244 1033
298 613
760 805
1676 300
368 1425
871 1589
199 1998
1875 1238
1856 1625
1131 808
9 699
363 1298
1829 754
895 952
1309 1339
95 391
854 691
90 1832
1563 1012
423 86
1486 1229
313 424
212 57
1110 1044
22 1315
1553 1807
1864 1942
1277 1176
1194 687
1560 534
432 1048
425 1360
1112 1329
1023 322
1047 995
1260 385
480 789
339 1411
777 799
1165 1008
1577 367
1487 1837
816 201
1653 1022
1411 65
1939 1694
985 1000
1452 1309
491 14
338 1711
137 1558
1936 1565
431 1986
1632 1443
1168 369
168 1917
964 1180
70 72
840 77
629 1363
949 775
1200 447
1814 1172
534 218
892 573
1252 1439
203 1913
1432 428
967 1620
1006 1470
1056 797
1355 525
1657 1528
874 1058
1630 684
635 1920
490 40
1489 1934
1470 1082
1078 1728
767 1720
207 169
367 124
1287 1868
1368 595
1176 342
610 1230
74 1103
551 1075
906 1606
36 304
1584 889
1103 35
1716 986
1390 194
559 1963
1004 1557
1077 1973
269 979
355 1076
262 19
141 1031
829 1684
159 882
1066 55
205 353
1097 755
1543 615
647 1827
1098 1886
253 1738
1369 487
31 135
1883 1331
392 1482
726 988
277 484
711 1969
903 140
1162 1806
1815 1697
776 1347
1074 311
1768 415
303 746
1811 348
357 633
1548 1743
50 450
1022 845
582 22
1342 217
1908 185
1249 1049
11 1127
1483 1943
1090 771
755 508
1927 1111
911 1993
193 869
221 907
1193 1896
1987 786
1677 1490
1755 1953
1993 1746
621 1157
1991 341
1303 926
603 725
1605 991
386 641
129 1047
1842 1862
266 874
249 1186
1710 266
1982 627
997 838
1527 698
616 555
172 245
1105 1288
1206 1326
1379 1330
1866 1999
206 1128
1647 1932
454 503
1231 1098
1678 570
45 1197
1211 1580
1174 965
1855 1678
968 1372
1900 198
1533 1441
149 1202
1675 1567
1992 704
577 1277
1916 682
1723 902
1540 777
1423 1602
1910 984
1482 1909
996 1956
1828 1856
1454 907
1935 1736
427 954
709 68
1270 263
254 1872
1374 577
1005 969
148 1420
1506 1577
1796 1635
670 127
942 1490
533 652
1137 867
1603 295
1222 1438
1087 548
982 1655
1318 1765
1926 434
1084 852
1708 344
19 225
770 1665
1990 1613
401 595
1330 75
1629 1472
251 696
673 187
1517 997
1009 1586
1854 1682
844 19
116 866
1774 174
1438 2
1821 1649
1031 926
1175 1632
415 629
888 1022
1027 1322
1591 1698
1922 1890
233 103
1300 1636
1149 1989
1243 1946
1480 166
419 1433
858 1198
319 713
1660 1440
1334 801
6 1228
1247 1879
1857 994
1609 256
1261 554
1045 1281
1622 1412
1044 1595
765 1360
1793 1592
451 394
1579 1034
441 770
1450 1843
1699 1101
1902 1901
1861 20
1832 1841
510 1373
1801 1126
1063 1511
988 6
800 1256
1275 1491
1714 503
965 1681
1812 1064
181 113
96 259
832 380
1583 825
218 20
471 1496
55 1040
736 30
286 1265
1651 784
1310 152
134 30
1306 908
1080 1954
473 1986
1986 445
201 344
470 640
1954 718
1623 705
659 524
111 538
1414 1452
1667 1388
1599 923
1095 1873
628 3
1961 1831
1311 970
264 1162
314 756
817 898
1638 1078
1606 371
1953 228
1807 1415
1850 4
279 1143
86 947
1410 1273
144 269
59 363
1328 751
82 1273
588 337
446 1953
57 402
472 1010
1590 314
1340 850
762 600
1479 1115
757 1142
1950 1858
1360 1248
848 1924
977 60
552 377
500 1997
365 1537
855 948
88 1982
424 549
68 1170
1304 662
842 800
508 1512
1221 512
1383 593
1319 973
941 1451
78 369
626 1040
734 1156
527 74
231 940
1544 806
161 1516
927 1200
933 985
1504 146
970 880
986 309
361 122
955 887
808 1292
158 1337
905 605
1159 1312
1449 1236
1597 1530
247 744
124 533
1364 112
101 994
1053 776
1849 1893
1465 1966
198 632
708 748
1154 402
1903 1811
1002 1880
991 1284
147 1338
1619 315
1461 1085
537 1758
876 1422
1405 1561
987 906
1726 2
322 577
1602 1122
1906 1220
112 1766
1585 1141
344 888
383 286
1201 97
403 449
1913 1105
1207 1289
749 579
1981 691
139 1052
453 8
1820 833
1426 581
1869 1962
525 1367
1942 1140
195 335
1542 1042
639 673
1428 349
860 336
1 1471 744 1908 275 382 841 1416 112 1562 47 1075 1034 1807 1646 1510 1055 630 1833 633 1019 1066 49 964 1946 1220 1395 1429 1258 796 1271 999 224 347 1210 1629 1162 1100 846 65 360 1061 192 623 1818 847 1079 1363 1460 1824 556 1025 207 149 56 1583 1335 328 886 1881 440 1431 1672 1975 1746 506 557 978 241 580 1228 1409 761 487 730 1322 1112 1352 126 433 1410 1043 538 298 198 1430 911 1502 1729 1667 1745 1150 1988 1541 1309 708 670 228 1364 1257 777 7 1788 1069 1419 804 1750 1404 1986 628 1982 759 1087 1102 587 1981 818 1774 1057 395 2 1598 1224 1695 707 88 1310 1916 1284 1108 683 1622 647 539 574 1145 731 1226 680 965 1302 823 1524 1762 620 1947 1440 376 1315 1733 278 1866 325 471 244 783 226 1400 1351 371 363 1587 1894 1131 1649 54 949 967 1680 950 1731 1937 1909 1166 1511 1320 460 712 621 1386 186 655 1593 703 1213 1486 1721 44 220 888 1575 940 240 690 208 619 24 1181 919 594 1544 1266 843 1124 1968 514 1874 378 1623 1730 345 1272 1187 12 1405 1786 1137 1442 1977 1915 1597 1621 350 1872 1473 603 60 1464 1535 1787 1415 871 805 1012 1116 1476 1816 1782 1026 222 1293 153 541 1856 1783 1499 1531 1839 953 477 1287 1815 721 1470 263 205 528 370 1719 611 1810 1549 890 1265 1200 788 1280 1317 1594 1158 1027 1960 452 1752 1630 1554 1167 1748 1438 1951 710 552 1973 692 1328 1669 1022 1038 272 876 1313 1932 1627 723 838 14 1246 1206 955 1921 844 1775 156 1105 1682 408 257 1684 1009 90 331 883 1569 1082 586 203 1552 100 1678 1014 1495 1080 1474 52 1911 238 1353 1563 1240 1139 369 1073 1234 567 1109 535 1573 736 558 729 475 768 658 1993 1348 1624 211 1795 1588 1344 1614 738 992 741 1778 637 383 1604 1241 564 1979 1576 45 53 1040 578 1900 71 979 8 344 1590 663 410 1781 499 174 426 381 109 1757 1759 374 4 1489 1391 293 1453 1582 1183 436 498 456 162 1648 1930 1666 1790 873 1656 656 9 1720 1151 317 1901 1609 242 1954 1437 753 1484 555 312 1727 763 757 933 1347 172 1059 1976 719 649 1336 1485 891 1564 981 1194 1463 282 22 1689 128 1060 21 975 1273 1871 379 1382 1455 348 1897 355 57 1953 774 1249 595 1674 1571 1239 593 335 1572 679 1013 377 11 834 449 190 520 1658 527 142 592 245 417 1920 457 1608 1428 1121 425 1037 1445 986 505 210 1821 1172 959 173 1898 1030 1401 132 1640 1424 96 915 1146 931 1905 1765 779 1532 195 1033 1288 533 1413 977 839 748 115 644 1823 1690 372 1002 1466 1371 1090 5 551 970 299 1134 897 1046 223 1143 899 1970 1457 1393 1285 1888 664 106 1528 137 701 1827 180 1053 368 1876 1138 1896 1248 582 1675 1835 171 1308 1891 547 1754 83 598 80 1235 212 63 956 1813 1585 416 830 833 1481 264 28 1488 1581 698 1490 1505 105 1190 1229 1692 343 119 1253 755 1031 260 725 1501 962 1450 1312 812 968 1504 1301 504 1605 1551 1596 1945 445 1338 1032 749 1209 1820 1402 1006 1512 808 1048 1307 1385 1017 691 596 927 104 388 1016 267 239 612 1529 297 1332 1227 227 1854 930 1836 1160 110 1127 1267 646 1329 1860 571 767 461 1477 235 354 618 1446 1333 42 1702 747 1693 1133 1956 851 1653 274 597 1812 1875 37 615 1208 1831 634 1001 314 1557 667 1662 1072 607 1231 466 1376 770 254 1147 1008 1140 82 822 76 1884 1912 994 494 1661 3 1306 1000 1093 1417 265 601 1830 675 907 1337 324 794 1355 624 113 402 1715 458 1601 521 431 1834 1044 780 727 1618 1943 1199 500 438 925 1792 1877 693 114 421 443 120 819 1963 870 1182 43 30 351 1264 330 1171 678 706 1944 489 934 569 1611 365 1015 1940 59 496 243 427 146 1106 1064 1525 463 811 1119 1058 55 711 1493 1155 1636 1703 1616 1610 1373 403 364 1068 46 1589 1885 107 259 1969 789 1096 832 1904 271 1864 101 1152 123 429 1617 848 341 1513 1411 589 94 1635 1867 185 454 864 196 1526 572 1620 84 1996 124 1738 1193 143 102 1099 1540 669 1176 479 1319 1407 428 1577 894 1101 177 411 1359 338 1381 604 148 1274 1595 1708 585 1242 1644 322 434 1343 957 806 1214 1125 1432 1508 295 1449 1448 1516 214 1668 1103 1188 98 1295 193 93 1971 1637 1029 695 1825 1561 1890 1113 1186 1427 1045 1989 898 1651 1291 666 739 1076 189 1829 79 1580 468 117 1406 400 1843 1883 1739 1275 807 1475 478 166 1436 1686 357 866 1655 635 175 1844 1286 828 1865 327 1962 560 1716 15 1688 353 183 728 518 359 253 998 1350 782 561 685 319 1768 32 451 1722 648 41 140 1555 893 184 1201 882 465 1663 1358 1120 501 35 716 432 681 1452 900 1847 947 1514 563 537 423 987 389 362 1462 1168 111 121 502 231 1838 854 48 1700 1918 1893 1559 492 923 305 1366 1925 1749 1936 70 1895 277 1882 522 1049 1062 1934 233 1941 584 1161 1327 23 858 409 971 579 627 51 1361 1772 470 17 1278 1128 1870 577 1154 307 565 745 300 108 91 1737 1408 2000 1796 1837 549 1832 1534 145 1633 1771 754 904 1764 1887 513 1294 529 1845 1942 1767 1331 1873 1926 1972 356 1077 1606 1803 943 700 775 798 1316 735 95 784 200 665 724 516 532 1212 1696 158 1929 255 827 1097 920 89 1907 1779 672 778 966 493 1377 393 1694 1732 909 420 1222 1398 1664 718 810 762 346 1928 1861 10 197 1994 225 216 495 867 1698 61 1712 1776 1613 928 605 1389 1298 1216 204 1252 752 961 1004 1340 1444 72 1487 1334 913 1602 1826 366 396 1681 1607 1794 34 181 1950 1811 1198 625 1360 1290 1173 1938 116 1699 1632 1211 1859 825 152 1773 1387 937 1219 1323 1372 732 1255 1159 160 1236 1755 250 1251 1784 459 1479 769 1806 1584 1011 1985 1756 1974 1204 201 337 1136 97 144 1318 1931 168 737 559 1039 1809 284 1276 236 988 1741 490 1949 1639 1023 1518 917 1256 285 534 651 1297 1515 122 1114 613 286 73 1955 626 139 1769 733 446 861 668 1179 1443 147 1747 155 942 1965 1088 1270 1195 497 1104 650 26 392 1805 1461 924 1978 1149 1052 990 676 413 583 1425 1717 840 1164 385 1247 856 742 1314 1384 1244 1067 1914 982 1041 591 1357 1935 1657 394 1369 1506 1277 842 309 799 1723 358 380 817 1365 1631 1687 1492 294 1399 545 1095 36 1051 1998 816 1802 1010 77 821 473 484 1670 1673 1565 1862 1683 1592 1879 215 985 1028 1643 1997 791 960 1268 437 653 617 131 674 1521 1758 836 800 1676 1238 921 301 1641 993 1349 397 412 631 868 251 1339 321 1530 855 1789 519 524 1619 542 157 641 1868 786 141 1855 969 905 903 136 869 1991 486 406 1857 1777 329 209 530 407 288 878 1707 1550 1111 902 1995 795 713 792 1375 688 1115 1503 87 1849 640 702 1217 1615 709 872 963 435 1245 230 1326 302 1390 507 566 758 266 954 270 1379 1383 316 974 1851 824 1346 75 1396 642 1157 1117 657 1523 16 1243 1917 1536 926 1537 1691 1753 1906 929 1192 785 1356 1170 1903 1070 1126 1311 1434 1600 1207 1467 188 1098 247 1223 1388 373 1927 726 1725 831 525 1902 326 720 995 766 781 1232 1175 1814 1144 74 1237 1660 39 1135 318 424 801 414 320 419 1303 853 1305 1939 1262 138 447 1441 1869 1299 20 1378 1341 1538 176 889 1263 1886 636 643 1509 291 1205 472 442 606 938 616 127 1566 161 1071 444 1054 1156 339 1520 1184 1880 508 652 1647 756 860 118 1735 1304 1074 1482 659 1421 1990 18 462 464 1392 1679 972 304 1999 246 1948 159 1933 334 1362 1163 1050 1005 1368 944 671 31 661 1007 367 68 1215 896 154 1494 1922 1118 814 536 303 914 697 1966 418 85 1791 1709 553 862 1403 717 694 1330 517 398 1728 576 1480 654 81 1189 1850 1980 1744 1260 1822 1282 1742 1957 151 1472 677 38 1852 310 1863 1423 1574 879 1085 323 390 133 573 734 1736 1094 129 1705 13 1761 1780 1259 983 488 1567 283 918 673 1203 1625 984 361 1958 743 399 1321 1420 793 1454 1042 941 1412 1483 526 820 1533 1394 881 1196 575 1185 1586 1129 1342 910 1018 441 1878 510 906 540 1281 1889 1560 1218 1035 273 608 99 1500 1439 945 1711 1704 1003 503 1553 916 1180 1817 1110 1848 568 958 1478 1591 1056 1091 797 746 6 696 384 352 996 1498 182 1130 1543 1706 1612 476 221 772 401 1568 1751 313 951 217 135 765 474 1367 908 1858 684 874 1701 554 1221 802 1458 336 638 187 1923 33 405 548 991 989 1828 342 1036 1292 1899 1300 1507 1325 469 645 1289 1763 202 1148 639 1599 1233 682 430 237 1910 845 1496 296 491 859 1626 163 790 481 660 1225 375 482 1987 850 1671 590 1063 689 543 936 1846 1165 125 892 1261 1760 1799 252 165 40 863 261 485 815 1497 1801 750 1092 1269 1542 130 1283 1459 340 1665 773 1414 622 952 935 1634 1539 877 760 1724 280 453 66 64 1142 550 315 483 332 546 92 511 58 1250 705 1370 1645 1548 1519 306 218 1959 234 164 1089 1659 103 1021 19 1654 1800 279 1545 1469 939 1983 67 69 686 1628 1713 1961 422 523 1714 600 50 609 1141 1020 803 1132 895 1426 997 1804 1967 1677 1547 509 1793 450 206 78 1230 946 150 1556 771 292 276 1638 167 1798 1174 1397 387 289 1447 25 1740 1107 1153 268 1191 704 248 1734 386 973 1465 1808 290 262 1558 311 1841 1785 912 1984 1579 29 852 1024 1797 1491 599 1650 455 62 610 976 1451 887 1197 1652 1254 1122 776 787 134 287 829 885 614 813 865 884 194 178 1435 531 835 415 980 1924 1710 1345 179 515 404 467 448 1853 1380 857 1422 1527 1468 751 880 1324 1819 932 86 391 1718 256 1456 281 1770 740 1697 1296 1047 570 1913 632 1083 562 1840 715 722 1202 27 588 1546 544 191 333 948 1766 1084 826 1178 1078 629 602 1992 1578 714 199 258 1743 922 1952 1123 480 1374 249 1081 1726 764 687 219 439 512 875 349 1279 1964 809 232 581 1522 229 1418 901 849 1570 662 1919 699 170 269 1642 1892 1354 1169 837 169 1177 1086 1603 1842 308 1685 213 1433 1065 1517
31 25
25 17
1195 1203
17 9
9 736
24 19
19 15
15 1407
17 13
13 9
353 1174
9 2
2 14
14 114
66 65
65 58
58 52
52 1536
6 3
3 74
77 102
27 24
24 75
71 62
62 9
9 2
2 67
67 47
47 26
26 8
8 715
83 390
43 443
46 221
102 384
101 1340
53 8
8 1263
23 754
23 11
11 61
1581 1835
79 19
19 16
16 10
10 4
4 1419
204 1132
276 1970
4 3
3 2
2 1023
818 831
29 1161
75 1538
61 27
27 726
99 661
232 1473
22 268
22 1042
74 65
65 14
14 1353
14 845
29 17
17 4
4 955
67 51
51 629
114 812
6 1949
6 269
1166 1466
6 4
4 562
1171 1283
4 2
366 1554
2 622
2 975
1195 1573
24 431
93 21
449 1076
21 550
21 677
168 89
89 32
32 246
170 18
18 573
109 1859
18 7
7 3
3 2
2 54
54 1359
39 1452
52 273
83 41
41 1575
163 88
88 54
54 1291
14 827
14 7
744 965
955 1372
7 4
4 2
2 1110
2 100
2 304
2 477
180 1562
13 6
6 4
4 2
10 1776
865 1530
10 9
9 4
4 1629
4 2
2 1538
2 211
4 2
2 1519
2 985
176 42
42 20
20 2
1251 1321
2 1308
261 643
876 1692
33 1882
108 397
23 2
2 1524
73 14
14 2
2 1022
2 546
1195 1972
870 1962
940 1907
944 1111
20 1409
20 459
321 1681
383 1399
125 1413
125 1134
162 504
162 298
1467 1884
181 1552
529 707
636 779
524 1257
504 1468
781 993
969 1291
1041 1453
576 961
187 1535
791 1678
263 1427
678 1266
309 1477
40 1843
949 1978
1295 1936
477 1246
519 1871
256 1494
36 1492
565 1624
273 1470
863 1147
1403 1928
542 1798
18 793
1036 1757
476 1293
308 1254
651 655
1026 1501
29 364
29 1985
126 1382
299 1525
1090 1508
8 279
522 1249
8 1550
528 1696
946 1405
434 1714
1587 1750
420 713
1028 1528
796 1299
511 585
102 312
622 1780
689 1072
975 1799
175 574
1020 1559
22 1440
593 1928
1109 1972
878 880
214 1065
941 1568
1463 1628
244 1345
247 1354
354 519
8 116
593 1423
522 1714
1535 1892
731 1376
919 1241
99 825
99 1729
1365 1387
778 1017
1386 1431
27 162
194 433
473 1272
471 1448
562 1872
1048 1715
115 296
1429 1904
1316 1460
880 1294
971 1148
1503 1560
387 1704
1006 1854
1353 1705
1103 1403
321 890
221 1623
1162 1609
250 502
369 1356
1276 1504
161 1150
592 1814
835 1207
180 362
1907 1972
715 1926
404 1543
697 1669
1069 1394
384 521
1518 1980
467 638
641 691
1146 1276
500 1439
371 742
606 1774
23 1189
158 309
296 1910
1806 1951
1018 1403
486 1225
71 982
1333 1699
71 1810
133 1987
36 1871
46 385
1214 1611
635 957
691 1200
110 1135
110 716
570 1133
447 1623
1153 1941
305 1837
846 891
97 1664
420 1631
311 1807
1060 1693
1126 1278
140 1182
490 687
323 1352
1073 1335
84 115
920 1385
444 738
1325 1745
403 1638
828 914
1599 1710
967 1165
544 1528
425 1993
184 449
1194 1705
270 945
169 585
329 402
188 1503
72 956
1525 1549
203 1914
1025 1339
1579 1943
1057 1469
530 1288
24 1293
805 1386
69 396
1074 1289
46 1520
219 1440
430 972
800 953
216 1470
727 1303
1609 1974
1646 1715
120 597
422 742
282 1895
1005 1058
510 1436
51 516
1902 1943
196 1006
489 953
1105 1622
995 1803
779 1573
845 866
143 1144
765 1099
14 650
1310 1842
1617 1852
127 1267
635 1071
832 1815
317 1725
344 1783
71 1283
314 446
519 1033
250 1131
928 1359
1113 1578
715 1090
200 1339
890 1311
1245 1496
336 1355
117 1758
945 1256
1536 1946
179 947
816 1169
1713 1923
1242 1954
988 1210
886 1263
586 1101
1480 1637
1007 1766
52 894
52 15
15 12
12 1419
12 865
881 1807
38 1338
38 32
32 31
31 13
327 1702
13 5
499 1092
5 669
1557 1903
968 1025
568 1554
243 603
596 1848
1145 1457
357 879
1571 1647
6 206
451 892
360 1199
1012 1569
667 1570
22 1086
934 1445
22 694
1055 1680
4 100
4 2
2 170
804 1028
452 1839
1050 1624
695 1686
52 1154
885 1094
360 1296
1515 1641
342 1952
112 591
747 1122
285 1272
324 1497
815 829
1121 1304
871 1027
1366 1674
1122 1704
468 1436
714 1091
1102 1169
120 436
206 1663
195 617
1100 1978
409 1839
16 1595
16 13
542 560
13 6
6 2
2 1642
429 851
240 1128
917 1110
1769 1848
39 1576
212 1294
1158 1605
600 1255
96 347
1117 1577
541 1047
898 1537
1345 1614
359 370
612 621
40 371
131 288
643 1253
221 1412
103 1833
1806 1975
397 673
1163 1855
109 1203
1009 1714
472 1828
253 1975
511 1324
593 1278
778 1826
823 837
1600 1988
99 1095
852 1485
620 1798
356 1737
582 1586
684 1196
1376 1908
28 1522
14 1371
160 1913
1480 1661
14 1964
28 1609
82 680
1520 1739
300 1950
487 569
780 1136
1451 1938
180 1962
112 372
666 726
931 1556
469 1276
267 1254
597 948
115 1720
115 1269
1281 1470
75 990
253 730
1166 1317
1588 1981
349 1255
568 1562
192 1560
760 961
29 1089
1003 1520
798 1372
384 750
1221 1223
161 762
343 646
377 1945
867 981
506 1644
132 1340
132 8
516 760
8 1402
1538 1724
986 1978
898 1878
697 1227
167 1660
1068 1069
166 1443
476 1967
806 1848
1415 1589
269 758
605 1827
499 1797
974 1872
300 1402
623 1691
45 1614
183 681
446 1433
790 1907
50 1088
50 47
47 41
41 670
772 1550
1547 1740
1213 1779
641 1660
305 765
88 1754
18 234
18 567
288 533
340 757
585 1865
577 1538
846 1881
302 525
10 84
1164 1749
726 1037
1425 1869
1008 1310
1351 1395
633 829
1443 1844
211 804
220 1748
74 1410
1125 1870
1724 1922
283 682
836 1192
1106 1216
763 1400
338 449
532 1899
318 613
43 1672
886 1625
511 1710
1835 1866
735 1501
329 856
195 774
447 1159
102 1897
562 1042
84 683
84 1804
8 892
8 773
1512 1612
846 928
1531 1950
707 1728
509 1148
227 1816
684 1334
170 1082
430 1099
386 836
785 1406
400 1927
718 1642
766 1407
159 962
727 1135
218 335
111 1327
456 866
203 1565
857 1692
9 1252
188 582
190 384
1453 1673
838 1546
46 1160
1620 1936
592 1598
1338 1439
362 1308
648 726
438 1584
502 576
1026 1096
499 1193
155 590
201 366
670 1742
180 554
93 385
460 1980
926 1563
725 1736
199 1701
999 1181
472 663
39 1601
208 790
1542 1654
1046 1159
1846 1897
691 1766
132 1644
515 1408
689 1723
193 652
74 1666
74 497
800 1270
1600 1725
133 1653
63 486
771 1512
1263 1374
325 911
839 970
42 1714
763 1778
632 1769
1478 1755
862 1270
368 1073
985 1951
400 994
404 902
40 938
96 1080
292 1959
892 1520
449 1876
575 1346
481 1130
828 1335
441 1907
1229 1741
1122 1470
303 1123
1072 1844
161 846
1236 1557
318 1097
316 1838
303 719
1512 1664
908 1388
1253 1403
763 1256
1471 1978
836 1755
694 1388
1223 1722
408 981
694 1336
15 921
1076 1680
1519 1889
669 930
249 1514
58 1003
770 1532
1567 1921
70 462
331 962
1063 1574
395 1215
480 585
1042 1898
246 1593
324 369
851 1833
1154 1445
1019 1318
19 1827
19 18
1408 1459
18 1708
167 752
423 637
943 1623
20 588
396 868
993 1006
1467 1772
971 1014
618 1806
888 1820
1726 1976
848 1612
177 701
308 1016
56 1246
56 23
23 840
6 999
389 1328
1068 1271
181 782
419 712
27 1654
608 649
64 1131
883 1324
636 885
858 1344
1312 1689
303 1195
61 92
1339 1694
176 232
368 844
194 246
386 725
347 756
1331 1948
508 1652
700 1001
178 294
775 1860
989 1674
449 681
247 1645
1952 1974
850 960
875 1770
312 1312
1425 1623
826 1424
883 1684
556 1473
1366 1842
54 427
54 41
41 1000
41 662
734 839
471 972
282 552
773 795
46 142
231 567
1215 1838
323 1506
75 1631
1880 1995
572 1855
1389 1491
161 216
566 853
552 640
950 1224
1105 1793
918 1508
237 800
128 946
842 1862
53 1406
646 688
527 581
260 756
1540 1733
392 1977
158 952
440 1486
1280 1640
793 933
682 1628
504 1837
1218 1809
1379 1812
209 530
825 1122
488 1634
138 1834
1009 1082
891 1310
241 1292
412 1673
982 1593
697 1677
1692 1770
1365 1546
1262 1540
571 1012
606 1750
957 1587
924 1041
195 739
771 889
739 1199
662 1837
249 570
1147 1859
1120 1707
394 1104
352 396
151 1120
430 1208
975 1791
389 1370
228 1363
708 1979
38 57
510 1012
159 1439
462 642
194 1352
55 1183
55 403
55 38
38 1208
302 556
1619 1661
769 771
848 1908
102 1207
324 1522
252 919
977 1509
584 1268
303 1488
962 1411
494 1100
945 1908
943 1919
547 1711
737 1674
701 905
263 369
526 1587
996 1714
1508 1880
368 824
1348 1637
1561 1860
732 1551
1058 1813
1299 1920
188 1981
10 1799
787 1100
10 2
2 1052
2 927
749 1491
731 1484
845 1972
1475 1850
1387 1975
1107 1696
99 1996
687 1936
1641 1903
28 1720
1536 1702
956 1487
879 1283
548 1411
97 544
428 502
74 1953
1652 1923
655 1699
1032 1674
401 1605
352 655
1015 1615
1670 1694
387 1404
221 1658
86 1791
923 1399
117 1404
39 1422
318 667
1073 1850
336 1132
663 1615
693 1205
669 1779
5 1203
594 1770
46 1290
357 1635
1031 1499
60 846
343 1185
1384 1917
139 1043
377 1422
16 132
541 1048
700 1572
463 1281
156 1346
688 1670
260 1077
243 680
1622 1946
569 1769
371 519
146 1172
761 1645
1459 1560
474 567
96 1302
559 1612
78 956
1226 1444
738 1013
1620 1898
1207 1575
664 1566
102 1768
380 817
1045 1055
10 1200
10 6
6 1649
1303 1911
147 1629
147 1776
962 1425
355 724
1576 1626
653 1825
1077 1495
458 473
614 1529
188 1899
599 1057
1512 1598
722 796
1771 1882
1037 1563
296 860
59 599
419 1891
1289 1691
823 1811
1407 1612
1121 1536
775 1816
241 1079
528 818
1324 1863
148 1151
1421 1857
297 1118
1793 1971
628 1658
984 1293
619 1292
887 1459
734 1598
270 936
1273 1606
1497 1790
697 914
302 988
39 1338
1895 1938
39 1574
706 1191
545 1817
397 1854
1491 1863
576 1073
956 1372
393 971
408 1685
840 1477
496 1070
523 1906
332 868
702 1828
928 1357
928 1650
428 1664
99 1268
99 629
99 1183
785 1672
357 1272
972 1974
1662 1985
589 1821
162 1227
248 604
678 837
748 1486
109 1510
1207 1480
318 565
924 1848
340 1500
33 779
33 953
857 1936
483 918
1472 1487
845 1961
1190 1849
475 1920
253 1056
629 1295
927 1528
273 942
198 1222
620 856
1021 1650
898 1674
984 1610
1597 1814
732 1622
494 1338
53 500
359 1689
320 530
664 1627
1733 1975
22 132
1446 1689
7 1729
7 376
7 5
865 1098
5 3
548 1145
3 383
139 207
1235 1707
240 1987
1188 1353
688 1638
617 1236
1037 1673
823 1327
843 1845
1288 1530
383 418
692 1215
1485 1941
406 1961
615 819
396 1435
459 685
867 927
26 1894
1095 1882
1643 1824
814 895
315 331
95 696
639 1765
360 563
586 693
919 1730
1072 1936
701 1065
400 942
494 1987
72 916
639 1596
388 542
1593 1731
925 1410
1217 1828
709 1796
646 1144
451 1508
93 212
1466 1887
359 1648
226 782
395 465
551 1191
1007 1837
1101 1786
336 1843
849 1707
118 250
1261 1485
360 1982
781 906
1107 1817
901 1225
580 783
501 1399
703 1018
960 1543
340 1436
1390 1979
143 1859
259 375
1641 1800
27 601
27 1769
420 1882
502 1505
679 1750
441 1234
434 1449
432 628
430 1576
303 756
519 980
268 1600
988 1684
784 1651
1295 1937
1215 1448
187 887
99 1118
99 77
77 2
2 1222
405 980
2 429
785 1285
467 1067
181 1080
434 1891
250 1032
319 366
788 1767
1777 1969
1241 1688
1097 1121
1340 1526
744 913
631 1548
201 1596
733 811
989 1746
1306 1931
104 1268
1160 1591
1021 1677
413 1143
704 1447
197 1631
52 1535
223 1087
1354 1726
741 1363
1089 1266
115 1180
763 1613
646 1639
663 1887
84 1979
84 28
28 9
9 428
9 8
8 2
2 1267
303 1618
1032 1682
904 1677
405 786
582 1820
1019 1347
873 1505
1615 1852
1372 1924
214 1700
997 1406
303 564
1756 1825
652 1438
367 1393
820 1508
389 1144
264 1660
118 1515
118 82
82 1699
62 991
561 674
371 1550
707 1486
1360 1947
1290 1629
598 1980
481 1131
958 1253
123 1550
1421 1619
332 1307
818 864
249 1768
663 1009
1497 1786
1454 1584
1028 1538
650 1074
221 965
898 1046
81 522
886 1291
526 1707
478 1887
847 1471
876 1354
123 1890
730 1018
327 1923
304 989
1642 1722
206 814
640 1158
1260 1789
261 1777
50 139
248 438
612 1113
394 926
369 1821
445 1364
1282 1816
161 996
1183 1752
496 711
164 916
550 1576
428 1141
1217 1452
1139 1494
112 152
207 1584
1712 1993
690 1868
1480 1567
307 1531
830 955
379 1912
1335 1936
116 537
509 1438
503 828
1052 1179
754 1224
359 1611
477 1534
817 1202
627 1155
204 287
1290 1743
1325 1715
317 1496
812 842
1132 1445
184 1365
98 649
98 7
7 1904
7 2
2 25
25 517
255 630
80 1828
25 2
2 595
462 1673
1218 1661
624 1251
1185 1684
68 266
952 1532
128 1410
240 1220
510 1694
373 486
405 1907
182 983
1557 1801
1678 1773
172 772
494 760
1358 1981
1552 1602
1014 1501
875 1205
1372 1892
153 633
153 796
86 630
1385 1759
1134 1319
661 1996
140 1706
232 1574
1058 1908
312 1938
489 676
12 1980
930 1625
966 1520
36 1035
1013 1705
1669 1867
552 1476
119 691
625 1551
1003 1664
933 1765
1212 1578
280 613
1479 1903
284 979
866 879
1165 1616
1300 1646
548 1564
565 1025
353 1715
392 1098
357 1578
652 962
1487 1964
1408 1699
216 604
1287 1995
273 415
1502 1914
975 1714
209 1623
891 1721
89 1139
89 73
247 1888
73 1653
302 1317
73 39
39 27
27 1148
771 1308
421 1990
1186 1322
446 1080
18 1404
1215 1441
620 1757
1585 1876
901 934
1144 1991
712 1630
14 118
1556 1758
454 695
851 1053
1619 1721
217 1786
445 855
858 1832
1175 1945
1890 1950
1097 1171
860 1922
495 1184
112 1837
56 206
112 256
112 1006
112 93
93 5
1022 1663
5 4
4 2
167 1938
2 1090
2 801
1473 1977
242 1985
366 1078
1213 1501
347 768
823 1879
320 1216
1007 1140
337 1131
742 1124
330 1572
747 1384
1358 1482
153 731
153 1733
198 855
188 1257
658 1094
847 1324
966 1448
382 567
1346 1631
163 599
1591 1634
219 1480
986 1022
357 830
271 1753
1066 1209
475 1782
132 1498
132 35
35 963
817 1679
444 1467
205 1657
981 1994
368 1219
1675 1803
89 1247
82 743
986 1253
944 1884
1659 1857
48 432
272 526
937 1311
264 1032
467 826
548 1711
752 1847
172 1438
611 1939
457 1681
1136 1405
103 1579
584 1130
859 957
925 1882
701 1772
214 349
30 1945
30 1847
710 1653
507 824
662 1462
615 1057
1236 1400
579 1464
525 1210
931 1299
885 1549
191 1597
366 491
1105 1108
321 1750
672 860
14 51
217 262
576 1701
657 829
945 1695
240 794
172 624
553 1127
520 1949
368 748
687 1035
729 1369
298 1686
1223 1525
242 615
405 855
734 1964
49 1817
928 1928
663 1050
49 46
46 1678
690 1905
1040 1987
1248 1629
1005 1448
209 1390
1098 1959
791 1421
432 1541
25 432
25 15
15 14
14 733
1542 1729
296 1540
1072 1187
1744 1952
799 1198
23 700
1336 1605
522 1559
1119 1843
1303 1532
949 953
702 740
264 757
241 1067
597 650
250 1058
1342 1513
366 842
98 854
522 1963
972 1248
863 1038
486 824
268 844
1471 1669
807 1594
814 1101
291 1072
1333 1695
706 1257
681 1724
105 1893
355 429
940 1270
875 1923
339 1440
580 1344
909 1114
856 1836
1286 1312
113 1381
235 1536
105 1369
157 817
90 694
193 1238
136 227
136 34
34 26
26 2
2 1775
2 385
2 402
491 878
258 1043
400 908
1530 1960
1546 1563
1616 1948
583 918
1479 1830
501 1517
540 771
692 1145
1569 1874
364 1030
887 1805
1690 1985
349 1582
1663 1708
331 1395
671 1575
675 1730
686 1760
246 1945
823 1574
582 745
400 1409
107 1951
343 1322
229 1443
1072 1669
345 1211
919 969
793 1734
131 1176
131 113
1233 1534
113 56
56 2
2 1619
1684 1820
469 1365
11 405
943 1248
11 516
327 957
402 592
927 1842
551 1537
227 1301
29 910
699 797
177 1876
1446 1933
478 527
1469 1549
1777 1792
31 74
93 1954
665 1814
93 1593
538 1532
265 1304
188 1861
345 739
91 1012
853 1782
565 778
1010 1303
987 1921
376 961
1475 1925
1200 1238
1294 1877
306 700
246 1691
265 347
1097 1298
1535 1842
964 1962
974 1793
213 819
159 1497
1106 1170
1268 1595
475 1534
597 1258
298 639
163 1666
474 1042
43 1670
456 1134
1443 1770
167 353
167 3
3 1529
1740 1858
976 1581
844 1553
334 1784
1455 1476
1293 1554
355 363
439 1125
348 499
989 1680
493 1022
1414 1804
430 1555
1145 1351
1741 1852
14 1464
143 1924
1470 1975
661 1120
273 1111
1258 1859
561 1220
225 1398
1107 1274
566 836
749 1058
702 1453
556 681
918 1021
1713 1725
634 782
641 762
131 408
1154 1892
472 1223
357 780
170 1646
1382 1530
1645 1785
557 1438
498 1602
172 1810
351 1149
1145 1276
205 365
563 1310
805 1880
791 1989
125 891
415 1154
654 1009
176 1011
231 1838
245 1973
1153 1792
600 1807
74 932
158 372
1032 1577
494 586
192 1546
98 608
1198 1909
879 1448
245 1461
1246 1373
285 1881
535 1319
172 1059
190 351
468 745
1532 1773
1255 1830
455 573
822 1487
303 1187
1356 1934
93 706
1318 1672
1407 1687
765 1331
1248 1634
406 1662
351 1735
584 710
208 641
1140 1627
1173 1671
35 1110
35 25
25 17
17 26
26 1944
198 201
405 922
460 877
1001 1980
75 1899
593 1676
412 1356
282 717
740 1129
316 1032
869 1312
245 1271
1282 1863
27 1636
274 815
686 1753
298 451
137 1728
137 107
107 58
58 53
53 21
21 781
21 1462
66 173
174 898
669 1150
813 1229
295 1355
446 561
835 1586
958 1950
394 603
576 1875
1611 1649
173 1089
1451 1691
1098 1366
142 1104
1433 1557
1706 1709
481 1500
143 735
835 853
544 1143
150 1676
292 1964
892 1760
1126 1149
1495 1645
370 1951
1020 1649
671 1550
842 1076
1842 1928
1759 1895
39 670
998 1230
1371 1567
43 73
508 883
20 274
1496 1699
61 146
61 32
32 1449
32 29
29 23
23 22
22 558
22 425
298 835
1556 1625
636 1050
580 588
20 98
850 922
1298 1463
328 720
1738 1910
1116 1733
1809 1917
396 544
61 971
907 1320
822 1569
1280 1867
1507 1611
1638 1770
858 1942
248 697
483 1569
400 664
441 1094
98 1695
112 1157
1446 1882
95 406
95 267
617 1843
447 742
1405 1977
1062 1208
777 1663
1100 1837
451 734
1297 1665
1281 1652
462 1877
951 1328
50 1489
857 1756
400 1795
306 1517
933 1414
775 1834
373 1090
37 1876
579 1743
37 33
948 1303
33 575
725 1198
519 1125
1555 1624
1300 1938
291 583
14 1087
955 1976
188 1726
939 1989
439 1570
1369 1881
719 1845
972 1428
1431 1727
600 743
504 1469
158 1187
1213 1830
525 736
74 86
61 1748
276 1105
14 170
67 837
652 1275
1327 1560
897 1659
877 1134
1293 1493
1505 1619
1363 1443
213 1826
329 482
928 1741
742 1587
353 1665
1063 1239
253 955
47 545
1338 1705
47 122
1031 1834
122 672
622 913
122 967
1422 1687
355 1486
496 764
836 1589
1709 1846
1407 1689
1099 1972
437 1993
586 1217
1634 1878
1528 1595
823 1724
197 1835
149 1183
1426 1924
79 1098
344 1852
18 1075
76 1334
47 1962
492 521
285 1892
486 1797
1203 1828
555 708
390 1885
717 1020
195 957
1199 1364
751 1878
1267 1461
234 1425
1149 1418
407 1534
394 1979
646 889
962 1488
509 1644
49 108
435 1585
269 581
1058 1487
184 996
791 1689
1111 1469
93 1243
93 1382
185 835
498 1957
1171 1864
67 568
740 1334
119 1795
