2000 2000 2000
796 229
854 51
1664 1660
1423 1448
1261 1453
1420 986
1585 334
807 1810
1553 1888
1719 720
1196 974
1707 25
1501 768
651 278
1594 1588
57 1343
1524 1846
1250 343
273 1589
92 327
1619 949
1454 1191
979 293
1234 935
1129 1147
744 464
1894 1613
458 1752
147 56
9 1825
1838 1207
616 1990
1574 1673
627 1195
364 423
1816 239
1622 1993
585 1337
201 324
991 631
927 1315
1024 1889
1757 470
1652 1537
1637 1061
17 1072
317 37
1696 1007
1180 1691
709 274
877 553
939 793
1928 1372
1680 691
1110 1419
1357 30
1912 918
1678 1041
1304 1109
1975 278
1126 814
40 1384
87 892
1322 645
690 1376
354 649
1924 769
1620 1581
232 223
1951 111
775 302
277 763
1225 896
421 1478
1792 514
170 36
55 1349
759 2000
1902 762
1786 43
1693 1243
1205 235
774 254
949 863
420 754
1400 1597
449 914
336 1604
1090 1555
1682 831
525 153
959 1093
1880 1707
1254 64
1789 949
679 809
1523 1272
1175 1386
1389 1221
1513 1681
648 613
1568 1532
183 1520
1461 505
247 948
309 1805
580 1100
935 910
27 1111
626 969
842 1158
1605 1802
409 1797
928 1896
1897 866
1059 735
824 83
1646 610
66 1445
380 1741
1426 1398
1107 659
713 1675
1367 682
1745 239
900 1875
1204 138
575 98
1440 1898
1621 212
43 141
1957 1943
1855 1136
130 217
45 883
1058 1200
21 1605
1 214
505 1033
68 850
769 421
1169 1241
275 522
804 1078
971 1082
998 230
925 1347
537 1838
1921 1360
710 921
1770 110
1841 1291
676 523
780 1040
403 765
446 1480
1834 579
1233 292
36 206
1718 1778
594 1323
1759 640
1252 310
1534 1142
1643 1929
910 853
912 1469
257 452
706 1688
1758 389
1572 1143
1867 850
1970 843
345 1589
1166 740
1271 1508
132 1624
209 125
1851 951
1550 950
1996 1266
1785 411
1514 1637
1235 1210
1286 1573
413 790
919 1278
1732 1365
899 758
1767 34
708 1213
396 1252
1577 203
1599 1788
1403 1270
153 1848
285 524
545 1863
1015 1869
996 1856
966 818
474 992
1859 750
389 1512
730 762
1877 1024
1137 202
235 961
423 698
1411 507
1985 81
721 1470
465 1734
1353 1446
1579 1748
1624 1040
442 1010
1829 176
856 1878
284 1750
1636 1168
1167 1138
1019 1970
157 480
1384 1908
1840 1357
1352 63
930 1390
915 1184
460 1415
768 879
1521 908
922 326
1074 1944
849 1499
591 1978
682 624
1302 1917
1555 1154
319 1464
1405 1245
315 1796
1136 253
1517 1581
1510 1380
1316 1285
1222 938
1346 1099
859 144
974 842
1886 716
989 1223
1998 602
1686 1888
1702 1871
1268 1169
1625 53
558 1811
1413 1231
1560 1876
1717 131
569 911
111 1338
635 1625
1819 1002
1670 567
857 977
670 869
89 315
1893 1153
997 1233
281 883
665 1521
902 1259
1883 482
762 596
881 925
1531 1576
1298 1861
1918 299
740 1202
1238 995
382 917
437 96
1595 306
815 700
538 349
790 1119
817 398
843 794
1858 471
702 1584
372 884
981 810
672 592
1390 10
1210 716
1904 1522
841 275
719 1733
1746 1984
677 1697
76 127
1437 1814
122 483
1869 115
494 197
1132 47
1020 561
603 1898
1987 1864
622 1278
353 1220
263 839
1469 1591
1882 396
1629 1716
1149 793
238 1276
1165 1365
1273 1246
1448 476
1806 840
938 978
1825 1541
1277 589
504 112
335 527
1489 526
401 986
619 135
75 1454
316 1840
680 1838
1490 1880
358 241
1363 1060
1805 1572
929 424
1003 1918
799 762
229 5
688 22
944 183
1791 540
1070 968
1616 1719
1821 1122
825 80
1010 653
431 1585
1381 548
1485 1313
1113 1047
995 1843
60 616
29 35
1017 497
1004 1102
656 89
445 533
932 1722
1990 1465
812 1838
726 1168
1215 858
517 503
639 1508
1735 66
1607 1552
662 1312
1327 1487
1914 1369
736 460
1378 99
699 1369
411 686
1263 845
1152 447
1606 706
1292 1045
244 448
811 736
814 346
100 1363
1190 872
25 1985
11 1492
218 417
1412 746
1031 510
406 1341
1348 1593
164 1870
1022 796
1350 1663
1683 1325
1045 1506
314 94
1473 1364
1095 1486
480 894
1212 769
1645 1894
74 1191
542 1226
1266 570
611 1403
1339 1767
1831 746
404 1964
1231 1417
175 983
352 548
1703 314
705 1083
376 1834
756 932
714 2000
1439 107
1163 832
104 1806
1543 333
1470 1187
1964 1510
535 393
761 1944
369 615
693 1766
1306 980
375 1932
1315 1525
1066 635
1520 1393
652 1901
106 502
288 530
560 265
1021 1704
683 1341
610 395
512 877
735 1728
469 532
1871 102
1320 1680
586 591
861 1883
883 1294
1398 844
1433 1255
1888 212
490 1348
242 1436
193 339
1435 1656
79 490
241 289
696 1430
1559 218
69 1665
1630 219
1688 733
1542 1373
1288 1906
159 728
44 72
559 748
828 1782
568 1656
519 1744
142 900
1507 1211
1029 937
1776 1849
1364 481
1111 1757
506 619
1948 1995
1898 1159
189 1268
1906 709
685 488
1213 378
867 1120
1495 377
654 1380
343 786
453 621
1874 671
738 787
1744 1519
581 1121
1272 1779
14 399
259 1340
742 1425
716 1104
1033 118
54 1004
803 1052
1179 1429
530 1037
1276 94
1206 823
82 1850
1199 1603
1121 1615
533 1818
1153 402
1442 340
292 1311
1158 972
582 1122
1835 674
1784 1713
18 412
1243 827
578 48
359 15
1083 1396
1512 1401
1124 1966
589 1375
795 680
1476 40
1294 1119
37 1284
202 479
1014 413
1452 1004
330 1937
390 1075
623 353
632 493
337 56
240 1018
1628 204
1088 1179
544 1587
1752 408
1173 432
1511 346
510 1189
1069 937
368 1503
1651 1093
789 1469
751 350
1122 1887
429 1553
399 885
1994 1346
410 678
827 1776
363 1217
1756 1398
809 1997
1325 1071
524 702
1079 330
1705 1307
387 1546
1984 1864
1349 1938
464 1677
365 986
527 1477
1565 1317
493 57
674 1747
1749 532
1929 1055
499 566
1399 32
604 340
602 816
321 1718
77 192
291 1812
904 1432
984 950
322 369
1219 426
515 1095
507 1253
664 742
1974 965
908 1953
447 1353
182 1775
1109 123
1131 701
1386 960
78 1496
948 1096
279 224
1961 766
1895 292
1195 262
733 601
456 1726
890 312
133 39
1563 1318
968 1890
101 1615
1393 450
94 1698
430 1879
1738 342
1209 1703
1492 1452
1085 1735
1344 1055
1538 75
338 1367
1093 617
1699 496
1369 1989
459 1127
1309 1088
302 1306
119 108
1763 1841
4 456
1097 1476
1091 64
1861 1916
347 1893
1035 501
1660 1683
1856 329
26 835
1939 1583
213 338
1139 641
963 1999
1380 1763
1887 758
1634 1256
675 422
112 1430
1281 960
743 1114
700 1734
671 2
1438 1829
767 884
1006 1570
300 175
208 97
956 650
13 1846
234 1139
980 160
1453 287
1836 1789
724 434
1265 976
1962 982
878 146
1976 210
1779 1124
1326 1342
786 1275
1533 721
821 655
1118 744
1125 301
1879 1564
217 1372
967 1447
650 382
1067 1658
1768 852
86 20
597 511
128 1606
30 1242
1716 1300
433 1982
41 1074
1002 1887
1561 1331
1188 1257
646 1734
1289 121
455 780
1873 1832
72 644
1145 926
950 311
407 1623
864 321
1082 1791
23 2
1663 1862
346 1122
655 1117
1385 1931
22 752
566 1986
221 506
374 1321
1668 1585
614 1108
320 329
305 1421
155 1068
1685 722
755 354
872 1954
1852 63
562 1753
534 1815
1057 1710
541 333
1934 403
1463 84
1525 372
1337 1173
1478 633
1742 1508
898 724
1005 107
840 1526
1050 1472
554 52
1211 467
965 1506
999 583
1739 330
1008 1021
921 1980
1415 441
577 76
440 1859
557 1725
1892 29
1116 1602
1249 454
50 1068
860 501
936 80
1444 1780
1571 1048
1247 1289
1127 1183
1062 970
231 1809
1982 1821
1905 1857
299 1950
549 1537
776 1259
1782 1540
1372 1269
731 443
91 996
1228 774
1027 1051
1552 128
350 1414
1650 592
1237 734
641 1646
1988 1457
1638 989
1359 871
1279 705
660 427
129 172
81 1235
1633 1580
1760 1626
115 1020
1845 953
1168 1968
1351 1947
450 1441
383 823
833 636
1429 1095
1963 1462
1875 1170
661 1029
290 780
261 792
906 970
141 1450
918 282
1362 87
438 1852
1422 282
1740 12
501 681
1673 1358
1141 1977
1814 1304
1919 1924
1697 184
138 458
1712 903
488 1973
926 520
1981 297
1096 1925
909 332
200 994
853 1474
587 1134
1299 573
224 465
897 552
1408 1352
1995 752
1275 4
293 1236
640 1611
1201 1903
1283 213
1803 237
858 628
116 1976
1842 1997
1140 756
1229 1189
1665 88
1804 1530
644 915
642 1176
1114 1732
1251 1178
1728 1551
633 1408
1460 1481
846 1696
741 541
471 1371
540 96
1185 170
1056 558
145 572
1236 562
496 1822
1659 1569
931 1510
1328 142
351 837
837 1751
1721 546
1187 1657
1451 1816
1475 42
1177 1034
1503 728
820 1867
165 1301
360 1920
173 1768
747 1581
692 918
1164 755
1151 893
1043 1929
839 1830
613 779
1596 615
1108 878
514 316
734 1614
951 1642
1737 1944
1156 1787
531 806
1822 1068
35 1557
1182 313
349 68
1666 1891
1863 232
1973 1281
1197 515
826 183
276 256
1581 1544
417 1467
470 348
265 1080
255 1798
1365 1964
1720 1144
829 875
1317 571
781 1125
214 1166
478 1424
1162 566
588 1994
1773 1008
1566 855
1655 861
1960 1017
1387 1528
1953 363
1787 1352
1540 304
487 1951
1112 1161
943 176
1854 1405
1701 1708
754 1133
195 1455
296 1031
1044 1049
1944 71
1583 374
1308 263
882 113
1857 851
1223 1918
764 1789
1968 580
1896 527
500 1582
52 1190
1264 193
1054 882
945 1222
1028 409
16 468
328 1852
791 272
160 622
1232 171
749 1869
1910 802
1314 1102
1354 778
1674 1960
1642 1813
873 62
227 652
647 1930
140 1866
207 1844
1270 153
1278 777
71 150
1506 423
1018 1881
206 1107
1935 550
269 8
220 107
600 930
472 436
1303 863
1810 1910
1610 519
1878 1131
148 280
1262 1379
1052 964
851 1264
1060 1590
1312 1064
1450 1865
1723 801
1430 811
1226 148
127 821
243 1366
1613 1603
1154 927
311 136
1216 920
1736 513
1801 1567
797 1169
1809 665
1089 1956
1989 1299
1850 907
1499 407
1120 1692
48 834
1671 1043
10 1991
398 1650
1817 322
601 34
1909 885
509 69
615 1271
20 1771
1692 1994
1911 1135
543 1996
894 1952
1172 730
1013 1963
1130 15
121 751
516 1859
1285 510
1691 1724
1649 63
1853 614
704 1622
211 276
552 913
620 1020
1591 1423
563 1557
266 1721
1401 877
178 1851
1356 1214
834 1274
1677 124
223 1923
1477 1238
1011 1059
1557 778
703 1353
1788 759
711 217
210 1399
987 1485
251 1067
548 1114
134 1503
571 1955
752 1919
1016 269
819 1741
1942 357
1536 1961
1323 1000
393 1511
583 183
937 1784
1604 964
1150 1617
355 1985
1562 942
1575 1271
1051 1262
522 822
592 905
1360 1456
889 1489
64 971
467 240
452 19
668 1019
612 422
1684 758
154 1125
51 240
608 924
1007 1664
1947 1548
143 493
105 1573
59 1686
1181 735
484 1295
521 1471
678 309
1689 1654
264 377
598 1556
1730 1690
73 1473
46 1235
579 1342
564 1574
1743 1097
550 1461
239 1820
1681 250
1459 626
985 1586
188 1800
838 147
1708 1394
1049 1652
1811 1015
1839 1492
737 534
1146 998
1295 1200
1157 1246
39 270
1837 535
757 1612
1750 1568
341 765
1034 1882
1954 1845
539 1324
181 429
1055 4
1038 828
405 384
1496 1410
1899 164
1647 1597
1627 1020
961 1081
185 375
1338 1507
1248 391
1119 446
1794 109
1715 471
1214 1554
1532 988
760 1112
707 1263
379 1248
1257 1855
1774 710
551 1505
1379 1651
669 520
1012 14
334 554
1927 805
191 442
62 1054
32 1672
609 1014
715 1321
1230 906
1980 1426
573 159
1318 773
34 215
1220 1723
1101 1702
567 1784
1143 1854
1467 1438
630 1594
381 1145
1570 955
1952 557
1569 841
923 1921
933 1727
1142 320
1030 686
508 1421
727 1577
366 928
1241 1518
294 41
532 418
911 603
180 1910
482 474
1290 901
1588 332
186 1833
1537 109
502 902
1545 1895
1382 1723
1567 451
384 186
1160 1409
1529 1090
1618 880
1823 1351
1632 701
439 443
1468 1640
1959 1412
992 1258
800 1232
118 693
1580 581
31 941
1790 1820
1274 837
1138 587
498 221
248 703
1333 39
1549 1619
1978 621
1997 156
917 1959
1259 349
454 167
520 387
570 798
1950 642
1576 1127
1221 1468
953 1171
1300 1801
12 317
1313 1692
179 1172
457 847
1410 1965
1983 946
481 1676
158 305
123 1873
102 509
1965 564
426 975
162 931
388 1971
771 360
1617 185
1472 1650
1334 198
177 31
1053 22
1923 643
196 496
978 269
772 760
1065 629
475 1305
782 1044
362 1703
954 684
324 1941
638 1280
866 1113
1443 1075
268 414
1431 1610
400 365
332 1695
1117 356
139 1050
1824 149
1086 1434
1544 1285
271 1593
801 1261
962 1585
862 1873
1860 877
1498 1596
1455 1979
1797 1910
739 1403
1488 692
1589 208
1828 174
830 669
875 1846
1508 808
1598 45
1832 1701
718 1911
1938 140
1556 662
1706 1346
412 1225
1812 77
1527 567
1940 1310
1319 979
1766 1558
1747 892
397 1506
687 167
694 1685
691 1239
1336 639
643 1915
67 783
955 1853
88 1599
787 598
766 1927
1992 1667
187 559
245 787
1726 1761
784 1311
628 428
1826 1790
1441 1810
667 1388
1930 570
745 1198
1519 1562
1955 1983
576 157
136 1576
1406 1370
1889 462
441 236
103 489
605 422
1777 318
386 718
53 966
1497 1286
1518 1632
1603 1
885 1536
1026 487
1807 1998
19 916
98 284
1370 1561
1626 33
1425 1577
443 504
903 1301
1394 1823
1881 1655
1081 1288
1434 1392
97 1157
8 109
226 1424
38 371
831 1874
1341 1163
1597 1377
246 1001
230 157
1072 1748
879 312
144 1305
913 1308
444 181
777 499
1891 39
836 862
765 1816
171 1539
394 250
1979 463
1305 623
1698 1065
1526 1322
1764 1628
952 1313
1491 285
166 1694
152 1406
1189 889
371 388
1269 308
914 1761
491 745
307 798
1161 630
1194 1848
1207 1897
1073 29
1135 251
340 1474
599 963
108 1400
1635 1758
1972 1290
1464 139
697 824
1554 570
483 500
1653 860
1901 631
986 962
225 290
1993 676
1402 812
356 3
28 1881
1242 1560
1407 1275
1504 279
1361 199
1724 1499
361 1780
1340 1936
596 352
1592 807
428 680
65 1247
151 1729
1654 555
1123 1706
750 858
1830 1302
555 209
418 1782
835 887
1128 1130
976 1736
1032 829
1483 125
326 1796
969 1905
1077 526
958 1616
876 1792
649 201
1690 95
1535 396
1159 456
1644 1952
1796 300
1335 18
1956 771
197 723
370 1769
1217 1764
653 1884
852 1542
1932 719
479 1942
1908 231
199 1323
1133 929
1076 1451
621 657
547 689
850 246
1457 708
728 556
492 1271
1466 1442
1672 1280
7 455
61 228
1612 1389
83 560
1374 1791
1040 1811
1844 1283
90 79
1332 148
565 455
367 735
1631 1633
1500 876
395 194
1377 27
1418 1037
1260 179
1446 1310
1311 1254
1071 575
1331 1458
574 1912
1657 599
794 498
1601 1201
1755 385
5 1868
1494 800
869 1167
722 545
1753 1128
1170 585
477 1563
1176 1765
1458 277
391 392
572 736
1001 1504
634 46
58 1598
1417 831
855 249
99 685
1593 1648
970 1641
250 1154
1969 1565
1915 173
1174 825
1203 417
1479 105
1775 1636
1608 245
546 211
503 1435
511 468
1711 1842
156 336
1310 981
1100 511
286 1536
893 1946
1098 1912
746 1729
1102 1260
434 1361
1714 1057
215 1042
49 1005
1239 528
960 1409
357 577
1679 539
1368 28
590 1879
33 1669
1694 627
339 1182
262 439
556 1185
1967 1989
497 1089
1748 1490
1781 1718
1516 711
1658 1689
1218 1580
1945 1073
1903 390
1933 1210
763 234
1541 104
1937 1975
114 455
1710 1507
1761 1996
673 1151
1471 1533
1548 1855
1284 1140
267 499
192 1899
617 1350
1375 652
1280 874
593 1491
844 1500
993 480
1409 1945
1917 1770
184 1103
1815 1360
377 47
1186 976
880 1600
392 689
1546 591
1648 257
1772 353
1564 247
1103 244
553 445
758 954
666 226
1240 1149
822 242
289 1704
518 142
1474 459
1547 1420
1941 1400
770 1077
848 1914
174 162
1602 1059
1656 167
1991 49
1798 325
1427 386
896 195
1371 1604
720 1939
24 1820
1307 1674
629 1203
1388 806
698 1493
1419 912
1868 593
1667 568
636 1836
871 1309
419 1206
373 1592
1424 677
1104 580
70 1002
941 1520
982 1297
561 911
1493 436
901 1110
847 1786
983 1972
190 152
1297 1789
1509 1629
783 73
584 820
126 1909
1913 1178
1296 814
385 668
934 523
1192 1086
1293 117
194 1431
753 1240
1558 541
462 1783
1482 298
466 1671
1722 65
270 1265
684 1390
870 958
109 1378
895 1165
1515 1736
1778 517
161 1207
1866 1678
1946 55
1245 713
1301 1594
1900 338
1600 1905
425 663
886 507
6 255
1198 539
329 1658
80 351
1373 1248
1256 264
1611 1877
95 1391
1966 457
212 1205
884 1901
1061 410
748 216
905 1070
137 1663
1037 1670
868 402
1986 366
146 590
287 106
1793 733
84 1079
920 938
659 1746
1676 865
1958 934
785 342
1481 177
988 1595
489 881
1465 1334
1484 370
304 17
1487 1204
1345 875
168 42
865 419
1329 660
1134 103
1227 944
1144 1757
1843 1032
1925 41
280 44
1064 1129
172 520
1639 1492
973 118
1480 403
624 1778
802 732
1092 1420
1456 1622
96 1053
451 673
729 1608
1551 1332
887 561
15 694
725 1858
313 674
252 829
805 1360
818 791
1530 38
1224 675
942 1387
792 469
1383 788
1253 1227
1191 1404
1916 1410
717 879
1640 122
1734 319
402 742
1046 4
473 1477
1000 1161
1428 1274
278 1196
1105 17
1847 1630
1099 1837
513 168
295 6
416 1749
972 1180
1078 1014
1115 290
463 1509
1522 1327
523 1613
204 1774
1366 1231
1872 407
1727 1234
1609 1141
1999 606
149 578
1462 813
110 521
219 1808
427 289
637 210
272 1006
1436 400
1391 1484
1184 466
1539 658
348 1935
125 576
342 477
1833 92
528 444
607 67
1725 288
298 1341
1862 1760
2 143
1505 1009
176 781
595 676
1321 178
1208 551
529 705
1528 222
1751 79
1084 1268
1358 725
1780 1690
1675 187
1183 1328
222 1397
823 248
461 776
712 990
1087 752
1926 1216
1416 1656
689 405
686 1442
957 712
1818 667
1802 947
1614 411
1246 442
258 213
435 108
1615 1386
808 210
1255 166
810 1066
1662 1791
924 1137
303 1313
1055 58
1267 980
1414 536
1147 1148
408 1638
1355 1601
773 618
1762 1824
167 1916
249 1449
832 1857
47 868
816 322
806 904
1042 1320
1106 472
1025 58
205 1265
233 785
331 1073
1971 1661
312 1192
274 922
1445 1335
1713 1098
1931 639
663 1208
1047 1814
1036 654
1582 1759
1392 698
169 163
1075 491
1922 539
256 897
468 1164
1808 1693
964 1011
297 16
308 1844
117 1367
1849 1705
333 544
163 1249
131 1219
732 1341
1669 1433
845 1962
301 699
325 1847
1709 573
237 819
606 190
1080 1063
1920 1150
1813 1497
625 259
1171 1228
85 298
793 1513
1687 941
1048 564
253 979
1330 1841
1148 873
1936 420
1343 1023
1695 886
476 226
1848 1831
1068 415
1449 1850
1200 1780
414 1054
1291 898
1704 1084
107 753
1884 1230
723 416
415 1013
1885 1410
778 91
198 1755
1729 669
93 1249
1943 996
124 434
1733 1743
282 1068
1573 1566
1023 707
1486 870
1202 987
1447 1319
1741 1118
1009 1523
323 862
1178 686
1820 1535
681 1659
1432 1495
994 290
657 1998
1623 1383
1587 1891
135 9
1907 118
1342 233
946 985
1765 1988
1949 1514
1039 189
1421 557
1590 625
436 1682
1870 425
306 291
863 1895
56 1653
1324 1359
1396 74
1771 859
1193 624
1890 1026
892 1913
645 100
120 1158
907 891
254 362
1584 846
1864 1620
150 670
1578 101
1397 60
975 697
536 957
526 149
3 648
42 838
1244 1344
1376 728
1395 1766
1094 1930
618 302
1063 1608
701 859
424 295
1404 455
874 1452
63 529
779 757
1783 1700
1876 1609
1865 608
788 1949
203 376
283 808
1754 1149
1287 770
1846 1463
888 1036
260 1146
1641 660
947 1717
1258 440
378 266
695 1680
318 836
891 67
1502 1378
1795 884
1800 1083
432 126
940 522
486 1176
658 1263
485 1279
1977 1969
228 332
216 484
236 1607
798 217
813 890
916 345
1282 1821
1347 21
1700 1804
344 1927
1155 1281
113 1904
631 494
327 1635
1731 422
1827 1354
977 287
422 782
310 650
1799 1234
990 1085
1769 1027
495 1037
1661 1101
1041 1022
448 1355
1586 1740
1 758 1587 1245 1234 442 1325 876 952 1812 1339 668 1338 705 1293 407 1353 620 1576 1090 1914 1856 1978 172 1909 1362 227 1726 198 1180 697 1882 560 1428 1029 579 1598 1771 1431 511 481 839 1347 908 1540 596 35 99 1019 669 80 556 238 440 567 1967 1590 94 625 1650 833 437 140 819 672 1667 1311 231 1409 1494 1675 1745 1964 1223 1983 493 152 210 998 1402 854 869 790 628 1398 1511 1977 1030 253 547 154 1169 449 1453 185 427 835 361 1830 122 54 1826 916 1058 219 1261 331 1567 1367 360 362 1137 1236 708 1974 1864 1865 1792 875 1984 1057 1278 502 1633 1238 269 150 1986 1731 339 1854 847 1471 1371 1563 1298 520 1966 1624 1088 1930 1820 494 431 117 1971 1451 1600 1317 1645 656 1605 403 108 1061 1801 904 1390 804 618 1913 929 1357 153 1759 497 975 591 1824 1878 1816 1735 1081 1949 661 600 405 1775 1755 1149 1225 1364 346 1542 634 987 1257 1815 132 1674 779 423 1117 937 873 1445 1831 1400 90 891 1554 1229 892 242 607 1219 1448 806 1472 871 1800 71 1063 168 1415 1405 732 366 640 1446 1537 670 683 1454 1579 533 1767 1749 534 862 479 1455 412 499 1047 602 802 1051 1599 488 1620 1934 581 165 1491 398 1591 105 1441 1232 555 1761 1198 495 1921 257 310 1010 298 369 251 392 1276 714 1597 1553 1676 1071 1622 1583 303 1316 134 575 1287 659 1926 74 1672 1683 478 1495 1465 720 281 323 1443 1677 612 1414 1021 178 61 34 1017 1855 348 1247 236 1376 516 1628 1738 1160 926 1141 991 444 756 1558 1457 1757 1782 300 902 1014 818 264 1258 129 299 1095 1996 1395 842 1392 1509 667 592 1734 1876 1515 642 1055 1389 76 647 1379 1216 1483 363 853 492 1292 466 401 1274 931 1335 1556 636 912 517 291 404 722 1701 907 282 425 1545 702 504 886 1611 611 1211 1295 1594 1647 754 541 955 1043 1012 1346 245 885 133 387 333 462 1795 1044 1561 1835 358 1024 1307 1811 757 1541 1438 1912 1105 850 1230 1224 1501 1908 840 126 1733 638 1111 1176 1498 887 1407 48 267 19 938 81 877 733 1724 1546 1884 1168 572 590 1562 273 1408 778 750 1695 1038 63 1143 903 1989 1489 948 1064 100 1560 1548 1078 788 1155 718 457 615 1206 507 619 1183 1834 115 933 167 693 896 127 1342 1539 1248 1744 1079 960 1332 201 1536 863 1241 349 1313 292 986 266 121 217 1032 1146 992 297 311 1858 1828 527 675 1968 1177 753 994 792 1275 21 1425 1577 480 741 807 1621 884 1873 1116 512 1036 515 1725 1699 461 211 15 1412 246 1948 1190 1085 146 1212 1153 965 456 1290 1748 293 1239 1954 156 270 924 1514 1163 944 1237 1709 923 107 188 1601 1372 482 233 223 216 535 1330 1585 747 1366 812 186 1333 112 1727 435 1345 603 469 982 1841 424 447 798 1049 1136 451 58 959 388 1422 1282 976 56 195 1769 1559 1165 1084 1708 1533 1166 1595 673 204 335 119 16 740 1387 580 169 1482 220 545 1308 1187 243 1348 1125 1040 40 957 1607 735 1156 1037 255 852 1469 309 662 574 1889 1688 1251 1124 1179 1662 342 294 1404 677 176 228 1467 1746 1874 1096 306 86 384 414 655 37 474 429 1543 651 265 1661 1426 1535 559 406 883 1788 364 514 1670 1722 1470 1875 1916 816 1162 1549 771 1154 1634 1170 1900 1756 988 713 1210 182 1785 18 1871 968 1666 900 874 109 1132 1639 1980 1610 1659 475 1259 752 1255 256 748 1794 159 1122 353 268 1508 1337 503 1242 1199 1319 895 290 1045 467 92 927 1300 1060 254 865 715 561 17 711 727 1500 1329 180 355 1142 208 657 276 1844 1942 1523 1082 1839 1993 1197 1521 767 321 1998 1807 1640 373 1706 307 445 1612 464 209 1566 1737 809 215 1710 416 205 1312 22 699 1119 1713 1531 1340 1228 1822 120 801 918 1527 1632 730 1552 98 1260 1736 1758 1970 1629 49 1046 1222 1305 463 1896 1671 473 1477 743 921 1209 1783 1304 1959 1468 1649 1493 459 1306 1931 443 829 1048 523 947 836 1285 759 1602 1152 811 1803 1891 1463 1034 1613 1310 564 190 72 1460 389 69 1534 1689 751 690 609 421 584 913 171 1416 1522 821 505 1703 1419 1368 1705 278 599 1123 613 890 1233 5 627 1849 1569 799 1164 653 222 522 910 1059 775 1050 1449 95 956 1965 867 1321 1447 1819 1603 1120 6 1178 308 1114 1068 250 62 1181 1568 1499 791 963 773 1328 1512 528 189 1823 665 411 1377 1006 1972 1616 1678 880 1682 905 1550 1894 614 1243 1391 1118 113 1979 1507 1939 110 1991 909 666 536 993 1066 477 808 313 597 1272 1359 1175 1033 637 9 103 376 218 235 1202 974 1644 605 1728 1904 375 1860 577 721 1653 1851 1817 162 1938 179 1394 604 454 1519 78 1097 1031 578 1204 922 710 915 20 317 96 1957 83 846 1184 1530 630 68 654 327 1303 601 11 855 772 1928 1784 1289 381 1825 1403 1797 1273 428 1927 192 1572 1277 336 1668 1779 12 1985 1109 1776 203 393 199 1907 1609 1656 985 1862 1450 1821 44 1435 793 471 671 1268 141 149 258 32 157 1623 1355 1760 984 350 1356 249 1702 1715 843 38 1193 1108 728 1411 894 1253 82 828 544 934 684 644 465 1915 1753 329 164 1437 762 1840 1982 422 1627 1578 470 939 529 1381 1655 1925 616 26 1768 1962 448 1148 1011 155 744 24 326 1018 570 794 866 1464 1087 1846 1589 1747 496 1217 1902 42 356 610 484 29 296 763 844 687 1072 1459 769 686 1529 302 1126 1115 1994 436 643 64 1520 1764 1990 1751 380 1679 1987 706 1294 549 1951 500 707 1853 1386 796 1588 1384 1805 1073 1697 1281 832 102 1336 785 977 1881 1089 13 1777 476 1410 1681 1625 183 731 1575 1022 940 1648 897 1496 1574 1420 521 1740 1586 972 554 31 145 870 1565 1302 147 1786 170 197 1704 797 312 1240 1000 1341 1762 1950 631 316 1315 114 1107 1167 1517 585 214 1286 573 943 288 1370 377 88 1427 1693 489 1686 1476 491 858 1707 838 1249 206 1787 919 1256 1637 1872 1397 274 1456 1466 1615 128 1227 1322 1185 1692 1570 1608 1436 1893 1378 971 849 546 1502 920 543 234 1899 1320 226 1999 1802 130 691 322 1887 606 676 1766 1973 558 1461 1711 1573 111 23 426 124 144 1870 1015 1452 1732 1161 1673 703 301 911 262 173 1250 1658 1857 837 25 1582 726 284 1685 1606 1490 1642 932 386 1924 925 1076 1518 352 1955 983 881 166 1263 537 519 1944 1506 664 964 28 1898 737 824 77 787 1739 1140 540 136 3 1200 41 1267 14 1526 1385 181 1618 1532 490 4 275 583 582 391 1564 193 1528 1070 1150 413 365 485 1789 399 966 1442 930 1101 260 621 1028 1113 1765 789 1131 782 151 75 1581 1643 1580 1895 1007 1956 1358 898 712 1700 1868 1497 941 1810 125 89 1691 55 831 1712 764 1917 786 43 1433 1903 1879 263 1478 1997 1215 252 45 1188 232 1159 1804 1780 1265 1897 945 530 65 1504 1485 784 1861 774 1065 378 856 995 468 397 652 1327 518 632 935 1027 1626 1723 1291 942 344 1717 650 641 1351 524 800 1001 237 1324 36 958 565 1741 1094 1867 1201 1195 1638 1547 795 563 1458 106 1069 334 1480 483 1023 820 1086 674 682 1976 999 289 645 320 539 1100 1584 576 1750 1373 212 689 1929 202 1009 978 1684 1614 777 371 1220 1207 1492 332 1221 1791 46 704 997 1331 1218 1963 1418 1833 394 501 551 1016 1992 1918 1730 1083 85 1888 1189 194 1720 1901 814 1383 825 1593 679 1524 221 548 1969 1099 810 1365 1013 1718 174 1296 446 1886 1952 1432 851 1906 1323 879 1799 1171 1988 1380 1936 1516 409 57 1361 1104 1829 207 438 1790 815 118 749 229 434 660 1604 225 305 1772 1555 1510 1635 1080 680 347 1654 330 888 1742 351 1393 1778 1505 1399 1818 961 1301 588 1041 1413 1106 1808 472 97 1110 1781 1680 928 1729 50 1636 487 739 1975 138 1440 1151 452 1596 1191 882 460 649 1363 1716 368 1657 1892 1052 1067 101 1474 1714 1961 979 1845 803 39 688 1112 70 1798 1172 805 755 432 1147 1344 694 525 286 1008 1423 859 1475 954 685 1646 1343 382 52 261 1135 135 1922 1434 143 1246 1128 8 901 738 717 552 1092 328 1763 1182 1252 1194 542 586 864 1919 1619 283 30 1074 277 439 148 1687 1651 224 91 1157 66 1484 1933 137 593 1102 2 946 1923 455 415 1129 996 295 914 1743 692 1481 1958 917 508 1270 608 1350 969 196 1847 766 131 1004 893 760 1421 817 729 379 1885 1880 1299 343 622 1960 1297 79 1130 84 1869 359 338 240 598 826 1288 1318 1062 526 1192 1139 594 73 681 1544 1406 639 1382 1352 1694 1814 949 1208 899 1134 1158 1020 830 1375 1026 337 1439 1042 1660 315 280 27 33 1174 568 1911 509 1842 453 700 1538 1557 10 175 1266 433 1093 719 571 695 1806 822 1843 624 1641 742 1943 450 1103 239 1932 420 1995 1473 1592 1205 1690 878 285 244 1374 1369 191 458 1617 557 1002 538 390 400 1056 1284 553 341 1631 116 1754 1513 1226 736 1309 510 1053 1479 617 1877 1360 970 1025 635 1946 1863 60 367 827 724 213 872 1832 1837 104 395 1444 396 1417 325 1488 725 47 383 354 981 745 241 287 1525 1075 230 678 845 531 1005 357 184 279 314 1173 595 532 419 53 1401 160 1144 123 1039 770 1349 1462 734 247 1354 1935 967 1269 783 906 1920 370 1244 698 781 1883 441 1696 589 823 1859 59 857 1054 1133 953 1770 648 259 158 768 1424 1752 776 1551 861 417 1271 1098 1003 187 1905 319 1721 1669 1848 765 1334 1698 139 562 2000 569 1827 340 626 318 1773 587 633 1981 1213 1503 780 410 1138 272 1774 629 163 372 1571 161 248 1283 1663 1850 1630 950 1487 623 1945 402 1809 658 1429 1262 1326 1264 1121 550 566 1396 1388 513 408 498 860 1486 67 1910 936 1186 834 841 1838 345 1203 486 1145 1231 1196 324 430 1890 177 385 1665 1947 1279 87 142 646 1941 1280 696 1127 889 868 93 7 1077 746 1091 951 1235 418 51 1664 1796 1214 990 1793 304 973 716 1866 709 1314 1652 1719 980 663 761 1430 1035 813 200 1937 1852 723 1254 848 271 1940 701 1953 962 989 1836 506 1813 374
1178 1335
10 1091
7 1079
1249 1894
100 35
35 27
27 14
14 2
2 405
146 1351
112 542
117 1240
63 42
425 747
42 20
20 7
7 292
578 1909
8 5
5 2
2 694
165 115
115 85
85 46
46 1846
794 1253
132 3
3 2
910 1482
778 1822
2 755
466 1821
138 113
113 14
14 1737
1136 1951
108 1897
191 146
146 20
1131 1348
107 1958
575 1262
20 8
8 464
193 167
167 145
145 45
45 8
8 1697
75 34
34 694
34 8
8 1021
44 847
239 1814
219 37
37 53
1101 1885
53 483
87 1951
264 1378
68 1319
156 1732
199 439
12 4
4 3
119 1727
3 2
2 1955
231 164
164 143
143 30
30 1282
118 19
19 1076
115 1622
363 739
29 22
22 515
57 260
59 180
95 75
75 41
41 1549
1129 1407
860 1711
41 573
281 1725
172 67
67 60
60 45
45 474
181 72
72 58
169 703
58 1872
149 1513
193 484
49 1115
110 77
77 607
213 1443
39 29
29 24
24 635
24 48
48 28
460 1840
1881 1979
28 1961
196 194
194 522
105 163
105 367
245 811
1126 1870
535 1043
268 81
81 536
232 198
198 130
130 364
274 1777
989 1902
233 1950
335 573
422 1873
280 183
183 1259
336 93
93 21
1578 1776
21 11
1695 1982
11 10
10 3
3 2
279 897
2 1006
2 537
63 1021
999 1327
63 104
104 40
40 25
25 24
24 359
737 774
166 1685
365 1878
718 1179
163 61
679 1762
61 50
50 112
112 635
1337 1588
112 86
511 758
86 77
952 1670
77 11
11 83
83 16
79 348
16 13
13 1219
162 148
148 4
4 3
3 859
382 63
440 1822
63 787
834 938
668 990
909 1167
680 1992
1247 1901
1070 1680
292 217
217 1323
53 1241
33 21
21 510
31 3
3 2
2 1726
1157 1286
388 151
990 1531
151 610
74 1409
74 1554
190 905
110 4
4 759
99 85
85 817
180 1833
391 173
173 96
96 591
96 566
43 7
7 1567
360 1011
900 1961
217 136
82 132
136 132
132 111
111 28
94 1474
28 9
9 4
4 3
3 697
290 635
354 335
335 16
16 194
194 743
405 995
298 177
177 639
133 832
17 1374
114 42
42 34
1167 1761
34 389
34 1414
179 8
8 5
100 576
5 4
4 1067
327 1430
327 499
362 46
46 1370
309 181
181 1299
354 126
126 661
306 276
276 98
98 68
68 346
349 18
18 1104
302 104
104 1133
364 180
180 546
763 818
456 326
326 311
311 134
134 85
85 1179
464 27
27 584
27 1203
170 1628
1366 1487
43 26
26 4
4 1703
909 1500
331 174
174 1220
444 366
857 1923
366 222
1310 1657
222 116
173 960
502 1566
116 225
225 111
111 106
720 1051
106 818
106 902
173 1832
260 233
233 1210
483 98
98 359
979 1637
65 1914
98 1177
359 220
220 1165
18 12
1151 1511
12 1430
12 253
237 539
253 425
12 1484
75 1677
295 253
253 246
246 233
1711 1792
233 251
251 116
116 37
176 481
1325 1384
37 1814
37 715
346 1515
290 1129
94 12
12 11
11 1137
11 440
29 207
29 15
15 13
13 2
2 670
127 1503
136 34
34 996
341 724
412 1999
1661 1863
152 1829
367 429
49 1378
49 11
11 3
530 850
3 2
2 1616
537 908
734 1537
425 901
87 55
55 1756
195 1478
283 262
262 592
244 370
499 1230
33 20
20 515
1496 1642
31 1025
20 1188
20 130
1305 1768
183 56
399 1738
56 894
564 37
626 1706
37 2
2 43
1201 1791
43 677
1692 1712
676 1332
525 319
319 16
16 9
92 260
9 3
3 2
2 830
1589 1934
455 673
612 1873
368 417
206 137
137 124
124 29
29 703
542 402
402 1546
511 884
400 316
316 166
166 6
6 1807
6 4
4 3
3 320
1186 1358
429 687
440 1202
573 20
20 1653
18 6
6 4
4 1390
1026 1443
403 1312
438 826
474 886
212 157
157 1105
371 293
293 699
293 1458
140 33
260 1847
33 347
77 1904
77 1967
77 17
17 5
5 3
3 154
202 395
58 31
31 24
24 1992
719 938
24 17
363 1997
786 1741
17 587
473 1680
74 3
1857 1953
3 2
2 844
2 1409
509 715
2 1854
2 1811
214 1798
509 1963
584 934
182 903
182 891
529 1022
536 1778
591 568
568 1156
608 363
363 772
610 1006
93 1607
65 30
383 558
30 15
1181 1906
15 13
13 1967
826 1132
13 1779
544 1577
641 387
387 322
322 267
267 136
136 331
934 1571
331 75
75 444
280 1358
444 1585
182 1477
200 434
369 378
392 1745
283 1138
471 1176
283 130
130 1665
205 1401
512 1431
401 1090
573 1192
473 211
211 643
211 129
129 48
48 15
15 703
15 11
11 9
1917 1981
9 7
7 6
577 1686
6 321
6 1803
6 5
5 4
4 287
4 2
2 68
68 45
766 1350
45 23
1681 1886
467 1509
23 2
2 1543
610 1695
522 384
384 425
425 767
71 340
326 322
322 254
254 1846
254 578
578 167
167 56
56 7
7 6
1182 1366
307 1633
6 5
5 690
307 32
32 1187
154 139
139 19
19 5
1373 1562
5 3
3 2
2 1382
115 113
113 1662
628 297
297 1461
297 1176
664 616
616 474
474 1527
333 164
164 975
4 3
3 2
2 69
546 421
421 664
400 1846
1085 1178
611 273
1131 1793
273 1315
11 388
11 10
10 722
10 8
8 7
1169 1809
7 688
24 1780
24 21
21 15
15 6
6 1874
561 234
234 81
81 1155
22 18
18 13
13 5
5 1250
5 1648
210 711
385 1146
437 1465
119 58
58 1274
58 568
58 53
53 13
436 937
13 6
131 772
131 130
130 90
90 52
52 131
131 1008
410 1179
131 32
32 1390
6 2
2 1473
410 268
268 218
218 64
64 16
16 4
4 2
2 1003
2 674
32 28
28 19
1272 1644
19 7
7 4
4 3
3 546
3 2
2 1965
133 66
66 54
54 1754
54 1957
1357 1474
83 14
14 10
10 6
6 628
677 371
371 134
134 139
139 15
202 1436
1517 1784
15 13
13 1931
36 1166
361 1584
36 13
13 11
11 1733
91 1657
11 1677
11 1958
260 204
204 92
323 777
92 1161
728 1082
745 1877
569 941
248 1741
321 1876
624 555
555 360
360 337
337 32
32 12
12 2
2 672
2 799
423 213
1229 1441
213 69
69 18
1537 1953
18 8
8 4
803 1332
4 3
3 2
2 1128
993 1049
969 1298
448 1200
690 1796
350 513
346 1929
9 1007
389 616
239 1851
239 66
66 243
243 1432
270 798
400 439
317 220
220 881
597 272
272 766
136 114
242 1621
1362 1838
242 376
376 244
672 924
244 226
226 202
202 219
219 1173
114 438
114 80
80 24
24 6
6 2
2 637
658 799
403 1759
455 1804
406 1327
247 836
377 1156
259 718
194 957
1407 1511
377 1072
632 1080
284 23
23 889
1297 1738
23 17
17 6
6 4
1773 1995
573 1916
4 439
4 2
2 1070
439 1920
143 113
113 7
112 1376
7 525
340 1535
7 740
1595 1632
125 1501
496 1696
155 162
727 562
102 472
651 1628
102 93
93 120
120 17
220 1911
17 4
4 1092
220 225
225 95
95 533
619 1264
562 717
562 445
445 186
186 69
69 136
136 1689
533 868
717 605
605 644
644 1775
215 406
350 252
252 1745
252 116
116 74
74 539
122 21
21 2
1244 1675
2 1443
2 150
150 19
19 14
14 1048
162 41
41 576
156 787
156 1540
227 1990
757 822
128 115
376 1147
405 1751
115 812
326 101
460 571
101 65
65 1920
65 1733
65 351
351 649
649 153
153 603
603 235
235 504
504 254
254 214
214 1050
365 1197
214 65
65 16
16 6
6 2
680 1445
2 1530
1018 1706
366 184
184 102
102 3
3 2
539 676
2 1683
716 311
311 1717
311 208
208 259
259 258
258 1893
258 205
205 69
69 931
12 9
9 1084
287 1126
732 1523
809 1504
579 523
523 78
78 30
30 192
192 162
162 505
505 1307
505 468
468 533
652 944
533 1994
584 1192
533 96
96 53
53 440
440 401
794 1919
6 528
401 1383
448 383
383 1648
383 219
507 1194
219 354
354 1002
635 1236
661 1476
864 935
135 1005
135 1766
401 29
29 558
629 489
489 430
430 1815
436 368
368 896
584 1197
368 1853
639 310
310 1236
310 1623
266 192
192 154
1644 1822
154 1098
359 6
6 4
4 1036
690 1617
373 119
119 1974
119 91
91 34
34 929
34 1690
156 1030
664 1904
792 47
47 2
2 1308
556 1279
645 1864
776 516
516 419
419 79
79 1975
36 1554
36 19
19 3
3 2
2 1971
79 1203
79 1928
537 1320
663 1068
596 226
226 903
226 157
157 54
343 1423
54 861
320 1139
673 1059
89 74
74 17
17 396
17 1420
17 122
122 851
358 93
93 1110
160 66
124 156
66 13
13 1570
216 213
213 99
390 1663
99 23
23 3
3 2
262 1503
2 91
262 675
91 45
45 1558
390 1426
238 873
779 335
1037 1392
335 1365
807 1069
755 491
491 261
261 571
571 589
589 1983
674 1798
130 85
85 1557
85 950
523 1039
347 597
744 748
636 96
96 23
23 1765
698 405
405 1334
215 74
74 69
447 1219
1016 1193
69 39
39 30
538 541
30 4
619 1157
4 3
3 2
2 732
447 189
189 608
607 1675
49 1290
237 214
50 1851
50 1987
214 683
743 1892
84 70
70 48
48 1374
48 37
37 615
37 25
25 11
20 343
11 1407
283 1745
283 6
6 2
2 40
40 13
13 551
13 8
8 4
107 728
4 3
3 1745
3 58
311 1851
58 1440
1026 1365
58 1343
58 9
276 475
968 1458
13 1891
9 1716
568 1820
107 582
1024 1557
765 1250
68 1087
314 238
238 142
142 376
643 337
1903 1908
337 1973
264 175
1598 1921
175 39
39 1045
39 38
38 1121
294 1642
679 419
1112 1660
369 1686
1022 1562
369 32
32 1475
419 313
313 120
353 1272
120 3
3 479
353 1170
543 1198
479 175
175 694
196 936
175 22
22 424
1146 1417
424 403
1613 1855
403 271
271 274
274 5
1149 1493
839 1192
5 306
306 125
125 23
157 1533
23 665
23 17
17 16
16 6
6 563
6 1064
6 2
2 1933
2 1368
2 1817
665 635
635 193
193 1838
67 38
38 30
30 19
19 1372
1822 1905
308 1454
506 247
247 1795
39 5
5 3
154 1957
1160 1599
154 30
30 24
24 1721
3 209
3 1328
3 1696
3 255
1103 1931
255 207
207 172
172 264
264 1932
602 525
525 801
435 720
657 183
490 1315
183 493
490 1369
1282 1419
493 386
386 1124
299 207
207 95
534 1625
95 69
183 1063
69 1082
658 532
532 1661
22 21
21 16
16 11
11 359
153 1715
694 1782
208 1495
138 81
1090 1831
81 59
59 42
42 5
5 544
114 1682
114 538
352 595
1439 1516
387 341
341 4
4 203
203 1006
203 778
778 633
633 194
194 595
595 195
195 1106
194 1702
132 684
47 27
1712 1990
27 929
924 1848
55 1669
27 18
478 761
719 1281
18 4
4 1091
475 718
777 1155
4 2
1217 1794
2 1033
1720 1881
55 1080
105 41
41 1600
544 906
41 12
12 796
687 68
68 124
124 7
7 5
5 4
4 2
2 266
266 15
15 10
10 1208
10 984
950 1595
10 6
6 1326
6 617
6 1712
6 5
731 1688
5 3
3 1870
617 802
1098 1729
2 94
735 853
689 703
484 28
28 1802
28 23
23 282
23 81
282 263
263 147
147 979
81 3
3 1690
3 2
976 1858
481 829
2 1868
2 939
2 726
147 1932
147 167
167 625
819 775
925 1195
775 89
138 867
89 68
68 965
1436 1828
66 36
36 30
30 16
16 746
180 74
74 1015
85 13
13 4
265 425
285 1243
285 690
690 390
390 274
274 1308
274 842
4 127
842 1325
592 1387
592 842
104 1120
104 102
102 405
102 845
102 75
75 1493
828 38
38 19
19 1818
899 1040
33 1922
412 1827
689 1146
231 464
577 646
1530 1666
767 1993
248 5
855 1253
5 581
353 461
566 246
246 1234
703 1711
507 1648
507 2
2 509
509 141
141 1072
141 70
70 1795
70 1937
34 1610
980 1255
121 6
6 4
4 1107
1154 1404
4 2
2 1384
434 312
312 1563
818 648
648 1709
298 1944
316 472
298 34
34 31
31 14
14 4
4 2
223 1393
2 628
1035 1500
2 1648
2 1409
324 1803
614 673
2 1308
2 1270
1104 1965
990 1584
492 1473
324 101
101 76
792 1431
76 79
417 1807
79 30
30 17
17 11
11 1131
647 994
11 1148
417 1243
223 1209
223 183
24 187
337 1125
183 1082
337 699
337 1873
861 1793
647 851
183 148
148 42
42 12
12 6
6 1382
6 2
2 1096
648 670
438 493
24 958
670 565
565 827
337 75
75 30
30 16
997 1690
16 1204
16 1087
203 739
358 1925
203 1340
212 229
513 581
93 2
2 1967
2 949
446 508
799 1787
830 1012
688 602
602 1418
602 885
602 1070
376 341
341 404
510 1217
51 29
115 975
115 30
30 9
9 1548
356 1521
29 377
68 1638
216 77
77 16
16 323
588 842
588 727
432 591
16 1549
16 1204
16 855
16 1233
16 1720
1291 1855
334 948
334 1460
363 1350
16 424
518 968
61 839
61 54
54 1407
54 28
28 14
502 1069
14 1242
16 92
502 1309
1455 1678
92 19
19 820
1791 1823
942 1054
518 803
727 949
16 2
2 828
492 1173
688 1905
688 1719
492 189
189 268
268 116
116 1558
116 78
78 39
39 195
195 541
1115 1303
189 87
1194 1251
1344 1907
87 611
577 1962
707 1084
466 233
233 504
270 224
1306 1633
1437 1523
224 1159
768 332
332 1572
195 47
47 30
30 21
77 2000
77 839
1102 1261
21 260
608 1495
777 402
402 893
229 190
190 215
215 375
94 1535
94 559
628 1942
111 659
111 593
853 1297
276 353
276 193
193 7
7 405
7 6
6 4
4 1482
938 1169
4 353
4 1903
4 846
45 4
4 2
2 395
2 266
766 302
302 1589
123 33
432 681
33 1104
1434 1630
33 250
250 56
56 9
1503 1896
9 7
7 1697
7 6
6 1839
6 1825
6 197
127 618
391 226
226 249
249 153
153 1931
851 109
109 78
78 11
11 10
10 3
1498 1744
3 1461
3 2
2 1327
2 1970
2 1393
338 252
252 862
252 899
252 762
252 1735
191 1326
191 1768
900 594
594 29
29 10
10 5
5 1873
5 556
135 1364
5 3
3 2
2 997
822 1724
2 1171
2 992
556 495
1284 1937
495 1268
143 1259
143 1652
143 289
289 1779
1077 1602
289 73
73 892
73 1525
73 1111
73 10
10 501
811 506
506 122
122 1587
404 611
590 1252
697 1880
726 1074
760 1922
199 29
29 15
15 7
901 1861
7 3
3 2
2 187
187 11
215 573
3 1829
212 650
3 2
2 14
14 1653
1429 1617
14 5
5 2
1135 1734
2 854
2 313
313 1311
11 10
10 3
3 566
212 140
1934 1943
140 1562
13 1874
13 1376
854 1030
306 508
507 1495
306 302
302 49
49 43
1039 1219
43 1469
43 38
38 13
13 1410
507 795
2 1246
563 1094
2 891
2 1250
244 199
199 1340
199 145
145 85
85 824
1421 1882
85 43
43 1261
43 21
267 1107
21 7
7 205
205 200
200 181
181 147
1316 1843
147 218
218 141
141 119
119 88
88 1855
724 853
908 781
493 1990
781 138
138 486
486 30
706 1971
1207 1442
30 26
26 10
10 1611
706 401
401 1134
1067 1358
38 177
827 1745
859 1302
274 85
85 309
679 1636
272 283
303 1101
679 353
353 262
262 1454
262 128
1273 1308
128 1638
737 349
349 109
109 69
69 17
17 14
14 858
197 79
79 46
46 10
755 1746
10 238
132 52
24 1109
24 1203
24 1219
52 738
825 1573
52 1506
581 1439
669 899
669 827
1006 1023
827 681
681 324
324 646
324 811
646 164
164 582
1142 1394
543 1766
582 362
362 99
99 527
527 462
462 399
399 288
288 56
56 658
658 1106
658 787
787 389
389 651
651 1129
164 251
733 819
651 610
700 1339
610 594
594 314
314 263
263 961
511 728
103 96
96 10
10 2
2 1565
2 1311
2 956
2 1630
2 239
2 1802
2 657
2 1332
963 1493
2 11
11 2
2 428
428 52
52 1356
1252 1828
239 189
189 1476
189 904
189 1611
189 1188
189 1868
189 1284
189 100
100 356
356 523
570 861
356 702
417 1095
417 870
702 977
356 1231
523 402
705 1213
402 306
939 949
306 686
870 1914
504 1053
504 413
413 397
397 114
114 932
114 61
61 42
42 27
27 255
255 143
701 1664
143 1880
143 594
594 160
160 24
24 99
268 1124
99 268
99 43
43 25
25 3
3 958
169 340
268 680
268 700
265 1453
1074 1920
268 11
11 1448
1234 1743
3 2
251 1011
251 572
572 1260
242 1935
828 1875
2 1498
1749 1981
2 554
680 141
141 851
592 1552
702 465
634 1377
465 205
205 1221
205 1038
792 1595
792 1886
676 1802
831 757
757 1010
602 1169
325 179
106 1576
179 156
156 99
99 38
38 1653
12 1909
12 3
3 2
2 824
1799 1890
38 1021
38 34
34 893
34 667
2 478
2 17
17 3
3 2
2 332
667 1799
111 980
111 1008
111 104
1467 1548
20 1431
104 10
10 8
39 1982
8 6
6 668
39 18
18 11
11 542
668 988
558 869
1187 1364
444 1608
802 688
1349 1457
2 609
150 1747
5 1301
2 1220
2 308
308 303
184 664
303 800
109 974
109 212
212 1256
184 142
279 1666
142 25
25 11
829 1495
11 274
150 1642
150 17
17 714
17 746
279 1801
274 134
134 999
134 44
44 708
788 1685
708 780
780 462
462 910
17 757
688 27
27 7
956 1567
7 452
452 1011
44 20
20 1495
910 869
869 265
265 845
845 1615
265 42
42 1424
42 7
121 1850
7 6
6 857
6 493
493 1735
493 141
141 1142
121 7
7 1278
942 1832
7 6
6 254
254 161
565 1142
161 1781
161 73
73 4
486 632
30 779
643 1497
4 938
1083 1779
4 2
2 1179
30 1834
30 29
29 1420
834 1619
29 28
28 21
21 15
791 955
15 13
265 1126
265 160
160 1476
647 1304
13 147
160 116
116 191
191 166
166 1488
565 635
2 604
2 613
635 386
386 510
510 675
510 873
147 130
130 59
59 26
26 214
675 1995
1163 1641
824 138
138 1894
138 128
128 26
26 773
387 1538
857 300
223 333
26 338
300 800
300 199
199 128
128 72
72 52
52 23
991 1367
23 1148
368 1224
23 95
95 11
11 846
368 796
11 1712
11 1984
800 226
226 1582
26 9
222 1779
9 1850
637 562
562 559
568 1821
559 1339
87 63
1667 1872
685 1615
685 1697
63 2
2 859
1176 1763
90 1235
162 1588
19 4
4 1690
98 618
430 1019
98 15
15 1236
15 5
5 442
442 340
340 289
289 160
25 723
126 1652
1149 1593
751 1168
138 888
126 432
160 137
137 2
2 1348
98 217
2 596
136 1475
136 45
45 1529
138 57
57 6
1132 1755
6 5
5 2
994 1736
2 866
432 94
94 11
11 8
8 5
5 3
3 2
2 755
2 1643
3 2
2 1955
2 275
275 642
596 1146
596 309
309 210
210 10
10 419
916 994
419 386
386 196
196 1234
8 6
6 1603
755 1195
6 2
