2000 2000 2000
833 1769
1478 695
320 1199
1222 2
1321 1947
1326 93
647 255
1206 17
1127 1093
937 129
387 504
1768 1340
848 1733
1636 1788
684 1271
900 1361
1605 247
478 9
529 863
759 1419
784 1635
936 1948
1218 1439
1089 364
1100 981
485 179
800 1879
1294 1632
565 1688
994 1579
202 45
46 1176
1019 98
356 1243
449 1334
1250 968
896 783
87 2000
1936 504
1838 1999
121 521
1377 1519
1905 62
1055 1755
1837 647
603 405
1778 132
253 534
102 1902
1483 1762
278 1193
168 814
1978 481
298 1545
852 1944
702 1741
1758 1877
153 292
1271 589
1449 1299
66 1006
812 1071
1868 468
967 1930
323 423
1002 1449
370 1547
1943 1621
694 651
636 81
1366 83
582 1332
1997 572
1549 1119
54 1356
877 519
1005 1722
1227 957
1045 1493
216 133
263 627
1059 1622
1857 1481
1984 807
1770 662
1901 214
781 1987
1124 1881
1512 487
822 977
1878 12
1635 726
342 358
863 420
438 589
1270 656
450 1879
419 260
1271 1485
821 1776
428 707
530 1397
1795 603
221 1955
41 1277
89 385
1543 1863
10 1433
1383 1718
57 1298
1567 1914
948 742
1602 1099
646 1425
219 425
118 324
1846 1939
920 90
892 421
402 641
1682 784
1641 528
1757 924
49 906
1204 1614
1098 1223
1591 985
1994 258
211 510
320 1107
134 1080
889 1045
1749 647
901 1596
1612 1281
1958 582
1517 598
636 55
1425 935
1861 1045
738 844
1220 960
629 771
836 1775
149 70
1574 475
1950 974
390 49
38 308
1727 1523
71 215
219 698
859 293
720 1513
791 1329
713 470
1090 99
323 1734
1126 1002
736 986
148 1115
747 1434
1372 1352
997 72
1130 522
284 790
1206 1103
864 856
203 768
1184 1317
1850 1867
160 1818
1725 278
196 173
466 458
1377 110
713 1252
1750 727
386 1385
1036 1074
1989 364
863 942
1476 1908
1749 1364
89 1784
394 669
464 1219
1013 653
1096 775
315 1907
1104 362
532 338
781 1509
156 506
810 1439
1338 40
1652 59
1869 1278
900 750
1936 1985
1451 23
422 818
1241 1199
1755 720
1276 1480
86 1947
580 1083
840 96
1444 863
299 235
715 1933
382 671
990 1714
546 1345
1436 499
577 1783
1875 788
917 760
606 1442
1616 665
1729 640
361 1771
384 890
408 1722
1890 1004
53 952
1314 218
1737 136
171 1091
495 624
1432 859
1380 302
1412 1439
995 1017
231 1463
612 122
1764 1739
1765 1097
1976 501
1086 1581
1318 316
1613 642
95 165
1844 419
524 1771
89 1919
1218 424
1533 929
1758 116
1412 1318
901 568
454 1864
523 76
1778 497
1828 624
1791 1895
1354 546
641 1940
970 1427
1851 70
578 1550
722 1539
1293 747
526 1695
929 815
305 201
141 1463
508 1751
1619 1076
1014 506
734 137
458 1349
1736 570
1692 449
653 1241
1363 35
1518 1894
1401 340
651 1855
1644 656
183 35
703 817
1385 249
1402 383
595 1105
30 1218
1966 104
217 149
967 572
1130 216
559 1678
1137 1904
455 166
900 801
1418 1915
536 366
788 1447
536 889
1947 17
546 1906
945 1965
461 822
1063 334
675 502
983 588
327 1807
835 335
1653 512
1504 1565
1677 1098
1039 1574
711 671
1267 205
1210 1057
165 550
1765 1345
147 610
119 1606
1007 562
1062 491
1782 555
526 1686
1946 693
1604 1750
871 613
870 1332
1612 129
1713 552
343 1452
103 1154
1594 1471
1542 977
1109 697
1460 929
935 1206
843 573
1274 660
1694 1743
1019 1705
539 746
1142 1071
1014 934
1294 340
83 1059
1651 929
1046 1644
851 739
1949 1405
1193 1363
1299 563
85 1239
1911 1646
871 65
1776 1625
1460 200
1722 833
1665 627
998 1682
611 881
1917 297
1975 244
1229 1916
1420 1421
1370 1590
1647 634
1686 98
927 1232
1753 165
1325 919
920 1639
1438 363
960 1645
1488 1630
1256 229
47 1959
1324 1166
260 1784
697 37
680 1493
464 292
258 1347
350 497
801 88
917 211
608 1769
762 1909
897 167
1108 1927
926 839
841 1856
1906 1668
206 1583
304 1242
1607 765
93 1339
1220 1033
1499 1466
1383 1601
1799 1952
433 836
510 938
48 1113
1200 707
20 1616
114 1219
571 1665
551 1478
38 570
497 78
1104 1808
754 232
1142 816
476 595
20 1254
604 581
1526 812
97 1283
477 319
998 898
1543 1907
1690 793
1308 402
97 388
1753 1390
218 1860
1659 375
773 1069
1195 1557
340 909
450 90
76 1615
1132 315
1997 735
685 64
1424 1369
1000 440
1979 1715
704 598
346 1479
480 1319
1698 250
339 1
454 827
1437 581
1510 1856
1546 199
454 590
1722 824
1712 1533
1320 250
1309 1469
807 417
204 1230
1478 983
159 910
759 1449
504 1515
112 652
370 51
1606 233
262 133
1449 1351
207 417
265 1244
595 79
1114 1998
1347 1073
694 1970
604 1053
1513 1702
1080 1722
1879 567
1016 552
209 1356
1838 480
488 1817
1338 1911
1934 172
936 1654
1794 1912
100 63
1067 200
265 1218
1783 364
630 968
412 1570
1230 556
835 936
1235 231
1775 1815
662 1702
1029 844
863 1241
593 317
1538 861
1989 1714
749 1527
1317 378
1445 1955
1867 1927
312 1100
1330 270
845 1402
1511 1186
1162 398
965 354
1505 1546
678 967
188 1011
1126 1035
1694 1203
1348 543
274 1438
1333 1119
95 1193
871 140
665 1322
1111 1514
737 1349
1402 1813
937 1939
1168 136
67 1416
467 502
339 1115
1884 1629
639 678
904 701
642 720
1003 931
900 263
194 1868
1174 671
1138 1383
429 475
561 388
783 1623
216 1370
398 1246
593 423
74 53
1464 1054
605 1405
1469 128
37 1206
120 32
1161 1585
598 1704
219 226
842 287
1948 73
192 899
1224 1749
902 297
1533 29
1278 1874
1057 1715
1430 1125
102 151
1918 1848
4 1425
100 201
1233 1351
758 507
985 1315
119 85
372 1907
762 1591
1535 1531
1122 1071
802 840
1098 1670
92 515
571 1866
178 1682
765 1458
1156 617
575 1798
1011 915
164 1902
633 1846
743 1912
1762 1480
1338 433
1911 843
97 1330
1742 1138
1965 959
753 1740
1614 1550
610 1153
1224 939
560 1413
1540 612
767 492
1221 353
1096 265
301 1274
262 1557
201 790
940 1909
195 1
1913 786
677 316
405 1662
1449 1293
1082 249
1675 467
108 345
691 1426
1748 299
1463 1865
1891 905
549 365
72 799
1188 699
1742 147
558 1861
1051 1776
35 471
1615 1697
13 1573
984 1588
1967 1180
579 333
1194 57
1109 1724
276 871
785 1721
1532 1949
56 309
466 1244
1629 57
677 1647
1178 1572
825 1933
103 1731
333 657
1806 1459
732 651
1471 789
542 1389
1500 649
391 1386
346 1354
1336 928
779 623
1282 1062
266 337
756 925
1706 375
704 699
1771 1789
866 283
1693 1109
478 1748
1408 602
1374 1149
1611 1974
705 858
1007 676
326 875
57 938
971 142
1236 622
1134 1183
1549 1935
938 1601
1582 1667
1757 1909
1945 882
945 1548
772 1044
1897 319
1916 1715
84 1129
806 1934
428 382
1611 601
1872 1457
1093 435
965 24
178 728
336 323
1172 372
311 452
1155 1265
143 1478
965 393
1683 843
1967 886
1333 948
1544 163
1228 742
1946 1440
244 1433
1077 1264
1705 212
78 110
1394 1540
1518 686
1001 1326
467 1591
1174 505
538 1638
359 588
1735 726
1053 1769
46 1125
1912 883
1100 1276
966 704
1722 1885
1148 121
1721 403
56 183
1727 1389
837 234
911 1485
993 677
1762 62
489 1918
1572 471
1317 979
1809 1865
1409 1778
369 974
837 539
1142 1363
1825 1305
1681 1735
880 295
1234 1908
1486 883
1705 560
1695 693
1321 256
1529 1301
1091 1993
1344 1863
1086 1890
419 174
1379 1157
95 1720
1365 1695
1143 1342
383 1016
736 1584
1076 1768
1465 1786
800 360
1285 1021
932 1459
1341 422
1898 1761
516 1636
783 1919
68 663
1361 936
111 1411
1541 556
1182 1920
1443 150
1363 1596
1110 143
1931 1984
1184 311
379 645
279 805
1886 342
1929 1889
1354 266
100 1942
353 979
445 1106
377 327
285 1948
831 815
1930 1574
1086 302
361 379
1438 1256
1255 449
1756 1276
696 294
303 1323
1393 196
544 345
611 1478
1054 1133
892 1745
1087 731
1858 1179
13 1831
1783 1630
1606 1084
283 269
570 518
1048 609
238 1071
1744 326
1609 227
1099 1838
1667 1052
843 334
589 1423
1889 357
716 650
38 940
1473 1040
1724 1272
1239 254
414 467
1346 1415
1917 1845
1771 1725
236 1238
331 1169
918 1293
1868 243
851 1817
120 371
1900 177
1855 421
1519 1868
1822 1417
1617 831
1981 1383
1303 467
1548 1911
1442 221
375 23
191 1785
1745 1644
538 1388
1840 198
1939 899
425 1314
1396 723
1701 1189
269 1808
1297 646
395 1209
1718 1217
1825 1943
1111 1511
1593 171
42 716
636 1289
843 254
1823 712
961 946
1907 937
1598 108
1505 1571
379 1657
33 97
1496 852
479 1251
1205 944
344 236
431 1681
1312 1625
307 1806
88 298
143 722
1326 1480
1877 1492
319 466
1920 565
451 21
1623 1538
560 215
240 1354
947 1571
1070 1120
1433 1050
1940 711
557 1947
1752 1273
1723 869
1274 1140
252 869
1862 294
586 389
1406 1983
1056 1107
1924 1054
1068 841
1421 1206
1021 1466
224 1648
578 804
1757 1664
209 271
1807 388
1305 709
193 1291
790 1694
1806 1923
1981 1149
1042 1531
208 581
792 322
177 1759
351 958
670 411
3 1048
1786 785
277 1215
277 1303
1316 1949
73 210
1557 457
1514 1685
1494 940
1487 1224
851 1408
1900 1060
1586 428
1691 90
1171 850
403 1172
180 338
1973 1844
1103 1651
38 1461
993 811
1504 1768
600 818
1424 1062
774 1986
1139 1675
1953 304
1831 1483
1711 1495
187 550
1205 1877
107 1404
1966 905
1936 609
1294 1066
1421 509
1118 619
1133 99
1381 1156
1456 721
288 1208
738 1695
399 427
431 1896
1022 892
1005 1509
568 1138
567 1575
1434 718
425 1351
1979 390
1951 467
683 908
185 1651
1970 151
1569 1505
1233 1990
1936 1301
822 1763
1045 928
341 891
1559 843
1693 489
1842 1140
1304 620
1913 1380
397 1713
934 1528
102 1822
1795 870
1540 467
1728 1687
1981 1529
1877 449
1551 165
685 113
1429 1411
1308 99
721 875
1419 642
1943 589
1352 1373
1865 285
883 1565
1127 1236
1803 1251
715 1486
1876 400
1083 1839
1828 507
1935 20
569 1298
808 1899
956 1207
1072 1051
538 425
516 101
970 1519
1332 1200
1936 1737
1951 634
1514 1096
196 148
2 1620
941 1302
1528 612
1118 1546
1913 1471
1167 951
1825 561
1202 1003
577 1390
1187 835
1837 1011
1293 860
169 782
846 477
318 1423
1624 1169
1636 488
1943 1107
1550 214
1708 1576
1145 540
1852 617
1492 1724
1652 253
812 1190
197 1012
452 347
1123 623
1351 530
870 950
432 1741
1986 1761
1084 1420
50 1265
629 1132
508 788
803 822
1878 705
1922 720
396 89
1320 661
1812 1276
981 1766
3 1808
491 1314
1076 515
1551 722
1039 1584
1156 653
652 691
1455 801
1397 1097
444 397
1157 556
1228 753
1444 257
94 1360
1818 1673
1306 1751
23 1893
1735 546
1020 1531
1152 371
1524 1310
1032 321
403 1851
295 1143
1996 1907
438 1354
148 1451
1511 1909
128 1221
251 1776
1185 1816
1669 1397
143 1901
1399 620
458 984
1482 1233
1784 1136
1216 1505
1579 965
1914 566
516 371
1718 1911
370 906
1896 874
1453 1342
1299 320
1839 930
1221 508
1117 1076
1674 197
1914 75
1892 1490
1640 1616
776 1201
707 1342
1737 1324
230 813
1535 641
1713 1873
955 1681
1453 1053
1575 1490
1396 1401
752 667
1216 1290
45 870
1037 1189
208 178
398 1871
1006 702
24 1710
253 887
1152 1531
782 1535
751 1413
304 720
1064 951
1721 969
30 1816
1266 1115
1808 486
1488 1784
92 3
645 586
1189 1214
501 1365
1495 1018
1197 357
809 409
479 128
291 817
1712 1019
1496 236
1003 922
703 1923
864 610
1365 264
1272 293
489 915
481 782
847 1188
346 1539
1349 1597
1796 142
35 799
1360 1850
1634 825
1540 1222
1551 110
1219 1648
1277 352
1666 1493
1021 588
635 572
1600 839
1615 18
1213 1034
313 985
746 162
2 976
311 1172
510 1845
199 651
374 400
1436 352
365 1071
842 1952
76 1772
1876 1149
1763 1699
666 781
1711 1776
411 1155
856 1501
1405 136
220 176
949 626
64 1184
925 1025
791 1099
856 1713
1967 582
432 1561
906 577
664 499
1134 1962
216 1654
746 816
1093 732
4 791
1448 965
1783 1333
403 1466
1537 913
1026 1596
512 1743
522 1533
232 1646
1838 526
415 17
1244 1508
164 1511
732 591
682 768
1080 1824
1685 214
116 244
28 1706
366 250
389 791
674 679
1419 1860
1743 686
1285 1706
1216 396
1180 1492
1250 1263
514 1790
1113 1938
22 30
1965 1368
539 181
1996 1057
1302 1412
923 1218
1682 120
1328 1876
1193 59
712 1579
526 1878
1796 1498
1302 202
1425 996
998 187
938 663
1926 940
1216 199
1474 1301
1519 1526
626 1033
1798 1
1054 853
57 1534
532 1154
1405 988
1163 765
325 179
66 810
315 1233
327 1046
520 1277
1640 805
854 1985
951 332
656 1056
485 1353
114 923
1018 1759
326 1666
355 685
1364 902
1359 1152
1421 1289
168 1768
1097 948
551 1734
1949 701
1751 1881
1823 1808
1803 193
913 40
1777 1380
537 1267
376 791
1064 1822
1495 142
1247 1446
1297 1696
333 1355
698 1864
1376 1125
1284 1787
1338 831
1459 979
1611 462
1181 1050
1284 587
505 1403
1539 821
674 1866
866 114
1055 929
1060 885
1988 1758
1304 481
1553 1263
1423 407
116 1055
1212 1854
1273 879
1984 871
1013 1648
1731 1995
581 984
515 1470
1868 763
1156 762
317 1932
1521 1109
724 1050
766 505
1351 771
1752 303
1108 12
718 396
958 495
1559 473
1835 1970
38 1650
1876 1051
166 1071
1267 1274
68 898
979 395
1281 388
600 579
26 450
1939 1399
770 916
1231 314
1457 1123
661 1996
377 1814
1657 295
1836 547
457 384
124 1990
501 9
1461 1478
562 1099
1913 1740
1191 163
1267 288
88 836
1660 933
1968 1119
793 1718
1835 353
490 1456
923 149
1041 1291
638 476
1452 1691
1636 367
1658 411
523 794
865 1476
1447 996
1260 1188
1774 555
87 487
55 1880
208 872
190 1730
661 675
508 404
1079 356
1801 543
863 1159
1561 1203
1125 992
280 572
1980 613
1520 1596
129 427
689 1311
410 115
1792 741
106 1114
1881 1329
732 1615
855 1356
754 316
625 1417
813 645
1937 654
1992 995
1254 1992
1636 1844
181 1506
1691 1642
1757 349
499 883
98 1909
1302 101
362 398
1386 1114
659 328
1816 696
388 774
836 1185
41 586
549 10
1908 1099
311 244
809 1913
1254 870
1908 34
1141 1131
1653 1793
477 1104
1278 1295
1779 206
1210 1508
776 18
1850 522
1018 907
192 1271
1402 1073
535 521
981 1477
567 1395
708 799
227 1804
1 1484
8 597
91 1028
883 822
661 1440
1047 35
484 458
533 272
1281 1062
578 316
321 1007
1254 1853
437 1162
1224 1742
958 1614
1171 180
393 909
828 730
568 311
1875 812
174 1279
485 770
153 1439
610 1017
249 1579
1222 1491
532 1232
1093 1685
194 1070
1969 1811
195 405
820 1057
1242 1564
1493 567
1930 1724
202 66
666 145
881 654
474 1946
670 429
3 27
540 613
602 428
1764 172
872 572
402 559
812 1643
743 352
811 1420
472 1044
1741 1189
626 1480
129 999
257 982
1920 1981
206 1845
281 1605
266 1604
1735 824
1074 1894
1001 954
1564 1176
106 627
1827 1318
1233 1834
486 1110
1898 1334
330 649
1640 1928
1421 734
1023 1566
416 1099
785 605
1681 1148
985 591
1151 1882
1265 854
1098 931
1361 1235
1910 1869
192 239
99 778
376 546
632 1142
846 1802
930 707
1621 527
1547 1353
1820 593
1241 1169
1062 1074
813 153
1596 81
184 115
1164 200
830 1275
1041 1843
399 89
842 1183
1782 554
1908 97
596 456
1063 1877
461 412
773 1484
197 1459
519 1598
1009 726
268 1261
1657 1504
1286 1552
612 1532
1155 1272
230 592
244 1339
294 1242
355 1763
1920 1322
1487 1266
298 618
1427 384
1426 875
1933 1709
1094 1491
839 635
86 1864
1367 118
1686 1439
17 673
1363 733
1580 552
427 775
1943 838
551 960
463 476
1837 1873
1491 578
1659 1279
1792 378
1454 789
1630 638
748 978
487 1818
1758 829
1596 1995
73 1020
1129 940
1793 899
1469 473
152 1293
298 1510
153 1939
1215 1023
408 1371
387 841
641 1333
523 1690
107 410
1478 1844
279 799
1844 1083
367 1498
680 633
15 435
1206 963
1856 1567
1592 1035
1279 808
941 1390
1498 156
150 137
400 496
1297 1427
15 1987
1331 1902
791 1615
120 250
401 1801
373 1993
136 1623
179 1194
183 395
908 1901
835 1654
251 1552
430 645
413 1249
1048 361
1382 1251
1108 97
1352 1181
1382 87
1999 1753
274 1741
721 1588
923 1948
82 1907
1728 227
1661 1698
698 1157
1119 1421
107 798
1972 1406
538 439
178 1921
1367 718
1470 1886
1464 575
369 1990
1078 91
904 1821
474 1620
1136 1800
138 1273
440 816
384 490
1299 1877
22 1903
920 854
28 1800
174 758
1994 1632
1933 1033
1008 1017
350 1695
56 71
9 1168
18 613
877 1389
1899 1656
1605 340
428 1236
1198 921
1426 1211
1532 82
1493 1761
1154 1343
523 1462
1387 701
572 1123
332 1785
607 554
1807 1358
1013 412
1870 245
1959 1031
15 22
77 1355
234 1812
398 439
1824 889
1433 664
1454 1936
1657 574
1145 218
1429 397
1609 272
373 789
1340 270
386 21
1910 1406
699 1512
1798 1080
458 267
941 198
207 1520
408 311
1636 1486
442 841
1025 1305
603 1900
1031 1557
1009 910
912 856
1039 1255
916 704
1093 1655
327 331
1734 742
1861 1981
1600 1100
1976 406
1543 1367
1571 639
1267 951
1359 308
55 1599
930 1753
1031 1857
820 607
1455 743
1238 1023
1687 847
1478 753
703 307
1292 989
480 324
848 1081
1221 912
1167 1091
1822 1132
1444 841
1182 1490
321 716
1123 8
1904 1380
1286 1069
1548 1937
475 77
1631 768
245 750
537 998
534 386
487 96
1960 140
405 765
814 748
24 104
1660 281
1037 1084
1273 1782
734 75
636 1242
289 1921
1544 1288
460 1201
34 539
1015 1797
1440 685
1437 236
296 527
1124 31
101 1186
1913 1543
350 1645
1347 1194
1573 484
143 217
992 1157
1275 998
1461 525
1395 1522
99 1026
1874 863
1697 566
1181 1898
315 932
1807 1600
1326 1654
1456 1350
1485 238
345 1792
339 1153
1058 85
197 1858
1449 1058
1257 608
225 1892
1415 1197
1329 731
1435 1872
1526 1390
1577 492
454 1669
1455 146
1754 1193
152 332
906 1125
1944 314
511 366
744 1753
1887 1801
516 392
1350 1593
5 434
346 1683
411 1319
1071 955
1757 485
1862 795
1941 1137
1216 482
526 1509
182 202
1816 281
1218 828
321 1165
1700 909
1480 784
1770 13
299 402
1524 372
1164 503
662 1462
1483 1919
1111 1818
308 1183
515 734
1977 348
1398 318
424 1107
587 1982
815 67
1077 1702
176 348
512 799
1817 1609
156 1030
1634 342
1291 1195
690 1067
1170 432
720 717
190 781
1424 843
73 101
1335 515
1707 1502
1686 365
549 1673
1234 728
1737 1661
603 1952
512 1581
24 837
161 1537
888 211
811 1437
1572 1078
28 1526
1011 1876
1014 1364
1734 1733
1335 914
907 1679
544 539
235 1471
1937 1969
280 1655
1407 1154
1257 1465
851 1192
335 1644
309 31
1455 1776
1365 727
1526 1151
595 235
1704 1616
1362 1541
1564 1144
1251 1890
858 1148
399 494
1856 264
1043 696
415 362
429 1727
464 1134
1576 78
1846 291
1217 1044
636 264
229 786
1741 1186
1943 717
184 838
60 858
1647 1179
554 610
463 1683
194 727
1673 760
258 1517
482 421
303 1279
1485 702
1770 1164
174 872
1744 1784
16 1597
551 1997
1965 1293
1821 759
570 1062
794 314
711 1333
800 259
354 682
962 733
654 906
712 1675
812 1485
156 119
798 97
961 686
1742 925
419 1175
1568 476
1717 1032
521 1378
250 1130
1354 1332
898 200
873 140
434 1480
338 1595
911 1050
903 276
591 1875
39 1151
1009 671
1117 1979
1680 1964
1568 1702
833 491
259 1628
1608 1621
450 1144
756 1445
1498 1037
1472 550
1419 1223
1376 28
1572 1722
469 563
1517 1447
1418 1180
1285 19
1616 524
899 121
1505 707
1601 445
425 1359
1140 807
1814 584
669 1495
30 149
536 303
86 559
311 1468
158 1596
1832 682
1484 90
62 1286
869 921
420 830
1779 1510
1886 1659
595 1518
1410 1409
1721 750
1225 291
871 1596
1666 803
408 787
1617 1444
102 184
263 1675
812 805
1593 1244
1404 1735
1059 8
1 1307 726 1301 722 639 1024 809 1014 388 1534 21 1227 1435 1438 1094 20 1832 1802 920 186 791 1032 132 1412 1321 760 1711 536 1026 210 106 1866 1034 781 1483 1104 1433 1469 1209 1045 1671 165 641 776 1704 1299 379 172 441 1370 914 1326 709 86 485 1810 1612 982 867 1272 1856 560 1308 72 174 1584 1156 955 7 1004 1457 1910 1712 1625 200 1701 287 1036 1385 123 1794 1705 48 1493 1656 1396 1265 469 156 498 363 1491 796 1724 1402 1007 918 812 750 1508 216 1529 314 578 343 682 1206 1619 1101 335 1997 1233 921 520 190 1310 436 1742 1516 721 1877 1731 1448 1992 82 454 1649 638 1371 489 1588 321 433 1907 59 1614 1631 607 1939 311 450 669 1087 1381 1893 1472 236 1848 17 352 57 258 1506 535 1488 605 1339 954 1821 1503 1455 455 5 1976 1641 616 284 1577 1749 312 1747 538 272 553 1654 618 189 355 146 1587 883 934 541 874 832 325 1030 465 389 1260 280 384 1558 313 1091 294 1571 986 1661 1726 1316 1858 1013 961 1985 392 183 1413 713 524 527 87 1072 971 76 1966 1109 354 1447 981 736 443 1341 1961 1500 1949 685 1180 1387 1463 1062 859 1936 1744 43 1338 105 214 1956 1755 495 1060 719 148 584 180 1383 219 857 1857 1474 1532 1714 767 1836 477 881 566 102 525 1531 446 846 1076 652 356 720 1135 1218 263 193 1136 15 1735 623 769 1535 1567 1342 1767 1414 1411 1466 1019 1379 269 505 1347 289 1355 1226 479 1574 1394 1439 1791 552 1549 246 290 1202 979 2000 799 1945 661 548 993 169 1154 885 662 124 1919 734 1787 903 1686 1002 473 218 1099 361 922 324 645 1017 1408 1753 1378 79 587 1826 268 1501 1033 1930 933 656 939 316 215 98 840 843 717 953 591 1258 1763 1009 1160 1750 99 1096 1964 1775 1766 176 223 983 27 1621 601 1811 293 1579 1074 711 431 85 1120 1130 1729 1926 1598 1809 588 633 93 348 1005 23 906 419 1996 1065 1134 1152 1677 1349 919 1637 644 897 1424 1706 1375 927 422 1692 233 681 400 827 602 1246 831 104 1499 732 951 55 526 668 412 778 75 663 1492 1219 1689 1792 1905 1675 1695 402 468 894 1688 938 333 1399 101 299 1931 816 1593 1611 77 1861 943 283 487 683 1392 103 1831 609 122 1143 1195 357 1769 256 795 1837 261 896 488 808 1103 592 1933 1589 1547 723 1066 211 1071 484 1875 1822 962 1082 1241 705 185 811 1681 1978 805 1149 849 1865 1189 1318 205 182 228 452 199 1960 1645 1324 1911 58 937 940 688 926 704 270 702 936 344 8 913 931 92 604 1823 698 1528 1842 1468 1075 569 175 141 288 1228 209 770 841 1718 1248 1652 1825 197 1212 1914 622 1834 1477 1935 1429 202 1391 1965 1190 286 1951 317 1788 349 862 803 1271 481 686 1990 1198 1193 658 109 1428 710 1827 675 1841 944 1515 447 868 159 1340 759 794 1498 1989 1917 1694 1623 1690 1345 1423 807 432 221 908 1380 1098 95 1281 932 149 707 678 1542 567 1050 1540 1570 1280 1118 1249 878 1734 442 725 1028 1236 975 1947 125 765 1367 1651 1554 68 980 160 1746 304 1602 516 1886 31 837 1522 1670 1756 1929 1743 1446 1479 716 1353 1191 84 1204 956 1126 1112 915 18 1458 1042 1038 1292 1923 1761 44 647 339 984 1663 1214 1606 1626 1852 1950 1527 1642 814 153 798 1662 1437 1266 203 1200 1779 1550 1800 184 1445 80 1177 445 577 1090 396 1441 1855 756 1059 1754 858 1739 1111 512 260 359 1359 315 451 381 1259 1784 1510 660 1360 1124 599 1242 842 653 762 1986 251 889 1322 706 1854 976 1035 1723 997 47 423 409 1957 1773 143 1434 1709 583 1097 385 1115 696 41 754 1608 1113 1548 1894 1607 1655 1238 204 337 529 243 1967 1959 11 800 144 764 737 1672 1648 1799 1869 414 589 466 1644 26 1231 1254 817 1979 476 909 1175 1813 1768 366 1386 478 880 830 171 531 866 1384 869 191 1785 1329 1618 128 472 1592 1211 1108 239 257 958 895 496 659 1993 1583 1312 1807 575 439 1251 815 1732 1192 78 1660 557 54 689 1633 248 309 967 1364 1925 1576 600 834 598 140 1998 1575 1870 671 177 129 632 1210 910 1585 1879 1764 474 824 1902 1291 1819 684 38 1871 1372 111 162 1609 561 1932 1203 231 1835 235 161 1840 1603 772 1536 1088 985 740 1604 434 521 790 61 655 274 1913 1994 1432 29 1151 1080 890 1319 1497 377 537 547 1793 973 1187 970 1915 1093 1783 319 1325 747 1046 1176 628 697 998 1064 1123 1397 701 1878 1409 1674 1518 1376 394 1382 1977 1771 1680 1526 112 126 480 1545 833 1665 1257 1762 1808 554 534 405 742 127 192 113 1722 364 1336 863 1451 220 1283 1168 1142 408 504 1873 1079 373 1789 1300 166 1239 1328 1388 1806 1658 226 825 860 845 1000 53 1008 334 491 988 1363 571 340 121 777 665 370 1874 415 1669 1011 1048 923 194 1232 1427 1267 107 135 1962 1161 3 917 974 1944 1158 1639 6 802 1843 1968 1201 142 1343 804 1703 1590 749 14 255 1803 1172 178 667 960 372 1207 595 1597 429 1361 1018 1765 89 510 1377 362 1872 12 435 1882 1040 500 164 249 615 519 1222 1946 1812 463 1972 212 1157 1182 457 1395 399 1081 1240 1860 871 650 150 1845 1086 264 573 1464 593 556 1274 369 1679 1591 1284 322 1717 118 1057 1261 37 729 731 378 201 391 1304 196 992 371 1868 305 1815 1970 1958 533 612 1563 1022 147 62 739 1368 329 1924 1952 94 1058 1829 948 1303 1150 968 323 1650 1876 838 1465 327 856 462 475 1896 227 406 1668 1566 1020 1237 801 1406 336 708 208 886 301 1903 1348 666 1311 1174 1684 1760 453 88 30 245 1999 1790 1627 1955 1230 699 1039 875 1646 1389 793 677 1215 1880 995 448 1969 1899 351 564 1757 444 247 1250 1632 1710 991 1185 1044 763 1774 376 1814 1051 758 1745 783 1159 1105 928 275 1883 28 1309 1954 1720 350 506 1667 1780 1440 1682 1673 163 694 1269 1708 884 1891 1398 137 461 307 1196 517 167 1781 1475 188 741 1901 594 81 792 990 368 300 1736 440 1981 65 950 877 9 755 1864 1482 630 545 1552 603 1758 168 1481 648 134 292 1401 674 775 276 501 1666 978 345 643 1137 1224 277 1898 631 1403 33 1297 1373 100 870 1921 1980 1001 1520 1256 1927 743 91 1963 497 511 1084 518 1741 427 1419 238 617 1285 22 320 1070 1442 1555 1016 1107 34 1277 1139 1454 1884 1306 1676 1092 1974 582 771 1063 596 898 115 544 850 1404 1559 437 715 1323 891 996 207 1698 1295 530 1268 306 1235 1279 1346 924 1582 1487 1890 946 90 651 1417 383 1551 1290 1213 253 1027 826 234 108 1617 1298 2 1407 1470 492 703 965 774 1634 74 941 1556 757 1252 1636 657 752 1221 1885 1786 935 1003 1713 972 1922 1331 1594 490 876 265 1565 67 994 1543 1988 1085 1467 1334 60 959 1229 695 835 1953 797 1513 1025 1830 585 1255 493 393 1833 1700 1012 1828 1504 718 1167 1691 242 839 550 1462 1702 784 627 281 360 1546 1170 40 882 676 637 403 1730 1275 69 1984 1106 131 1117 1286 673 1685 66 1449 116 1162 1759 509 813 425 1173 1782 1693 999 1601 1937 904 1635 579 382 1358 788 1934 532 664 1169 523 1443 853 1147 470 1069 1971 1889 1906 1539 629 1223 1332 1776 395 1287 155 1525 375 1707 1335 576 646 1859 911 1133 458 1122 649 387 1928 1687 543 19 810 254 240 420 1166 170 1302 1839 1553 374 1420 154 1489 1100 252 1021 1562 872 187 181 751 1217 916 907 1721 1948 1495 1581 138 619 1863 949 1186 119 625 467 1132 1941 347 1247 1620 1995 1410 1560 1816 1496 1817 1459 989 471 1615 232 503 426 821 1517 779 130 887 847 1053 1114 1490 1197 1263 1881 1317 610 1867 1356 761 1140 1041 229 83 346 1047 1916 1849 614 1421 1912 558 494 1796 120 358 730 416 1524 1478 1178 418 1696 1599 1643 977 1476 1171 302 1220 424 864 562 606 1077 1533 1561 1278 724 613 262 1600 572 1023 64 621 1320 483 929 987 1296 597 945 1505 1344 700 1067 1920 224 50 640 1181 16 1390 768 947 332 900 855 1473 565 1125 766 259 1352 56 806 1629 1129 1640 1973 551 410 145 1683 1452 1179 250 96 1225 1276 1366 42 279 295 1234 1888 1460 338 303 1083 297 818 748 1738 1253 1486 1243 206 570 230 1208 1293 690 1244 1805 217 1678 1461 308 1737 1183 1818 46 738 888 1740 1544 1904 157 1444 608 786 687 71 1568 1751 413 1055 1054 1716 679 1752 1991 905 1502 1512 225 693 1270 957 728 1052 789 353 1128 404 514 1657 117 1580 1485 744 568 1851 1664 1184 1289 386 1653 1595 152 1630 417 1153 1405 25 964 1943 1572 456 1940 365 310 1422 1262 1456 1647 901 1049 1538 1557 1777 1029 1697 828 513 829 727 930 1511 963 136 1146 318 822 580 390 70 1078 942 49 1624 179 1369 1610 331 753 865 1622 36 1165 745 1987 611 213 1313 45 540 1480 1541 278 380 1426 198 271 844 1330 1282 1314 1315 195 873 925 499 782 522 1727 1425 1507 787 1795 1095 1119 1415 1436 341 836 1148 1031 1586 1844 507 298 1061 449 1596 460 636 626 1194 542 407 282 712 733 1850 326 237 635 1245 32 411 1801 642 1121 1521 1127 285 634 1288 1073 1043 97 746 848 1918 52 1616 1393 672 892 244 1144 1938 1471 1942 819 692 1273 1613 24 780 273 1264 528 1494 1772 1983 1699 1862 1068 114 35 1362 1847 555 1350 1895 133 39 1089 1431 714 291 574 13 1892 1846 464 10 508 139 1728 1569 539 1145 267 1116 482 4 1400 773 1748 902 969 1715 401 222 1141 1374 899 486 296 1155 1628 1430 1887 1357 912 1514 785 1982 1564 1900 861 1006 1327 1770 852 563 1351 559 1573 1138 421 1638 1102 397 330 879 1333 1110 1537 110 820 1853 1838 581 151 1416 1530 1733 1523 854 51 73 1824 1798 1010 670 1797 1897 735 1778 428 1509 1605 1056 823 1205 515 1164 1719 459 1216 966 680 1908 1659 1804 1484 63 1305 586 1975 241 1037 328 1725 342 1294 367 691 266 590 1015 1578 851 430 952 1188 1199 549 1820 1354 1450 1909 624 654 620 173 438 1337 893 546 1519 398 1418 1131 1453 1365 502 1163 158
213 210
210 52
52 535
304 180
180 20
20 1437
535 690
73 1124
468 1498
690 885
885 1368
456 854
896 762
762 1868
532 1877
1594 1952
1368 1344
1344 662
662 1641
1087 1408
24 473
1437 1833
261 549
1641 81
81 4
879 1434
4 1192
1192 1806
1806 1178
1178 1355
1355 1619
1619 1725
1725 1948
817 1808
1196 1947
941 1711
1833 1924
1868 1061
839 1871
1061 445
445 348
414 1901
35 514
1030 1602
348 653
484 1435
653 557
557 1937
390 1700
450 776
1924 1848
1848 1900
67 1076
1900 1998
1937 1057
1057 413
1017 1041
413 1561
1561 1498
1498 1991
1948 575
575 95
604 1551
95 1433
1433 1068
1068 945
348 1937
945 1340
185 957
386 1898
53 1874
1340 789
789 605
268 1219
22 141
605 1144
1144 1194
1194 1735
1735 1815
265 1279
495 1795
1815 973
973 1848
1848 1172
1172 1231
1231 1896
1896 1226
496 1268
1226 366
331 1600
366 956
799 1399
260 325
956 651
1438 1837
651 1075
159 542
620 1827
1075 1599
1599 493
493 1551
1026 1368
1551 1935
1268 1819
1935 1936
193 849
1077 1798
87 426
1936 184
835 942
184 97
97 537
259 1819
537 152
152 663
663 697
697 928
928 1982
1982 549
590 1721
549 426
426 319
319 1392
1392 1556
1384 1415
773 878
1556 226
226 221
190 1012
704 1120
221 215
215 540
540 63
882 1786
63 9
567 1923
9 757
499 1922
619 982
757 697
1189 1719
895 1792
481 994
278 396
1254 1685
62 325
697 1686
1686 1813
1813 1949
1949 110
566 864
110 105
544 1769
129 1642
105 76
76 1806
316 622
1806 1968
756 849
555 573
1968 1977
1977 1988
1988 1991
1988 1991
1988 2000
459 492
1991 1869
897 907
1869 1871
1871 1516
884 1198
1516 1425
1425 107
107 83
83 1093
1093 292
292 1107
1107 1792
1792 1885
1885 1309
1309 1754
1754 1934
1934 1972
1972 1323
1323 1088
526 1373
1088 1791
1791 1917
1917 1971
1971 1982
1982 1997
1998 11
11 10
10 1275
1275 92
92 84
855 1925
84 83
99 774
83 259
259 76
125 1736
76 41
41 1639
212 261
1639 1951
1951 1967
750 1892
857 1759
1967 720
720 608
608 1895
1895 798
518 1294
1670 1901
798 1433
54 1353
562 880
1433 280
595 1210
280 40
660 1994
37 1601
1131 1815
40 1751
389 1067
419 705
1751 1755
1755 176
1481 1866
176 1059
1377 1586
710 1136
104 402
1059 240
240 197
197 176
314 815
176 237
237 1748
10 927
1748 1857
1857 884
884 1382
417 1676
1382 664
664 1511
1511 1664
1664 1400
1400 1380
1380 1844
1844 763
636 1736
763 1669
426 864
651 1607
1669 1836
512 1681
1836 1987
1987 2000
1987 1267
1267 1625
372 711
367 415
1189 1681
1625 1615
506 1576
1615 1694
1694 109
4 1590
109 53
174 1418
984 1819
53 11
11 1678
1678 1054
1054 1796
1796 1937
1304 1842
1294 1596
1937 1982
1189 1942
257 831
1052 1656
1982 1991
995 1956
1991 1992
1992 592
592 851
851 1241
1241 884
884 542
542 197
197 899
995 1715
330 1177
899 184
184 917
606 1492
1454 1838
917 1418
1418 1834
1834 1264
813 1111
1264 356
356 625
625 161
1151 1767
893 1321
37 1287
1030 1124
1215 1898
306 1404
161 1679
1679 1146
938 1092
1188 1456
1146 1806
1806 1921
1593 1689
1921 2000
1921 1835
574 1126
1835 76
1587 1969
76 1731
1672 1739
361 1403
514 1526
1731 1026
137 919
1026 374
440 1526
374 149
1322 1754
149 1093
441 1309
1138 1367
1093 208
208 14
14 1097
1097 1246
1399 1557
617 902
1246 1414
1414 1518
792 986
1518 1692
1106 1120
1692 1701
1701 1418
1418 1770
1770 1986
1986 1996
1996 163
163 125
125 1935
1935 1992
1992 1998
478 877
1998 2000
346 824
1997 1375
1375 568
568 78
78 58
58 11
1341 1651
438 1653
1131 1704
11 7
562 829
1039 1666
7 330
11 278
330 706
980 1689
496 1527
706 1673
123 127
281 1303
541 663
1673 20
20 16
972 1803
16 1377
658 977
1377 244
589 841
244 1150
1150 743
1093 1416
743 1186
560 841
1059 1428
1186 1572
172 1028
1572 846
846 1435
1435 1172
1172 1453
1453 1500
1500 1520
324 819
1520 1071
1063 1559
1071 1797
114 352
1282 1324
242 542
1797 1195
1195 1393
1393 932
336 1095
932 686
686 1724
810 1755
1724 1862
1744 1963
1862 1868
1868 1997
1997 1586
1586 1315
1397 2000
1315 1567
1397 1826
1567 1879
1826 538
747 1886
538 508
508 249
1089 1644
249 1541
1541 1846
1846 268
268 914
914 221
221 15
15 12
1885 2000
12 1621
1324 1325
915 1202
1621 1439
1439 621
621 566
566 1622
1622 1933
1571 1731
98 511
1556 2000
1879 21
147 1885
160 1519
21 5
5 414
714 825
414 1627
164 872
1627 1615
1615 1932
1933 91
91 1368
1368 1718
1329 1845
1718 1990
336 1660
255 1189
1932 1141
1141 1029
1029 1124
994 1474
1022 1999
1236 1943
1124 1143
1143 1934
1934 509
509 163
163 13
720 1850
812 1588
13 45
45 28
28 10
63 867
1216 1557
10 875
446 1432
852 1879
67 94
875 741
107 642
572 967
741 1045
12 1210
1045 1741
1373 1497
315 1632
1741 1876
1876 1939
1939 175
175 339
339 559
559 285
769 939
285 10
10 2
2 1288
1288 384
588 1209
384 1006
1146 1555
362 1887
345 1612
797 1019
1006 123
580 789
123 28
28 669
229 1157
669 1438
1438 1545
1039 1649
1545 1727
390 1023
1727 1954
1954 367
367 1960
1960 707
469 1936
707 309
380 1104
309 1732
1732 38
38 36
36 299
299 140
492 1344
140 77
77 596
1110 1628
596 273
273 1613
1613 1205
1205 1998
384 709
1037 1197
1205 642
304 1905
869 1417
642 136
136 320
987 1571
658 1068
320 864
864 227
326 1534
227 70
70 47
43 1144
47 65
65 2
2 374
374 1978
439 1875
540 1066
1139 1490
760 1748
1978 22
22 7
1380 1819
319 836
7 2
289 1389
2 1936
1144 1992
1936 1986
1499 1904
15 1946
603 617
15 1382
1986 1997
1990 1993
223 318
131 1055
1993 675
675 735
735 1031
1031 1733
1081 1995
312 666
1733 1401
1401 1588
1588 1922
1922 193
193 108
108 58
58 1992
1992 1995
587 641
1995 934
934 749
749 299
642 1975
299 279
368 1362
279 579
1253 1472
579 419
419 442
442 753
473 525
753 480
480 791
791 141
430 1895
141 26
446 725
26 1874
679 1575
370 1433
1874 544
544 586
582 1299
8 931
586 526
494 1172
526 223
223 186
186 120
568 1815
120 290
762 1098
290 372
678 821
259 1697
372 201
201 63
63 28
784 1145
1131 1885
28 19
20 1184
956 1699
19 1676
1676 1999
1997 634
634 1779
1346 1620
783 883
1779 1882
836 921
402 1244
1882 945
1308 1597
945 1100
1100 94
70 649
19 29
94 23
23 22
22 9
9 3
3 2
2 687
687 362
171 435
171 1341
362 134
134 117
117 203
203 641
1440 1996
641 1172
1172 1565
1565 1826
1826 686
686 1128
267 1077
1128 252
252 188
188 1109
1109 792
661 1931
365 559
792 1937
1937 1946
675 1691
1342 1930
1946 1949
1949 208
757 1245
208 59
59 1878
1300 1618
342 1593
320 625
1878 1975
1975 653
950 1843
653 20
20 6
272 759
6 1729
404 1466
1133 1481
1729 1733
1733 1810
712 1412
1810 1969
1969 1188
1188 234
234 527
527 724
724 787
787 872
290 1376
872 1134
734 779
1134 1781
1804 1805
241 1744
1781 1009
1009 89
89 1529
1529 1590
566 1889
1590 1848
1786 1814
1848 1913
8 1925
1913 764
764 1526
480 1100
1630 1707
1526 1181
1181 1189
1189 1514
238 1845
1514 1203
1203 1171
99 1009
553 589
1171 1307
1307 150
150 73
73 33
33 18
18 13
13 385
1475 1836
385 1223
1223 1550
89 978
361 365
195 1215
1550 1264
1264 491
491 1479
1479 174
1435 1977
516 1186
174 81
81 22
22 14
889 1779
14 9
386 1521
9 1779
1779 1850
1657 1954
445 1410
1850 1949
1949 1962
1962 1966
1149 1408
1966 1990
987 1738
1990 1274
886 1585
203 895
1274 369
51 1192
369 65
65 1316
40 392
14 1528
17 1834
1316 1111
144 1829
1111 114
114 1521
1521 807
807 462
320 1085
462 1450
1450 1911
1911 1919
1919 1107
1107 354
354 104
104 27
27 5
1218 1445
722 1124
28 144
5 453
453 87
486 1910
330 1109
54 138
87 626
50 555
626 359
359 313
313 1713
1713 1426
442 814
1426 1570
1570 242
15 427
242 128
980 1082
679 1449
128 351
351 539
151 1468
539 471
471 1831
1382 1952
1831 558
558 1794
1794 7
7 4
4 2
2 687
481 552
174 526
687 1609
1609 374
374 281
1129 1507
185 1455
469 1464
281 734
1574 1664
734 1968
558 1764
1968 749
1534 1559
749 324
324 740
740 876
876 1076
1053 1550
126 1259
1076 1748
1748 873
25 1048
836 1311
873 20
20 1342
1342 292
292 137
594 1465
137 424
182 530
424 117
526 884
825 931
117 1548
1548 1998
1548 1954
1954 1324
1324 359
1075 1345
709 1252
594 1650
359 46
46 1816
415 573
1816 1011
213 1814
1011 288
288 1047
575 1634
1486 1741
241 976
1265 1741
426 1282
1047 672
672 143
143 1293
1293 1743
1743 1768
316 669
1768 447
447 233
233 120
929 1948
120 411
5 1701
140 1723
411 388
388 1777
1777 1792
1792 1476
1476 1526
143 1024
1526 413
413 336
249 1724
336 1567
616 634
216 658
1567 1592
1592 1768
1768 1932
1932 1974
1974 210
832 1163
210 101
101 1455
764 840
1455 55
740 996
271 1732
82 215
55 20
20 1435
1435 1929
1288 1861
1929 263
263 47
47 960
1511 1732
586 1979
960 1787
1787 1982
1363 1734
1024 1751
1982 189
189 80
80 1535
375 867
445 1674
1006 1841
980 1506
1535 1888
1888 1729
573 1153
1729 1834
1282 1506
1834 1895
59 1090
1895 1972
1972 1984
1984 1234
1205 1536
1234 1871
1871 1978
472 1522
1978 1999
1978 321
63 863
321 236
236 741
741 626
626 398
398 1648
1188 1881
476 1420
111 305
47 1503
1648 830
1269 1574
830 1985
1985 1912
1912 517
517 1181
1181 1451
1451 32
315 1926
32 15
546 1750
698 1361
76 459
15 6
6 326
73 922
826 1283
326 885
885 50
50 554
554 115
765 1829
115 25
25 1774
401 1617
246 448
1774 1808
1808 1853
1853 1881
1881 1966
1966 882
230 708
882 87
87 600
600 484
1107 1693
484 751
53 1924
751 1838
1838 1926
1926 585
585 1833
1833 1804
76 741
1804 1059
1059 1074
1074 1533
1533 835
835 1206
1206 893
893 1307
659 1867
1307 346
346 630
630 1018
1018 774
774 1092
52 1973
1219 1677
1092 173
852 1000
173 43
43 3
3 1598
701 1297
1371 1747
391 1169
34 1813
1598 99
15 541
99 972
619 1305
972 1911
279 1002
927 1912
1911 591
591 453
453 150
150 88
424 1244
954 1988
88 1628
110 767
1628 46
46 128
679 1370
128 1998
754 891
128 783
389 1578
783 124
124 1504
1504 1923
1923 1984
1984 1991
1991 1993
1993 891
891 1171
1194 1548
1171 384
384 1340
749 1662
1340 1396
1396 1351
1351 1639
599 1865
265 1467
227 889
467 492
916 1367
1639 1784
419 1666
1784 1871
1425 1639
765 962
1871 192
192 1799
1799 162
1133 1723
310 1843
162 1649
453 1169
1649 1668
493 523
311 346
1668 1358
373 674
1358 299
1055 1056
299 110
110 78
78 1894
1894 174
940 1695
174 208
208 100
477 1685
100 16
16 1196
1061 1399
46 786
146 1797
1196 1424
1424 1736
1736 114
114 735
735 1279
1279 376
376 287
287 126
126 1929
1929 1956
1956 1962
1962 1964
1964 1067
44 505
1067 1876
1876 1161
1161 429
429 1782
1782 1877
1877 949
946 1139
944 1976
901 1908
949 265
55 436
265 1384
624 1781
1105 1961
1384 1626
1210 1247
1626 208
208 1901
883 1087
1901 215
215 1415
1415 1877
1613 1910
1014 1121
1877 1229
1229 1222
367 1928
1222 909
909 1275
1275 1825
831 996
623 948
1825 1778
1778 1557
1557 1365
997 1057
1365 1373
808 1139
1167 1871
1373 302
302 1149
383 801
1149 1397
240 390
583 723
1088 1246
792 1741
1397 1908
903 1809
1908 1984
1149 1872
112 1972
1984 1987
696 1647
1987 319
319 17
531 734
1037 1587
17 7
364 955
1077 1741
7 5
5 1229
1229 855
855 592
143 592
143 1294
1294 590
57 1267
528 1023
590 722
722 971
623 679
971 818
818 982
982 1989
261 812
1989 1999
1595 1655
1989 1224
1224 1855
1855 1891
1891 1371
1371 409
409 1518
208 1990
413 434
585 1550
1518 951
398 1526
951 1795
1515 1537
1795 1845
1845 396
513 1561
396 221
221 11
50 1605
282 1931
11 9
9 427
756 1897
858 1985
427 100
100 71
490 1302
619 1929
71 48
1709 1726
48 5
5 1054
267 1086
1054 887
887 321
297 900
1070 1749
518 974
300 940
370 389
321 234
234 591
591 1206
1206 1736
821 1643
1736 1310
1310 1957
1957 1961
1961 1959
1083 1849
1959 809
809 1407
1636 1669
457 1265
993 1980
1407 206
206 1253
955 1644
1253 1572
1572 1655
1655 1258
1258 1925
1925 352
100 189
352 353
139 503
353 236
236 90
90 41
41 17
1108 1826
1412 1428
17 7
7 4
4 2
2 1057
1003 1480
1057 25
25 3
1299 1491
3 661
45 735
661 380
1143 1462
380 210
210 37
66 654
37 27
520 1199
27 1528
1528 1536
469 1093
1536 1730
852 1428
1730 1911
1911 1921
1921 1974
1974 1984
137 319
1535 1685
950 1501
1984 1999
1241 1724
636 1945
1984 1160
1116 1228
1160 1547
96 290
1547 1632
1632 79
401 647
79 67
67 1597
1597 228
228 1010
1010 1788
1788 123
123 60
60 52
52 450
450 1758
1758 226
671 1813
226 152
152 262
262 166
743 975
166 1062
1062 1190
1190 900
900 1595
916 950
319 1939
485 1322
115 149
1719 1893
1595 1683
1683 1891
1274 1749
1891 678
678 1682
1682 1925
1925 1283
1283 1575
1575 1831
1491 1878
1831 1842
1842 958
178 778
958 642
638 1819
642 466
540 1348
1326 1919
466 8
8 5
1147 1226
5 1350
13 264
860 1072
1350 104
104 81
81 413
78 1683
3 962
413 260
179 1796
260 543
543 1613
1613 480
480 406
289 1172
105 649
406 189
260 1517
1513 1724
1117 1494
189 1533
209 1577
1533 566
566 1180
1180 1553
1441 1636
1553 636
430 858
636 1410
1410 1608
621 658
1608 1753
897 1874
397 2000
1753 1664
1664 1842
1842 1956
1956 1656
731 1634
1656 1693
1693 806
226 793
806 270
270 81
81 8
1279 1957
8 3
1011 1746
3 1608
1608 1455
492 927
58 1378
579 1489
1455 1151
835 1686
1151 360
360 102
102 1570
1316 1368
40 73
1570 749
173 887
181 1492
1025 1536
1291 1910
83 1368
172 1603
480 1776
749 724
724 513
246 1585
602 1749
513 87
87 58
58 524
524 324
324 276
276 1621
734 1516
1621 943
229 1299
1483 1568
943 1429
286 1580
1429 1497
1497 1621
422 1284
1621 1496
1707 1916
986 1748
368 1866
734 1431
1496 1544
120 1067
1544 1630
611 1206
1376 1564
1549 1637
948 1226
1630 390
390 457
457 1370
1370 1900
1900 1747
1747 1901
119 1513
1901 1302
1302 1306
1306 960
960 591
591 570
570 190
1032 1819
190 249
488 839
249 119
324 1114
119 47
47 759
34 738
759 16
369 1481
16 211
969 1698
92 170
532 1483
211 6
6 489
489 104
1095 1371
142 1473
166 1452
652 1657
104 8
1193 1577
186 387
1081 1256
520 1549
426 559
8 188
319 890
188 1321
1321 1998
448 867
142 953
1321 1530
1530 1959
1959 1976
273 1121
1976 60
60 14
886 1103
1636 1759
808 1854
276 1243
14 794
1450 2000
794 273
83 496
273 1842
1842 1914
1741 1780
264 1957
1914 1991
1991 450
450 276
256 790
276 210
210 192
192 84
84 7
7 6
818 1406
177 1622
205 1857
384 1210
46 555
6 2
2 84
84 59
59 748
748 258
258 120
120 44
278 1890
44 1449
104 287
1449 1550
1550 1941
1941 1425
1425 1988
22 1786
1988 1993
1993 1472
578 861
824 1182
128 481
1472 1625
1625 1181
289 821
121 1502
555 1293
1181 1440
1440 1975
1975 1984
1984 1991
1991 1993
1993 1994
943 1263
983 1745
1994 1675
1675 1723
1723 862
862 47
47 31
31 26
186 591
26 1844
1844 1955
1955 332
784 1755
1170 1611
332 821
1172 1224
550 823
1405 1502
821 396
396 138
288 1903
346 1192
138 1842
155 1462
1842 372
372 264
264 215
858 1307
1337 1898
215 1869
454 510
1869 1941
1941 710
710 256
126 999
1028 1309
365 859
256 1617
1617 1291
1291 849
849 544
58 172
309 851
1798 1938
544 249
249 73
46 731
73 5
5 1912
1912 1979
1979 1525
1525 257
133 159
257 119
1159 1770
255 1613
119 664
664 79
442 1524
79 10
10 7
7 2
611 1382
2 611
606 1791
611 1026
1026 1525
1525 534
534 527
527 476
1308 1716
632 987
202 1501
1168 1999
476 455
455 1282
1168 503
503 692
692 101
101 1092
1092 1280
1280 655
189 1472
655 789
789 1126
1126 1697
1282 457
457 118
53 57
118 1410
1410 1609
1609 1923
1303 1438
1697 1890
1890 1898
1898 1946
513 1598
143 1090
231 247
781 1994
1923 1995
636 1722
455 1348
1946 1804
192 582
605 675
12 753
1804 26
26 160
1176 1275
160 92
92 14
14 12
151 1142
12 1480
1480 520
129 1963
520 727
359 845
727 381
665 1273
47 504
381 1968
1313 1838
1309 1668
1968 52
462 699
52 43
43 1436
1436 448
448 1401
1401 1944
1944 189
189 17
1250 1309
329 505
149 1490
17 6
6 1476
622 1538
268 801
255 812
1476 1848
1372 1619
864 1900
1848 9
9 2
2 277
277 1974
1974 1991
198 565
1396 1739
1991 1994
455 1490
1995 1784
1273 1553
1784 1785
1785 1954
1954 147
270 792
147 559
559 633
633 1615
600 1802
1615 1947
873 1511
1947 1955
1955 1964
368 915
1964 1775
1247 1834
1775 454
454 339
363 1387
339 993
438 1331
1287 1378
993 1557
843 1147
1557 1596
1596 1843
476 1564
1843 1384
1384 889
889 511
521 1802
8 1946
511 455
455 94
1121 1408
700 1420
94 29
29 522
522 458
458 305
305 256
256 55
55 54
258 856
150 401
93 104
1122 1385
54 18
18 4
4 3
3 1755
1755 1915
1915 1944
1944 1958
1958 1092
1092 902
902 777
777 547
547 69
785 1897
731 1360
69 1179
1179 1738
1738 1786
1027 1723
939 1887
598 1760
323 1128
1786 1099
623 1729
1099 1403
1403 134
1285 1976
1250 1261
397 903
134 1444
1675 1900
855 990
1444 1772
1000 1470
779 1871
90 877
1772 1160
956 1399
1160 1768
1768 1956
534 797
1956 1975
1975 1995
656 757
1995 1997
61 1830
1017 1527
1994 1998
969 1636
1994 698
698 1969
1969 1987
1987 1908
140 1917
680 773
1908 829
38 1295
829 1523
1523 1611
848 1007
1611 1588
516 1856
1588 1805
1805 1969
840 1764
858 1370
101 1686
1969 1024
1024 521
921 994
649 770
237 1631
1246 1796
521 269
269 129
134 1126
981 1084
129 80
80 759
759 1849
768 785
1849 454
454 545
545 536
536 182
168 1246
182 137
1090 1217
1304 1437
84 1880
1401 1667
238 1273
473 1540
137 1518
657 1839
1518 1809
1809 1878
1878 1941
71 528
907 954
1941 1978
486 530
24 1019
1978 1979
646 1431
1979 2000
687 1585
1997 1998
1998 2000
1997 166
166 40
611 1389
40 8
8 6
6 4
4 3
3 2
274 1032
1088 1387
2 1791
1791 1928
1928 1931
1931 494
165 825
494 9
694 1278
623 1639
583 1741
9 2
478 1883
1563 1677
2 1969
1969 1025
1241 1528
1025 319
319 105
1136 1589
105 81
81 58
725 1654
58 1246
1604 1995
1246 1344
1344 1502
345 575
480 983
1502 420
447 1644
307 1550
420 50
50 32
32 22
322 1336
82 1813
22 1394
246 1821
351 369
1394 1133
248 1056
1133 1069
1069 1771
1771 1964
1964 2000
1964 1998
456 1653
1964 1464
1252 1306
1464 655
655 1734
1734 859
859 644
673 799
644 526
244 1113
526 1174
1174 1400
1400 345
345 1502
1502 1730
1730 1592
1592 1905
1043 1078
397 1243
171 516
1905 229
229 1551
1551 1298
831 1319
1344 1982
1298 1605
1605 556
556 1060
1060 1256
1256 1841
1841 1123
1123 1250
1250 556
556 131
131 23
23 1131
1131 675
338 1833
675 610
610 521
231 1316
521 394
394 246
246 214
143 464
214 146
146 89
89 465
465 920
920 616
130 132
616 441
441 1889
391 1656
136 379
506 1104
1889 92
92 63
1302 1567
844 1803
63 678
