2000 2000 2000
1269 1439
842 1387
937 1200
661 192
238 74
1412 446
601 1488
40 1522
1467 1490
1765 1991
1206 722
1638 1218
642 1305
655 1376
137 467
1196 725
1759 902
1743 2
785 1385
1800 1406
1545 952
1239 602
494 1648
1333 880
802 636
561 1811
1022 738
1219 920
649 753
1539 1709
585 747
1048 619
498 397
1051 966
1479 1227
1913 1737
251 1962
263 1718
564 1099
575 1762
638 1103
1335 1641
915 1701
1118 395
599 1845
1608 1550
1463 319
635 3
1405 283
869 349
567 91
1513 70
221 563
1795 541
1381 903
1892 320
953 739
1833 698
1881 808
1164 1187
1097 1824
1102 641
1373 1030
9 1554
1312 1075
46 1425
456 678
1615 942
1084 113
1627 1640
271 841
39 1066
816 1874
723 452
1001 1609
727 1130
843 738
850 1557
1664 1529
1793 352
1469 1038
339 1478
42 1529
1394 127
1214 1730
733 1669
1365 1713
554 1617
966 1312
1015 677
696 789
919 1053
38 1017
643 1731
1829 972
1954 673
1905 1453
871 1533
1191 67
1865 1945
1895 1893
1595 1456
1297 615
447 544
1415 1067
1650 818
335 103
983 426
1160 811
1675 1828
1585 129
1957 706
1910 133
292 729
922 27
1180 786
1781 1953
810 1958
629 1825
651 798
1962 805
1025 518
1919 1723
687 1690
1699 520
783 578
1588 304
207 1324
433 1097
1087 284
1614 202
1456 1799
134 1349
1039 1274
181 1148
468 84
552 1972
1837 846
310 90
5 412
1364 517
1577 598
672 1611
809 1123
1811 1195
1952 807
1154 1872
967 1721
184 306
1284 389
1426 88
426 1829
930 1625
846 1710
814 800
1711 1929
584 465
1511 388
1808 1504
1213 118
1901 7
848 21
1256 1623
205 1576
791 437
318 791
1139 1358
784 1359
928 246
535 1732
1005 1370
20 300
812 570
955 78
1535 1460
1844 1074
1409 1161
1666 1873
712 71
1497 1090
1904 1976
1162 583
1188 702
1908 1232
1296 668
1076 833
487 770
1553 1549
1676 1588
892 871
1161 1996
828 170
1257 895
695 996
77 1428
497 1268
1392 910
1668 248
1149 1043
386 614
347 926
301 160
608 1912
476 1661
743 918
1704 854
463 1150
24 549
1366 8
1020 956
126 741
518 1524
1133 1129
488 850
1772 1803
621 137
1579 1624
1430 933
1695 1724
482 59
369 1301
692 1599
56 1623
1171 1914
1991 1341
1474 1329
116 281
97 1135
944 1924
965 1436
1851 1070
929 1349
290 1573
1621 1448
1709 1472
718 891
153 204
904 234
1584 1211
229 910
462 1590
316 1267
1271 1941
304 473
872 326
1690 1409
61 1079
878 409
416 1816
526 130
1809 1684
1042 905
1338 1682
1141 1613
1428 365
1054 1119
933 1213
1746 269
79 1058
1235 1863
1204 1336
829 423
402 260
1677 563
728 565
1059 298
686 175
1907 234
1199 263
422 786
64 249
760 397
1388 308
1631 1720
1128 400
1129 889
1383 973
1350 236
1937 835
1550 481
158 326
1654 925
1148 1974
1132 347
1554 1062
1313 173
117 153
706 815
1667 1820
863 52
1707 116
1734 33
734 518
699 646
1221 1714
545 1868
1175 825
379 223
111 534
1994 65
25 225
852 1674
1281 1266
1948 1248
722 1098
994 631
1602 993
1719 1657
942 232
1610 1616
253 1444
866 1215
496 1667
1724 514
350 764
1721 13
75 1562
1529 608
302 1196
956 1959
1568 773
1982 1804
105 129
122 1633
845 485
1273 337
220 657
1278 366
1726 941
471 1461
1789 1383
1242 1902
592 328
530 1630
1523 270
786 896
533 239
511 296
1544 1646
708 1687
1453 1761
574 1345
1046 598
771 813
1879 1381
357 39
1382 727
1593 618
336 1733
1733 1313
1774 487
1573 1773
1607 1659
947 1752
773 998
905 1156
1326 1757
1362 1746
1586 1985
1953 800
1799 865
1443 97
1916 216
525 1290
396 1614
1323 95
1911 1947
931 635
208 1354
627 432
1361 934
1736 1361
549 312
1558 1903
1510 526
1858 1417
602 1508
1794 503
1505 421
63 666
175 390
364 1391
790 1012
694 840
1301 1676
730 156
268 1111
1778 1808
1287 89
1582 181
7 916
45 1039
417 197
1748 1438
92 1139
1578 1794
1499 1003
1840 574
115 1503
1091 1204
1702 106
326 699
500 1883
1643 1753
824 345
1656 1133
315 1087
243 1689
234 221
646 525
831 1449
1688 1774
858 1300
119 226
1227 655
309 241
1064 978
745 621
460 687
355 914
491 1451
1824 898
731 1822
1625 265
1909 59
4 1403
1641 287
1651 373
1376 939
948 845
1649 1618
189 1724
174 1043
984 188
1013 165
1136 180
954 869
512 1857
261 787
1305 958
1123 1122
1317 1778
270 735
218 1155
362 217
542 1467
70 305
235 1138
276 580
1058 1212
1472 1595
60 654
1589 762
313 375
1580 709
1839 1181
378 1064
1682 1932
1692 1895
187 1094
43 1936
779 1677
1031 1496
710 460
1673 1270
28 111
159 638
1659 100
607 937
631 19
514 1235
1282 1510
1534 649
90 1368
597 514
226 18
938 1996
1519 446
1019 706
1694 1894
1878 1783
193 1887
1943 1743
1034 739
980 1711
242 997
432 542
1920 524
501 849
295 1430
908 1416
916 1352
1424 915
173 1655
1718 1234
1057 1748
1768 570
1536 302
1328 1656
202 1918
163 1598
691 1105
758 908
1267 1727
1309 1236
1945 293
129 1871
1416 1419
1163 641
507 190
1121 1399
912 1810
620 829
1384 1882
124 477
796 1238
804 523
1167 817
113 268
446 1558
1147 963
381 1327
914 1105
998 986
1179 856
1940 1719
1306 2000
741 1425
806 1014
664 1793
142 882
1181 828
188 1612
1823 263
1216 1342
1036 264
502 214
1098 267
684 1173
338 687
1032 562
1506 983
1552 1680
172 1037
1298 1650
576 911
958 1067
1933 581
489 357
1343 1898
1406 1792
88 1317
537 1370
667 1630
1071 1654
6 891
755 375
509 1124
1752 912
1557 774
996 158
1967 362
474 587
1776 1208
285 1817
367 453
419 748
570 1483
1452 661
1439 1842
1693 292
864 937
1241 1784
1417 415
395 941
239 1632
1538 178
95 1236
830 1837
1250 1102
1915 1971
1172 1558
1843 891
82 369
593 107
1155 98
800 367
705 978
1228 128
826 158
277 1667
366 817
969 690
1797 860
680 1866
1633 1437
1710 1768
280 1478
228 866
1642 1061
232 1185
832 1458
1371 1516
1969 1729
397 161
1955 1837
538 1934
1021 1242
1110 924
1279 316
1083 685
236 15
1293 1263
1873 1767
703 824
639 1940
34 1668
811 1280
1455 567
1089 1917
214 1466
363 1463
1002 1999
219 842
541 139
1272 83
1354 5
604 1889
345 873
1963 1824
74 34
1003 901
477 26
640 316
481 14
279 1645
328 531
370 1998
903 1475
547 1414
881 792
1122 1486
1451 1308
407 543
98 1591
1684 1507
583 1756
732 435
375 62
1934 988
192 999
414 1886
1665 1361
1248 168
311 250
1753 1717
423 1933
709 1046
1925 1176
888 635
110 1142
1729 1388
1575 675
164 1728
1657 1228
1806 403
560 1521
1185 691
1085 1367
618 712
293 256
854 1354
1647 1896
1262 1632
995 643
746 1740
1755 1958
1457 350
166 229
939 1647
1678 671
352 327
1959 1422
1984 960
1487 1606
1303 975
1344 108
203 975
398 1291
1302 1968
1723 460
480 133
387 1741
264 1295
319 380
515 1059
1176 674
1422 832
1291 417
1640 772
1418 1658
15 1769
787 186
1626 495
614 884
1142 41
666 393
659 1995
1106 788
1763 1973
103 1694
1223 1937
1449 854
797 607
645 964
1842 1447
1874 1733
799 154
37 1058
1468 1179
1290 701
1502 1369
522 982
1115 602
1562 247
1738 259
1205 367
1226 969
50 187
248 1625
26 45
906 628
1754 1269
312 1635
1541 1602
87 1739
1208 497
1255 143
1134 338
870 1964
178 1557
720 1953
1159 169
257 669
89 957
1757 1021
726 1193
1247 444
1055 963
934 1754
1732 653
453 294
932 506
1252 1432
1857 761
782 1367
1466 922
1540 1779
1493 1588
451 921
437 1323
836 1556
1229 622
750 957
1114 917
1035 1153
1556 1840
1902 734
138 1551
1866 430
632 1285
1218 1517
1880 1060
1393 1334
66 1348
216 1563
1391 198
1124 467
1329 1583
478 1022
291 723
675 480
1429 1366
206 1734
896 1533
399 552
757 664
1360 512
770 323
356 949
943 927
306 1082
1985 68
1893 1695
31 142
1526 1407
1194 310
1658 146
555 84
1914 123
1461 1284
1629 1317
348 42
1325 1610
1079 686
595 805
580 870
1197 1908
186 897
112 1928
1850 878
523 554
21 75
1402 145
989 1607
1193 1805
1156 562
550 359
1561 1491
1801 953
1813 1418
1425 1396
1521 1986
951 1303
979 1368
1190 200
283 1012
167 1723
157 1726
1524 1925
65 12
1565 134
1594 1585
408 1622
630 730
851 911
609 1969
1370 1741
1930 715
839 1396
1946 1758
1236 1633
807 1314
1283 254
403 527
1939 336
156 422
578 211
354 1751
1488 160
380 1670
1784 806
689 1705
918 1766
626 338
1814 239
1186 474
1512 66
1234 839
438 521
411 1398
1286 944
1277 1390
1358 229
1820 948
539 1890
458 1332
274 1956
1978 52
1708 221
1170 552
837 331
1661 1639
1349 852
461 250
148 1777
625 67
1831 1131
1655 601
1295 1233
1052 369
714 1553
1924 276
469 1521
844 989
1135 1568
1869 1356
1803 1041
978 1223
1177 932
1266 1580
1210 1059
1372 1556
388 1938
735 28
1243 478
1053 1229
657 926
1921 1947
168 1271
910 1023
1605 1033
441 800
1492 1994
1860 586
94 1393
1591 1462
1398 282
1137 272
1289 1455
711 1526
343 838
1500 1892
183 1860
1725 1706
71 24
1324 520
1836 1637
1989 596
1082 96
1004 1190
1264 102
297 598
1399 144
1792 151
240 286
1503 1473
849 1402
321 1909
272 254
384 1763
1516 38
546 1207
753 1304
887 1861
1855 1335
479 1362
1006 1782
1008 821
1701 1416
1445 921
950 137
1018 1462
949 1041
1889 325
473 954
1126 1883
466 1468
1518 165
890 43
1951 837
1830 1241
855 714
8 472
1636 1717
198 736
332 517
1116 1754
1246 1862
813 1963
1075 1867
1440 1166
1936 752
1722 1692
1960 1949
1888 138
1875 1704
1233 1245
241 1431
135 1994
393 1919
294 1786
1639 803
1390 1176
1807 1057
1010 472
1157 1370
47 309
1268 799
300 414
803 1764
1375 876
747 1398
960 890
658 919
120 1225
1138 124
628 695
194 1717
1574 335
373 1493
1669 625
1912 1743
331 1470
971 1064
1859 1803
1730 1400
114 1775
260 1560
160 663
589 968
391 1121
1441 252
258 1577
1062 1106
286 1363
1356 533
195 1626
1117 1395
1131 984
204 383
1532 11
704 1200
36 232
1253 1063
1870 700
1100 279
1903 299
1758 156
1791 1820
682 1036
1882 1253
465 1353
1932 1858
633 1881
1609 169
1847 626
1292 1324
1249 1457
404 1460
1307 1288
72 668
1385 1605
716 101
1922 1099
340 421
894 58
22 1237
1603 734
1387 1186
1935 156
1107 430
1339 504
1891 1569
1315 1488
19 413
1495 646
1785 1492
346 1127
1597 572
1623 906
33 36
467 136
1275 592
506 781
1434 139
838 649
1961 90
180 874
1060 830
624 1411
738 672
450 1891
141 1143
23 779
136 1160
1447 1052
987 1178
1231 291
1680 1189
719 648
565 588
17 1860
1737 1786
1078 1600
99 1814
577 357
85 763
1885 1140
579 428
817 965
431 1824
749 758
1074 1328
670 576
127 93
1359 1192
557 222
1299 385
1515 363
12 513
1941 471
1068 1476
551 1541
435 844
1944 1722
365 362
1549 1916
1251 248
118 1604
1796 1247
1728 48
683 980
1827 144
717 310
227 1334
1153 1550
827 445
1045 334
1202 1982
1923 1862
1407 1637
756 1963
1047 611
1420 682
1652 1297
1403 1983
1182 1750
1819 1083
1525 1050
801 1352
1471 1264
324 1235
862 1187
700 1535
1533 53
1619 1879
921 1680
740 1628
616 1967
840 135
924 1908
288 398
230 10
330 1935
1592 1742
299 1071
327 1844
154 1065
421 1581
1419 273
1817 354
766 461
792 879
652 1905
425 185
1494 1831
964 1279
763 605
1244 241
519 671
161 533
1611 1589
1966 1839
531 796
1470 716
1280 463
1995 987
1599 1609
1782 1593
1067 627
101 1120
152 634
1368 1420
1130 1452
1265 1552
917 5
1465 1851
486 688
1617 861
1968 737
1596 495
702 1872
1454 1528
1764 1450
256 1219
1168 64
656 806
1997 378
1517 1707
1041 1570
439 1471
1973 728
594 256
1747 1835
794 1603
1435 749
434 985
344 1094
1016 994
133 1337
1222 1391
1598 1478
1898 1292
737 1366
1346 285
1377 1030
1720 1404
605 1587
752 510
342 952
1547 1142
1846 374
1964 818
768 1689
1705 1597
211 1946
588 1662
1998 1858
223 1624
1143 358
1310 704
1113 1403
212 9
1771 1231
992 1509
736 442
1992 880
1686 427
1304 1175
121 1786
1703 616
1050 556
412 577
823 1963
1486 182
430 585
385 795
690 1190
225 1501
1648 951
1475 1258
440 575
1353 1652
961 167
131 1475
100 1923
1993 157
273 1832
341 1375
493 1387
693 1722
911 566
371 1355
361 1723
452 1020
877 1760
856 193
603 1068
1069 294
1232 1484
1314 1823
780 766
52 680
376 516
1744 1802
83 1830
868 1351
58 1311
1401 391
1977 776
1101 885
143 1538
1706 1167
1788 1926
725 295
449 196
1537 688
815 278
1560 1978
622 1055
13 1527
1886 172
1897 992
1587 551
1601 2000
1095 399
1571 1579
420 84
1863 76
1263 1454
443 1966
981 636
925 1207
1981 1489
1482 1663
1490 1115
109 864
662 600
1899 294
907 1040
1063 1165
81 1084
1498 640
1867 1136
1489 1060
475 125
1341 1275
759 1441
1336 1965
130 266
162 1464
1805 1457
1024 238
1818 484
415 386
1715 892
1689 1512
1996 1671
1030 1137
1459 450
1749 311
1152 1384
681 1813
532 212
821 1285
472 853
927 1195
1739 1031
957 642
1816 1801
1815 699
1481 1636
926 1406
1259 1503
946 964
606 987
1906 757
1174 410
1367 1158
1351 7
1433 1826
562 944
351 266
997 512
1798 1492
429 369
1086 1683
1355 1653
171 1293
1683 804
1038 73
231 1071
1215 538
372 1424
879 332
444 1056
701 1675
1009 316
1109 938
516 819
510 117
1929 629
1462 1442
1104 679
1438 1276
1442 504
1411 479
1520 428
169 261
11 371
1958 1296
573 947
96 1294
767 1615
1254 645
1868 1827
191 384
1835 845
861 962
1745 147
619 238
729 857
891 1292
1308 251
80 1509
1073 859
1662 1325
128 1979
1751 212
1980 81
889 119
1778 1592
2 1575
382 1832
1572 1346
106 1957
1395 1011
1681 1528
669 1948
383 1666
266 771
1150 439
834 1279
1183 320
1056 234
1033 1330
596 681
1112 1201
999 751
1483 1564
833 23
418 1884
1634 812
1979 1474
1088 1918
1357 1459
41 1395
1983 1571
1731 171
769 1226
359 417
1570 1435
1460 1242
598 35
762 775
775 1047
322 1965
69 1540
49 1511
1674 1469
147 1046
748 307
68 940
1713 740
1347 236
392 88
1883 336
778 273
455 174
822 461
1853 1807
936 1403
1410 1437
249 1640
267 1320
1653 1357
305 783
1496 900
1825 1744
1092 1931
899 679
1240 89
875 1420
641 1770
1144 1691
1632 1884
1322 1008
1714 224
334 1487
457 1790
1378 1201
1845 1280
742 1709
1000 1980
1380 935
1026 665
1927 431
44 1351
1431 961
679 1144
1775 1997
1970 1809
962 1091
761 968
713 189
247 1702
353 1524
1988 494
582 472
201 1720
900 651
1397 1615
637 1513
1448 63
51 853
442 1582
409 536
390 1000
259 1519
1841 693
751 1586
1093 750
492 734
1217 1879
123 1443
1760 31
1090 1578
185 1631
1926 1380
1569 190
553 120
612 382
1618 315
586 1834
337 1307
1786 459
1871 1085
246 245
1766 20
1663 1232
1821 38
470 143
317 164
1670 1089
1345 440
587 1480
320 731
1458 32
213 1454
454 136
1146 1435
325 1605
648 1511
988 289
678 633
1311 502
1856 1575
3 1003
781 462
528 1250
1697 475
1942 1679
1332 1890
1237 1177
1105 1338
1700 1750
895 1853
1476 1648
1029 969
1070 61
1158 697
1274 1638
968 1795
1698 1145
611 1735
793 1693
1583 235
1987 1266
1761 1002
548 1925
1637 435
132 434
1413 1783
1854 561
982 976
1740 1403
1027 216
617 647
1192 557
182 848
1423 911
296 1429
1427 897
1258 1198
1477 1841
1628 623
1822 1226
1348 1299
303 704
940 401
1436 1804
1444 923
1938 949
360 556
1096 1895
448 624
1288 991
1742 1497
495 635
413 1783
1023 1282
1949 56
1783 424
952 1132
1014 140
610 955
1151 1
941 245
673 1169
1245 637
1861 977
636 652
1316 1787
1563 1915
874 995
1363 262
660 1545
789 125
1947 992
1404 1500
1099 660
108 927
27 1989
1555 784
57 1524
566 917
1838 1771
406 834
819 1703
255 1315
1081 205
436 50
1327 419
484 1088
668 692
1604 1951
144 486
663 600
1140 1471
10 620
1928 1157
970 1110
1184 229
1862 271
865 1100
805 724
674 253
503 1536
754 1405
1877 1269
1178 885
499 1471
847 54
653 1234
1331 1042
901 1841
1103 950
18 257
867 910
155 919
86 578
650 483
459 1738
1548 1429
464 215
289 1852
1320 1755
676 755
698 1261
1864 64
59 1530
1285 37
885 976
1321 1939
1207 1870
1546 1984
53 1201
853 1221
1779 397
613 1676
76 877
520 1441
284 650
445 802
1567 1906
30 1413
400 186
1530 426
1169 768
1414 637
883 846
237 790
505 1441
1145 1098
1111 1833
377 436
1542 926
1200 1621
985 1006
244 449
647 613
818 348
394 149
1635 793
591 167
976 1865
788 343
556 211
224 1162
401 456
1011 1394
1119 639
1576 1846
1741 80
1884 640
1480 899
1717 1401
170 1494
139 25
389 314
1896 1855
1294 560
55 1453
298 438
62 844
991 1678
67 1803
524 809
374 1619
1812 1698
151 1445
1975 710
1209 831
677 396
880 670
269 1382
993 368
1965 228
262 1081
1894 242
1612 1904
1166 1572
1125 1756
1630 1333
1270 457
1065 1532
1211 954
125 366
559 1691
222 1171
1212 141
1220 901
527 1044
1484 528
1450 1838
1230 379
1201 1548
841 1371
540 262
1491 162
581 684
1972 104
1696 603
1432 758
190 132
1559 974
1727 1836
776 516
179 653
215 1209
1464 909
1777 1004
1828 1686
563 658
1622 272
1330 416
1522 1262
857 558
1061 1116
1769 1952
427 916
1527 573
1624 696
1203 1585
590 1393
140 855
571 1301
282 1960
196 1048
1804 109
1504 321
558 1559
882 1505
1342 619
825 240
860 1110
1918 1451
1507 766
14 887
1672 1273
959 1307
1198 1765
1849 110
572 1061
368 112
715 670
177 497
278 1465
644 1502
671 1272
245 707
1437 183
93 1551
920 1206
1509 1594
721 898
1780 230
485 1080
1735 157
1446 1608
1012 496
1999 1331
1872 842
91 756
1508 659
176 1222
688 403
1043 402
1337 88
697 1319
654 492
1551 1850
1767 744
1852 609
410 1326
808 683
1543 53
32 1546
974 1649
986 1077
1473 408
1931 1738
1770 1696
1832 1322
1956 468
913 1634
1917 610
1971 703
483 501
504 425
333 950
884 1072
405 1220
902 910
314 1479
859 1368
777 717
1950 1172
1260 413
529 1809
146 1440
513 553
1876 249
1049 1273
1334 173
281 967
287 1592
1986 470
1195 1956
744 1054
1531 19
1066 720
1421 1469
1037 1051
623 317
209 1521
1261 644
1660 1024
707 784
1613 754
1352 1587
265 1818
935 381
1120 394
1590 1780
1787 1305
1687 1097
1478 1230
1679 50
329 862
724 743
165 847
358 1907
1108 833
1187 894
1340 1294
307 1257
1028 766
517 1049
78 1539
1319 1446
521 994
1600 218
1044 1849
1826 195
1691 970
873 329
1790 39
795 1139
1224 1776
1620 921
1127 1601
685 63
1974 1574
16 1471
1318 630
544 1240
1276 568
1646 1093
774 746
898 561
1094 165
886 87
1485 485
820 1863
977 1141
1007 95
835 449
48 524
1566 105
1238 1523
963 1874
323 1318
1976 886
1514 595
973 691
536 544
424 1343
945 1689
200 1561
1606 397
149 448
233 1788
1890 1607
308 584
1756 1350
1 1078
29 484
1040 632
765 574
1225 1222
990 673
428 826
600 1922
568 1900
1528 802
145 1365
1564 1154
665 1803
1400 754
1685 470
1802 22
1616 593
615 1151
1887 341
1077 1864
1810 1567
569 460
252 104
150 1533
534 1515
1716 1246
217 318
1300 511
1750 1542
972 1785
1173 346
739 1152
1189 1987
1644 1691
1165 836
490 530
772 1086
1645 1224
199 1391
1834 1805
1671 77
893 1244
508 493
909 466
1501 1889
1080 1565
1369 191
54 1981
104 673
1408 1289
250 1397
349 1636
923 1210
107 233
1990 801
764 398
1396 1503
254 455
197 1194
975 159
1374 1727
210 621
543 60
798 476
275 841
1848 1056
897 114
634 349
1386 274
1379 1207
1017 530
35 1540
1581 689
1072 377
73 1809
1773 1866
1712 1582
84 96
876 881
102 495
1389 1169
1762 1243
1900 443
1 1087 789 1182 669 1994 516 1133 96 1855 1753 1298 622 1610 162 1060 1886 1445 272 1876 1894 242 149 848 1287 26 1931 814 1977 672 631 1945 291 1750 772 1116 1032 1954 483 1297 98 1813 19 1093 1858 104 387 1885 1841 1765 1936 219 1772 197 1408 804 1752 1526 1416 454 60 687 1557 838 1556 664 817 1485 13 1395 31 1168 537 1789 342 478 497 683 1967 577 1893 986 1917 521 1173 107 1257 1901 80 1948 726 380 545 941 163 546 493 1278 1073 1671 926 1181 1302 1071 1165 1585 351 1778 1850 721 1527 1161 1523 335 668 643 1582 1814 1463 1236 737 405 160 1635 1349 93 1784 1094 787 1851 1870 887 1516 1204 225 17 1515 1875 94 357 284 855 1354 1099 1347 911 81 1503 510 1640 1629 1751 1628 788 1083 484 952 1050 90 1632 473 416 1684 1985 1200 685 186 1074 1149 385 276 1984 316 898 1122 465 1661 1685 950 240 119 1017 1393 723 1423 33 1693 1891 255 1319 1771 909 279 1065 501 452 1166 1623 1816 1125 1736 943 745 1843 1524 1288 1432 1688 417 1593 890 1920 560 520 766 534 1337 990 62 1075 831 1072 1328 216 1325 1821 1788 1614 892 1631 155 1869 254 741 1796 295 54 443 237 1650 1399 1008 1845 1137 198 1172 758 220 573 1904 1188 796 1091 414 1473 1316 1187 1368 1391 348 1273 1180 125 602 1419 1928 517 592 1224 1435 194 1207 1630 448 1561 1157 1825 705 1731 646 1797 532 1754 507 1261 311 844 1942 1493 1997 1783 690 1812 476 865 1707 1334 1924 658 1665 823 1192 699 1129 1507 1900 1538 776 193 785 557 784 1676 1648 760 359 1314 977 145 1243 695 214 174 429 1574 1700 1953 1127 1448 873 1012 1867 1142 1223 165 1197 310 1286 738 1092 846 1318 512 1016 239 508 464 1790 44 396 74 1258 961 296 710 644 674 612 356 1136 606 1627 632 1253 1899 1530 1818 1457 1401 22 774 596 1096 619 1170 988 110 717 515 1140 793 953 919 1226 736 1377 1944 1342 181 1044 203 707 716 1449 1769 1794 287 92 650 954 70 1759 1176 1057 1738 215 440 769 1859 767 595 1519 490 853 841 365 783 1815 583 451 763 1760 133 273 1398 567 218 1689 610 154 1929 290 1081 471 1657 866 1293 1345 362 588 826 1865 28 997 1202 1528 1854 1047 1475 559 281 694 907 97 1681 1417 914 35 582 422 238 732 1079 618 1853 253 918 1711 503 518 1675 1276 1709 1562 1301 1963 1478 449 1167 354 600 1925 881 1658 183 1015 1634 1089 1938 1587 360 1271 614 223 1842 1573 1305 904 1534 105 1542 69 1781 334 1856 1659 1139 1970 434 770 1256 1324 1263 1636 61 819 1490 1411 1021 569 361 1292 1496 526 1381 1746 1147 1724 1336 803 53 398 326 676 744 1203 1952 1332 1762 1598 812 1588 1238 9 1111 15 947 639 1339 1889 77 1898 1584 1459 816 636 1434 169 413 860 714 140 1281 108 102 955 1906 1910 283 708 1007 678 329 250 1335 1832 24 527 647 564 1710 1811 992 661 1972 277 1356 1447 375 1529 1803 1699 1829 638 288 575 1774 450 628 257 863 852 1446 688 1881 1254 488 1095 249 472 1414 729 432 302 1592 1068 152 126 608 20 333 1055 63 709 1164 1866 278 1728 1466 1907 957 383 1034 1250 1575 388 314 1500 980 1225 1101 1396 642 698 1722 224 1996 1379 1177 244 1504 764 561 1112 1979 1729 491 1191 1673 1600 144 266 1014 1422 319 1130 1558 1030 1828 1100 305 985 391 742 937 878 1403 973 1708 268 607 677 616 1919 1545 1835 1208 1801 352 1178 1135 95 228 209 513 1355 1131 1902 65 1712 1033 382 747 576 680 759 1951 1986 1895 6 156 1303 372 894 1309 424 1380 1310 964 189 222 1666 1569 1453 1680 1686 233 1098 684 1409 397 1719 381 956 1241 979 703 1053 590 1024 1211 172 1926 1476 1780 1184 131 693 153 99 246 1196 761 286 1716 303 1713 1364 1284 1338 1923 1464 875 722 1076 880 675 1839 1837 1158 1905 1559 1174 1037 798 822 525 1482 486 229 1566 1941 1275 293 1431 750 282 129 1465 1568 731 1782 730 1128 1890 1088 725 743 1227 572 969 1939 309 1992 617 315 11 1259 1717 1580 423 1025 666 899 1916 870 1990 337 1975 199 1085 1620 262 1511 1179 1255 1824 1605 566 739 1154 1248 1982 712 1830 553 1428 217 306 696 1266 1878 1950 143 1410 778 1664 235 1199 891 529 794 207 1968 1146 901 1599 645 1470 549 64 1251 686 261 1438 653 1577 399 260 438 1350 492 1348 1294 1579 1863 1506 420 1217 1462 1320 1415 113 175 594 132 930 960 799 1150 339 634 1082 1509 1921 453 1299 905 850 896 41 1698 1836 1786 1306 116 1153 829 1162 368 660 1998 38 192 989 889 1603 499 1144 1031 1151 324 1054 1747 733 1517 856 1113 548 409 1668 1353 752 1407 869 1819 1019 1879 795 1376 408 586 818 421 1512 1029 100 294 1232 1533 1980 1644 1744 720 740 176 820 681 1622 701 84 111 1138 349 791 180 212 530 1190 942 922 1443 929 563 1315 1727 649 580 1730 32 3 1235 1554 1358 122 1976 885 1077 462 355 1222 968 428 66 1043 40 568 779 1547 301 297 1495 857 1269 150 635 344 8 995 1285 682 1097 1541 1056 12 801 480 821 640 1696 78 1807 1913 234 1909 1231 1230 300 48 713 1333 1637 384 269 522 591 1806 323 570 1578 531 578 945 624 49 1933 205 839 252 1914 727 886 353 523 1937 1597 1483 1009 1612 1383 259 1720 542 1205 392 711 401 1201 605 1159 630 1956 627 1626 1820 1120 1549 965 67 1426 1145 147 1915 1646 173 1703 1245 1045 599 1441 347 754 1340 1387 539 265 1745 21 320 82 1156 1978 833 1307 1141 47 1283 835 456 482 485 780 882 1486 623 461 299 1531 621 1437 1102 1570 864 1892 1525 1701 975 42 944 227 1260 1733 1922 1064 86 85 1413 188 1390 1458 419 994 470 1010 25 528 1213 1918 442 1078 552 1932 505 535 1537 1848 1799 1896 1123 1026 1367 274 1955 404 879 127 981 321 1847 777 457 1300 83 109 702 418 1971 536 1852 1621 1375 854 270 427 1669 71 574 458 1616 603 256 967 117 1572 1343 231 1265 1535 1063 1491 1651 379 544 130 232 1492 1800 436 170 72 403 589 1216 226 1608 1748 888 446 1412 1107 1873 251 1450 924 1860 1036 1880 1872 1590 325 1295 1020 1481 195 1505 671 734 435 504 984 120 936 1940 998 1619 1849 494 304 76 1989 1999 1038 463 1183 1404 1595 245 987 775 748 1440 1121 39 629 1725 1540 364 849 1775 1677 437 651 298 1983 718 1048 1160 275 1242 1874 1647 757 884 1827 1221 1386 966 386 1861 1247 1402 1958 51 445 1723 1513 847 366 927 1175 1761 1655 201 1882 1361 1405 1484 307 1973 1240 749 1502 1521 377 308 554 211 1833 897 584 106 124 346 786 1553 1617 1571 148 1041 958 1331 598 1117 1510 34 241 1052 1059 1576 611 1871 343 1080 264 1329 912 495 340 204 902 1006 68 345 719 654 597 824 913 972 1479 412 1522 18 1957 1652 1330 1846 118 1115 367 1691 1406 46 1995 556 1497 45 1425 585 168 948 330 802 906 1591 1171 939 1105 1487 1110 178 187 498 1643 1638 50 648 691 903 1823 1834 1756 158 1649 1366 202 1981 1993 1679 1947 1461 1912 1624 411 1618 1946 1560 996 836 1831 533 1687 1864 1743 1768 1322 400 267 1394 506 1755 4 247 14 208 136 2000 1035 496 1198 1108 1001 1718 1477 191 1966 845 1308 908 1344 1357 935 410 1237 338 1678 1312 1272 1363 1233 1346 923 946 1467 1436 433 1672 1826 1518 1581 921 75 1613 1494 1228 1804 1551 1469 962 103 389 317 1321 179 200 1609 190 378 1084 1456 1219 872 1793 1421 1290 1215 613 1857 1119 1124 1239 350 1104 558 1726 1548 502 1185 466 371 1385 842 670 55 370 467 1013 551 1090 1702 159 447 1988 322 1499 655 1169 1808 813 213 1943 932 1480 1471 1279 524 550 1311 620 1430 893 115 828 862 1961 1962 1369 1061 1667 519 806 834 2 1653 1451 10 1472 1058 1132 1739 5 1544 692 917 868 1602 1960 1721 1249 1607 1062 1114 1018 331 963 1444 1625 280 1274 830 1844 1209 511 971 139 114 697 1660 1323 581 1767 915 1359 1964 843 123 318 1694 1662 1289 475 141 230 1118 1965 1817 1888 827 1341 662 562 867 481 1452 477 840 1779 1039 1267 1705 1291 1564 1384 1763 916 663 1049 792 871 1454 781 1229 920 858 57 679 790 1935 87 601 1252 1642 1420 1046 58 1656 73 1370 547 161 1809 1270 1070 1757 1903 1732 1785 89 1641 390 837 514 1262 1392 167 142 509 1663 1326 1670 1777 925 1351 715 1378 1645 1005 1897 1186 755 1683 1143 874 938 1022 36 1400 1460 540 341 1206 978 336 1028 1877 625 177 1382 1280 1234 1212 974 895 667 1268 746 724 292 1565 768 1086 615 1501 951 883 1004 1798 751 1715 1040 289 1429 1027 1152 1371 271 1439 1246 112 1389 593 1546 407 1741 689 196 1594 1134 171 135 587 444 1539 555 1586 657 656 1543 332 1003 1296 659 541 1069 1193 771 1802 1194 1433 23 959 1974 825 500 1934 1000 1791 88 999 1810 243 1498 1066 993 455 137 395 609 728 1868 1106 1372 1489 934 1639 312 1195 571 1424 1758 861 1822 756 210 700 753 976 151 1908 900 1787 1596 164 128 393 704 1418 805 134 1109 811 1959 43 1362 652 1601 1455 1704 970 1313 782 1776 1887 1520 1474 79 328 1583 1764 1633 1536 1589 146 1604 1766 910 185 1674 1884 773 1220 1615 425 543 1862 810 248 1697 1264 1126 1606 1552 263 665 27 1792 1317 431 1532 1442 487 641 633 565 579 1023 1051 1927 37 1550 29 604 1611 982 1374 1563 460 1103 1514 358 430 1218 1740 807 374 762 1690 808 1883 877 637 1654 1067 474 138 59 983 765 933 1692 16 949 221 439 1002 415 991 832 1795 815 369 626 56 1282 1840 1468 1427 489 1714 1555 1365 800 373 459 30 940 1735 1244 441 184 1682 479 1488 376 166 157 1277 1360 7 469 1991 1148 313 1987 1734 1930 91 426 206 797 1737 928 1770 1838 1911 1352 851 673 1189 402 394 1397 101 1508 1210 182 1749 1388 1042 859 1949 1567 1163 468 931 327 1969 809 236 735 1155 258 285 1373 1773 52 1695 538 121 1011 1742 1214 876 1706 363 1327 406 1805 1304 706
23 423
85 747
10 9
9 1905
5 159
691 1147
78 628
23 1569
12 1860
832 1775
8 1258
9 7
7 2
2 1672
37 1639
458 1434
17 13
13 543
26 20
658 1104
20 14
14 5
5 4
4 787
650 1366
845 1984
57 178
66 65
65 151
65 35
35 32
32 23
23 3
3 2
517 555
2 647
108 878
630 1896
90 280
69 888
694 1805
69 1201
164 27
1135 1382
27 859
27 893
8 636
33 1126
51 1910
35 222
37 12
12 7
7 6
54 1171
858 1343
6 5
5 4
607 1699
4 1239
111 1107
40 331
116 550
25 10
1449 1771
923 1971
10 6
6 4
4 20
20 1485
4 2
2 1523
154 852
804 1012
11 7
7 4
1418 1964
4 529
44 870
159 39
39 29
29 1974
236 486
151 1167
151 251
171 1532
171 7
7 3
3 772
168 48
48 1721
181 627
36 1484
115 70
70 358
24 9
9 1755
178 927
217 1185
277 170
199 1818
170 38
38 852
129 3
3 2
2 1995
156 1876
1025 1638
87 37
37 23
729 821
23 1895
23 3
3 2
2 235
102 43
43 35
35 1018
12 1552
473 909
149 1019
51 988
69 414
86 23
23 611
1235 1405
1058 1962
109 1415
274 1019
328 624
629 1086
49 48
862 1239
48 700
93 1082
223 200
200 1544
55 1130
240 1270
71 42
42 1142
167 36
27 1866
36 673
36 33
1208 1576
33 1519
33 17
17 6
6 2
2 1125
115 276
172 1744
126 1308
220 400
126 119
119 713
19 441
260 1286
60 125
81 1711
760 1602
16 9
9 598
125 800
9 6
1769 1886
6 4
4 932
78 40
353 977
40 1175
184 102
102 92
341 1855
92 52
52 27
1188 1690
27 3
3 523
3 1053
177 114
114 1836
251 22
225 1590
273 569
22 9
9 5
5 2
2 1239
2 75
75 1696
225 82
82 73
73 252
252 484
40 1327
191 16
16 4
4 2
1400 1413
2 1294
335 1297
2 393
2 103
103 14
14 97
97 43
43 218
218 23
23 492
23 5
5 597
14 12
12 1908
12 1167
12 1000
117 1651
249 20
20 278
20 7
1553 1793
22 547
22 1586
7 4
4 1480
22 5
5 1407
5 837
196 84
84 2
2 536
228 72
72 50
50 1981
211 768
53 414
574 1051
224 484
224 36
36 424
53 539
801 1483
280 1346
1919 1998
13 1424
13 7
7 5
5 1997
125 316
236 103
631 845
284 688
103 75
75 74
74 1559
254 83
1129 1441
83 34
34 717
130 185
34 12
12 10
10 253
27 467
137 1066
1079 1813
27 1538
370 1022
86 542
86 219
298 747
298 1083
1042 1442
279 29
29 1926
29 1785
29 1915
280 203
203 681
1074 1855
147 103
103 1758
278 220
220 948
45 1258
45 817
161 119
270 2000
119 1700
122 1853
109 4
4 1675
304 1823
518 1294
222 94
94 1044
197 1640
94 1609
2 1631
2 1202
77 6
6 728
6 3
695 1403
3 1178
805 1449
3 2
2 214
211 173
173 1712
92 1442
296 1022
296 334
334 195
195 172
172 630
214 307
424 1433
129 199
124 19
1459 1764
19 5
5 3
3 2
2 334
2 934
274 266
266 1395
266 288
288 932
637 1456
141 121
121 47
739 1580
351 1301
47 867
38 814
38 29
29 4
4 1335
4 3
3 2
2 1637
786 1627
2 1716
118 809
118 1822
919 1213
338 1609
584 767
338 76
76 33
33 1045
25 1788
25 1562
25 13
13 1243
561 1478
13 10
951 1078
10 970
10 6
6 4
985 1408
1153 1217
4 3
3 13
13 1624
13 1745
13 316
13 406
1342 1963
116 1607
185 1751
116 10
10 5
5 2
2 1248
2 465
2 1634
854 1493
316 64
64 603
185 129
129 26
26 1246
26 690
924 1200
26 1307
26 1257
60 712
60 3
3 1013
3 61
153 385
75 1778
73 36
627 1341
36 814
36 1410
739 1355
181 28
28 21
1598 1655
21 1873
238 513
238 530
238 73
73 1949
73 1342
73 1902
250 258
54 1728
72 67
67 10
401 1193
10 8
8 4
4 3
3 2
2 696
2 1759
2 578
2 1264
2 1650
97 94
94 16
16 573
188 1617
16 227
16 8
8 1384
8 2
1292 1902
1104 1806
372 975
2 1912
36 16
16 738
68 1919
175 1082
175 1822
175 14
14 11
11 5
5 512
27 1539
27 13
13 5
5 3
3 1829
3 1514
3 1556
3 2
2 1241
159 1463
235 68
1086 1693
68 39
39 1686
39 759
39 15
15 8
8 4
4 1302
431 66
66 949
66 11
11 9
9 7
7 986
12 862
99 1590
756 880
7 5
5 381
12 8
1159 1801
271 1701
8 7
7 1220
5 4
4 172
158 1826
117 1064
99 70
70 48
48 1695
48 40
40 294
278 1995
40 186
186 13
13 448
40 1382
278 1206
867 951
258 154
154 238
238 174
174 1580
290 1809
332 1386
11 633
118 766
844 1894
168 145
1738 1988
145 426
201 136
136 48
48 775
48 18
18 1306
18 14
1185 1828
14 1853
14 8
8 6
6 5
5 4
4 1435
86 1799
86 1761
209 1840
114 959
296 147
147 100
100 97
97 25
25 1488
25 23
114 1076
114 30
30 1206
531 1658
23 1161
30 1105
30 1768
30 4
4 2
2 745
2 1834
1483 1625
781 1086
2 424
2 1282
21 716
2 235
235 1043
1023 1394
171 571
23 15
15 6
6 4
4 3
3 2
2 391
2 318
2 1524
7 1364
7 455
7 4
4 2
2 749
2 717
2 394
351 1231
102 29
29 1572
264 93
94 1664
93 88
88 1888
88 1169
219 51
51 1201
51 553
51 744
51 574
51 49
43 184
49 424
49 45
45 1211
45 5
5 3
3 2
2 837
2 92
92 1235
1161 1774
85 48
48 1343
256 161
161 1010
64 51
51 1623
78 23
23 687
23 9
9 4
1380 1500
4 3
562 1061
3 2
2 249
672 1604
424 224
1615 1700
224 129
129 4
4 2
2 1664
517 609
396 370
370 1467
100 22
22 19
602 1177
19 4
83 1794
13 1561
4 1662
192 1684
4 329
83 1132
128 378
89 1153
89 1021
89 1565
241 1235
397 141
141 85
85 36
36 1465
423 419
419 559
49 2
2 782
2 1115
2 1704
179 558
28 1030
28 22
415 799
22 1645
179 1176
22 2
2 1012
293 1222
293 191
1577 1955
263 342
834 1961
384 1151
191 611
191 14
568 1616
828 1587
14 9
9 3
3 1598
864 1174
410 979
583 1798
253 195
195 54
54 16
16 1778
16 3
3 2
2 1093
113 681
113 1534
113 1619
172 1681
61 54
54 22
22 773
1145 1520
151 1933
360 181
181 1315
288 1111
126 112
112 226
71 1478
468 1170
212 575
212 357
357 856
187 220
350 325
325 1258
82 23
453 1086
23 17
17 12
12 1945
12 5
5 2
184 1915
2 825
184 79
79 1966
79 350
2 1056
2 127
127 79
1122 1458
79 589
650 1601
309 381
347 1787
2 963
486 843
2 262
262 131
131 1254
276 1500
276 148
1201 1328
148 1609
148 20
20 1546
20 523
20 5
5 4
935 1361
4 1011
2 1295
19 18
18 1399
18 11
11 855
199 1171
114 1753
461 553
1132 1555
415 386
386 325
325 1478
1290 1555
310 985
9 211
1614 1800
323 1942
384 1241
384 1204
981 1428
625 843
231 916
231 1440
1078 1899
1141 1914
221 783
633 1621
447 1477
1297 1966
350 1788
648 726
938 1730
1558 1875
709 1376
613 670
896 1526
325 1323
325 16
16 650
1396 1664
454 1224
1235 1246
233 674
303 907
297 440
1238 1692
365 817
365 428
56 1093
1424 1687
638 775
56 970
56 123
123 43
1027 1705
43 1233
43 25
25 9
9 1932
9 6
6 1031
604 1815
375 1834
375 1839
510 1414
742 1185
425 1479
110 1968
1703 1899
756 1817
958 1470
813 1997
1441 1543
1241 1445
374 1209
185 1507
1518 1951
306 352
1241 1684
442 738
295 1113
573 597
761 1593
1060 1345
996 1444
826 1639
405 1396
405 411
411 541
483 1318
832 944
388 608
934 1433
869 1797
1698 1776
328 1429
1081 1573
822 1916
165 887
165 53
53 36
36 1487
36 1766
36 29
917 972
29 8
8 3
3 2
2 677
716 1261
637 995
1261 1533
283 581
1553 1675
1148 1264
172 1477
229 1474
229 287
342 1831
342 67
67 10
10 8
8 796
8 521
287 283
283 3
3 984
277 439
263 1146
506 1112
95 1574
95 264
264 167
167 424
424 107
107 57
57 442
57 1976
57 1356
57 51
51 47
47 1763
47 382
442 1675
67 450
550 1504
67 1902
67 1403
238 1368
238 1657
56 442
1214 1262
961 987
856 1682
611 1492
167 1209
167 1749
398 1097
469 1113
395 1049
602 1764
936 1390
576 859
205 569
986 1893
152 444
630 1947
948 1798
710 1319
938 1982
74 1630
74 73
73 23
23 22
22 1795
1216 1728
286 1594
286 98
98 1981
98 22
603 1952
22 1401
176 1736
176 1081
356 831
892 983
734 1578
134 800
134 6
6 1767
6 4
4 2
1093 1141
1152 1917
1342 1653
573 1114
2 1709
2 1336
550 1746
1008 1110
338 349
694 907
336 1104
389 618
983 1603
76 179
1062 1914
198 931
198 1679
30 1975
868 1979
30 21
1073 1165
21 5
5 3
3 1634
3 1202
3 2
304 1401
2 737
400 1918
693 729
2 1575
304 106
106 1369
106 936
106 50
779 1115
50 7
7 6
6 1123
1490 1775
31 1825
31 11
11 1541
464 841
481 853
103 1853
103 1682
860 1344
103 37
37 843
406 1810
37 88
1764 1792
707 1950
139 458
283 419
1124 1137
956 1380
1439 1585
98 783
190 1901
190 105
105 142
142 15
658 1514
15 7
58 466
7 5
5 3
3 369
3 2
2 1676
2 1320
1237 1673
295 1847
295 32
32 17
17 15
15 13
13 5
1539 1813
152 1541
5 1709
152 442
5 3
3 1337
3 245
245 224
1380 1828
224 377
224 97
901 1567
192 1393
97 1561
1144 1389
1191 1378
704 1440
1424 1485
51 502
7 109
197 764
197 161
161 446
161 58
58 1523
58 1560
58 5
5 1864
5 3
3 22
22 8
8 1715
8 3
3 1821
3 1062
3 2
2 857
2 441
2 1543
2 1525
2 1482
2 160
160 1847
679 1473
160 73
73 11
11 1137
1681 1904
11 10
10 5
5 1276
5 1087
550 749
167 1464
167 34
34 18
911 1019
18 176
228 1026
176 5
5 734
228 79
1256 1530
79 87
87 40
161 1129
40 26
26 15
15 1452
15 508
172 249
15 782
15 12
65 1585
1611 1993
12 310
1330 1369
65 16
16 2
2 1653
2 315
329 935
241 1283
1503 1602
946 1729
202 1128
202 8
8 1081
8 5
5 3
3 425
752 1614
283 1135
1002 1965
633 744
210 1132
1376 1571
210 686
490 581
307 369
1433 1965
71 1176
883 931
71 32
1039 1213
32 26
852 1582
26 13
13 12
248 1138
12 4
4 3
3 2
2 656
248 940
248 159
159 987
915 1587
1373 1439
857 1270
517 1660
192 1734
414 1249
1046 1764
748 878
1194 1460
1698 1859
794 990
516 1779
1568 1793
490 1641
430 681
1496 1939
383 1662
243 1890
562 770
1305 1326
353 1469
587 1294
67 1491
67 29
29 6
6 2
2 201
201 1526
198 1699
1473 1857
256 1757
318 438
37 105
256 892
37 23
23 474
1167 1973
23 18
18 17
17 9
1240 1241
9 4
4 2
2 1743
2 1774
66 409
513 1214
2 436
328 896
328 121
977 1105
121 58
58 1411
836 1435
58 1431
58 671
130 1292
289 772
130 101
101 1123
289 638
101 59
59 399
59 440
131 575
810 1028
976 1411
131 1703
131 79
79 21
696 1887
21 9
9 1300
9 2
2 1060
682 850
2 1673
286 390
873 1650
1485 1556
1207 1999
56 611
56 1240
407 1000
1068 1367
305 435
305 193
193 90
90 908
90 41
41 4
4 3
732 982
3 218
218 209
209 110
110 618
223 270
223 110
110 107
107 85
85 1441
85 1265
1183 1452
1343 1422
467 1682
432 750
1776 1807
576 1975
1102 1540
184 711
215 810
215 856
1344 1844
954 1993
737 1826
865 1171
1439 1961
582 874
13 324
13 1151
13 879
13 12
12 872
47 1805
103 1002
482 971
110 1546
110 1873
110 1772
1475 1817
1294 1375
1749 1797
141 1470
507 1504
588 1266
789 1464
729 1625
1599 1813
850 1832
1587 1938
813 1704
551 1657
623 1656
700 1053
66 404
66 39
39 805
1164 1837
1211 1769
120 488
120 51
51 50
50 20
20 1956
183 974
20 14
14 3
961 1124
3 2
2 1562
2 1062
2 1328
2 1833
2 684
696 1236
837 1551
590 1202
727 1485
264 1796
190 1172
413 608
216 1452
744 1516
230 1404
270 690
146 681
146 34
34 557
270 177
273 1550
177 17
17 4
4 2
2 1317
2 742
328 554
2 41
1137 1166
41 1583
267 787
267 5
5 4
710 1879
1046 1260
4 714
4 798
4 337
337 1058
60 1279
1041 1486
217 1123
368 1042
217 163
163 1026
101 1430
101 71
71 67
67 365
140 302
365 1428
540 1187
712 1589
246 710
520 1766
246 221
221 1536
221 1170
221 32
32 10
628 1645
10 1977
1084 1227
166 1681
280 560
166 4
4 1078
67 85
4 2
2 1110
2 1222
719 1305
2 490
745 1498
1497 1827
501 609
50 1769
659 1502
50 1957
1256 1844
1426 1760
50 768
541 645
50 475
1413 1445
579 1048
50 15
64 894
15 1523
93 1252
15 10
10 1959
93 6
6 1912
6 1182
703 722
817 1860
64 1988
1223 1472
562 1085
778 1425
883 1116
589 1477
228 1497
776 806
1404 1896
826 1292
777 1312
648 1280
861 1407
636 1713
954 1193
775 918
74 271
1668 1992
326 446
47 600
47 33
33 24
24 626
24 8
8 949
223 1825
8 2
2 927
2 1707
5 1114
5 2
2 659
5 3
3 1958
1615 1794
484 1200
302 1600
352 809
867 1347
83 277
246 641
246 1106
68 944
1034 1613
1114 1815
764 1730
1363 1863
113 1129
84 230
84 1687
84 1912
84 13
13 1186
13 838
1127 1501
826 1573
113 622
165 1453
388 463
87 695
445 1853
569 1625
273 1796
542 1323
183 1964
169 1364
335 1488
335 1527
739 1183
414 1206
414 352
352 1577
945 1473
711 1701
162 1394
576 1370
164 1727
164 153
153 1947
153 38
879 1735
38 1183
1299 1665
173 1785
173 1839
797 1087
173 190
190 183
645 1666
183 1471
1489 1865
339 769
56 1751
56 16
16 8
1059 1819
8 1639
1261 1573
1011 1847
474 1184
65 1952
65 1138
986 1382
36 624
36 35
35 22
22 8
8 7
7 4
4 2
2 357
2 924
357 45
45 9
9 8
8 1697
342 1350
8 1411
2 92
2 393
2 633
2 896
2 1207
2 1591
2 1886
2 1688
147 1030
1430 1490
557 962
1104 1652
1360 1710
1027 1357
241 1754
993 1456
1787 1987
752 1093
619 1746
597 1992
510 1631
805 1103
526 1931
176 402
1197 1290
476 965
323 1676
741 1561
652 1861
476 1567
789 1437
1233 1241
477 1571
372 1777
330 1009
356 1169
356 5
5 4
391 1630
4 3
3 2
1200 1865
2 759
2 108
330 445
48 877
216 1721
216 1131
108 68
68 11
11 1355
11 6
122 293
6 610
6 755
395 962
637 1268
1055 1487
667 1809
1544 1688
954 1897
1450 1509
173 733
173 1738
504 1429
1234 1762
1019 1489
580 814
732 1684
1260 1462
553 1574
639 1313
681 1530
476 1252
1011 1101
106 1315
106 1209
621 1289
57 490
57 53
940 1394
53 240
240 56
56 1620
56 53
1370 1761
53 43
43 182
182 34
34 1184
34 1999
597 954
219 1701
1529 1873
634 1822
746 902
756 1555
766 1500
1626 1723
75 1386
785 1794
75 1934
1029 1357
126 813
126 876
126 255
76 637
76 215
399 1877
1190 1395
45 927
45 1316
510 1148
908 1843
1299 1750
347 1225
352 1280
801 1047
461 1156
1256 1781
264 1291
668 1295
809 1023
117 989
117 166
166 1613
166 1481
166 13
13 1790
216 675
38 1071
621 961
701 1591
464 1949
105 1515
105 1493
474 558
641 1371
458 941
563 1388
515 1282
1341 1349
1684 1977
770 1068
650 1588
417 822
1257 1896
423 868
907 1732
372 905
372 972
1176 1318
2 357
185 1139
632 1397
409 567
1180 1482
750 1834
258 1713
258 1647
1935 1936
144 1901
733 1789
106 1921
710 1505
106 201
359 1957
359 799
384 577
201 106
106 1174
106 87
87 62
705 781
62 47
47 545
47 1514
47 68
154 1897
617 815
371 490
173 832
1238 1265
173 92
92 1151
451 1553
92 23
23 2
823 1209
2 270
60 314
60 4
4 1529
4 92
92 951
92 1857
4 2
604 1853
2 692
1572 1827
272 781
97 1240
658 971
136 1604
136 1008
253 1702
1149 1835
1138 1818
7 1542
481 1619
7 4
4 1017
4 2
2 1976
2 1134
2 349
1270 1735
698 1665
678 1741
578 1923
525 1558
1079 1089
1328 1974
1102 1655
1665 1726
66 612
66 845
66 307
66 18
18 1285
18 364
248 390
595 840
576 1726
354 1546
391 964
611 1805
875 1158
119 1477
119 597
748 769
1772 1799
304 831
79 1047
361 927
130 1972
130 686
305 1151
130 2
2 1621
2 1922
1419 1455
1815 1938
95 1888
95 26
26 6
6 1617
6 1698
6 2
2 1464
761 1620
2 1317
2 326
2 637
1229 1648
652 1493
1354 1575
903 1689
1226 1920
320 820
1166 1674
491 1235
385 1253
450 550
1173 1764
36 1305
563 1297
1029 1776
1132 1533
798 1647
457 1503
476 1105
1282 1635
794 1955
396 837
462 668
30 169
30 1011
30 1181
30 1955
30 10
10 1417
10 1166
345 604
304 454
656 1628
1315 1597
478 639
397 802
997 1230
873 1966
721 1710
1159 1434
467 641
5 974
24 1029
24 2
2 1249
459 483
332 1237
1400 1921
1409 1581
744 1495
1540 1754
83 433
83 321
529 1753
246 1346
246 732
246 180
996 1343
180 147
147 413
147 89
89 58
544 1770
303 1740
58 29
29 19
178 954
19 3
3 1576
3 1093
3 147
147 3
3 2
2 1804
2 1075
2 1927
178 31
31 26
26 1671
63 555
63 1267
89 1372
679 1748
121 201
671 1158
357 1545
1254 1957
139 1839
821 1671
221 1564
803 1888
139 265
265 171
171 101
1615 1968
101 35
35 751
1740 1793
470 618
470 1830
862 1635
554 1722
29 600
224 1216
602 1183
1269 1281
1090 1975
699 1515
1261 1919
395 1189
637 1355
551 1043
1519 1934
602 1731
599 1488
391 658
337 1846
1464 1565
670 1601
381 1949
330 885
284 647
284 267
267 69
382 1855
69 1809
1260 1480
1002 1447
1562 1599
36 771
36 370
370 157
157 667
1389 1427
157 8
8 1593
36 20
20 17
17 5
1120 1852
5 29
29 24
91 491
91 365
91 253
91 27
27 9
982 1010
9 3
1646 1772
3 271
486 783
24 153
772 1854
136 1583
136 13
169 1520
13 2
2 979
2 110
110 1533
110 92
92 1053
260 608
92 116
116 1216
137 826
137 1978
137 27
27 510
810 1672
27 26
26 1940
1028 1661
756 1255
425 776
475 1374
30 868
1520 1753
1107 1108
233 1186
250 772
688 1600
1770 1977
845 1739
1240 1257
1227 1613
1666 1932
59 642
382 1572
297 1167
1324 1773
415 745
1529 1786
99 1147
201 1085
581 585
726 1871
221 298
534 648
187 514
187 178
178 162
162 121
121 84
266 1577
266 42
42 17
17 1261
84 500
17 1283
17 6
240 1225
6 246
6 2
2 1016
2 1717
84 80
80 63
24 1340
63 1576
581 597
1515 1954
570 833
541 597
63 18
837 1571
18 7
7 2
2 371
1313 1966
344 1635
224 1436
147 697
147 116
116 311
874 1230
479 1371
12 1954
276 1898
273 1586
1097 1268
