50
C 2 4 6 8 11 13 14 15 17 18 19
M 1 S 11 5
M 4 P 9 2 3 8 11 12 14 17 18 22
M 6 G 14
M 8 P 21 1 2 3 5 6 7 8 9 10 11 12 13 14 15 16 17 18 19 20 21 22
M 12 P 14 2 3 5 7 8 9 10 12 14 16 17 18 19 22
M 13 S 5 9
M 16 P 11 2 3 5 8 12 13 14 15 18 20 21
M 22 S 2 16
M 29 P 7 1 5 6 11 15 19 22
M 31 G 19
M 39 P 20 2 3 4 5 7 8 9 10 11 12 13 14 15 16 17 18 19 20 21 22
M 40 P 7 2 5 7 12 18 20 21
M 42 P 6 5 6 12 14 20 21
M 46 G 8
M 50 P 12 1 4 5 7 9 11 15 16 17 18 21 22
M 53 P 20 1 2 3 4 5 6 7 9 10 11 12 13 15 16 17 18 19 20 21 22
M 56 G 8
M 59 G 17
M 60 P 4 2 12 18 22
M 61 P 21 1 2 3 4 5 7 8 9 10 11 12 13 14 15 16 17 18 19 20 21 22
M 62 G 16
M 65 P 1 18
M 74 G 19
M 76 P 2 16 20
M 77 G 13
M 79 G 19
M 83 G 9
M 85 G 19
M 86 P 16 1 3 4 5 6 7 8 9 10 13 15 16 17 19 20 22
T
C 1 3 7 8 10 11 12 13 16 17 21
M 1 S 12 4
M 5 G 4
M 7 G 21
M 8 S 7 19
M 9 S 13 2
M 10 P 8 2 4 5 8 12 15 19 20
M 12 G 1
M 13 P 10 2 4 5 9 11 12 16 17 20 22
M 14 P 8 1 2 5 6 9 16 17 18
M 20 P 8 2 5 9 16 17 18 20 21
M 22 P 22 1 2 3 4 5 6 7 8 9 10 11 12 13 14 15 16 17 18 19 20 21 22
M 24 G 4
M 26 P 8 1 3 4 5 14 15 17 22
M 27 G 3
M 28 G 2
M 30 P 5 3 4 8 15 20
M 31 P 11 1 4 5 7 12 14 16 17 19 20 21
M 34 G 4
M 35 G 4
M 36 G 11
M 37 P 14 1 2 4 8 9 10 12 13 14 15 16 18 19 20
M 38 P 7 5 7 11 12 14 17 19
M 39 G 16
M 40 G 10
M 42 P 18 1 2 4 5 6 7 8 9 10 11 13 14 15 17 18 19 20 21
M 44 G 2
M 45 P 12 4 7 8 10 11 13 14 15 17 19 20 22
M 46 P 5 5 10 12 17 19
M 47 G 3
M 48 G 4
M 49 G 1
M 56 P 22 1 2 3 4 5 6 7 8 9 10 11 12 13 14 15 16 17 18 19 20 21 22
M 58 G 4
M 60 G 2
M 61 G 19
M 62 G 2
M 63 G 3
M 68 P 14 1 2 3 4 5 7 8 9 10 11 14 16 20 22
M 69 G 2
M 72 P 1 7
M 73 G 19
M 74 P 19 1 2 3 4 5 7 8 9 10 13 14 15 16 17 18 19 20 21 22
M 75 G 17
M 76 P 8 3 8 9 13 14 15 17 22
M 77 P 21 1 2 3 4 5 6 8 9 10 11 12 13 14 15 16 17 18 19 20 21 22
M 83 G 10
M 84 G 2
M 85 P 17 2 3 4 6 7 8 10 11 12 13 14 15 16 17 18 19 21
M 88 P 4 3 9 10 16
M 89 P 16 1 2 3 4 5 6 7 8 10 12 13 14 15 17 18 22
M 90 P 14 1 2 4 5 6 10 11 12 14 16 17 19 20 22
T
C 2 3 5 7 8 10 12 17 18 20 22
M 1 P 2 17 21
M 31 P 17 1 2 3 4 7 8 9 10 11 12 13 15 17 19 20 21 22
M 65 G 2
M 86 P 9 1 4 8 9 10 11 15 19 22
M 88 S 12 13
M 90 P 4 7 8 13 20
T
C 3 4 5 7 9 13 14 18 20 21 22
M 1 P 10 4 5 8 9 10 15 16 18 19 21
M 2 P 19 1 2 4 6 7 8 9 10 11 12 13 14 15 16 17 18 19 20 21
M 3 S 14 12
M 6 P 13 2 3 5 7 8 11 14 15 18 19 20 21 22
M 7 P 5 2 11 17 19 20
M 8 P 15 1 2 5 8 9 11 12 13 14 15 16 17 18 19 20
M 10 P 4 1 5 16 17
M 11 S 5 10
M 13 P 12 3 4 5 7 8 11 12 14 17 18 19 22
M 16 S 7 19
M 19 G 3
M 20 G 10
M 22 G 13
M 23 G 12
M 24 G 9
M 27 P 5 4 5 7 9 10
M 31 P 9 1 2 5 7 8 11 13 14 20
M 32 G 18
M 33 G 19
M 35 G 9
M 36 G 9
M 37 G 20
M 38 P 11 1 2 3 5 7 8 11 16 17 18 22
M 40 G 13
M 41 P 22 1 2 3 4 5 6 7 8 9 10 11 12 13 14 15 16 17 18 19 20 21 22
M 42 G 10
M 43 P 9 2 6 8 11 12 13 15 21 22
M 45 G 12
M 46 P 7 1 3 7 8 10 13 18
M 48 P 1 22
M 49 G 18
M 51 P 14 1 2 6 8 11 12 13 14 15 16 17 18 20 21
M 53 P 20 1 2 3 4 5 6 8 9 10 11 12 13 15 16 17 18 19 20 21 22
M 55 G 20
M 56 G 10
M 57 P 3 3 19 21
M 58 G 18
M 60 G 20
M 62 G 3
M 63 P 19 1 2 3 4 5 7 8 9 10 12 13 15 16 17 18 19 20 21 22
M 66 G 10
M 68 P 21 1 2 3 4 5 6 7 8 9 10 11 12 13 14 15 16 17 18 20 21 22
M 69 P 18 1 2 3 5 6 8 9 11 12 13 14 16 17 18 19 20 21 22
M 71 G 22
M 72 G 21
M 73 G 19
M 74 P 11 2 3 4 6 12 13 14 15 16 21 22
M 76 P 11 2 3 4 5 6 7 11 12 14 16 17
M 78 G 18
M 79 G 9
M 80 P 17 2 4 5 6 7 9 10 11 12 14 15 16 18 19 20 21 22
M 81 G 13
M 83 G 4
M 86 P 16 1 2 6 7 8 9 10 11 12 16 17 18 19 20 21 22
M 89 P 22 1 2 3 4 5 6 7 8 9 10 11 12 13 14 15 16 17 18 19 20 21 22
M 90 P 21 1 2 3 4 5 6 7 8 9 10 11 12 13 14 15 16 17 18 20 21 22
T
C 3 4 5 6 8 10 11 14 16 18 21
M 1 P 9 3 7 9 12 13 17 18 19 22
M 2 S 6 1
M 4 S 10 15
M 5 P 8 1 5 7 8 14 16 17 19
M 6 P 11 2 6 8 10 11 12 14 15 16 19 22
M 7 S 18 9
M 9 G 11
M 10 G 3
M 11 G 14
M 12 G 3
M 13 P 21 1 2 3 4 5 6 7 8 9 10 11 12 13 14 15 16 17 18 19 21 22
M 14 G 9
M 15 G 9
M 16 G 21
M 17 P 4 4 13 17 19
M 18 P 2 13 14
M 20 P 3 1 14 20
M 21 G 11
M 22 P 14 1 4 6 7 8 9 10 11 12 16 18 20 21 22
M 23 P 16 1 2 3 6 7 8 9 11 12 14 16 17 18 20 21 22
M 24 P 8 1 3 4 12 13 16 17 18
M 25 G 3
M 26 G 11
M 27 P 18 1 2 3 4 5 6 7 8 9 11 12 13 16 17 18 19 20 21
M 28 G 14
M 29 G 21
M 30 G 9
M 31 G 8
M 32 G 15
M 34 P 7 3 5 7 9 12 16 18
M 35 G 1
M 36 G 16
M 37 G 3
M 39 P 21 1 2 3 4 5 6 7 8 9 10 11 12 13 14 16 17 18 19 20 21 22
M 40 G 5
M 41 P 2 5 13
M 42 G 5
M 43 P 20 1 2 3 4 5 6 7 8 9 10 11 12 13 14 15 16 18 19 20 21
M 44 P 1 22
M 48 G 5
M 49 P 22 1 2 3 4 5 6 7 8 9 10 11 12 13 14 15 16 17 18 19 20 21 22
M 50 G 5
M 51 P 16 1 2 3 4 6 7 8 10 12 13 14 16 17 19 20 21
M 53 G 11
M 54 P 22 1 2 3 4 5 6 7 8 9 10 11 12 13 14 15 16 17 18 19 20 21 22
M 55 G 21
M 56 P 12 1 2 3 5 7 8 11 13 14 17 18 21
M 57 G 9
M 58 P 11 3 5 7 12 13 14 15 16 19 20 22
M 59 G 4
M 61 G 1
M 62 P 18 1 2 3 4 5 6 7 8 9 10 11 12 14 15 16 17 19 20
M 65 G 8
M 66 P 18 1 2 3 4 5 7 8 9 10 11 14 16 17 18 19 20 21 22
M 67 G 1
M 68 P 17 2 3 4 5 7 8 9 11 12 14 15 16 17 18 20 21 22
M 69 G 3
M 70 P 14 1 2 4 5 6 8 9 12 14 15 16 18 19 21
M 71 G 1
M 72 P 18 2 3 4 6 7 8 9 10 12 13 14 15 16 17 18 19 21 22
M 73 G 11
M 75 P 2 7 20
M 76 P 10 6 8 10 13 15 16 18 19 21 22
M 78 P 17 1 3 4 5 7 8 10 11 12 14 16 17 18 19 20 21 22
M 79 G 21
M 80 G 21
M 81 P 13 2 3 5 6 9 10 11 12 14 15 16 21 22
M 82 G 8
M 83 G 4
M 84 G 15
M 85 G 16
M 86 P 8 4 5 7 9 11 12 13 22
M 87 P 7 1 4 10 12 15 16 20
M 88 G 8
M 89 P 21 1 2 3 4 5 7 8 9 10 11 12 13 14 15 16 17 18 19 20 21 22
M 90 P 22 1 2 3 4 5 6 7 8 9 10 11 12 13 14 15 16 17 18 19 20 21 22
T
C 1 5 7 8 9 11 14 15 17 20 21
M 32 G 5
M 52 S 7 13
T
C 3 4 7 8 10 11 15 16 17 18 22
M 1 P 14 1 2 3 5 6 8 10 12 14 15 16 18 21 22
M 2 P 17 1 2 3 4 5 6 9 10 11 12 13 14 15 17 18 19 21
M 3 P 8 3 6 7 8 9 13 14 22
M 4 S 16 1
M 5 S 22 5
M 6 G 18
M 8 G 18
M 9 G 17
M 10 S 10 12
M 12 P 14 2 3 4 7 9 13 14 15 17 18 19 20 21 22
M 13 G 5
M 15 P 8 6 8 11 12 16 17 20 21
M 16 G 3
M 18 G 11
M 19 G 12
M 20 G 3
M 22 G 3
M 24 G 11
M 25 G 12
M 27 P 6 2 5 13 14 17 18
M 28 P 14 1 2 3 4 5 8 9 10 12 13 17 18 21 22
M 29 P 19 1 2 3 4 7 8 9 10 11 13 14 15 16 17 18 19 20 21 22
M 33 G 12
M 34 P 10 1 2 5 8 9 12 14 16 20 21
M 37 P 21 1 2 3 4 6 7 8 9 10 11 12 13 14 15 16 17 18 19 20 21 22
M 38 P 15 1 2 3 4 5 6 7 8 10 13 16 18 19 21 22
M 39 P 11 1 2 3 4 11 12 13 14 16 18 19
M 42 G 3
M 45 G 4
M 46 G 12
M 50 P 14 2 3 4 5 8 9 10 11 14 15 16 17 20 21
M 51 P 4 8 11 15 22
M 52 P 20 1 3 4 5 6 7 8 9 10 11 13 14 15 16 17 18 19 20 21 22
M 55 G 5
M 56 G 4
M 58 G 7
M 60 P 10 2 9 10 12 13 14 15 16 20 21
M 61 P 10 1 7 10 11 13 15 16 17 18 22
M 63 P 21 1 2 3 4 5 6 7 8 9 10 11 12 13 14 15 16 17 18 19 20 22
M 64 P 15 1 2 3 5 7 9 10 11 12 13 14 17 19 21 22
M 65 P 6 7 9 13 16 18 21
M 67 G 8
M 68 G 7
M 69 P 19 1 2 3 5 6 7 8 9 10 12 13 14 15 17 18 19 20 21 22
M 70 P 12 1 4 6 7 8 9 12 14 15 17 18 22
M 71 P 19 1 2 3 4 5 7 8 9 10 11 13 14 15 17 18 19 20 21 22
M 72 P 5 2 4 8 15 19
M 74 P 3 10 14 16
M 75 P 3 7 13 14
M 76 G 8
M 77 P 19 1 2 3 4 5 6 7 8 9 10 11 12 13 14 15 16 17 18 20
M 79 G 17
M 80 P 18 1 2 3 4 6 7 8 9 11 12 13 15 16 17 19 20 21 22
M 82 G 5
M 83 G 18
M 84 P 13 2 3 4 5 6 8 9 10 12 14 15 20 22
M 85 P 18 1 2 3 4 6 7 8 10 11 12 13 14 15 16 17 18 20 22
M 86 G 1
M 87 G 11
M 88 G 7
M 90 P 12 5 6 7 8 9 12 13 16 17 18 20 22
T
C 1 2 4 6 10 12 13 15 16 19 21
M 1 S 10 11
M 3 S 13 5
M 4 G 15
M 5 P 10 1 2 3 9 10 15 17 18 20 21
M 7 G 16
M 8 P 9 1 2 3 5 7 8 15 18 22
M 9 G 11
M 10 P 1 14
M 11 P 20 1 2 3 5 6 7 8 9 10 12 13 14 15 16 17 18 19 20 21 22
M 12 P 2 10 14
M 14 P 3 1 10 12
M 15 G 2
M 16 S 16 18
M 17 G 12
M 18 P 22 1 2 3 4 5 6 7 8 9 10 11 12 13 14 15 16 17 18 19 20 21 22
M 19 G 11
M 21 P 22 1 2 3 4 5 6 7 8 9 10 11 12 13 14 15 16 17 18 19 20 21 22
M 22 P 10 3 5 6 9 11 13 15 16 19 22
M 23 P 10 4 6 8 10 12 14 16 17 19 22
M 24 P 7 1 3 6 8 14 16 21
M 25 P 3 13 14 15
M 26 P 12 1 6 9 11 12 14 15 16 17 18 19 21
M 27 P 6 1 3 4 5 12 14
M 28 P 3 3 8 15
M 29 P 3 12 19 21
M 30 P 21 1 2 3 4 5 6 7 8 9 10 11 12 13 15 16 17 18 19 20 21 22
M 31 G 4
M 32 G 11
M 33 P 15 2 3 4 5 6 7 8 10 11 12 13 19 20 21 22
M 34 G 19
M 35 P 10 1 3 7 8 9 13 14 16 17 18
M 36 P 9 1 4 5 6 9 12 13 18 22
M 37 G 1
M 38 P 12 1 2 3 5 6 10 11 12 14 17 21 22
M 39 G 18
M 40 P 10 3 4 5 6 7 8 12 14 15 20
M 41 P 2 16 20
M 42 G 21
M 43 P 22 1 2 3 4 5 6 7 8 9 10 11 12 13 14 15 16 17 18 19 20 21 22
M 44 P 4 7 10 18 20
M 45 P 20 1 2 3 4 5 7 8 9 10 11 12 13 14 15 16 17 18 19 20 21
M 47 G 18
M 48 P 13 1 2 6 7 9 11 12 13 15 16 19 21 22
M 49 P 4 3 5 7 14
M 50 P 12 2 3 8 9 10 11 12 16 17 19 21 22
M 51 G 1
M 52 G 2
M 53 G 12
M 54 P 13 3 4 6 7 8 9 12 14 15 16 17 18 21
M 55 G 2
M 56 G 15
M 57 G 19
M 58 P 19 1 2 3 4 5 6 7 10 12 13 14 15 16 17 18 19 20 21 22
M 59 P 14 1 2 3 5 8 10 12 14 15 16 18 19 20 22
M 60 G 21
M 61 G 18
M 62 G 2
M 63 G 12
M 64 G 2
M 65 P 8 3 4 6 11 13 18 19 20
M 66 G 1
M 67 G 12
M 68 G 19
M 70 G 21
M 71 P 6 1 10 12 14 18 21
M 72 P 5 9 11 12 13 17
M 73 G 4
M 74 P 5 2 6 8 19 20
M 75 P 5 1 11 12 13 17
M 76 P 14 1 3 4 5 6 7 8 9 11 12 13 15 19 20
M 77 P 16 1 2 3 5 6 7 8 10 11 12 13 14 15 18 19 21
M 78 P 10 1 2 6 8 11 12 13 15 18 19
M 79 G 5
M 80 G 21
M 81 G 12
M 82 G 5
M 83 G 19
M 84 G 4
M 85 G 12
M 86 P 20 2 3 5 6 7 8 9 10 11 12 13 14 15 16 17 18 19 20 21 22
M 88 P 19 2 4 5 6 8 9 10 11 12 13 14 15 16 17 18 19 20 21 22
T
C 4 7 8 9 10 14 15 16 18 19 21
M 1 G 4
M 2 P 11 1 2 7 8 11 17 18 19 20 21 22
M 3 G 8
M 4 P 8 5 7 9 10 11 16 17 22
M 5 G 8
M 7 G 16
M 8 P 14 2 3 4 5 6 7 9 10 11 14 15 18 19 22
M 10 S 15 11
M 11 P 16 1 2 4 5 6 7 9 10 11 12 13 14 16 18 20 22
M 12 G 16
M 13 P 20 1 2 3 4 6 7 8 9 10 11 12 13 15 16 17 18 19 20 21 22
M 14 G 7
M 16 G 18
M 17 G 19
M 18 P 19 1 2 3 4 5 6 7 8 9 10 11 12 15 17 18 19 20 21 22
M 19 P 8 1 5 6 7 10 16 17 18
M 20 S 21 2
M 22 P 3 10 13 20
M 23 S 16 5
M 24 P 11 1 2 4 8 11 15 17 19 20 21 22
M 25 P 5 5 8 9 14 17
M 29 G 19
M 30 P 14 1 3 4 5 6 7 8 9 10 13 19 20 21 22
M 31 G 2
M 34 P 13 1 3 4 6 8 9 10 11 12 15 17 18 19
M 35 P 18 1 2 3 4 5 6 7 8 10 12 13 14 15 16 17 18 19 22
M 36 P 15 1 4 7 8 9 10 11 12 14 15 17 18 19 20 22
M 37 P 14 2 3 4 5 6 7 8 10 11 15 16 17 18 22
M 39 G 14
M 40 G 5
M 41 G 10
M 42 P 2 6 14
M 43 P 5 7 12 18 21 22
M 44 P 8 2 4 10 12 17 18 20 21
M 45 P 15 1 2 5 7 8 9 10 12 13 14 15 17 19 20 21
M 46 P 3 1 9 20
M 47 P 21 1 2 3 5 6 7 8 9 10 11 12 13 14 15 16 17 18 19 20 21 22
M 48 P 4 10 17 18 21
M 49 P 17 1 2 3 4 6 7 8 10 11 12 13 14 15 16 19 20 22
M 50 P 21 1 2 3 4 5 6 7 8 9 10 11 12 13 14 15 16 17 18 20 21 22
M 52 P 1 22
M 53 P 16 1 2 3 4 5 6 7 8 9 13 14 15 16 19 20 22
M 54 P 10 1 6 9 10 11 12 16 17 19 22
M 55 G 4
M 56 P 21 1 2 3 4 5 6 8 9 10 11 12 13 14 15 16 17 18 19 20 21 22
M 57 G 2
M 58 G 11
M 59 P 13 1 2 3 4 5 7 8 9 11 12 15 19 20
M 60 P 19 1 2 4 6 7 8 9 11 12 13 14 15 16 17 18 19 20 21 22
M 61 G 7
M 62 G 19
M 63 P 21 1 2 3 4 5 6 7 8 9 10 11 12 13 14 16 17 18 19 20 21 22
M 64 G 18
M 65 P 14 2 4 5 6 7 8 10 14 15 16 17 18 19 22
M 66 G 2
M 67 G 8
M 68 G 18
M 69 P 9 2 6 10 12 14 17 19 20 21
M 70 P 1 14
M 71 G 18
M 72 G 11
M 73 P 5 2 4 10 17 21
M 74 G 2
M 75 P 15 1 2 6 7 8 9 11 12 14 16 17 18 19 20 21
M 77 P 15 1 2 3 4 5 6 8 10 11 13 14 17 18 19 21
M 79 G 2
M 80 P 10 3 4 5 7 9 11 15 19 21 22
M 83 P 6 6 7 10 12 16 18
M 84 G 10
M 85 G 10
M 86 P 11 2 3 4 5 7 9 10 11 14 15 22
M 87 G 7
M 89 P 8 1 4 5 7 8 11 18 20
T
C 3 5 6 8 9 14 16 18 19 21 22
M 3 G 14
M 9 P 13 2 3 4 6 7 9 10 15 16 17 18 20 22
M 15 G 3
M 16 P 16 1 2 3 4 5 6 9 11 12 13 15 16 17 18 20 21
M 61 G 22
M 90 P 17 2 3 4 6 8 9 10 11 12 14 15 16 17 19 20 21 22
T
C 1 2 3 4 5 6 9 14 16 17 20
M 1 P 18 1 2 3 4 5 7 8 11 12 13 14 15 17 18 19 20 21 22
M 2 G 14
M 3 P 2 17 20
M 4 S 2 18
M 5 P 7 5 8 9 10 14 16 21
M 6 G 18
M 7 G 3
M 8 S 14 12
M 9 G 5
M 10 S 17 19
M 11 G 4
M 12 P 11 1 4 7 10 11 13 14 15 16 17 21
M 13 G 9
M 14 G 1
M 15 P 4 3 5 10 21
M 16 G 19
M 17 G 3
M 18 G 18
M 19 G 9
M 20 G 5
M 21 G 18
M 22 G 3
M 23 G 6
M 24 P 14 2 3 5 6 8 9 10 11 13 14 15 18 19 22
M 25 G 19
M 26 G 19
M 27 G 4
M 28 P 6 3 4 6 10 15 20
M 29 P 2 3 17
M 30 G 20
M 31 P 5 4 5 8 17 22
M 32 P 8 2 4 7 8 9 11 12 16
M 33 P 13 2 3 6 7 10 12 13 14 16 19 20 21 22
M 34 G 1
M 35 P 6 4 6 13 17 20 21
M 36 P 21 1 2 3 4 5 6 7 8 9 10 11 12 13 14 15 16 17 18 19 21 22
M 37 P 12 2 3 4 7 8 10 12 14 15 16 17 22
M 38 G 5
M 39 P 15 1 2 3 5 7 9 10 11 12 13 14 15 17 18 19
M 40 G 9
M 41 G 18
M 42 G 4
M 43 G 5
M 44 P 8 1 2 5 8 9 15 16 21
M 45 G 1
M 46 P 12 2 3 4 5 8 9 10 13 14 18 20 21
M 47 G 6
M 48 G 5
M 49 G 4
M 50 G 6
M 51 G 20
M 52 P 18 1 2 4 5 7 8 9 10 12 13 14 15 16 17 18 19 21 22
M 53 G 18
M 54 G 3
M 55 P 11 1 2 3 7 8 9 13 14 16 18 19
M 56 G 20
M 57 P 11 4 6 7 8 10 13 14 17 18 19 22
M 58 P 3 6 9 22
M 59 G 9
M 60 P 21 1 3 4 5 6 7 8 9 10 11 12 13 14 15 16 17 18 19 20 21 22
M 61 G 6
M 62 G 20
M 63 G 19
M 64 G 20
M 65 G 20
M 66 P 11 2 4 5 6 9 10 11 17 19 21 22
M 67 G 19
M 68 G 9
M 69 P 15 1 2 3 6 7 10 11 13 14 17 18 19 20 21 22
M 70 G 3
M 71 P 14 2 4 5 9 10 11 12 13 14 15 16 17 21 22
M 72 P 11 1 6 9 10 11 12 13 14 16 18 21
M 73 G 6
M 74 G 5
M 75 P 14 1 2 3 4 5 6 7 9 11 12 14 15 17 21
M 76 P 18 2 3 4 6 7 8 9 10 11 12 14 15 17 18 19 20 21 22
M 77 P 20 1 2 3 4 5 6 7 8 9 10 11 13 14 15 16 17 18 19 20 22
M 78 P 14 1 2 3 5 6 7 8 10 14 17 19 20 21 22
M 79 G 4
M 80 G 1
M 81 G 16
M 82 P 9 1 4 5 7 11 12 13 15 21
M 83 P 1 1
M 84 G 9
M 85 G 12
M 86 G 1
M 87 G 20
M 88 G 5
M 89 G 18
M 90 P 15 1 3 6 8 9 10 11 12 13 15 16 17 18 19 22
T
C 1 5 10 11 14 15 18 19 20 21 22
M 1 G 15
M 2 P 5 2 7 12 18 19
M 3 G 5
M 4 P 16 1 2 3 4 5 6 8 9 10 12 13 14 15 16 18 20
M 5 P 12 1 2 3 5 8 9 10 14 18 19 20 22
M 6 S 14 8
M 7 S 20 7
M 8 G 5
M 9 G 1
M 10 S 7 2
M 12 P 13 1 3 7 9 11 13 15 16 17 19 20 21 22
M 13 G 2
M 14 G 2
M 15 G 19
M 16 P 8 3 6 9 12 16 18 21 22
M 17 P 11 1 3 5 8 14 16 17 18 19 20 21
M 18 P 7 2 6 9 13 14 17 19
M 19 P 16 1 2 3 4 5 6 7 9 10 11 13 15 17 18 19 21
M 20 G 22
M 21 P 16 2 3 4 6 7 8 9 10 11 13 14 16 17 18 21 22
M 22 G 18
M 23 G 19
M 24 P 21 1 2 3 4 5 6 8 9 10 11 12 13 14 15 16 17 18 19 20 21 22
M 25 P 15 1 2 4 8 11 12 13 14 15 16 17 18 20 21 22
M 26 G 10
M 28 G 11
M 29 G 21
M 30 P 19 1 2 4 5 6 7 8 9 11 12 13 14 15 16 17 19 20 21 22
M 31 G 8
M 32 P 6 4 5 9 11 15 20
M 33 G 19
M 35 G 11
M 36 G 22
M 38 P 13 2 3 4 7 8 9 11 12 14 18 20 21 22
M 40 G 19
M 41 G 10
M 42 G 18
M 43 G 10
M 44 P 8 2 4 5 9 15 17 19 20
M 46 G 10
M 48 G 21
M 49 G 19
M 50 G 8
M 51 P 7 1 8 10 14 16 21 22
M 52 P 6 1 2 8 17 19 20
M 53 G 15
M 54 P 2 11 12
M 56 P 14 2 3 4 6 7 8 9 10 11 12 17 18 20 22
M 57 P 5 6 7 9 13 17
M 58 P 14 1 3 4 6 7 8 9 10 11 12 14 16 19 21
M 59 P 15 1 2 4 5 7 8 9 10 11 13 15 17 18 20 22
M 60 G 5
M 61 P 6 4 5 7 15 17 18
M 62 P 21 1 3 4 5 6 7 8 9 10 11 12 13 14 15 16 17 18 19 20 21 22
M 63 G 8
M 64 P 10 3 4 8 9 10 12 13 17 21 22
M 65 P 5 6 11 13 15 16
M 66 G 10
M 68 G 21
M 69 P 2 10 17
M 70 P 5 11 15 19 20 21
M 71 P 11 1 2 3 6 7 8 9 12 14 15 21
M 73 G 21
M 74 P 10 2 3 5 6 8 9 13 18 20 21
M 75 G 19
M 76 P 5 1 2 6 15 18
M 77 P 14 1 2 3 5 6 9 10 13 16 17 18 19 21 22
M 79 P 22 1 2 3 4 5 6 7 8 9 10 11 12 13 14 15 16 17 18 19 20 21 22
M 80 G 1
M 81 P 20 1 2 3 5 6 7 8 9 10 11 12 13 14 15 16 17 18 20 21 22
M 82 P 3 3 13 19
M 83 P 3 7 15 21
M 84 P 6 2 8 10 12 13 18
M 85 G 1
M 86 P 9 2 3 7 8 10 13 16 19 21
M 87 G 2
M 88 P 14 3 5 6 7 8 10 11 12 13 16 17 19 20 22
T
C 2 3 8 9 12 13 15 16 20 21 22
M 11 S 22 7
M 13 G 7
M 14 G 3
M 15 G 20
M 17 S 9 1
M 28 P 15 1 3 4 6 7 9 12 13 15 16 17 18 19 20 21
M 34 P 1 14
M 35 G 2
M 37 P 7 1 3 5 10 11 13 22
M 44 S 1 11
M 47 P 9 3 6 11 13 15 19 20 21 22
M 48 G 12
M 49 G 15
M 54 G 2
M 58 G 12
M 62 P 17 1 2 3 4 5 6 7 10 11 13 14 15 16 17 19 21 22
M 66 G 11
M 70 P 15 2 3 5 10 11 12 13 14 15 16 17 18 19 20 22
M 76 G 12
M 79 P 7 2 4 10 14 18 19 20
M 81 P 11 1 2 4 5 9 11 14 16 20 21 22
M 85 P 18 1 2 4 5 7 8 9 10 11 12 13 14 15 17 18 20 21 22
M 90 P 19 1 2 3 5 6 7 8 9 10 11 12 13 14 15 17 18 19 20 22
T
C 1 2 3 5 6 11 12 13 14 16 21
M 8 G 2
M 9 S 1 20
M 10 S 12 9
M 23 G 20
M 25 P 13 1 2 7 8 9 10 11 12 13 14 16 18 20
M 31 P 4 2 3 5 9
M 32 P 18 1 2 3 4 5 7 8 9 12 13 14 15 16 17 19 20 21 22
M 35 P 17 1 2 4 5 6 7 8 10 11 12 13 15 17 18 20 21 22
M 39 S 14 4
M 42 P 2 5 18
M 48 P 6 3 6 17 18 21 22
M 50 P 10 2 4 8 13 14 16 17 19 20 21
M 51 G 3
M 55 P 7 1 5 6 7 8 11 17
M 60 G 9
M 63 G 9
M 65 G 11
M 71 P 12 2 3 4 5 10 11 12 13 14 15 16 19
M 72 G 11
M 73 G 4
M 77 G 4
M 79 G 16
M 82 P 9 1 3 11 12 13 14 15 18 21
M 84 G 3
M 88 P 10 2 3 4 6 10 11 12 15 17 21
T
C 2 10 11 14 15 16 18 19 20 21 22
M 1 S 22 7
M 2 G 18
M 5 G 2
M 6 P 6 1 6 9 11 15 17
M 7 S 10 5
M 10 P 20 1 3 4 5 6 7 8 9 10 11 12 13 14 15 17 18 19 20 21 22
M 11 G 2
M 13 G 21
M 14 S 16 3
M 15 G 2
M 18 G 11
M 19 P 15 1 2 3 4 6 8 9 10 14 15 18 19 20 21 22
M 24 P 16 3 4 5 6 7 9 10 11 12 13 14 16 17 18 20 22
M 27 G 19
M 28 P 5 11 12 13 14 19
M 33 P 3 10 14 20
M 36 P 21 1 3 4 5 6 7 8 9 10 11 12 13 14 15 16 17 18 19 20 21 22
M 38 G 7
M 41 G 3
M 45 G 3
M 47 G 2
M 48 P 9 1 5 6 11 12 13 17 20 21
M 50 P 14 1 4 5 6 9 10 12 13 14 15 16 17 19 22
M 51 P 15 1 2 3 4 6 7 10 11 13 14 15 16 18 20 22
M 52 P 14 3 4 5 6 8 9 11 12 14 15 16 19 20 22
M 54 G 7
M 58 P 18 1 2 5 6 7 8 9 10 11 12 13 14 15 16 17 19 20 22
M 60 P 13 2 3 5 6 8 9 10 11 12 15 17 19 20
M 63 G 19
M 66 G 18
M 71 G 14
M 72 P 12 1 2 3 5 6 10 12 13 18 19 20 22
M 74 G 7
M 77 P 22 1 2 3 4 5 6 7 8 9 10 11 12 13 14 15 16 17 18 19 20 21 22
M 78 P 2 3 16
M 80 G 14
M 83 P 3 14 16 19
M 84 G 21
M 86 P 20 1 2 3 4 6 7 8 9 10 11 12 14 15 16 17 18 19 20 21 22
T
C 1 2 6 9 10 11 13 15 18 19 21
M 1 P 18 1 2 3 4 6 10 11 12 13 14 15 16 17 18 19 20 21 22
M 2 G 1
M 3 G 9
M 4 G 10
M 5 G 13
M 7 G 18
M 8 G 6
M 9 P 2 15 19
M 10 G 2
M 11 P 14 1 2 4 5 6 8 9 10 11 14 15 18 19 21
M 12 P 18 2 3 4 6 7 8 9 10 11 12 13 14 15 17 18 19 20 22
M 13 P 8 4 10 14 15 17 20 21 22
M 14 P 1 9
M 15 G 9
M 16 G 11
M 18 S 11 14
M 19 P 18 1 2 3 4 5 6 7 8 11 13 14 15 16 17 18 20 21 22
M 20 P 12 1 2 3 5 7 10 11 13 15 17 19 20
M 23 G 15
M 24 P 8 1 6 9 10 17 18 21 22
M 25 G 1
M 26 S 15 20
M 27 S 1 5
M 29 P 2 4 19
M 30 G 19
M 31 P 9 2 4 7 12 14 15 19 20 22
M 32 P 15 2 3 5 7 8 9 11 12 15 16 17 18 20 21 22
M 33 P 3 2 4 22
M 34 G 20
M 35 G 9
M 36 P 5 5 10 11 16 20
M 37 P 3 2 6 9
M 38 G 13
M 39 G 6
M 40 G 13
M 41 G 14
M 42 G 19
M 43 G 5
M 44 G 20
M 45 P 5 7 8 16 19 21
M 47 G 13
M 48 P 17 1 2 3 4 5 6 7 8 9 10 11 12 13 16 18 20 21
M 49 G 6
M 50 P 2 1 2
M 51 G 18
M 52 G 13
M 53 G 20
M 54 G 20
M 55 G 19
M 56 G 13
M 57 G 20
M 58 P 14 1 2 3 5 7 8 9 10 11 12 15 18 21 22
M 59 P 20 1 2 3 5 6 7 8 9 10 11 12 13 14 15 16 18 19 20 21 22
M 60 P 13 2 3 4 5 8 10 12 15 17 18 19 21 22
M 61 G 21
M 62 P 19 1 2 3 4 5 6 7 9 10 11 12 13 14 15 17 19 20 21 22
M 63 P 4 4 8 11 17
M 64 G 18
M 65 P 17 2 4 7 8 9 10 11 12 13 14 15 16 17 18 20 21 22
M 67 G 19
M 68 G 6
M 69 P 20 1 2 4 5 6 7 8 9 10 11 12 13 14 15 16 17 19 20 21 22
M 70 P 8 6 7 15 17 18 19 20 22
M 71 P 22 1 2 3 4 5 6 7 8 9 10 11 12 13 14 15 16 17 18 19 20 21 22
M 72 P 6 3 4 8 9 12 18
M 73 P 9 1 2 3 7 10 12 13 16 22
M 74 G 21
M 75 G 6
M 76 G 19
M 77 G 14
M 78 G 6
M 79 P 16 2 3 4 5 7 8 9 10 11 14 16 17 18 20 21 22
M 80 G 18
M 81 P 1 20
M 82 P 11 1 4 6 7 9 12 14 17 19 20 22
M 83 P 21 1 2 3 4 5 6 7 8 9 10 12 13 14 15 16 17 18 19 20 21 22
M 84 P 14 2 4 7 8 10 11 12 13 15 16 17 18 19 22
M 85 G 10
M 86 P 22 1 2 3 4 5 6 7 8 9 10 11 12 13 14 15 16 17 18 19 20 21 22
M 87 G 14
M 88 P 1 7
M 89 G 9
M 90 P 22 1 2 3 4 5 6 7 8 9 10 11 12 13 14 15 16 17 18 19 20 21 22
T
C 1 5 7 8 9 11 13 15 18 19 20
M 47 P 5 3 5 6 7 15
M 73 G 19
M 78 S 8 6
T
C 2 4 5 7 8 10 12 15 16 20 22
M 2 G 15
M 4 P 13 2 4 6 8 9 10 12 15 16 17 19 20 22
M 6 P 15 1 2 3 4 7 8 10 11 12 13 15 16 18 20 22
M 8 P 16 1 3 4 5 6 7 8 9 11 12 13 14 16 19 21 22
M 9 S 12 6
M 12 P 2 16 17
M 13 S 8 11
M 14 P 16 1 2 3 4 9 10 11 12 14 15 16 17 18 19 20 22
M 16 S 15 3
M 17 P 19 1 2 3 4 5 6 7 8 9 10 12 14 15 16 17 18 19 20 22
M 18 G 22
M 19 P 10 3 4 7 14 17 18 19 20 21 22
M 20 P 21 1 2 3 4 5 6 7 8 9 10 11 12 13 14 15 16 18 19 20 21 22
M 21 G 2
M 22 G 10
M 24 P 6 4 8 10 12 14 15
M 27 P 2 6 13
M 28 P 3 3 12 20
M 29 G 3
M 30 P 10 4 5 7 8 9 11 15 16 21 22
M 31 G 7
M 32 G 7
M 35 P 17 1 2 3 5 6 7 8 9 10 11 13 14 15 16 18 19 21
M 36 P 1 8
M 37 P 16 1 3 4 5 7 9 10 11 12 13 14 15 16 17 20 22
M 38 P 20 2 3 4 5 6 8 9 10 11 12 13 14 15 16 17 18 19 20 21 22
M 39 P 14 1 2 6 7 8 9 12 13 14 16 17 18 20 21
M 40 P 11 1 2 4 5 7 13 14 18 19 20 22
M 41 G 20
M 42 P 14 4 5 7 8 9 10 11 12 13 15 16 19 20 22
M 44 P 15 1 2 3 4 6 7 11 12 14 15 16 17 18 19 21
M 45 G 4
M 47 P 8 4 5 9 11 12 14 16 20
M 48 P 10 6 7 10 11 12 13 14 15 20 21
M 51 P 2 17 20
M 52 G 22
M 53 P 12 5 6 8 10 12 14 15 17 19 20 21 22
M 56 G 22
M 57 P 13 1 4 6 7 8 9 10 11 14 16 17 18 21
M 59 P 17 2 3 4 5 6 8 9 10 12 13 14 15 16 18 19 20 21
M 60 P 19 1 2 3 4 6 7 8 9 10 11 12 13 14 16 17 18 19 20 22
M 64 G 4
M 66 G 11
M 67 P 12 2 3 5 6 7 8 10 15 17 18 20 22
M 69 G 4
M 72 G 10
M 74 G 6
M 75 G 7
M 76 P 11 1 2 4 5 7 10 11 14 16 21 22
M 77 G 22
M 78 G 6
M 79 G 10
M 80 G 16
M 83 P 14 1 2 4 5 8 9 11 12 13 15 17 20 21 22
M 84 P 11 4 5 6 8 10 11 12 13 14 18 22
M 85 P 21 1 2 3 4 5 6 7 8 9 10 11 12 13 14 16 17 18 19 20 21 22
M 86 G 3
M 87 G 22
M 88 P 15 2 3 4 8 9 10 11 12 14 15 16 17 19 20 21
M 89 P 7 5 7 12 14 15 17 20
M 90 P 14 1 2 4 5 7 10 11 13 15 16 17 18 19 22
T
C 2 4 5 7 9 11 14 15 19 21 22
M 2 G 14
M 5 S 9 20
M 6 P 6 1 4 5 13 18 22
M 8 P 2 10 12
M 13 S 20 16
M 15 P 19 2 3 4 5 6 8 9 10 12 13 14 15 16 17 18 19 20 21 22
M 23 S 4 17
M 26 P 21 1 2 4 5 6 7 8 9 10 11 12 13 14 15 16 17 18 19 20 21 22
M 31 P 22 1 2 3 4 5 6 7 8 9 10 11 12 13 14 15 16 17 18 19 20 21 22
M 35 G 19
M 36 G 15
M 42 P 5 3 9 11 12 21
M 45 P 9 1 6 8 9 13 14 16 20 21
M 49 P 9 2 5 6 7 10 14 16 18 20
M 53 P 2 13 16
M 60 P 19 1 2 3 4 5 6 8 9 10 11 12 13 15 16 17 18 20 21 22
M 63 P 5 1 2 4 6 22
M 64 G 21
M 67 G 17
M 83 P 21 1 2 3 4 5 6 7 8 9 10 11 12 13 14 15 17 18 19 20 21 22
M 90 P 3 2 6 11
T
C 1 2 4 5 10 13 15 16 17 20 21
M 1 G 4
M 4 P 13 1 3 6 9 10 11 12 13 15 16 17 21 22
M 8 S 2 7
M 9 S 15 6
M 18 P 2 8 10
M 20 G 10
M 21 S 5 12
M 22 G 16
M 23 P 22 1 2 3 4 5 6 7 8 9 10 11 12 13 14 15 16 17 18 19 20 21 22
M 27 G 13
M 28 G 6
M 29 G 21
M 31 P 21 1 2 3 4 5 6 7 8 9 10 12 13 14 15 16 17 18 19 20 21 22
M 32 G 21
M 34 P 18 1 2 3 4 5 6 8 9 11 12 13 14 15 17 19 20 21 22
M 37 G 1
M 38 G 13
M 39 P 21 1 2 4 5 6 7 8 9 10 11 12 13 14 15 16 17 18 19 20 21 22
M 41 G 20
M 42 G 7
M 46 P 21 1 2 3 4 5 6 7 8 9 10 11 13 14 15 16 17 18 19 20 21 22
M 52 G 17
M 54 G 10
M 56 G 1
M 62 P 15 1 3 4 5 6 8 10 11 12 13 14 15 16 18 20
M 63 P 8 3 8 13 14 16 17 19 20
M 66 P 9 1 2 6 11 15 16 18 19 22
M 67 P 9 1 6 8 12 16 18 19 20 22
M 68 P 22 1 2 3 4 5 6 7 8 9 10 11 12 13 14 15 16 17 18 19 20 21 22
M 69 P 19 1 2 3 4 6 7 8 9 11 12 13 14 15 16 17 18 19 21 22
M 72 G 17
M 77 G 1
M 79 G 7
M 80 P 9 5 8 9 10 13 17 19 20 21
M 81 P 13 1 2 3 4 6 7 8 9 11 12 14 18 20
M 84 P 15 1 2 3 4 5 6 9 10 11 14 15 16 19 20 22
M 85 G 10
M 87 G 6
M 89 P 19 1 2 4 5 7 8 9 10 11 12 13 14 15 16 17 18 19 20 21
M 90 P 14 1 2 3 4 7 9 10 11 14 15 18 19 20 21
T
C 1 4 5 8 9 15 16 17 20 21 22
M 1 P 8 4 13 15 17 18 19 20 22
M 2 P 16 1 2 4 5 6 8 9 10 11 12 14 15 16 18 19 20
M 3 G 22
M 4 P 19 1 2 4 5 6 7 8 9 11 12 13 14 16 17 18 19 20 21 22
M 5 P 12 1 2 5 6 7 8 12 14 15 16 20 21
M 6 G 20
M 7 G 9
M 9 G 20
M 11 P 2 5 18
M 12 P 20 1 3 5 6 7 8 9 10 11 12 13 14 15 16 17 18 19 20 21 22
M 13 G 20
M 17 P 4 12 14 20 22
M 18 G 20
M 19 S 1 19
M 21 P 18 2 3 4 5 7 8 9 10 11 12 14 15 16 17 18 19 21 22
M 22 P 16 1 2 5 6 7 8 10 11 13 14 15 16 17 19 20 22
M 23 P 18 1 2 3 6 7 8 9 10 11 13 14 16 17 18 19 20 21 22
M 24 P 8 2 6 9 14 15 16 17 21
M 26 G 17
M 27 G 9
M 28 P 13 1 4 6 9 10 11 12 13 14 15 20 21 22
M 30 P 5 8 10 11 17 22
M 31 G 22
M 32 S 20 12
M 33 G 19
M 34 G 15
M 35 S 8 6
M 36 P 6 3 6 13 18 20 21
M 37 G 17
M 38 G 4
M 39 P 9 5 6 8 9 12 15 16 18 22
M 40 P 5 1 2 8 9 18
M 41 G 16
M 43 G 19
M 45 G 6
M 46 P 6 2 6 8 15 16 22
M 47 P 13 2 3 4 8 9 12 14 17 18 19 20 21 22
M 48 G 22
M 49 G 17
M 50 G 22
M 51 P 18 2 3 4 5 6 10 11 12 13 14 15 16 17 18 19 20 21 22
M 52 P 1 19
M 53 G 19
M 54 P 10 1 5 6 9 11 14 16 18 21 22
M 55 G 16
M 56 P 19 1 2 3 4 5 6 7 8 9 11 12 13 14 15 18 19 20 21 22
M 57 P 14 1 3 4 5 8 9 11 13 14 16 18 20 21 22
M 58 G 15
M 59 P 15 1 3 5 8 9 10 11 13 14 15 16 17 19 20 21
M 60 G 17
M 61 P 15 2 3 4 5 6 8 9 10 11 12 13 14 16 18 20
M 62 P 1 20
M 63 P 7 3 4 7 11 13 14 17
M 65 P 14 1 3 5 6 7 8 9 11 12 15 17 18 20 22
M 66 G 19
M 68 P 19 3 4 5 6 7 8 9 10 11 13 14 15 16 17 18 19 20 21 22
M 69 G 16
M 70 G 12
M 71 G 19
M 72 P 10 3 4 5 9 11 13 18 20 21 22
M 73 G 19
M 74 G 12
M 75 G 15
M 76 G 16
M 77 G 5
M 78 P 3 7 10 16
M 79 G 21
M 80 P 15 1 2 3 4 6 9 10 13 14 15 17 19 20 21 22
M 81 G 12
M 83 G 5
M 84 P 22 1 2 3 4 5 6 7 8 9 10 11 12 13 14 15 16 17 18 19 20 21 22
M 85 G 19
M 86 P 19 2 3 5 6 7 8 9 10 11 13 14 15 16 17 18 19 20 21 22
M 87 G 12
M 88 G 17
M 89 P 8 5 7 13 14 16 17 19 21
M 90 P 21 1 2 3 4 5 6 7 8 9 10 11 12 13 14 15 16 17 18 19 20 22
T
C 1 3 4 5 7 8 14 17 18 19 20
M 2 G 4
M 3 G 20
M 6 P 14 1 2 3 5 7 13 14 15 16 18 19 20 21 22
M 8 G 7
M 14 P 10 1 3 5 8 9 12 18 19 20 22
M 17 S 20 21
M 25 G 18
M 26 S 17 12
M 29 S 5 16
M 30 G 4
M 34 G 18
M 35 P 10 2 3 5 10 11 14 15 19 21 22
M 37 G 12
M 39 P 3 4 8 11
M 41 P 13 1 2 3 4 8 9 11 12 13 14 15 19 22
M 45 P 13 1 2 4 5 7 9 10 13 15 16 18 19 20
M 46 G 18
M 48 P 16 2 3 5 6 8 9 10 11 12 14 15 16 18 20 21 22
M 55 P 12 3 4 6 7 8 9 11 17 18 20 21 22
M 62 P 21 1 2 3 4 5 6 7 8 9 10 11 12 14 15 16 17 18 19 20 21 22
M 63 P 21 1 2 3 4 5 6 7 8 9 10 11 13 14 15 16 17 18 19 20 21 22
M 65 G 16
M 70 G 18
M 74 G 8
M 81 G 8
M 82 P 17 1 3 4 5 6 9 10 12 13 15 16 17 18 19 20 21 22
M 83 P 17 1 3 5 6 7 8 9 10 11 12 14 16 17 18 19 20 21
M 84 P 15 1 2 3 4 5 6 7 8 10 12 15 19 20 21 22
M 86 P 5 4 11 13 14 15
M 88 P 2 11 22
M 89 G 1
T
C 1 2 3 5 7 8 9 12 13 16 22
M 2 P 15 4 5 6 7 9 11 12 13 14 15 16 19 20 21 22
M 3 S 1 19
M 4 G 5
M 5 S 16 10
M 6 G 2
M 7 G 7
M 8 G 12
M 9 G 19
M 10 S 2 18
M 11 G 7
M 12 G 22
M 13 G 7
M 14 P 14 1 2 3 4 6 7 9 10 11 13 15 16 18 19
M 15 P 9 2 3 7 12 13 15 20 21 22
M 16 G 12
M 17 G 7
M 18 G 9
M 19 G 18
M 20 G 9
M 21 G 13
M 22 P 13 1 2 4 5 6 8 10 14 16 17 18 21 22
M 23 G 5
M 24 G 5
M 25 G 8
M 26 P 16 1 2 4 5 6 7 8 9 10 11 14 15 17 19 20 22
M 27 G 19
M 28 G 22
M 29 G 7
M 30 G 7
M 31 P 19 1 2 3 4 6 8 9 10 12 13 14 15 16 17 18 19 20 21 22
M 32 G 13
M 33 P 20 1 2 3 5 6 7 8 9 10 11 12 13 14 16 17 18 19 20 21 22
M 34 P 4 4 6 9 21
M 35 P 8 3 4 5 8 9 12 20 22
M 36 G 7
M 37 G 10
M 38 P 8 2 5 10 12 13 14 16 21
M 39 P 7 1 4 12 15 18 20 22
M 40 P 4 8 13 18 20
M 41 G 12
M 42 P 5 2 3 6 11 12
M 43 P 16 1 2 3 6 9 10 11 12 13 14 15 17 19 20 21 22
M 44 G 10
M 45 G 19
M 46 P 1 16
M 47 G 7
M 48 P 17 1 3 4 5 6 7 8 9 10 12 13 14 16 17 18 21 22
M 49 P 9 1 5 10 12 15 16 17 20 21
M 50 P 14 3 4 7 8 9 11 14 15 16 17 18 19 20 21
M 51 P 7 4 10 12 13 14 16 17
M 52 G 7
M 53 G 18
M 54 P 8 3 5 7 10 11 15 21 22
M 55 G 9
M 56 G 19
M 57 P 1 5
M 58 G 13
M 59 G 5
M 60 P 14 1 4 5 6 7 8 9 10 12 15 16 17 18 22
M 61 G 8
M 62 P 2 17 21
M 63 P 16 1 4 5 6 8 9 10 11 12 13 14 16 17 18 20 22
M 64 P 22 1 2 3 4 5 6 7 8 9 10 11 12 13 14 15 16 17 18 19 20 21 22
M 65 G 13
M 66 P 8 1 6 10 12 13 16 17 18
M 67 P 18 1 2 3 4 5 6 7 9 10 11 12 14 15 17 18 19 20 22
M 68 G 19
M 69 P 5 1 3 7 9 16
M 70 P 9 1 7 9 12 14 17 18 19 22
M 71 P 20 1 2 4 5 6 7 8 10 11 12 13 14 15 16 17 18 19 20 21 22
M 72 G 10
M 73 P 21 1 2 3 4 5 6 7 8 9 10 11 12 14 15 16 17 18 19 20 21 22
M 74 P 8 2 3 7 13 14 17 19 22
M 75 G 13
M 77 P 2 1 13
M 78 G 3
M 79 G 13
M 80 G 7
M 81 G 19
M 82 P 13 1 4 5 6 7 9 10 12 14 16 19 20 22
M 83 G 10
M 84 P 9 8 11 13 14 16 19 20 21 22
M 85 G 10
M 86 P 20 1 2 3 4 5 6 8 9 10 11 12 13 14 15 16 18 19 20 21 22
M 87 G 18
M 88 G 8
M 89 P 1 8
M 90 P 9 2 3 4 5 6 8 15 17 22
T
C 1 2 5 6 11 12 13 16 17 19 20
M 2 S 20 18
M 4 G 13
M 5 G 19
M 6 P 4 1 10 11 14
M 7 P 2 18 19
M 8 P 10 3 4 5 8 9 10 14 15 17 18
M 14 G 13
M 21 P 19 1 2 3 4 5 6 7 8 9 10 11 14 15 16 17 18 20 21 22
M 22 S 12 15
M 26 P 22 1 2 3 4 5 6 7 8 9 10 11 12 13 14 15 16 17 18 19 20 21 22
M 27 S 15 9
M 28 P 14 4 5 6 8 10 11 12 13 15 16 18 20 21 22
M 31 G 6
M 32 P 4 4 12 19 21
M 34 G 9
M 35 G 19
M 36 G 13
M 41 P 12 3 4 7 8 11 12 13 16 17 18 19 21
M 44 G 19
M 45 G 5
M 47 G 17
M 49 G 11
M 56 P 20 1 2 3 4 5 6 7 9 10 11 12 13 14 15 16 17 18 19 20 22
M 57 P 17 1 2 4 7 8 9 10 12 14 15 16 17 18 19 20 21 22
M 60 P 5 1 2 9 18 20
M 61 P 11 1 2 3 9 10 13 14 16 17 18 20
M 65 P 6 3 9 14 15 18 21
M 67 G 6
M 68 G 17
M 70 G 18
M 71 P 10 1 2 3 4 5 10 14 18 19 21
M 73 P 12 1 4 6 9 10 11 12 16 17 19 20 22
M 75 P 3 4 8 15
M 76 P 21 1 2 3 4 5 7 8 9 10 11 12 13 14 15 16 17 18 19 20 21 22
M 79 G 2
M 80 P 21 1 2 3 4 5 6 7 8 9 10 11 12 13 14 15 17 18 19 20 21 22
M 83 P 7 1 3 6 9 11 14 21
M 84 G 11
M 86 P 21 1 2 4 5 6 7 8 9 10 11 12 13 14 15 16 17 18 19 20 21 22
M 87 P 1 14
M 88 P 10 6 7 9 11 12 13 14 15 19 21
T
C 1 2 4 5 6 7 13 15 17 19 20
M 1 S 1 11
M 2 G 2
M 3 S 19 18
M 4 G 13
M 5 S 15 12
M 6 P 2 5 8
M 7 P 12 3 4 5 8 10 12 13 14 16 17 18 19
M 8 P 12 1 2 3 4 5 14 15 17 18 19 20 21
M 9 G 17
M 10 G 2
M 11 G 18
M 12 P 17 1 2 3 4 5 6 10 11 12 13 14 15 16 17 19 20 22
M 13 P 14 3 4 5 9 10 11 12 13 15 18 19 20 21 22
M 14 G 7
M 15 G 5
M 16 P 6 2 4 10 12 17 21
M 17 P 19 2 3 4 5 6 7 9 10 11 12 13 14 15 17 18 19 20 21 22
M 18 P 15 2 3 4 6 7 9 10 11 14 15 17 18 20 21 22
M 19 G 5
M 20 P 21 1 2 3 4 5 6 7 8 9 10 11 12 13 14 15 16 17 18 19 20 21
M 21 P 19 1 2 3 4 5 6 7 8 9 10 11 14 15 16 17 18 19 20 21
M 22 G 5
M 24 G 13
M 25 G 4
M 26 G 18
M 27 G 7
M 28 P 1 18
M 29 P 9 1 4 9 13 14 15 16 19 22
M 30 P 15 1 3 4 6 8 10 11 13 16 17 18 19 20 21 22
M 31 G 7
M 32 P 9 3 7 8 9 10 14 15 17 21
M 33 G 2
M 34 P 8 3 11 12 13 14 16 18 19
M 35 G 2
M 36 P 8 6 7 9 12 13 17 18 21
M 37 P 16 1 2 3 5 6 7 8 11 14 15 17 18 19 20 21 22
M 38 G 7
M 39 G 17
M 40 G 12
M 41 G 5
M 42 P 17 1 2 3 5 7 8 9 10 12 13 14 15 16 19 20 21 22
M 43 P 12 1 2 3 5 8 11 13 14 17 18 21 22
M 45 P 5 1 6 8 20 21
M 46 P 7 1 3 6 13 16 17 18
M 47 P 4 2 13 14 18
M 48 P 15 1 2 3 4 5 6 7 8 10 11 16 17 18 20 22
M 49 P 19 1 2 3 4 5 8 9 10 11 12 13 14 15 16 17 18 19 20 22
M 50 P 17 2 3 4 5 6 8 9 10 11 12 15 16 17 19 20 21 22
M 51 P 3 2 8 10
M 52 P 15 1 2 3 4 5 7 11 12 13 15 16 17 20 21 22
M 53 P 13 1 2 3 5 6 7 8 11 12 14 17 20 22
M 54 G 13
M 55 G 13
M 56 G 18
M 57 G 12
M 58 G 2
M 59 P 15 1 2 4 5 7 8 10 11 12 13 14 15 16 17 20
M 60 P 16 2 3 4 5 6 8 9 10 11 12 14 15 17 18 19 21
M 61 G 7
M 62 P 15 1 2 3 4 6 8 10 11 13 14 15 18 20 21 22
M 63 G 2
M 64 G 5
M 65 G 12
M 66 G 7
M 67 P 12 6 7 8 9 10 11 12 13 14 15 18 19
M 68 P 5 1 4 10 18 22
M 69 P 15 1 3 4 6 7 8 9 10 13 14 17 18 19 21 22
M 70 G 11
M 71 P 10 3 4 6 7 13 14 15 17 19 21
M 72 P 13 2 3 4 5 8 9 10 11 12 13 15 16 20
M 73 P 5 1 5 7 16 21
M 74 P 17 1 2 3 4 6 7 9 10 11 13 16 17 18 19 20 21 22
M 75 P 5 1 4 10 20 21
M 76 G 5
M 77 P 18 1 2 3 4 7 8 11 12 13 14 15 16 17 18 19 20 21 22
M 78 G 7
M 79 P 5 3 7 11 16 19
M 80 P 7 7 9 11 14 15 18 20
M 81 P 10 1 2 4 5 6 7 8 9 17 19
M 82 G 20
M 83 G 4
M 84 G 12
M 85 G 12
M 86 G 11
M 87 G 6
M 88 P 21 1 2 3 4 5 6 8 9 10 11 12 13 14 15 16 17 18 19 20 21 22
M 89 P 9 4 6 9 10 13 14 18 19 21
T
C 3 5 6 7 8 10 11 13 15 16 21
M 1 G 16
M 2 S 21 1
M 3 G 10
M 4 G 10
M 5 S 15 4
M 6 S 6 14
M 7 G 1
M 8 P 6 1 4 7 10 16 19
M 9 P 14 1 2 6 8 9 10 11 12 14 17 18 19 20 21
M 10 P 20 1 2 4 5 6 7 8 9 10 11 12 13 14 15 16 17 18 19 20 22
M 11 G 10
M 12 P 6 5 10 12 18 19 20
M 13 P 4 1 2 20 22
M 14 G 3
M 15 G 11
M 16 G 14
M 17 P 20 1 2 3 4 5 6 7 8 9 11 12 13 14 15 16 17 19 20 21 22
M 18 G 13
M 19 G 4
M 20 G 10
M 21 P 9 3 5 6 10 12 13 14 15 19
M 22 G 5
M 23 G 16
M 24 G 7
M 25 G 7
M 26 P 13 1 2 6 7 8 13 14 17 18 19 20 21 22
M 27 G 14
M 28 P 14 2 3 4 7 8 9 10 11 12 13 14 16 19 21
M 29 P 19 1 2 4 5 6 7 8 9 10 11 12 14 15 16 17 19 20 21 22
M 30 G 10
M 31 G 7
M 32 G 1
M 33 G 8
M 34 G 13
M 35 P 5 6 7 11 16 18
M 36 P 12 1 4 5 8 12 13 15 16 18 20 21 22
M 37 G 5
M 38 G 13
M 39 G 5
M 40 G 1
M 41 G 14
M 42 P 2 10 19
M 43 P 20 2 3 4 5 6 7 8 9 10 11 12 13 14 15 16 18 19 20 21 22
M 44 P 15 1 2 4 5 6 7 11 12 13 15 17 19 20 21 22
M 45 P 5 6 9 14 16 18
M 46 P 6 5 7 12 17 18 22
M 47 G 11
M 48 G 3
M 49 P 7 2 3 4 5 7 11 13
M 50 G 5
M 51 G 4
M 52 P 13 1 4 7 9 10 11 12 14 15 16 19 20 21
M 53 G 16
M 54 P 7 3 7 10 12 15 17 19
M 55 P 19 1 2 3 4 5 6 7 8 9 11 12 13 14 15 16 19 20 21 22
M 56 P 4 2 3 18 21
M 57 G 3
M 58 P 16 4 5 6 7 8 11 12 13 14 15 16 17 18 19 20 21
M 59 G 16
M 60 G 10
M 61 P 13 1 3 4 6 7 8 9 10 12 16 17 18 19
M 62 P 19 2 3 4 6 7 8 9 10 11 12 13 15 16 17 18 19 20 21 22
M 63 G 1
M 64 P 16 2 3 4 5 6 7 8 9 10 12 13 14 15 18 21 22
M 65 P 1 1
M 66 G 4
M 67 G 4
M 68 G 4
M 69 P 19 1 2 3 4 5 6 8 9 10 11 12 13 14 15 16 18 19 21 22
M 70 P 11 1 2 8 9 10 12 13 15 16 17 20
M 71 P 20 1 3 4 5 6 7 8 9 10 11 12 13 14 15 16 17 18 19 21 22
M 72 G 4
M 73 P 16 1 2 3 4 5 6 9 10 11 15 16 17 18 19 21 22
M 74 P 19 1 2 3 4 6 7 8 9 11 12 13 14 15 16 17 18 20 21 22
M 75 P 17 1 2 3 4 6 7 8 9 10 11 12 13 14 19 20 21 22
M 76 P 19 1 2 3 4 5 7 8 10 11 12 13 14 15 16 18 19 20 21 22
M 77 P 4 2 3 9 17
M 78 G 7
M 79 P 14 1 2 3 5 6 7 8 9 11 14 15 18 20 21
M 80 P 20 1 2 3 4 5 6 7 8 10 11 12 13 14 15 17 18 19 20 21 22
M 81 P 8 2 7 10 11 13 16 17 22
M 82 P 10 1 2 3 8 12 13 14 18 21 22
M 83 G 4
M 84 P 4 1 8 15 22
M 85 G 7
M 86 G 8
M 87 P 5 6 8 11 15 21
M 88 P 19 1 3 4 5 6 8 9 10 11 12 13 14 15 16 18 19 20 21 22
M 89 P 8 1 3 5 11 16 17 18 19
M 90 P 12 1 2 7 8 9 10 12 14 16 18 20 22
T
C 1 3 5 7 8 15 16 17 18 20 21
M 1 S 17 11
M 2 G 18
M 3 P 9 1 5 6 8 11 12 13 16 22
M 4 P 7 1 2 3 6 7 9 15
M 6 G 1
M 7 G 20
M 8 S 3 9
M 9 S 5 2
M 10 G 8
M 12 G 15
M 13 G 7
M 14 P 2 11 18
M 15 G 16
M 16 G 9
M 17 G 20
M 18 G 9
M 19 P 21 1 2 3 4 5 6 7 8 9 10 12 13 14 15 16 17 18 19 20 21 22
M 20 P 16 1 2 3 4 5 6 7 8 13 14 15 16 17 18 19 21
M 21 G 8
M 22 P 8 1 4 5 9 12 15 16 17
M 23 G 21
M 24 P 22 1 2 3 4 5 6 7 8 9 10 11 12 13 14 15 16 17 18 19 20 21 22
M 26 P 2 12 22
M 27 G 9
M 28 G 1
M 30 G 9
M 33 P 9 2 3 5 9 11 12 16 20 22
M 34 P 22 1 2 3 4 5 6 7 8 9 10 11 12 13 14 15 16 17 18 19 20 21 22
M 35 P 19 1 2 3 4 5 6 7 8 9 10 11 12 14 15 16 18 19 21 22
M 36 G 21
M 37 P 4 3 6 8 13
M 38 P 11 1 2 4 5 6 8 11 14 18 19 22
M 39 G 21
M 41 P 12 1 2 3 4 6 7 9 10 12 13 16 22
M 42 P 17 1 2 3 4 5 7 8 9 11 12 14 15 16 17 19 20 21
M 43 G 9
M 44 G 21
M 45 G 20
M 46 P 22 1 2 3 4 5 6 7 8 9 10 11 12 13 14 15 16 17 18 19 20 21 22
M 48 G 21
M 51 G 21
M 55 G 7
M 56 P 22 1 2 3 4 5 6 7 8 9 10 11 12 13 14 15 16 17 18 19 20 21 22
M 57 G 1
M 58 G 1
M 59 G 7
M 60 P 10 2 4 5 8 15 16 17 18 19 22
M 62 P 12 1 2 5 6 9 10 14 15 17 20 21 22
M 63 G 1
M 64 G 21
M 65 G 7
M 66 G 2
M 68 G 8
M 69 P 1 5
M 70 G 1
M 72 G 21
M 73 G 16
M 74 P 15 1 3 4 6 7 8 9 13 15 16 17 18 19 20 22
M 75 P 20 1 2 3 4 5 6 7 8 9 10 11 13 14 15 16 18 19 20 21 22
M 76 G 20
M 79 P 15 2 5 6 7 8 9 11 12 13 14 16 17 19 21 22
M 80 G 9
M 81 G 15
M 83 P 17 2 3 5 6 7 8 9 10 13 14 15 16 17 18 19 20 22
M 84 G 2
M 85 G 2
M 86 P 1 6
M 87 P 17 2 3 4 5 6 7 8 11 12 13 14 16 17 19 20 21 22
M 90 P 14 1 3 6 7 9 11 13 14 15 16 18 20 21 22
T
C 2 4 5 8 9 10 12 13 15 16 19
M 1 P 19 1 3 4 5 7 8 9 11 12 13 14 15 16 17 18 19 20 21 22
M 2 P 15 2 3 4 5 6 7 8 12 14 15 16 17 18 19 21
M 3 S 2 11
M 6 P 6 3 4 11 14 18 21
M 7 P 20 2 3 4 5 6 7 8 9 10 11 12 14 15 16 17 18 19 20 21 22
M 9 P 13 6 9 10 11 12 13 16 17 18 19 20 21 22
M 13 P 10 4 7 9 10 12 14 15 16 21 22
M 15 S 16 14
M 16 S 19 22
M 17 P 11 3 5 9 10 11 14 15 17 18 19 21
M 18 P 19 1 2 3 4 5 6 7 8 9 11 12 14 15 16 18 19 20 21 22
M 19 P 1 20
M 29 P 16 1 2 3 4 7 8 10 11 12 13 17 18 19 20 21 22
M 30 G 15
M 32 G 8
M 33 G 14
M 38 G 14
M 40 G 22
M 41 P 18 1 2 3 4 6 7 8 9 11 12 13 14 16 17 18 19 20 22
M 44 P 18 1 3 4 6 7 8 9 10 12 13 14 15 16 17 19 20 21 22
M 45 G 10
M 46 P 6 1 6 9 14 15 16
M 47 G 15
M 48 P 15 1 2 3 4 6 8 9 10 12 13 14 15 16 18 22
M 51 P 21 1 2 3 4 5 6 8 9 10 11 12 13 14 15 16 17 18 19 20 21 22
M 53 G 22
M 55 G 15
M 56 P 9 2 9 11 13 15 17 20 21 22
M 58 P 22 1 2 3 4 5 6 7 8 9 10 11 12 13 14 15 16 17 18 19 20 21 22
M 63 G 13
M 64 G 12
M 66 P 11 2 4 5 6 9 10 18 19 20 21 22
M 67 P 22 1 2 3 4 5 6 7 8 9 10 11 12 13 14 15 16 17 18 19 20 21 22
M 76 G 13
M 79 G 8
M 83 P 22 1 2 3 4 5 6 7 8 9 10 11 12 13 14 15 16 17 18 19 20 21 22
M 84 P 2 20 21
M 85 P 14 1 3 4 5 7 10 12 13 15 16 17 20 21 22
M 90 P 2 7 18
T
C 4 8 9 10 11 14 16 17 18 19 22
M 1 S 4 20
M 2 P 6 4 8 9 17 19 20
M 3 S 14 3
M 4 G 10
M 5 S 16 6
M 6 P 11 1 2 6 7 9 11 12 15 16 17 21
M 7 P 18 1 2 3 4 5 9 10 11 12 13 14 16 17 18 19 20 21 22
M 8 P 13 1 2 5 8 9 12 13 15 16 18 19 21 22
M 9 G 17
M 10 P 15 2 4 7 8 9 10 12 14 15 16 17 18 19 20 21
M 11 P 15 1 3 6 8 9 10 12 13 14 15 16 17 18 19 21
M 12 G 8
M 13 P 12 1 2 5 6 7 8 9 14 16 19 20 22
M 14 G 17
M 15 P 11 1 2 5 8 11 16 17 19 20 21 22
M 16 P 12 1 4 6 9 10 11 12 15 16 17 20 21
M 17 G 3
M 18 G 22
M 19 P 2 12 21
M 20 P 8 3 5 7 8 10 13 19 22
M 21 G 17
M 24 P 2 5 9
M 26 P 8 1 4 5 7 8 12 14 16
M 27 P 22 1 2 3 4 5 6 7 8 9 10 11 12 13 14 15 16 17 18 19 20 21 22
M 29 P 2 9 14
M 30 P 12 2 5 6 7 10 11 12 14 15 19 20 22
M 31 G 3
M 33 G 3
M 34 P 20 1 3 4 5 6 7 8 10 11 12 13 14 15 16 17 18 19 20 21 22
M 35 P 22 1 2 3 4 5 6 7 8 9 10 11 12 13 14 15 16 17 18 19 20 21 22
M 36 P 19 1 2 3 4 5 7 8 9 10 11 12 13 15 16 17 18 19 21 22
M 37 P 5 1 6 7 15 19
M 38 G 11
M 39 P 18 1 3 6 7 8 9 10 11 12 13 14 15 16 18 19 20 21 22
M 41 P 15 1 2 4 5 9 11 12 14 15 17 18 19 20 21 22
M 42 P 21 1 2 3 5 6 7 8 9 10 11 12 13 14 15 16 17 18 19 20 21 22
M 43 G 22
M 44 G 22
M 45 G 11
M 48 P 20 1 2 3 4 5 6 7 8 10 11 12 13 14 15 16 17 18 19 21 22
M 49 P 15 1 2 4 5 7 8 9 10 11 14 15 16 17 18 22
M 50 G 10
M 51 G 17
M 53 P 5 6 9 10 11 16
M 55 G 8
M 58 G 9
M 59 P 15 2 3 4 5 7 8 9 11 12 13 16 18 19 21 22
M 61 G 6
M 64 G 8
M 65 G 20
M 66 P 8 5 6 8 9 13 15 16 22
M 67 G 6
M 68 G 8
M 70 P 4 3 8 20 21
M 72 G 18
M 73 G 18
M 74 P 1 12
M 75 P 1 22
M 76 P 9 1 7 8 9 10 14 16 17 18
M 77 G 19
M 79 P 8 1 4 11 12 16 18 19 22
M 80 P 21 1 2 3 4 5 6 7 8 9 10 11 12 13 14 15 16 17 18 19 20 21
M 81 G 10
M 82 P 4 13 15 17 21
M 83 G 8
M 85 G 8
M 86 P 2 13 17
M 87 P 5 6 9 12 14 16
M 88 P 4 5 8 19 21
M 89 P 11 4 5 7 12 13 14 15 18 20 21 22
M 90 P 18 1 2 3 4 5 7 8 9 10 11 12 13 14 15 16 18 19 20
T
C 1 3 8 9 10 12 13 14 17 21 22
M 1 G 22
M 12 G 17
M 13 S 17 5
M 17 G 8
M 18 P 7 1 4 7 8 11 13 15
M 19 S 21 16
M 22 S 3 20
M 24 P 12 4 5 7 10 11 12 15 16 17 18 20 22
M 31 G 12
M 32 G 22
M 44 G 5
M 50 P 17 1 2 3 4 5 6 7 10 11 12 13 14 15 18 19 20 21
M 58 G 22
M 61 P 1 1
M 63 G 12
M 67 G 20
M 72 G 5
M 75 G 10
M 78 P 11 1 7 8 10 11 12 13 15 16 17 19
M 80 P 11 2 3 4 6 9 10 11 12 15 19 20
M 81 G 8
M 89 G 20
M 90 P 13 2 3 4 6 9 10 11 13 14 16 17 20 22
T
C 1 2 5 6 9 10 13 15 17 21 22
M 41 P 19 1 3 4 5 6 7 8 9 10 11 12 13 14 15 17 18 19 21 22
M 50 S 15 19
T
C 3 4 5 8 9 11 13 14 16 18 19
M 1 G 5
M 3 G 19
M 4 S 8 22
M 6 S 19 2
M 7 P 19 1 2 3 4 6 7 9 10 11 12 13 14 15 16 17 18 19 20 22
M 8 G 22
M 9 S 9 10
M 10 P 17 1 2 3 4 5 6 7 8 9 10 13 14 17 18 19 21 22
M 11 G 10
M 12 G 4
M 13 P 17 1 2 3 4 5 6 7 8 10 12 13 14 16 17 19 20 21
M 14 G 14
M 15 G 4
M 16 G 5
M 18 G 16
M 19 G 11
M 20 P 20 1 2 3 5 6 7 8 9 10 11 12 13 14 15 16 18 19 20 21 22
M 21 P 6 6 13 14 15 17 21
M 22 P 12 1 3 6 7 9 10 12 14 16 18 21 22
M 23 P 9 3 4 9 10 11 12 15 16 20
M 24 P 16 1 2 4 5 6 10 12 13 15 16 17 18 19 20 21 22
M 25 G 10
M 27 P 3 3 9 16
M 29 G 14
M 30 G 10
M 31 P 21 2 3 4 5 6 7 8 9 10 11 12 13 14 15 16 17 18 19 20 21 22
M 32 P 14 1 2 4 5 6 8 12 13 14 15 16 17 20 22
M 33 P 5 1 3 7 11 14
M 34 P 17 1 2 3 4 5 6 8 11 12 13 15 16 17 18 19 21 22
M 36 P 10 2 4 7 8 9 10 13 16 19 21
M 37 P 9 1 4 9 10 11 13 17 18 20
M 38 G 5
M 41 P 7 4 8 11 12 16 20 21
M 42 P 9 1 2 3 7 10 12 17 20 22
M 45 G 3
M 46 G 18
M 47 G 3
M 48 G 5
M 49 G 16
M 50 P 21 1 2 3 4 5 6 7 8 9 11 12 13 14 15 16 17 18 19 20 21 22
M 52 G 2
M 53 P 8 2 6 7 10 11 15 16 22
M 54 G 16
M 55 P 4 3 7 9 19
M 56 G 3
M 57 G 22
M 58 P 13 5 6 8 9 11 12 13 15 16 18 19 21 22
M 60 P 17 1 2 3 5 6 8 9 10 11 12 13 14 15 16 17 18 20
M 61 P 7 6 7 8 11 13 16 21
M 62 G 2
M 63 G 5
M 64 G 3
M 65 G 5
M 67 G 16
M 68 P 3 6 19 22
M 69 P 21 2 3 4 5 6 7 8 9 10 11 12 13 14 15 16 17 18 19 20 21 22
M 70 P 19 1 2 3 4 5 6 7 8 9 11 12 14 16 17 18 19 20 21 22
M 71 G 10
M 72 P 6 1 3 13 17 19 20
M 73 G 18
M 74 P 2 1 6
M 75 G 22
M 76 G 5
M 77 P 4 5 8 12 22
M 78 P 9 1 5 6 7 8 9 11 13 15
M 80 P 16 2 3 4 5 6 8 10 11 13 14 16 17 18 19 20 21
M 81 P 19 1 2 3 4 5 6 8 9 10 11 12 13 15 16 18 19 20 21 22
M 84 P 19 1 2 3 4 5 7 8 9 11 12 13 14 15 16 17 18 19 20 21
M 85 P 4 5 7 11 15
M 87 G 2
M 88 P 16 2 4 5 7 8 9 10 11 12 15 16 17 18 19 20 21
M 89 G 4
T
C 1 6 7 9 11 13 14 15 16 18 21
M 1 G 7
M 4 S 13 12
M 6 P 5 3 9 11 18 19
M 7 S 21 20
M 8 P 1 11
M 9 S 18 17
M 10 G 15
M 11 P 4 4 12 13 14
M 12 G 12
M 14 G 12
M 15 P 22 1 2 3 4 5 6 7 8 9 10 11 12 13 14 15 16 17 18 19 20 21 22
M 16 P 15 2 3 4 5 6 7 9 10 14 15 16 19 20 21 22
M 18 G 12
M 19 P 1 20
M 20 P 6 1 2 5 15 17 18
M 21 P 14 1 2 3 4 6 8 10 11 13 15 17 18 21 22
M 22 G 14
M 24 P 19 2 3 4 5 6 7 8 9 10 12 13 14 15 17 18 19 20 21 22
M 25 G 12
M 26 P 16 3 4 5 6 7 8 9 10 11 14 15 16 18 19 21 22
M 28 P 22 1 2 3 4 5 6 7 8 9 10 11 12 13 14 15 16 17 18 19 20 21 22
M 30 P 21 1 2 3 4 6 7 8 9 10 11 12 13 14 15 16 17 18 19 20 21 22
M 33 G 12
M 39 P 10 5 6 7 12 13 14 16 17 20 21
M 40 P 16 1 2 3 4 5 7 9 11 12 13 14 16 18 19 20 22
M 41 G 11
M 44 P 15 1 2 3 4 7 8 9 10 12 13 14 15 16 19 20
M 46 P 18 2 3 4 5 6 7 9 10 12 13 14 15 16 17 18 19 20 22
M 48 P 1 12
M 50 P 10 1 2 6 7 11 12 16 18 20 21
M 51 G 1
M 53 P 22 1 2 3 4 5 6 7 8 9 10 11 12 13 14 15 16 17 18 19 20 21 22
M 54 G 16
M 55 P 14 1 2 3 4 5 8 11 12 13 14 17 18 20 21
M 59 G 9
M 60 G 9
M 63 G 16
M 64 P 4 5 7 9 10
M 66 P 14 1 3 4 5 8 9 10 11 14 18 19 20 21 22
M 69 G 16
M 70 G 14
M 73 P 1 11
M 74 G 20
M 75 P 15 1 2 3 4 5 7 8 10 11 12 14 15 17 20 22
M 76 G 9
M 80 P 5 7 9 11 17 18
M 82 G 6
M 83 G 7
M 85 P 12 2 3 6 7 9 10 13 14 15 19 21 22
M 87 P 18 1 2 3 4 5 6 7 8 9 11 12 13 15 16 17 19 20 21
M 88 G 7
T
C 2 3 4 5 7 8 9 13 14 19 22
M 1 G 13
M 3 S 4 20
M 4 S 9 15
M 5 P 9 1 4 5 7 11 13 14 20 21
M 7 P 8 6 7 8 10 12 18 19 20
M 8 G 14
M 9 G 8
M 12 G 14
M 13 G 3
M 16 G 19
M 17 G 7
M 18 G 14
M 19 P 6 1 7 8 12 18 21
M 20 P 16 1 2 5 6 9 10 11 12 15 16 17 18 19 20 21 22
M 21 S 15 12
M 22 G 13
M 23 G 19
M 24 G 3
M 25 P 22 1 2 3 4 5 6 7 8 9 10 11 12 13 14 15 16 17 18 19 20 21 22
M 26 G 12
M 27 P 22 1 2 3 4 5 6 7 8 9 10 11 12 13 14 15 16 17 18 19 20 21 22
M 29 G 14
M 31 G 8
M 34 G 22
M 35 P 8 2 4 8 13 16 18 19 22
M 36 G 2
M 37 P 20 1 2 3 6 7 8 9 10 11 12 13 14 15 16 17 18 19 20 21 22
M 39 P 16 1 2 3 4 5 7 8 9 10 13 15 16 18 19 20 21
M 40 P 5 7 11 16 19 21
M 41 G 7
M 42 G 13
M 43 G 2
M 44 G 20
M 45 P 3 7 11 15
M 46 P 14 2 4 6 8 9 10 12 13 14 15 16 17 18 22
M 47 P 22 1 2 3 4 5 6 7 8 9 10 11 12 13 14 15 16 17 18 19 20 21 22
M 48 P 16 1 2 4 6 7 9 11 13 14 15 16 17 18 20 21 22
M 49 P 3 3 16 21
M 50 G 2
M 51 G 2
M 52 P 21 1 2 3 4 5 6 7 8 9 10 11 12 13 14 15 16 18 19 20 21 22
M 54 G 8
M 55 G 3
M 56 P 18 1 2 3 4 5 6 8 9 11 12 13 14 15 16 18 20 21 22
M 57 G 22
M 58 P 22 1 2 3 4 5 6 7 8 9 10 11 12 13 14 15 16 17 18 19 20 21 22
M 59 G 8
M 60 G 12
M 61 P 21 1 2 3 4 5 7 8 9 10 11 12 13 14 15 16 17 18 19 20 21 22
M 62 P 9 3 4 8 9 12 13 16 18 20
M 65 G 20
M 66 G 22
M 67 P 16 1 6 7 10 11 12 13 14 15 16 17 18 19 20 21 22
M 68 G 8
M 69 P 20 1 2 4 5 6 7 8 10 11 12 13 14 15 16 17 18 19 20 21 22
M 72 G 5
M 73 P 17 1 2 4 6 7 8 10 11 12 13 14 16 18 19 20 21 22
M 74 G 13
M 75 G 20
M 76 P 18 2 3 4 5 6 7 8 10 11 12 13 14 16 17 19 20 21 22
M 78 G 13
M 79 P 9 1 2 3 5 6 9 18 19 22
M 80 G 19
M 81 P 15 2 3 4 5 6 7 8 10 12 13 15 18 19 20 21
M 82 P 17 1 2 4 5 7 8 10 12 13 15 16 17 18 19 20 21 22
M 84 P 5 1 6 11 14 21
M 85 G 2
M 87 G 2
M 88 P 19 1 2 3 4 5 6 7 8 9 10 12 14 16 17 18 19 20 21 22
M 89 P 1 2
T
C 4 5 8 9 10 11 13 14 15 21 22
M 26 G 11
M 33 G 13
M 37 S 15 19
M 38 G 22
M 39 G 13
M 42 S 14 18
M 43 G 8
M 44 P 11 1 4 8 10 12 14 16 17 18 19 22
M 53 S 22 3
M 55 P 6 8 11 13 14 16 20
M 57 G 9
M 62 P 9 3 7 9 10 14 18 19 20 22
M 66 G 13
M 77 G 9
M 78 G 9
M 81 G 21
M 83 G 13
T
C 2 3 4 5 6 7 13 14 15 16 21
M 1 P 2 11 22
M 3 P 3 2 7 18
M 5 P 5 1 8 14 18 19
M 7 G 4
M 8 S 4 9
M 9 S 21 12
M 10 G 6
M 12 P 4 5 10 12 16
M 16 S 14 17
M 18 P 10 1 2 6 9 10 13 16 18 20 22
M 19 G 12
M 20 P 1 5
M 21 G 3
M 22 G 5
M 23 P 13 1 2 4 6 8 9 11 12 13 15 16 21 22
M 24 G 3
M 25 G 12
M 26 P 6 5 10 11 12 15 19
M 27 P 8 1 2 4 9 10 13 14 21
M 29 P 18 1 2 3 5 6 7 8 9 10 11 12 13 14 16 17 20 21 22
M 30 G 5
M 31 P 22 1 2 3 4 5 6 7 8 9 10 11 12 13 14 15 16 17 18 19 20 21 22
M 32 G 17
M 34 G 13
M 36 P 3 9 14 21
M 37 P 22 1 2 3 4 5 6 7 8 9 10 11 12 13 14 15 16 17 18 19 20 21 22
M 39 G 13
M 40 G 9
M 41 P 9 3 4 8 10 13 14 15 18 19
M 42 G 13
M 43 P 4 15 16 17 22
M 45 G 13
M 46 G 16
M 47 P 3 2 5 20
M 48 G 6
M 50 G 9
M 52 G 5
M 53 P 22 1 2 3 4 5 6 7 8 9 10 11 12 13 14 15 16 17 18 19 20 21 22
M 54 P 3 8 13 14
M 55 P 22 1 2 3 4 5 6 7 8 9 10 11 12 13 14 15 16 17 18 19 20 21 22
M 56 P 12 2 6 7 8 10 11 13 14 17 18 21 22
M 57 P 14 2 4 6 7 8 9 11 12 14 15 18 20 21 22
M 58 G 16
M 59 P 6 5 7 10 15 17 22
M 61 P 15 1 4 5 8 9 10 13 14 15 16 17 18 19 20 21
M 62 G 13
M 63 P 14 1 2 4 5 7 10 11 13 14 16 17 19 21 22
M 64 P 19 1 2 3 4 5 6 7 8 10 12 13 15 16 17 18 19 20 21 22
M 66 G 2
M 68 P 2 11 14
M 69 P 11 2 3 6 7 8 10 11 15 16 18 22
M 71 P 9 1 3 4 12 15 16 17 18 22
M 73 P 14 1 2 3 6 9 10 11 13 14 15 16 20 21 22
M 74 G 7
M 75 G 3
M 77 P 15 3 5 6 8 9 10 12 13 14 15 16 17 20 21 22
M 78 P 18 1 2 3 5 6 7 8 9 11 13 14 15 16 17 18 19 20 21
M 79 G 15
M 80 G 5
M 81 P 18 1 2 4 5 7 8 10 12 13 14 15 16 17 18 19 20 21 22
M 82 G 9
M 83 G 9
M 85 G 7
M 86 P 2 14 18
M 87 P 11 2 4 5 6 9 14 15 16 18 19 20
M 88 G 6
M 89 P 16 1 2 3 4 6 7 9 10 12 13 15 17 19 20 21 22
T
C 2 4 5 7 8 9 14 15 18 19 20
M 2 G 19
M 4 P 9 5 6 10 12 13 14 15 16 20
M 5 G 15
M 7 S 8 11
M 8 P 19 1 2 4 5 6 7 8 9 10 11 12 13 14 16 17 18 19 20 22
M 10 G 15
M 13 P 4 1 6 9 13
M 15 G 7
M 16 G 5
M 17 P 9 4 6 8 10 11 12 13 14 19
M 18 P 22 1 2 3 4 5 6 7 8 9 10 11 12 13 14 15 16 17 18 19 20 21 22
M 19 P 19 1 2 3 4 5 6 7 8 10 12 14 15 16 17 18 19 20 21 22
M 20 G 5
M 21 P 5 1 7 11 12 22
M 22 P 11 2 3 4 5 6 7 8 12 13 15 19
M 23 P 20 1 2 3 4 5 7 9 10 11 12 13 14 15 16 17 18 19 20 21 22
M 24 G 14
M 25 G 18
M 26 G 14
M 27 S 4 1
M 28 G 2
M 30 G 9
M 31 S 2 10
M 32 P 2 3 18
M 33 P 6 2 3 5 13 14 19
M 34 P 8 1 2 3 5 7 11 13 22
M 36 G 7
M 37 G 10
M 41 P 15 2 3 5 6 7 8 10 11 12 13 14 15 16 18 19
M 42 G 15
M 43 P 16 1 3 4 5 6 8 10 11 12 14 16 17 18 19 20 22
M 44 P 1 13
M 45 P 16 1 3 4 6 7 8 9 10 14 15 16 17 18 19 20 22
M 46 P 6 7 9 17 20 21 22
M 48 G 14
M 50 G 7
M 51 G 5
M 58 G 19
M 60 P 14 1 3 7 8 9 10 11 13 14 15 18 19 20 21
M 62 P 4 5 9 13 19
M 64 G 18
M 68 P 15 1 3 4 6 7 8 9 10 14 16 17 18 19 20 22
M 69 G 15
M 70 G 20
M 74 P 2 17 19
M 75 G 19
M 76 P 13 1 2 5 7 8 9 10 11 12 13 15 20 21
M 77 P 2 5 9
M 78 P 7 5 6 11 14 18 20 21
M 79 G 18
M 80 G 18
M 81 P 16 1 4 5 6 7 8 9 10 11 13 14 15 16 17 19 20
M 82 G 11
M 83 P 11 1 2 3 4 5 8 12 14 19 20 21
M 84 G 10
M 85 G 5
M 86 P 2 7 17
M 87 G 1
M 88 P 13 1 3 4 5 6 7 8 11 12 13 15 17 21
T
C 2 4 5 6 8 9 10 11 17 19 21
M 1 S 19 15
M 2 P 19 1 2 3 4 6 7 8 10 11 12 13 14 15 16 17 18 19 20 22
M 4 S 15 13
M 6 G 5
M 9 P 13 1 4 6 8 10 12 13 14 15 16 18 19 21
M 10 P 1 14
M 12 P 15 1 2 4 6 7 9 10 11 14 15 16 17 18 19 20
M 13 G 10
M 14 G 21
M 15 S 4 22
M 18 P 11 3 6 8 10 11 14 15 19 20 21 22
M 19 P 17 1 3 4 5 6 7 8 10 12 13 14 15 16 17 18 19 20
M 20 P 21 1 2 3 4 5 6 7 8 9 10 11 12 13 14 15 16 18 19 20 21 22
M 21 P 10 1 4 6 7 8 10 11 13 20 21
M 26 G 2
M 31 P 15 1 2 4 5 6 9 11 13 15 16 17 18 19 20 22
M 32 G 13
M 34 P 16 3 4 5 7 8 10 12 13 14 15 17 18 19 20 21 22
M 40 P 1 22
M 44 G 2
M 45 P 6 5 6 17 18 21 22
M 46 P 4 11 15 16 21
M 47 G 9
M 48 G 13
M 49 P 15 2 3 4 6 8 9 10 11 13 15 16 17 18 19 20
M 50 G 9
M 51 G 17
M 55 G 8
M 58 G 6
M 59 G 6
M 60 G 8
M 63 G 2
M 64 P 12 4 5 6 7 10 12 13 14 16 19 20 21
M 65 G 9
M 66 G 2
M 67 P 10 2 4 5 6 8 10 11 12 14 21
M 71 G 9
M 73 P 1 22
M 74 G 22
M 77 G 22
M 78 P 18 1 2 3 4 5 6 7 8 9 10 11 13 14 15 16 17 18 20
M 80 P 8 4 5 6 8 9 17 20 22
M 84 G 6
M 86 G 21
M 87 G 9
M 88 P 7 2 5 6 8 14 16 18
M 89 P 2 2 21
M 90 P 15 1 2 3 6 8 9 10 11 12 13 15 16 19 20 21
T
C 1 4 6 8 13 15 16 17 18 19 20
M 2 S 8 21
M 4 P 13 2 4 7 11 12 14 15 16 17 18 19 20 21
M 6 G 13
M 7 G 4
M 8 G 21
M 9 S 1 11
M 10 P 13 1 3 4 6 13 15 16 17 18 19 20 21 22
M 11 P 4 6 8 17 22
M 12 P 20 1 2 3 5 6 7 8 9 10 11 12 13 14 15 16 17 18 20 21 22
M 15 P 13 4 5 6 8 9 10 11 13 14 15 17 18 21
M 16 S 6 9
M 17 P 4 1 6 10 12
M 18 P 20 1 2 3 4 5 6 7 8 9 10 12 13 14 15 16 18 19 20 21 22
M 19 P 22 1 2 3 4 5 6 7 8 9 10 11 12 13 14 15 16 17 18 19 20 21 22
M 20 P 10 3 7 8 12 14 15 16 19 21 22
M 21 G 9
M 25 P 10 4 6 9 12 15 17 18 20 21 22
M 26 G 13
M 27 G 4
M 28 P 16 1 3 4 5 6 8 9 10 11 13 14 15 17 18 19 21
M 31 G 11
M 32 G 9
M 34 P 13 3 4 5 6 9 11 13 14 15 17 18 20 21
M 35 G 11
M 36 P 19 1 2 3 4 5 6 7 8 9 10 11 13 14 15 16 19 20 21 22
M 37 G 4
M 39 P 2 15 22
M 40 P 20 2 3 5 6 7 8 9 10 11 12 13 14 15 16 17 18 19 20 21 22
M 41 G 9
M 43 P 18 1 2 3 4 5 7 8 9 10 11 12 13 14 15 16 19 20 21
M 46 G 21
M 48 G 18
M 49 G 13
M 50 P 15 2 3 4 5 7 9 10 11 13 14 16 18 19 20 21
M 51 G 19
M 52 P 6 4 9 15 18 20 21
M 54 P 17 3 4 5 6 7 8 9 10 11 12 13 14 16 17 18 20 21
M 55 G 18
M 56 P 8 2 5 6 11 16 19 21 22
M 57 G 18
M 58 P 11 2 4 6 12 16 17 18 19 20 21 22
M 59 G 11
M 60 G 15
M 61 P 14 1 4 5 6 7 9 10 11 13 14 15 17 20 21
M 62 P 15 1 3 6 7 8 9 11 12 13 14 15 16 17 21 22
M 63 P 9 1 2 4 5 12 13 15 19 22
M 66 G 19
M 69 G 4
M 70 G 21
M 75 G 15
M 79 P 15 1 2 3 4 5 6 7 8 9 11 14 15 18 19 21
M 80 G 20
M 81 P 3 9 12 16
M 82 P 3 1 8 17
M 85 G 16
M 86 P 2 1 7
M 87 G 4
M 88 P 18 2 3 4 5 6 7 9 10 11 12 13 14 15 16 17 19 20 22
M 89 G 15
T
C 1 2 9 10 12 13 14 15 17 18 19
M 2 G 13
M 3 P 11 1 3 4 6 7 11 13 14 15 20 21
M 6 P 18 1 3 4 5 6 8 9 10 11 12 13 14 15 16 17 18 19 20
M 7 S 1 3
M 12 S 15 7
M 15 G 7
M 16 P 16 2 4 5 6 8 10 11 12 13 14 17 18 19 20 21 22
M 18 P 7 3 7 9 12 14 20 21
M 21 S 19 22
M 25 G 10
M 27 G 13
M 30 G 3
M 31 G 22
M 32 G 18
M 33 P 15 2 3 4 5 7 8 10 11 12 13 15 16 17 20 22
M 35 P 11 1 2 4 5 8 9 11 13 14 18 22
M 37 G 7
M 38 P 7 2 3 5 8 9 17 20
M 43 P 21 1 2 3 4 5 6 7 8 9 10 11 12 13 15 16 17 18 19 20 21 22
M 45 P 18 1 2 3 4 5 6 7 8 9 10 13 14 15 17 18 20 21 22
M 47 P 16 2 4 6 7 8 9 12 13 14 15 16 18 19 20 21 22
M 49 P 8 1 4 7 12 14 15 16 20
M 50 G 9
M 61 P 11 1 2 7 8 9 12 13 14 15 16 18
M 66 G 12
M 76 P 17 1 2 3 4 5 6 8 9 10 11 12 13 14 15 16 17 20
M 77 G 14
M 80 P 13 3 4 5 7 9 13 14 15 16 17 19 21 22
M 82 G 12
M 83 G 9
M 84 P 9 2 9 10 12 13 14 17 21 22
M 85 G 7
M 88 G 22
M 89 P 15 2 3 4 5 6 7 9 11 13 15 16 17 18 19 21
M 90 P 1 12
T
C 3 5 6 11 12 13 14 15 16 20 21
M 1 S 13 2
M 2 P 21 1 2 3 4 5 6 7 8 9 10 11 12 13 14 15 16 17 18 19 21 22
M 3 S 5 8
M 9 P 8 3 4 5 7 10 15 19 20
M 14 P 15 1 2 3 4 5 8 10 11 12 13 14 16 18 19 22
M 19 S 6 9
M 20 P 21 1 2 4 5 6 7 8 9 10 11 12 13 14 15 16 17 18 19 20 21 22
M 21 P 3 10 16 22
M 22 P 12 1 2 4 6 8 9 10 11 13 15 17 19
M 25 P 3 5 10 22
M 26 G 3
M 30 G 16
M 33 P 19 1 2 4 6 7 9 10 11 12 13 14 15 16 17 18 19 20 21 22
M 37 G 16
M 39 P 14 1 2 4 5 6 7 9 10 11 12 13 15 20 21
M 40 P 12 1 2 3 8 10 11 13 14 16 18 19 21
M 41 P 18 1 3 4 5 6 7 8 10 11 12 14 15 16 17 18 19 21 22
M 42 P 21 1 2 3 4 5 6 7 8 9 10 11 12 14 15 16 17 18 19 20 21 22
M 46 P 8 4 6 7 8 11 12 14 21
M 47 P 21 1 3 4 5 6 7 8 9 10 11 12 13 14 15 16 17 18 19 20 21 22
M 48 P 21 1 2 3 4 5 6 7 8 9 10 11 12 13 14 15 16 17 19 20 21 22
M 50 P 14 2 3 4 8 10 14 15 16 17 18 19 20 21 22
M 51 G 8
M 54 G 8
M 55 P 3 2 9 16
M 56 G 2
M 58 G 20
M 61 P 15 2 3 4 5 6 7 8 9 12 14 16 17 18 21 22
M 62 G 11
M 63 G 20
M 64 G 3
M 67 P 13 2 4 6 9 10 11 14 15 16 17 18 19 21
M 69 G 12
M 70 P 12 1 5 6 7 8 9 10 12 13 18 19 22
M 72 G 16
M 73 P 12 1 2 3 4 5 6 9 11 12 13 16 20
M 74 P 21 1 2 3 4 5 6 7 8 9 10 11 12 13 15 16 17 18 19 20 21 22
M 75 P 12 3 5 6 11 15 16 17 18 19 20 21 22
M 77 G 8
M 78 G 2
M 79 G 21
M 80 G 14
M 81 P 18 1 2 3 4 5 6 7 9 10 11 12 13 14 15 16 17 21 22
M 82 G 9
M 84 G 2
M 85 P 9 3 4 5 7 12 13 14 19 21
M 86 P 21 1 2 3 4 5 6 7 8 9 10 11 12 14 15 16 17 18 19 20 21 22
M 88 G 20
M 90 P 2 15 22
T
C 2 3 4 9 11 12 15 16 19 20 21
M 13 P 17 2 3 4 5 6 8 9 10 11 12 13 14 15 16 17 18 20
M 15 P 19 1 3 4 5 6 7 8 10 11 12 14 15 16 17 18 19 20 21 22
M 24 S 2 5
M 29 S 9 14
M 31 G 5
M 36 G 5
M 37 G 14
M 40 S 4 13
M 43 P 3 14 19 20
M 50 G 3
M 54 P 9 2 3 5 7 10 11 13 16 18
M 57 P 4 3 19 21 22
M 71 G 12
M 72 P 18 1 3 4 7 8 9 10 12 13 14 15 16 17 18 19 20 21 22
M 75 G 14
T
C 2 3 4 9 10 12 13 15 16 17 18
M 15 S 10 21
M 16 P 18 1 2 3 4 5 7 8 9 10 11 12 13 14 15 16 19 21 22
M 68 G 12
M 90 P 8 1 6 8 9 13 16 19 20
T
C 1 2 5 6 7 10 15 16 18 19 21
M 1 G 1
M 2 G 18
M 3 G 7
M 4 S 19 4
M 9 G 10
M 10 G 16
M 14 S 15 12
M 15 P 13 2 3 4 5 6 7 10 11 13 15 17 18 21
M 16 S 12 22
M 17 P 10 2 3 4 8 9 15 17 20 21 22
M 20 P 18 1 2 3 4 5 7 9 10 12 13 15 16 17 18 19 20 21 22
M 22 P 16 1 3 5 6 8 9 11 13 14 15 16 17 18 19 21 22
M 23 G 4
M 24 G 22
M 26 G 22
M 27 G 10
M 29 G 18
M 34 G 7
M 36 P 19 1 4 5 6 7 8 9 10 11 12 13 14 15 16 17 19 20 21 22
M 38 P 4 1 13 17 19
M 40 P 14 1 5 7 9 10 11 13 14 15 16 18 20 21 22
M 41 P 18 1 2 4 5 6 7 8 9 10 11 13 14 16 17 19 20 21 22
M 42 P 5 1 5 6 19 20
M 44 P 15 1 3 4 5 6 7 8 9 11 12 14 15 16 18 21
M 45 P 19 1 2 3 5 6 7 8 10 11 12 13 14 15 16 17 18 20 21 22
M 47 G 5
M 48 G 1
M 49 G 1
M 50 G 5
M 51 G 6
M 52 G 5
M 55 G 10
M 56 G 18
M 57 P 7 3 4 5 6 12 16 22
M 62 G 18
M 64 P 11 5 6 7 8 10 11 13 16 19 20 21
M 66 G 10
M 68 G 1
M 69 P 14 1 2 3 5 6 8 9 13 14 15 16 17 18 20
M 71 G 2
M 72 P 6 5 6 9 11 16 21
M 73 P 9 3 4 5 7 12 16 17 20 21
M 74 P 19 1 2 3 4 5 6 8 9 10 11 12 13 14 15 18 19 20 21 22
M 78 P 17 1 2 4 5 6 8 9 10 11 12 13 14 17 18 19 21 22
M 80 P 16 1 2 3 4 5 6 7 8 9 11 13 15 17 19 21 22
M 81 G 4
M 89 P 17 1 2 3 6 7 8 9 10 13 14 15 16 17 18 19 21 22
M 90 P 21 1 2 3 4 5 6 7 8 10 11 12 13 14 15 16 17 18 19 20 21 22
T
C 4 8 9 10 11 12 13 15 17 19 21
M 2 P 2 11 12
M 4 P 4 2 3 11 12
M 5 S 8 7
M 7 P 13 1 2 3 5 6 7 11 13 15 17 18 20 22
M 8 S 17 14
M 9 S 15 18
M 10 P 13 1 2 3 6 7 9 11 13 14 16 17 19 20
M 11 P 17 1 2 4 5 6 7 8 9 10 11 13 15 17 18 19 20 21
M 13 P 22 1 2 3 4 5 6 7 8 9 10 11 12 13 14 15 16 17 18 19 20 21 22
M 14 G 13
M 15 P 10 1 5 6 9 10 11 13 14 16 22
M 16 G 19
M 18 P 13 3 4 5 6 9 10 12 13 14 15 18 19 22
M 19 G 14
M 21 P 13 1 4 5 6 7 10 11 14 16 17 18 19 20
M 23 P 7 6 10 11 14 15 17 18
M 24 P 20 1 2 3 4 5 6 7 8 9 10 11 13 14 15 16 17 18 19 20 21
M 25 P 17 1 2 3 4 6 7 10 11 12 13 15 16 17 18 20 21 22
M 26 P 22 1 2 3 4 5 6 7 8 9 10 11 12 13 14 15 16 17 18 19 20 21 22
M 27 G 19
M 28 P 11 1 2 3 9 11 13 15 18 20 21 22
M 29 P 21 1 2 3 4 5 6 7 8 9 10 11 12 13 15 16 17 18 19 20 21 22
M 31 P 12 2 3 4 5 9 11 12 15 16 20 21 22
M 32 P 13 3 4 6 7 8 9 10 12 13 14 17 18 22
M 33 G 10
M 34 G 11
M 35 P 20 1 2 3 5 6 7 8 9 10 11 12 13 14 15 17 18 19 20 21 22
M 36 P 14 1 2 3 4 5 7 8 11 13 15 17 18 19 21
M 37 G 4
M 38 G 7
M 39 P 3 7 10 18
M 40 G 21
M 41 G 10
M 42 P 20 1 2 3 4 5 7 8 9 10 11 12 13 14 15 16 17 18 19 20 21
M 43 G 11
M 44 P 6 1 12 13 14 15 20
M 45 P 18 1 2 4 5 6 7 8 9 10 11 13 14 15 16 17 18 19 20
M 46 P 11 3 4 5 9 12 14 17 19 20 21 22
M 47 G 10
M 48 P 22 1 2 3 4 5 6 7 8 9 10 11 12 13 14 15 16 17 18 19 20 21 22
M 50 P 11 3 4 6 7 11 12 13 16 17 19 20
M 51 G 4
M 52 P 16 1 2 3 4 7 8 9 10 12 13 14 17 18 19 20 21
M 54 P 6 1 3 6 8 9 16
M 55 G 7
M 57 P 2 1 8
M 58 P 6 1 6 8 12 13 21
M 59 P 17 1 2 3 4 6 7 9 10 11 13 14 15 17 19 20 21 22
M 60 P 21 1 2 3 4 5 6 7 8 9 10 11 12 13 14 15 16 18 19 20 21 22
M 61 G 7
M 63 P 17 1 3 4 5 6 7 8 9 10 11 13 15 16 18 19 21 22
M 64 P 4 3 6 12 19
M 65 G 13
M 66 P 3 1 3 14
M 67 G 21
M 68 G 9
M 69 G 21
M 70 G 10
M 71 P 4 7 12 20 22
M 72 P 11 2 8 9 11 12 13 16 17 19 20 22
M 73 G 12
M 74 P 16 1 2 3 4 5 6 7 8 10 11 12 14 15 17 18 21
M 75 P 3 1 11 14
M 76 P 15 1 3 4 5 6 8 9 10 11 12 14 16 17 20 22
M 79 G 7
M 80 P 15 2 3 5 6 8 10 12 13 14 15 16 18 20 21 22
M 82 P 9 2 4 5 9 10 12 14 17 19
M 83 P 2 15 20
M 84 G 12
M 86 G 19
M 87 G 4
M 88 G 19
T
C 1 5 6 8 10 11 16 17 18 19 22
M 1 P 16 1 2 3 4 5 6 7 9 11 12 14 16 17 18 19 21
M 2 S 8 13
M 4 P 16 1 2 3 4 5 8 9 10 11 12 13 14 15 18 20 22
M 6 S 18 14
M 9 P 1 15
M 11 G 22
M 12 S 11 7
M 16 P 15 1 2 3 4 5 8 9 10 11 14 15 16 18 19 22
M 17 G 7
M 20 G 6
M 21 G 16
M 23 G 1
M 24 P 12 1 2 4 5 7 9 11 14 16 17 18 21
M 26 G 19
M 29 G 6
M 30 P 9 2 3 4 5 8 12 15 20 21
M 31 G 5
M 33 G 22
M 34 G 19
M 41 P 14 2 3 4 5 6 9 11 13 15 16 17 18 19 21
M 43 P 10 3 6 8 10 13 14 15 17 20 21
M 44 G 10
M 45 G 5
M 50 G 5
M 52 P 22 1 2 3 4 5 6 7 8 9 10 11 12 13 14 15 16 17 18 19 20 21 22
M 54 G 13
M 55 P 3 6 16 17
M 56 G 16
M 58 G 22
M 59 P 19 2 3 4 5 6 7 9 10 11 12 13 14 15 16 17 18 20 21 22
M 60 G 14
M 62 P 3 7 18 19
M 63 G 5
M 66 G 10
M 68 G 13
M 70 G 13
M 73 G 6
M 76 G 16
M 77 P 16 1 2 3 5 6 7 9 10 12 13 15 17 18 20 21 22
M 78 P 21 1 2 3 4 5 6 7 8 9 10 11 12 13 14 15 16 17 18 19 20 21
M 79 G 5
M 81 P 1 20
M 82 G 17
M 86 P 10 5 7 11 14 15 16 18 19 20 22
M 89 P 17 1 2 5 6 7 8 9 10 12 14 15 16 17 18 20 21 22
M 90 P 2 7 9
T
C 1 4 5 6 7 8 12 13 17 19 22
M 4 P 9 2 3 4 7 9 10 16 19 20
M 5 P 17 1 2 3 4 5 6 7 8 10 12 14 15 17 18 19 20 22
M 7 S 6 14
M 8 P 19 1 2 3 4 5 6 7 8 9 11 12 13 15 16 17 18 19 20 22
M 10 G 1
M 12 P 19 1 2 3 5 6 7 8 10 11 12 13 14 15 16 17 18 20 21 22
M 13 S 12 16
M 14 S 19 2
M 15 G 8
M 18 G 2
M 19 G 8
M 21 G 2
M 23 G 1
M 24 P 12 1 2 5 6 8 10 12 13 14 17 19 20
M 26 P 2 11 12
M 30 P 14 1 3 4 5 6 7 8 10 11 14 15 16 18 19
M 34 G 5
M 35 G 13
M 36 G 5
M 41 G 14
M 48 G 14
M 52 G 22
M 53 G 8
M 57 G 16
M 64 P 12 5 6 11 12 13 14 16 17 18 19 21 22
M 70 G 14
M 71 G 13
M 72 G 5
M 74 P 18 1 2 3 5 6 7 9 10 11 12 14 15 16 17 19 20 21 22
M 78 G 5
M 82 P 21 2 3 4 5 6 7 8 9 10 11 12 13 14 15 16 17 18 19 20 21 22
M 85 P 14 1 3 6 7 9 10 12 13 14 15 18 19 20 22
M 88 G 2
T
C 1 2 5 9 12 13 14 15 16 18 19
M 63 S 12 21
M 70 G 9
M 77 P 16 1 2 3 6 7 10 11 13 14 15 16 17 18 19 20 21
T
C 1 2 3 4 5 8 14 15 16 17 18
M 1 S 18 11
M 2 P 18 1 2 3 4 5 6 9 10 11 12 13 14 15 16 17 18 21 22
M 4 P 20 1 2 3 5 6 7 8 9 10 11 13 14 15 16 17 18 19 20 21 22
M 7 P 6 6 8 15 17 20 22
M 15 G 11
M 16 G 14
M 17 G 2
M 25 S 14 10
M 26 G 10
M 31 P 13 1 3 6 8 10 13 15 16 17 18 19 20 21
M 35 G 15
M 36 P 19 1 2 4 5 6 7 8 9 10 12 13 14 15 16 17 18 19 21 22
M 39 P 1 16
M 40 S 5 22
M 41 G 22
M 42 P 9 2 3 6 7 12 13 15 20 21
M 43 G 2
M 45 G 10
M 54 G 11
M 59 P 22 1 2 3 4 5 6 7 8 9 10 11 12 13 14 15 16 17 18 19 20 21 22
M 62 P 9 2 3 4 5 6 9 10 13 20
M 67 P 4 1 2 12 20
M 69 G 16
M 70 P 8 1 2 5 8 12 13 14 20
M 73 P 20 1 2 3 4 5 6 8 9 11 12 13 14 15 16 17 18 19 20 21 22
M 75 G 8
M 77 G 8
M 79 P 10 3 4 6 12 14 18 19 20 21 22
M 83 P 11 2 3 5 6 8 11 12 16 18 21 22
M 84 P 22 1 2 3 4 5 6 7 8 9 10 11 12 13 14 15 16 17 18 19 20 21 22
M 86 P 13 1 3 4 5 8 10 11 12 15 16 19 20 22
M 89 P 19 1 2 3 4 5 6 7 8 9 12 13 14 15 16 17 19 20 21 22
M 90 P 18 1 2 4 5 7 8 9 10 11 12 13 14 15 18 19 20 21 22
T
C 2 4 5 7 11 16 18 19 20 21 22
M 1 G 11
M 2 G 7
M 3 S 5 10
M 4 G 22
M 6 P 1 4
M 7 S 20 17
M 8 G 2
M 9 S 21 9
M 10 G 10
M 11 P 22 1 2 3 4 5 6 7 8 9 10 11 12 13 14 15 16 17 18 19 20 21 22
M 12 P 20 1 3 4 6 7 8 9 10 11 12 13 14 15 16 17 18 19 20 21 22
M 13 G 19
M 14 P 12 2 4 6 7 12 13 15 16 18 19 20 22
M 15 P 16 3 4 5 6 7 8 9 12 14 15 16 17 18 19 20 22
M 16 P 11 1 3 5 8 10 12 13 17 18 19 21
M 17 G 18
M 18 P 7 1 2 5 8 10 15 21
M 19 P 6 5 6 13 16 20 21
M 20 G 7
M 21 P 8 3 5 7 10 13 18 20 22
M 22 P 14 1 2 5 8 9 10 12 13 14 15 16 17 20 22
M 23 P 3 11 15 20
M 24 G 9
M 25 G 19
M 26 G 16
M 27 P 15 4 5 6 8 9 10 12 13 14 16 17 18 19 20 22
M 28 G 11
M 29 G 7
M 31 G 16
M 32 P 7 2 5 7 9 11 12 19
M 33 P 3 5 12 14
M 34 P 21 1 2 3 4 5 6 7 8 9 10 12 13 14 15 16 17 18 19 20 21 22
M 35 P 18 2 3 4 5 6 7 9 10 12 13 14 15 16 17 18 20 21 22
M 36 P 21 1 2 3 4 5 6 7 8 9 10 11 12 13 14 15 16 17 19 20 21 22
M 37 G 22
M 38 G 4
M 39 G 22
M 40 P 13 1 4 10 11 13 14 15 16 18 19 20 21 22
M 41 P 2 19 22
M 42 P 5 6 9 16 17 22
M 43 G 18
M 44 G 19
M 45 P 8 2 3 5 9 13 15 17 19
M 46 G 10
M 47 P 16 1 2 4 5 7 8 9 12 14 15 16 17 18 19 21 22
M 48 P 6 3 4 5 11 13 17
M 49 P 13 1 2 4 6 7 10 12 13 14 16 18 21 22
M 50 G 19
M 51 P 11 4 5 8 9 10 11 13 15 16 19 21
M 52 P 10 1 3 4 5 6 7 10 13 15 22
M 53 P 1 5
M 54 G 18
M 55 G 7
M 56 G 18
M 57 P 5 3 9 13 18 21
M 58 G 7
M 59 P 2 5 10
M 60 G 18
M 61 P 10 1 2 3 5 6 12 13 19 20 21
M 62 G 9
M 63 P 20 1 2 3 4 5 8 9 10 11 12 13 14 15 16 17 18 19 20 21 22
M 64 P 10 2 3 7 8 10 11 13 15 16 21
M 65 G 16
M 66 G 22
M 67 P 8 1 7 8 10 11 13 14 17
M 68 P 15 1 3 4 7 8 9 10 11 12 13 16 17 18 19 22
M 69 G 16
M 70 G 22
M 71 P 9 1 2 3 5 9 11 14 16 17
M 72 P 14 2 3 5 6 8 12 13 14 15 16 18 19 20 21
M 73 P 2 6 19
M 74 G 11
M 75 P 13 2 3 8 9 10 11 13 14 15 16 17 20 22
M 76 G 10
M 77 G 9
M 78 P 6 3 4 10 14 16 21
M 79 G 10
M 80 G 4
M 81 P 10 2 5 6 8 11 12 15 17 18 21
M 82 G 19
M 83 G 2
M 84 G 17
M 85 P 15 2 3 4 5 6 7 9 11 13 14 16 17 18 20 22
M 86 P 4 2 9 12 21
M 87 P 11 1 6 7 8 9 10 16 18 19 20 21
M 88 P 18 1 2 3 4 5 6 7 8 10 12 13 14 16 17 19 20 21 22
M 89 G 9
M 90 P 8 1 4 11 14 16 18 20 22
T
