10
C 1 3 4 6 10 11 13 15 17 20 22
M 2 S 20 14
M 8 P 13 1 3 4 6 9 11 12 13 14 16 20 21 22
M 11 P 21 1 2 3 4 5 6 7 8 9 10 11 12 13 14 15 16 17 18 20 21 22
M 12 G 14
M 13 S 3 7
M 17 P 22 1 2 3 4 5 6 7 8 9 10 11 12 13 14 15 16 17 18 19 20 21 22
M 18 P 9 3 4 9 10 12 15 16 21 22
M 20 P 20 1 2 3 5 6 7 8 9 10 12 13 14 15 16 17 18 19 20 21 22
M 23 G 11
M 27 P 17 1 2 3 4 6 7 9 10 12 13 14 17 18 19 20 21 22
M 30 G 10
M 32 G 4
M 33 S 10 21
M 35 G 17
M 38 P 17 4 5 6 7 8 9 10 11 12 13 14 15 17 18 19 20 22
M 39 P 5 7 10 11 16 17
M 41 P 22 1 2 3 4 5 6 7 8 9 10 11 12 13 14 15 16 17 18 19 20 21 22
M 43 P 8 4 10 11 12 13 14 17 18
M 44 G 21
M 48 G 14
M 49 P 9 2 5 8 11 12 16 17 18 22
M 50 P 6 4 10 16 17 20 21
M 51 P 8 2 5 10 14 15 16 20 21
M 53 P 7 1 5 9 11 16 20 21
M 54 P 13 1 3 5 8 12 13 14 15 16 17 19 21 22
M 56 P 10 5 7 8 9 14 15 16 18 20 22
M 57 G 11
M 58 P 20 1 2 3 4 5 6 7 9 10 11 12 13 14 15 16 17 18 19 20 21
M 59 P 8 2 7 8 10 14 16 17 21
M 61 P 11 5 6 7 8 10 11 12 13 15 16 21
M 62 G 17
M 63 P 6 1 2 11 13 15 18
M 64 P 7 2 12 15 18 19 20 22
M 65 P 21 1 2 3 4 5 6 7 8 9 10 11 13 14 15 16 17 18 19 20 21 22
M 66 G 1
M 67 G 4
M 70 P 20 1 2 3 4 5 6 7 8 9 10 11 12 13 14 15 17 18 20 21 22
M 74 P 11 5 6 7 8 10 11 12 13 15 17 21
M 77 P 18 1 2 3 5 6 7 8 9 10 11 12 14 15 16 18 19 21 22
M 82 P 19 2 3 4 5 6 7 8 10 11 12 13 14 15 16 17 19 20 21 22
M 84 P 4 2 6 13 18
M 85 P 4 1 9 16 17
M 86 P 8 1 4 5 7 9 10 15 17
M 87 P 14 2 4 5 6 7 8 10 11 12 15 17 18 21 22
T
C 1 2 5 11 12 13 16 17 19 20 22
M 24 G 17
M 42 S 13 14
M 55 P 9 2 4 6 8 9 10 11 12 19
M 78 G 17
M 80 S 11 6
T
C 2 7 8 11 13 14 15 16 17 20 21
M 1 S 20 12
M 5 G 13
M 14 S 14 19
M 20 G 19
M 23 P 10 3 4 7 10 13 14 15 16 17 22
M 35 P 14 1 2 4 5 9 10 11 13 14 17 18 19 20 22
M 37 P 1 4
M 47 P 1 9
M 53 S 8 1
M 88 P 16 1 2 3 4 5 6 9 10 11 13 14 15 16 19 20 21
M 90 P 18 1 2 3 4 6 9 10 11 12 13 15 16 17 18 19 20 21 22
T
C 1 4 5 6 8 9 10 11 18 19 21
M 1 P 12 1 2 8 9 10 13 14 16 19 20 21 22
M 2 S 10 3
M 3 P 11 2 3 4 6 7 9 13 15 16 17 20
M 4 S 8 12
M 5 G 1
M 6 S 19 20
M 8 G 18
M 9 P 18 2 3 4 5 6 7 8 11 12 13 15 16 17 18 19 20 21 22
M 10 G 9
M 12 P 7 1 2 6 11 17 20 21
M 15 P 3 5 6 20
M 18 P 19 1 2 3 5 6 7 9 10 11 12 13 14 15 16 17 19 20 21 22
M 20 G 9
M 23 G 6
M 24 P 13 1 3 5 6 8 9 10 14 15 16 17 20 22
M 25 P 4 6 14 15 17
M 26 G 5
M 27 G 5
M 28 P 12 1 3 5 7 8 9 10 11 13 15 18 20
M 29 G 3
M 30 P 15 2 3 4 5 6 7 8 9 10 12 15 17 18 20 21
M 31 P 7 1 6 9 16 18 20 22
M 33 P 10 1 4 5 7 11 14 15 16 17 22
M 34 G 21
M 35 P 7 1 3 4 5 15 17 21
M 36 P 2 3 19
M 39 P 7 1 2 4 6 7 10 20
M 42 G 20
M 44 P 7 1 7 8 17 19 20 21
M 45 P 1 14
M 46 P 12 1 3 5 7 8 9 12 14 16 17 18 20
M 47 G 18
M 49 G 5
M 52 G 21
M 53 G 20
M 54 P 14 2 4 6 7 9 10 12 14 16 17 19 20 21 22
M 56 P 6 3 7 9 12 13 16
M 57 G 18
M 59 G 4
M 60 P 17 1 2 3 4 5 6 7 8 12 13 15 16 17 18 19 21 22
M 61 G 20
M 62 G 4
M 63 G 4
M 66 P 7 1 3 5 7 8 17 22
M 67 P 18 1 2 3 4 5 6 7 8 9 11 12 13 14 16 17 20 21 22
M 69 P 16 1 3 4 6 7 8 9 10 13 15 17 18 19 20 21 22
M 70 G 12
M 71 G 9
M 72 G 3
M 73 P 14 1 2 5 6 7 10 12 13 14 15 16 17 21 22
M 74 P 13 2 5 6 7 8 9 10 12 14 17 19 20 22
M 75 P 2 3 11
M 76 G 21
M 77 G 20
M 78 G 12
M 80 G 3
M 81 P 22 1 2 3 4 5 6 7 8 9 10 11 12 13 14 15 16 17 18 19 20 21 22
M 82 P 20 1 2 3 4 5 6 8 9 10 11 12 13 14 15 16 17 18 19 20 21
M 84 P 10 1 6 8 10 13 15 16 18 20 22
M 85 G 5
M 86 G 12
M 88 G 21
M 89 P 7 1 3 5 8 9 17 21
T
C 1 4 6 7 8 9 10 12 16 18 19
M 1 S 19 3
M 4 P 19 1 2 3 4 5 6 8 9 10 11 12 14 15 16 17 18 19 21 22
M 5 G 12
M 6 G 12
M 12 S 3 15
M 15 G 1
M 16 P 7 8 9 11 12 18 19 20
M 17 P 14 4 5 6 7 8 11 12 13 15 16 18 19 20 22
M 19 P 21 1 2 3 4 5 6 7 8 9 10 11 12 13 14 15 17 18 19 20 21 22
M 23 S 6 22
M 24 P 4 7 11 15 19
M 25 G 7
M 26 P 9 5 7 12 14 17 18 20 21 22
M 28 P 21 1 2 3 4 5 6 7 8 9 10 11 12 13 14 15 16 18 19 20 21 22
M 30 G 15
M 32 P 8 2 3 9 11 12 13 18 20
M 35 G 15
M 40 P 15 2 3 4 5 6 8 9 10 13 14 15 16 17 19 20
M 41 G 15
M 43 P 10 2 3 6 8 9 15 17 18 19 22
M 45 P 4 1 4 13 20
M 48 P 6 2 8 11 13 15 21
M 49 G 12
M 51 P 13 4 6 7 8 9 10 11 12 14 15 17 19 21
M 53 P 17 3 6 7 8 10 11 12 13 14 15 16 17 18 19 20 21 22
M 61 P 10 1 2 5 8 11 14 15 17 18 19
M 63 P 15 1 2 4 5 6 9 10 11 12 13 14 16 19 21 22
M 68 P 15 1 3 4 5 6 9 10 11 14 16 17 18 19 21 22
M 70 P 14 1 3 5 6 8 10 12 14 16 17 18 19 21 22
M 72 P 15 1 2 4 5 6 7 8 9 10 11 13 16 19 21 22
M 73 G 22
M 81 P 19 1 2 3 4 5 6 7 8 9 10 11 13 14 15 16 19 20 21 22
M 84 P 6 5 7 8 13 17 18
M 86 P 9 2 4 7 9 14 15 16 19 22
M 87 G 16
M 89 G 4
M 90 P 15 1 3 4 5 6 7 8 9 11 12 15 16 17 21 22
T
C 2 3 6 7 9 11 14 16 20 21 22
M 1 S 20 18
M 2 S 21 13
M 3 S 6 15
M 4 P 7 1 5 6 10 18 20 21
M 6 G 11
M 8 G 11
M 9 G 2
M 10 G 7
M 11 P 21 1 2 4 5 6 7 8 9 10 11 12 13 14 15 16 17 18 19 20 21 22
M 12 G 16
M 13 G 15
M 14 G 9
M 15 G 14
M 16 G 11
M 17 P 13 1 3 4 5 6 8 10 11 12 15 16 18 20
M 18 G 18
M 19 G 15
M 20 P 15 1 2 4 5 6 7 8 9 10 12 15 18 20 21 22
M 22 G 16
M 24 P 15 3 4 5 6 7 8 9 10 12 13 15 16 17 19 21
M 25 P 20 1 2 3 4 5 6 7 8 9 10 11 12 13 15 16 18 19 20 21 22
M 26 P 3 4 9 18
M 27 P 10 1 5 6 7 12 14 16 19 21 22
M 28 P 13 1 3 7 9 10 11 12 15 16 17 19 20 22
M 29 G 11
M 30 P 18 1 2 3 7 8 9 10 12 13 14 15 16 17 18 19 20 21 22
M 31 P 15 1 2 3 6 8 9 11 12 14 16 17 18 19 20 21
M 32 P 15 3 4 6 7 8 9 10 12 13 15 17 18 20 21 22
M 33 G 9
M 34 P 22 1 2 3 4 5 6 7 8 9 10 11 12 13 14 15 16 17 18 19 20 21 22
M 36 G 22
M 38 G 22
M 39 G 15
M 41 G 2
M 42 G 22
M 43 G 7
M 45 P 11 2 4 7 9 13 14 15 16 19 20 22
M 46 G 18
M 47 P 7 2 12 13 15 18 20 22
M 49 P 2 9 16
M 50 G 3
M 51 G 18
M 52 G 13
M 53 G 3
M 54 P 11 1 4 5 6 8 9 14 15 20 21 22
M 55 G 14
M 56 P 21 1 2 3 4 5 6 7 8 9 11 12 13 14 15 16 17 18 19 20 21 22
M 57 P 9 2 4 9 11 14 15 17 19 21
M 58 P 8 2 7 8 9 13 18 19 21
M 59 P 18 1 4 5 6 7 8 9 11 13 14 15 16 17 18 19 20 21 22
M 60 P 22 1 2 3 4 5 6 7 8 9 10 11 12 13 14 15 16 17 18 19 20 21 22
M 61 G 9
M 62 G 13
M 63 G 2
M 64 G 2
M 65 P 21 1 2 3 4 5 6 7 8 9 10 11 12 13 14 15 17 18 19 20 21 22
M 67 G 11
M 69 G 14
M 71 P 22 1 2 3 4 5 6 7 8 9 10 11 12 13 14 15 16 17 18 19 20 21 22
M 73 P 17 1 2 3 4 7 8 9 10 12 13 14 15 16 17 18 19 21
M 74 G 16
M 75 P 9 6 7 9 10 13 14 18 20 21
M 76 P 16 1 2 4 5 6 7 9 11 12 14 15 17 19 20 21 22
M 77 P 15 1 2 4 7 9 11 12 13 14 15 16 18 19 20 21
M 78 G 15
M 79 G 9
M 80 G 15
M 81 G 18
M 82 G 7
M 83 P 10 1 6 8 12 13 14 17 18 19 22
M 84 G 16
M 85 P 16 1 2 3 5 7 8 9 11 12 14 15 17 18 19 21 22
M 87 G 3
M 88 P 15 1 2 4 6 7 8 9 11 13 14 17 18 19 20 21
M 89 P 16 1 3 4 5 6 7 8 9 10 12 13 14 15 18 20 22
M 90 P 21 1 2 3 4 5 6 7 8 9 10 11 12 13 14 15 16 17 18 19 20 22
T
C 2 3 4 5 7 13 14 15 17 19 21
M 1 S 14 11
M 4 S 3 9
M 5 P 1 15
M 7 S 21 10
M 8 G 17
M 9 P 20 1 2 3 4 5 6 7 8 9 10 11 13 14 15 16 17 19 20 21 22
M 11 G 5
M 14 G 17
M 19 G 2
M 20 G 10
M 21 G 19
M 23 P 4 8 14 18 20
M 24 G 5
M 27 G 13
M 28 P 10 3 4 5 8 13 14 16 18 21 22
M 29 P 3 1 4 12
M 31 P 7 1 7 8 10 11 14 16
M 32 P 4 10 11 13 15
M 37 G 13
M 38 P 6 6 7 10 18 20 22
M 39 G 11
M 40 G 10
M 41 G 7
M 42 G 17
M 43 P 6 4 6 12 14 17 18
M 45 P 10 1 9 11 12 13 15 16 17 21 22
M 46 G 9
M 49 G 10
M 50 P 14 1 4 5 6 9 10 11 12 13 14 17 18 19 21
M 51 P 22 1 2 3 4 5 6 7 8 9 10 11 12 13 14 15 16 17 18 19 20 21 22
M 52 P 8 2 4 9 10 13 15 16 20
M 54 P 15 2 3 5 8 9 11 12 13 14 15 16 18 19 20 22
M 56 P 22 1 2 3 4 5 6 7 8 9 10 11 12 13 14 15 16 17 18 19 20 21 22
M 58 P 10 3 4 6 8 9 10 11 14 16 22
M 62 P 21 1 2 3 4 5 6 7 8 9 10 11 12 14 15 16 17 18 19 20 21 22
M 64 P 5 1 5 6 15 17
M 67 P 2 2 21
M 68 G 11
M 69 G 17
M 71 G 7
M 72 G 5
M 73 G 4
M 74 P 3 5 11 21
M 75 G 17
M 76 P 11 2 5 6 9 10 15 16 19 20 21 22
M 77 P 1 18
M 78 G 15
M 79 P 19 1 3 4 5 6 7 8 9 10 11 12 13 14 15 16 17 18 19 22
M 80 G 4
M 81 P 11 2 3 4 6 9 12 13 17 18 20 21
M 84 P 19 1 2 3 5 6 7 8 9 10 11 12 13 14 15 17 18 19 21 22
M 85 P 15 2 3 5 6 7 8 10 11 12 13 16 18 20 21 22
M 86 P 4 4 10 17 22
M 87 P 8 2 3 5 9 10 11 14 21
M 89 P 10 2 3 4 6 7 8 9 11 21 22
T
C 2 3 4 13 14 15 16 18 20 21 22
M 4 S 21 5
M 11 S 22 12
M 17 P 20 1 2 3 4 5 6 7 8 9 10 11 12 13 14 15 16 17 18 19 20
M 18 P 2 11 13
M 19 G 5
M 23 P 2 1 8
M 27 P 19 1 2 3 4 6 7 8 9 10 11 12 13 14 15 16 17 18 19 20
M 31 G 2
M 34 G 16
M 35 P 13 3 4 5 6 8 10 12 13 15 18 19 20 21
M 37 G 2
M 40 P 1 12
M 48 G 14
M 52 P 21 1 2 3 4 5 6 7 8 9 10 11 12 13 14 15 16 17 18 20 21 22
M 56 G 14
M 58 G 5
M 59 S 4 9
M 61 G 15
M 62 P 21 2 3 4 5 6 7 8 9 10 11 12 13 14 15 16 17 18 19 20 21 22
M 63 P 9 2 3 4 6 10 16 17 18 21
M 70 G 2
M 88 P 21 1 2 3 4 5 6 7 8 9 10 11 12 13 14 15 16 17 18 19 21 22
T
C 3 5 7 9 10 11 12 14 15 16 21
M 1 G 7
M 3 G 15
M 6 G 7
M 8 P 19 1 2 3 4 5 6 7 8 9 10 11 12 13 15 16 17 18 20 22
M 14 G 16
M 18 P 9 1 2 4 6 9 12 17 19 20
M 27 S 11 20
M 42 P 15 1 3 4 5 6 9 10 12 14 15 16 17 18 19 22
M 45 G 15
M 60 P 19 1 2 4 5 6 7 8 9 10 11 12 13 14 16 17 18 19 20 22
M 64 G 14
M 73 S 9 2
M 74 P 1 3
M 78 G 3
M 79 S 3 17
M 82 P 16 1 3 4 6 7 9 10 11 12 15 16 17 18 19 20 22
M 90 P 5 3 7 8 9 18
T
C 2 4 5 6 9 15 16 17 18 21 22
M 1 P 13 1 2 7 8 11 12 13 15 16 18 19 20 22
M 3 P 15 1 3 4 5 6 7 8 10 13 14 16 17 19 20 22
M 7 P 8 3 5 10 11 12 13 17 22
M 12 G 6
M 14 P 9 1 4 8 9 12 19 20 21 22
M 23 G 22
M 28 P 15 3 4 6 8 9 10 13 14 15 16 17 19 20 21 22
M 30 G 16
M 38 G 21
M 43 G 9
M 47 S 15 8
M 48 S 9 19
M 51 P 7 5 10 11 12 15 16 19
M 59 S 17 7
M 61 P 12 1 2 4 7 8 9 10 15 16 17 18 20
M 65 P 9 2 4 7 11 12 13 16 19 22
M 67 G 22
M 72 P 7 1 3 6 10 15 19 22
M 75 G 18
M 76 G 22
M 80 G 7
M 81 G 21
M 85 P 3 9 12 20
M 86 G 4
T
