40
C 1 2 4 5 10 13 14 15 17 21 22
M 1 P 5 4 9 11 18 20
M 2 S 4 7
M 3 S 14 19
M 4 S 7 8
M 5 G 17
M 6 G 22
M 7 G 21
M 8 G 17
M 9 G 21
M 10 G 22
M 11 G 5
M 12 G 5
M 13 G 8
M 14 P 11 1 2 4 6 8 9 12 14 15 19 21
M 15 P 14 4 5 7 8 9 10 11 12 13 14 17 18 19 21
M 16 G 10
M 17 G 5
M 18 P 17 1 4 5 6 7 8 9 10 11 12 13 14 17 18 20 21 22
M 19 P 10 4 5 6 7 10 11 12 14 15 20
M 21 G 8
M 22 P 10 1 2 3 4 7 12 13 15 21 22
M 23 G 13
M 24 G 13
M 25 P 14 1 3 5 9 10 11 12 13 14 15 16 17 18 22
M 26 P 5 1 7 8 9 10
M 27 P 16 1 2 3 5 7 8 10 11 13 14 15 16 17 20 21 22
M 28 P 21 1 2 3 4 6 7 8 9 10 11 12 13 14 15 16 17 18 19 20 21 22
M 29 G 15
M 30 G 13
M 31 P 13 1 2 4 5 7 8 9 10 13 16 19 20 22
M 32 G 15
M 33 G 1
M 34 P 22 1 2 3 4 5 6 7 8 9 10 11 12 13 14 15 16 17 18 19 20 21 22
M 35 P 7 2 10 14 15 16 17 19
M 36 G 15
M 37 G 1
M 38 G 1
M 39 P 10 3 5 7 13 15 16 17 19 20 21
M 40 P 11 2 4 5 7 8 9 13 16 18 19 22
M 41 P 18 1 2 3 5 6 7 8 9 10 11 13 14 15 17 18 19 21 22
M 42 G 21
M 43 G 2
M 44 P 3 9 16 18
M 45 P 14 1 2 3 4 7 9 11 12 14 16 17 18 20 21
M 46 G 8
M 47 P 13 1 5 7 8 9 10 12 13 14 15 17 19 21
M 48 G 2
M 49 G 22
M 50 P 11 1 2 5 6 8 9 10 12 13 18 19
M 51 G 21
M 52 P 21 1 2 3 4 5 6 7 8 9 10 11 12 13 14 15 16 17 18 20 21 22
M 53 G 22
M 54 P 21 1 2 3 4 5 6 7 8 9 10 11 12 13 14 15 16 17 18 19 20 21
M 55 P 12 1 4 6 7 9 11 12 14 15 18 19 20
M 56 P 2 18 21
M 57 G 15
M 58 G 17
M 59 P 12 1 3 5 6 7 11 13 14 18 20 21 22
M 60 G 10
M 61 P 7 2 3 5 10 11 14 20
M 62 G 13
M 63 G 19
M 64 P 2 4 5
M 65 P 1 5
M 66 P 1 1
M 67 G 8
M 68 P 15 1 2 3 4 5 6 7 8 10 11 13 15 19 20 21
M 69 G 15
M 70 G 13
M 71 P 21 1 2 3 4 5 6 7 8 9 10 11 12 13 14 16 17 18 19 20 21 22
M 72 G 5
M 73 G 15
M 74 P 3 7 13 17
M 75 G 1
M 76 P 4 1 11 18 20
M 77 P 4 3 8 11 20
M 78 P 3 4 10 12
M 79 G 10
M 80 G 21
M 81 P 20 1 2 4 5 6 7 8 9 10 11 12 13 14 15 16 17 18 19 20 21
M 82 G 19
M 83 P 3 4 6 22
M 84 P 7 6 7 10 17 20 21 22
M 85 G 2
M 86 G 2
M 87 P 13 3 7 9 10 11 12 13 14 15 18 19 20 21
M 88 P 13 5 7 8 9 10 12 13 14 15 16 18 19 20
M 89 P 6 12 15 17 19 21 22
T
C 1 5 7 8 10 12 13 14 16 19 22
M 2 G 13
M 3 S 5 4
M 4 S 14 15
M 5 P 8 4 5 8 9 12 13 15 21
M 11 P 22 1 2 3 4 5 6 7 8 9 10 11 12 13 14 15 16 17 18 19 20 21 22
M 12 G 19
M 14 P 15 1 4 5 6 8 10 11 13 14 15 16 17 20 21 22
M 16 S 13 11
M 20 P 22 1 2 3 4 5 6 7 8 9 10 11 12 13 14 15 16 17 18 19 20 21 22
M 21 G 11
M 25 P 7 1 7 10 13 14 16 18
M 27 P 3 5 7 9
M 28 G 7
M 32 P 11 3 5 7 8 9 10 14 16 18 19 22
M 33 G 16
M 35 G 12
M 37 P 1 20
M 39 P 3 11 13 20
M 40 G 10
M 43 G 12
M 44 G 15
M 45 G 15
M 46 P 12 3 5 7 8 9 11 12 13 15 16 17 22
M 47 P 8 2 3 4 5 8 14 19 21
M 49 P 2 1 16
M 50 P 8 2 3 9 10 13 14 19 21
M 51 G 4
M 52 P 10 1 4 6 8 10 16 17 18 19 22
M 53 P 21 1 2 3 4 5 6 8 9 10 11 12 13 14 15 16 17 18 19 20 21 22
M 56 P 13 2 5 6 10 11 12 13 16 17 19 20 21 22
M 57 G 10
M 60 P 6 2 6 14 18 19 21
M 61 P 4 4 5 6 14
M 64 G 15
M 65 P 1 14
M 69 P 16 1 3 4 6 7 8 9 10 11 12 14 15 16 18 19 21
M 70 G 7
M 71 G 10
M 73 P 12 2 3 4 5 6 11 13 14 15 17 18 21
M 74 G 1
M 77 G 10
M 78 P 9 4 8 9 11 12 13 15 18 19
M 85 G 22
M 86 P 21 1 2 3 4 5 6 7 8 9 10 11 12 13 14 15 17 18 19 20 21 22
M 88 G 16
T
C 1 2 5 10 12 13 14 15 16 20 22
M 11 G 2
M 12 P 6 6 11 12 16 17 19
M 13 S 15 4
M 17 G 12
M 19 S 16 18
M 23 G 2
M 25 S 10 8
M 30 P 12 2 3 4 5 8 10 11 13 14 17 18 21
M 37 G 18
M 46 P 1 15
M 51 P 14 3 5 6 7 8 10 11 14 16 17 18 19 20 21
M 54 P 15 1 2 3 4 5 7 8 12 13 14 16 17 19 21 22
M 57 P 6 2 3 9 14 15 22
M 58 P 20 1 2 3 4 5 6 7 8 9 10 11 12 13 14 15 17 18 19 21 22
M 63 P 16 1 2 4 5 6 7 9 12 13 15 16 17 19 20 21 22
M 65 G 13
M 74 G 20
M 75 P 6 5 9 11 13 17 21
M 80 P 11 3 4 5 9 11 12 15 17 18 21 22
M 84 G 22
M 85 P 13 2 3 6 7 8 9 11 14 15 17 18 19 21
M 88 G 13
M 90 P 3 9 10 11
T
C 1 2 9 10 12 13 15 17 20 21 22
M 6 P 2 8 12
M 80 P 13 2 4 5 8 10 11 12 13 15 16 19 20 22
M 85 S 1 11
M 90 P 12 2 4 6 7 8 9 10 11 12 15 16 22
T
C 2 4 5 7 9 10 13 15 16 18 20
M 1 P 5 5 8 9 17 20
M 2 S 20 1
M 3 P 21 2 3 4 5 6 7 8 9 10 11 12 13 14 15 16 17 18 19 20 21 22
M 4 G 16
M 5 P 16 1 2 3 4 6 7 8 9 10 11 12 14 17 19 20 22
M 6 G 10
M 7 P 1 9
M 8 G 4
M 9 G 4
M 10 G 16
M 13 G 10
M 17 G 1
M 18 P 7 4 8 9 11 16 18 22
M 19 S 13 8
M 20 S 10 11
M 27 G 16
M 28 G 9
M 29 G 8
M 30 G 2
M 31 G 7
M 33 P 18 1 2 3 5 6 7 8 9 10 11 12 13 14 15 16 18 19 21
M 35 G 18
M 36 P 3 9 10 13
M 37 P 2 9 13
M 39 G 11
M 40 P 21 1 2 3 4 5 6 7 8 9 10 11 12 13 14 15 16 17 18 20 21 22
M 41 P 20 1 2 3 4 5 6 8 9 10 11 12 13 15 16 17 18 19 20 21 22
M 42 G 15
M 43 P 4 2 4 7 12
M 44 P 6 3 4 5 8 17 18
M 45 P 2 16 18
M 46 G 8
M 47 P 5 5 8 9 13 14
M 48 G 1
M 50 P 18 1 2 3 4 5 6 7 8 9 10 11 12 13 15 16 17 19 21
M 51 G 9
M 52 G 16
M 53 P 20 1 3 5 6 7 8 9 10 11 12 13 14 15 16 17 18 19 20 21 22
M 54 P 9 1 2 3 4 9 13 15 20 22
M 55 P 20 1 2 4 5 6 7 9 10 11 12 13 14 15 16 17 18 19 20 21 22
M 57 P 17 1 2 4 5 6 7 9 10 11 14 16 17 18 19 20 21 22
M 59 G 1
M 60 G 9
M 63 G 8
M 64 P 21 1 2 3 4 5 6 7 8 9 10 11 12 13 14 15 16 17 18 19 21 22
M 65 P 8 1 2 3 6 7 10 14 18
M 67 G 11
M 68 G 7
M 69 G 9
M 70 P 4 4 5 6 8
M 72 G 7
M 73 P 20 1 2 3 4 7 8 9 10 11 12 13 14 15 16 17 18 19 20 21 22
M 74 P 17 1 2 3 4 7 8 9 10 11 12 15 16 17 18 19 20 22
M 75 G 1
M 76 P 22 1 2 3 4 5 6 7 8 9 10 11 12 13 14 15 16 17 18 19 20 21 22
M 77 G 15
M 78 G 1
M 79 G 11
M 80 G 4
M 82 G 7
M 83 P 7 2 4 9 14 19 20 21
M 84 G 15
M 89 P 17 2 3 4 6 8 9 10 11 13 14 15 16 17 18 20 21 22
M 90 P 4 6 8 13 19
T
C 2 3 6 9 10 11 13 15 17 18 20
M 10 G 13
M 12 P 13 4 5 6 7 10 11 12 13 14 15 18 21 22
M 25 G 13
M 42 G 10
M 80 S 10 4
M 84 S 15 1
M 86 G 9
T
C 1 5 8 9 10 13 14 15 18 20 21
M 1 P 21 1 2 3 4 5 6 7 8 9 10 11 12 13 14 15 16 17 18 19 20 21
M 3 S 9 17
M 6 G 21
M 7 S 8 4
M 10 G 21
M 11 S 14 6
M 12 P 9 5 7 12 13 14 16 18 19 22
M 13 P 18 1 2 3 4 5 6 7 8 9 10 14 15 16 17 18 19 20 21
M 14 P 21 1 2 3 4 5 6 7 8 9 10 11 12 13 14 15 16 18 19 20 21 22
M 15 P 17 1 2 3 4 6 7 8 10 12 13 15 16 17 18 19 20 21
M 16 G 15
M 17 G 18
M 18 G 13
M 19 P 2 12 21
M 20 G 5
M 21 P 1 8
M 23 P 1 14
M 24 P 5 7 9 15 17 18
M 26 P 6 1 4 8 12 13 19
M 27 G 20
M 28 P 7 2 6 9 12 13 17 21
M 29 G 13
M 30 G 15
M 31 G 17
M 32 P 12 1 2 4 5 6 8 9 12 14 16 17 20
M 33 P 10 3 4 8 9 14 17 18 20 21 22
M 35 G 4
M 36 G 13
M 37 P 3 1 7 10
M 39 G 15
M 41 G 21
M 43 G 17
M 44 G 1
M 46 G 20
M 49 G 10
M 50 P 21 1 2 3 4 5 6 7 8 9 10 11 12 13 14 15 16 18 19 20 21 22
M 51 P 2 3 21
M 52 G 10
M 53 P 14 4 5 6 10 11 12 13 14 15 16 17 18 19 20
M 54 P 4 5 10 13 14
M 56 P 1 5
M 57 P 19 2 3 4 6 7 8 9 10 12 13 14 15 16 17 18 19 20 21 22
M 58 G 4
M 59 G 18
M 61 G 10
M 62 G 1
M 63 G 1
M 64 P 16 2 3 5 7 9 10 11 12 13 14 15 16 17 20 21 22
M 66 G 1
M 67 P 3 9 16 22
M 68 G 20
M 69 P 7 3 4 6 11 12 17 18
M 70 G 20
M 71 P 16 1 2 3 4 6 7 11 12 14 15 16 17 18 19 20 22
M 74 P 7 1 2 7 8 11 15 20
M 76 G 21
M 77 G 4
M 80 G 5
M 82 G 20
M 83 G 1
M 84 P 10 1 2 8 12 13 17 18 20 21 22
M 85 P 6 1 5 8 9 17 20
M 86 P 7 1 3 9 13 15 17 22
M 87 P 8 2 6 10 11 14 17 18 21
M 88 P 15 1 2 5 6 7 8 9 10 12 14 16 17 18 21 22
M 89 P 10 1 2 5 12 13 14 15 17 19 21
M 90 P 15 1 2 3 4 5 7 9 10 11 12 16 18 19 21 22
T
C 1 2 5 7 11 16 17 18 19 20 21
M 4 S 1 9
M 12 P 6 1 6 9 11 17 20
M 23 G 9
M 26 G 18
M 34 G 9
M 43 S 20 22
M 51 S 2 10
M 59 P 14 3 4 7 9 10 14 15 16 17 18 19 20 21 22
M 67 G 11
M 73 P 22 1 2 3 4 5 6 7 8 9 10 11 12 13 14 15 16 17 18 19 20 21 22
M 79 G 10
M 86 G 17
M 90 P 18 1 2 3 4 5 7 8 10 11 12 13 14 15 16 17 18 20 22
T
C 2 7 9 10 11 13 14 15 16 17 20
M 6 S 7 3
M 7 G 13
M 9 P 2 3 14
M 11 G 15
M 18 S 17 21
M 19 P 21 1 2 3 4 5 6 7 8 9 10 11 12 14 15 16 17 18 19 20 21 22
M 20 S 14 1
M 21 P 20 1 2 3 4 5 6 7 9 10 11 12 13 14 15 16 17 19 20 21 22
M 25 G 2
M 28 P 17 1 2 3 6 7 10 11 12 13 14 15 16 17 18 19 20 22
M 33 G 16
M 38 G 10
M 40 G 1
M 45 P 19 1 2 4 5 6 8 9 10 11 12 13 14 15 17 18 19 20 21 22
M 46 P 14 2 5 7 8 9 11 13 15 17 18 19 20 21 22
M 47 G 2
M 48 G 13
M 50 P 22 1 2 3 4 5 6 7 8 9 10 11 12 13 14 15 16 17 18 19 20 21 22
M 53 P 19 1 2 3 4 5 7 8 10 11 12 13 14 15 16 17 18 20 21 22
M 54 G 10
M 57 P 7 1 2 7 10 11 19 20
M 58 G 3
M 65 P 5 12 14 15 18 19
M 70 P 13 2 3 7 10 12 14 15 16 17 19 20 21 22
M 72 G 10
M 74 P 18 1 2 4 5 7 8 10 11 12 13 14 15 16 18 19 20 21 22
M 76 P 12 2 3 5 6 7 9 10 11 12 18 19 21
M 82 P 13 1 2 4 5 6 8 9 10 11 12 16 20 21
M 83 P 5 1 6 13 19 20
M 84 G 16
M 85 G 10
M 89 P 14 1 2 3 4 6 7 8 12 13 15 16 20 21 22
M 90 P 8 5 7 8 10 11 12 14 20
T
C 2 3 6 8 11 12 13 16 18 19 22
M 1 P 1 6
M 2 S 3 9
M 4 S 13 7
M 5 S 6 17
M 6 P 11 1 4 6 8 10 12 13 14 15 17 22
M 7 G 8
M 8 G 17
M 9 G 12
M 10 G 22
M 12 G 19
M 14 G 11
M 15 G 9
M 16 G 12
M 17 G 22
M 18 P 11 2 3 4 5 8 12 14 16 18 21 22
M 19 G 8
M 20 P 19 1 3 4 5 6 7 8 9 10 11 12 14 15 16 17 18 19 20 21
M 22 G 19
M 23 G 16
M 24 G 8
M 25 P 18 2 3 4 5 6 7 8 9 12 13 14 16 17 18 19 20 21 22
M 26 G 7
M 27 P 7 2 3 4 9 10 11 13
M 29 G 7
M 30 P 7 4 9 11 12 14 16 21
M 31 G 2
M 32 P 4 6 13 19 22
M 33 P 12 3 4 6 8 9 10 11 12 14 19 21 22
M 34 G 19
M 35 P 3 4 10 18
M 36 P 16 1 3 4 5 6 9 10 12 13 14 15 16 17 18 20 21
M 37 P 10 1 4 5 7 9 10 12 13 19 22
M 38 G 16
M 39 G 18
M 40 P 22 1 2 3 4 5 6 7 8 9 10 11 12 13 14 15 16 17 18 19 20 21 22
M 41 G 18
M 42 G 16
M 43 P 20 1 2 3 4 5 6 7 8 9 10 11 12 14 15 16 17 18 19 21 22
M 45 G 18
M 46 P 15 1 2 5 6 8 9 10 12 13 14 16 18 19 21 22
M 47 G 12
M 48 G 17
M 49 P 1 2
M 50 P 14 1 5 7 9 12 13 14 15 17 18 19 20 21 22
M 51 P 11 2 3 5 8 9 10 12 13 14 16 19
M 52 P 12 3 4 5 6 7 9 10 13 14 17 20 21
M 53 P 7 1 2 4 6 7 8 10
M 54 G 12
M 55 P 3 3 13 15
M 56 G 7
M 57 G 2
M 58 P 13 2 3 4 5 6 7 9 12 15 16 18 21 22
M 59 P 9 3 5 6 13 14 16 19 21 22
M 60 G 22
M 62 P 13 1 2 4 5 6 7 8 10 11 13 20 21 22
M 63 G 8
M 64 G 2
M 65 G 7
M 66 G 19
M 67 G 16
M 68 G 12
M 69 G 18
M 70 G 18
M 72 P 18 3 5 6 7 8 9 10 11 12 13 14 15 16 17 18 19 20 22
M 73 G 2
M 74 G 16
M 75 P 10 1 2 4 11 14 15 16 17 21 22
M 76 P 4 9 10 20 22
M 77 G 22
M 78 G 19
M 79 P 15 1 3 4 6 10 11 12 13 14 15 16 18 19 20 21
M 80 P 10 1 3 5 8 11 13 16 20 21 22
M 81 G 17
M 82 G 18
M 85 G 19
M 86 P 8 1 2 7 8 12 13 14 21
M 87 P 16 2 3 5 7 8 11 12 13 14 15 17 18 19 20 21 22
M 88 P 16 1 3 4 5 8 9 11 12 13 14 15 17 19 20 21 22
M 89 G 17
T
C 1 2 4 6 7 8 10 13 15 17 18
M 1 S 13 11
M 2 S 2 16
M 6 S 15 5
M 10 P 3 6 12 19
M 12 P 15 1 2 3 9 10 12 13 14 15 16 17 18 20 21 22
M 18 P 14 2 3 7 8 9 10 11 13 15 17 18 19 21 22
M 19 G 11
M 20 G 4
M 26 P 9 2 5 6 7 14 19 20 21 22
M 30 G 10
M 33 P 4 4 5 7 16
M 35 G 7
M 39 G 16
M 43 P 15 1 2 3 4 5 7 8 9 11 13 14 16 18 20 21
M 46 G 11
M 51 G 7
M 52 G 7
M 56 G 16
M 59 G 4
M 60 P 22 1 2 3 4 5 6 7 8 9 10 11 12 13 14 15 16 17 18 19 20 21 22
M 72 G 4
M 81 G 1
M 82 P 20 1 2 3 4 5 6 7 8 9 10 11 12 13 14 15 16 17 18 19 21
T
C 1 2 6 7 9 10 15 17 18 21 22
M 1 G 10
M 2 S 17 16
M 3 P 6 4 5 11 13 14 15
M 4 G 1
M 5 P 18 1 3 5 6 7 8 9 10 11 12 13 15 16 17 18 19 20 21
M 6 P 20 1 2 3 4 5 6 7 8 9 10 11 13 15 16 17 18 19 20 21 22
M 7 G 7
M 9 S 1 20
M 10 G 18
M 11 P 11 1 5 7 8 9 10 13 15 17 19 22
M 12 S 21 12
M 13 P 21 1 2 3 4 5 6 8 9 10 11 12 13 14 15 16 17 18 19 20 21 22
M 14 G 7
M 15 G 9
M 16 P 13 1 3 5 6 8 10 12 14 15 16 19 20 21
M 17 G 15
M 18 G 16
M 19 P 2 12 16
M 20 G 20
M 22 P 15 5 6 7 8 9 10 11 12 13 14 16 17 18 20 21
M 23 P 8 1 2 3 9 12 14 16 20
M 24 G 6
M 25 G 6
M 26 G 15
M 27 P 10 2 4 7 8 9 11 13 15 17 21
M 28 G 6
M 30 P 1 8
M 31 G 18
M 32 G 6
M 33 G 10
M 34 G 12
M 35 P 8 2 4 7 14 15 16 18 19
M 37 P 6 1 2 3 6 19 22
M 38 P 2 14 21
M 39 G 6
M 40 G 22
M 41 G 6
M 42 G 9
M 43 G 16
M 44 G 22
M 45 P 9 2 3 7 10 11 15 16 20 22
M 46 G 15
M 47 G 10
M 48 P 7 6 7 9 12 13 14 22
M 50 P 6 2 5 11 14 18 19
M 51 G 22
M 52 G 9
M 53 G 2
M 54 P 9 2 4 6 7 8 12 16 19 22
M 55 G 18
M 56 P 10 5 7 9 10 12 13 15 19 21 22
M 57 P 9 1 4 13 14 17 19 20 21 22
M 58 P 16 1 2 4 5 7 9 10 11 12 14 15 18 19 20 21 22
M 59 P 2 19 22
M 60 P 11 6 7 10 11 12 13 15 18 19 20 21
M 61 P 21 1 2 3 4 5 6 7 8 9 10 11 12 13 14 15 16 18 19 20 21 22
M 62 P 12 2 5 7 9 11 12 14 16 18 19 21 22
M 63 P 16 2 4 5 6 7 9 10 11 12 13 15 16 18 19 20 22
M 64 P 1 16
M 65 P 6 1 8 13 17 19 21
M 66 P 18 1 2 3 5 7 8 9 10 11 14 15 16 17 18 19 20 21 22
M 67 G 12
M 68 G 7
M 69 P 8 2 3 13 14 16 18 19 21
M 70 P 2 11 17
M 71 G 18
M 72 G 18
M 73 G 9
M 75 G 7
M 76 G 20
M 77 P 14 1 2 3 5 8 9 10 12 13 14 15 16 18 22
M 78 P 2 8 10
M 79 P 11 2 4 9 10 11 15 17 19 20 21 22
M 80 G 2
M 81 G 18
M 82 P 18 1 2 3 4 5 7 8 9 10 11 12 13 14 18 19 20 21 22
M 83 P 10 5 7 8 9 10 12 13 15 16 20
M 84 G 20
M 85 P 6 4 7 9 11 20 22
M 86 G 6
M 87 P 3 4 12 17
M 89 G 18
M 90 P 20 1 2 3 4 5 6 7 8 9 11 12 13 14 15 16 17 18 20 21 22
T
C 7 8 10 12 14 15 16 17 19 20 22
M 1 P 13 1 2 3 6 7 8 9 12 14 17 19 21 22
M 2 S 7 9
M 3 S 19 18
M 5 S 20 13
M 6 G 13
M 8 P 22 1 2 3 4 5 6 7 8 9 10 11 12 13 14 15 16 17 18 19 20 21 22
M 9 P 11 1 2 4 5 9 10 13 14 17 20 22
M 10 P 7 4 6 7 10 12 13 20
M 12 P 5 2 6 10 13 19
M 13 G 12
M 14 P 9 1 3 5 6 10 11 13 19 22
M 15 G 13
M 17 G 12
M 20 P 13 1 3 4 5 8 10 11 13 15 16 19 20 21
M 21 P 16 1 4 5 6 7 8 9 10 11 14 16 17 19 20 21 22
M 22 P 6 7 8 11 16 17 20
M 23 P 15 2 3 4 6 8 9 10 11 13 14 16 17 20 21 22
M 24 G 22
M 25 G 10
M 26 G 10
M 28 P 21 1 2 3 4 5 6 7 8 9 10 11 12 13 14 15 16 17 18 19 20 21
M 29 G 16
M 30 G 12
M 31 G 22
M 32 P 14 3 4 5 6 8 9 10 11 15 18 19 20 21 22
M 33 P 17 2 3 5 6 7 8 9 11 12 13 14 15 17 19 20 21 22
M 34 P 18 1 2 3 4 8 9 10 11 12 13 14 15 17 18 19 20 21 22
M 35 G 9
M 36 P 4 7 17 19 21
M 38 G 12
M 39 P 2 5 7
M 42 G 13
M 43 G 18
M 44 P 13 3 4 6 7 9 10 11 12 14 15 18 19 20
M 45 P 2 15 17
M 46 P 13 3 4 5 8 10 11 13 14 15 19 20 21 22
M 47 G 15
M 49 G 13
M 50 P 19 1 2 3 4 5 6 7 8 9 10 11 12 14 15 16 17 20 21 22
M 51 G 17
M 53 G 8
M 54 G 17
M 57 P 6 4 8 11 12 14 19
M 58 P 6 2 7 8 11 17 22
M 59 P 13 1 2 3 4 6 8 9 11 12 15 16 21 22
M 63 P 12 1 2 4 6 7 8 9 11 13 15 17 21
M 65 P 7 6 10 11 13 15 19 22
M 66 P 9 2 3 10 12 15 17 18 20 21
M 67 G 13
M 70 G 17
M 71 G 14
M 72 P 7 4 5 7 9 10 14 16
M 74 G 13
M 75 G 18
M 76 P 2 11 20
M 77 G 16
M 78 G 22
M 80 P 10 1 4 5 9 11 13 14 18 19 22
M 81 G 10
M 82 P 9 1 2 6 7 8 12 15 17 22
M 83 G 10
M 84 P 20 1 2 3 4 5 7 8 9 10 11 12 13 15 16 17 18 19 20 21 22
M 85 G 12
M 86 G 8
M 87 G 8
M 88 G 13
T
C 1 4 6 7 8 10 12 13 15 20 21
M 4 P 7 6 7 12 15 17 20 21
M 7 S 20 19
M 19 S 6 2
M 21 P 19 1 2 3 4 5 6 7 9 10 11 12 13 14 15 18 19 20 21 22
M 23 P 17 2 3 4 5 6 10 11 12 13 15 16 17 18 19 20 21 22
M 25 P 19 1 2 4 6 7 8 9 10 11 12 13 14 15 16 17 18 19 20 22
M 34 P 11 2 3 4 6 7 11 14 15 16 18 21
M 42 G 1
M 43 P 13 1 3 4 5 6 8 9 13 14 17 20 21 22
M 44 G 4
M 45 P 7 1 2 7 12 18 21 22
M 46 G 8
M 50 S 10 16
M 51 P 9 2 4 5 6 8 9 11 15 19
M 52 P 8 1 2 7 12 14 15 16 18
M 53 P 1 22
M 55 P 5 4 5 11 12 22
M 58 P 22 1 2 3 4 5 6 7 8 9 10 11 12 13 14 15 16 17 18 19 20 21 22
M 62 P 6 2 4 8 9 13 17
M 66 P 17 1 3 4 5 6 7 8 9 12 14 15 17 18 19 20 21 22
M 71 P 13 4 5 6 8 11 12 14 15 17 19 20 21 22
M 72 G 8
M 74 G 1
M 77 G 4
M 80 G 8
M 81 P 15 1 2 6 7 8 9 10 11 12 14 15 16 18 19 21
M 82 G 13
M 85 G 12
M 88 P 7 1 6 8 11 18 20 21
M 89 G 21
T
C 2 3 4 6 9 10 12 14 20 21 22
M 1 S 2 19
M 2 S 6 11
M 3 P 11 1 2 4 5 8 9 10 11 13 15 21
M 4 P 14 3 6 7 8 9 10 13 14 15 16 17 18 20 22
M 5 P 1 11
M 6 P 16 1 2 3 5 6 8 10 12 13 14 15 16 17 19 20 21
M 7 S 14 8
M 8 G 19
M 9 P 6 1 5 6 9 16 19
M 10 G 21
M 12 G 10
M 13 G 8
M 14 P 10 1 2 5 6 7 9 14 15 18 20
M 17 P 10 1 2 3 7 9 10 14 15 20 22
M 18 G 4
M 19 G 19
M 20 G 4
M 21 P 15 1 2 5 10 12 13 14 15 16 17 18 19 20 21 22
M 22 P 2 7 10
M 23 G 22
M 24 P 17 1 3 4 5 6 8 10 11 12 13 14 16 18 19 20 21 22
M 25 G 12
M 26 G 11
M 28 G 4
M 29 G 11
M 30 P 10 1 3 5 9 10 11 15 16 17 19
M 31 P 18 1 3 4 6 7 8 9 10 12 13 14 15 16 17 18 19 21 22
M 32 G 11
M 33 G 21
M 34 G 11
M 35 G 12
M 37 P 4 7 10 14 21
M 38 G 11
M 39 P 22 1 2 3 4 5 6 7 8 9 10 11 12 13 14 15 16 17 18 19 20 21 22
M 40 G 3
M 41 P 2 2 15
M 42 P 8 5 6 7 8 11 13 16 17
M 43 P 11 2 4 8 9 10 11 12 17 18 20 22
M 44 P 6 6 8 10 11 18 22
M 45 P 16 2 6 7 9 10 11 12 13 14 15 16 18 19 20 21 22
M 46 P 16 1 2 4 5 6 7 8 12 13 14 15 16 17 18 20 21
M 47 G 11
M 48 P 14 1 2 3 6 7 8 9 13 15 16 18 19 20 22
M 49 P 2 1 4
M 51 G 21
M 52 P 7 1 4 6 8 9 16 17
M 53 G 20
M 54 G 21
M 55 G 9
M 56 G 19
M 58 G 11
M 59 P 15 2 4 5 6 8 9 10 11 12 13 15 16 17 18 20
M 60 P 20 1 2 3 4 5 6 8 9 10 12 13 14 15 16 17 18 19 20 21 22
M 61 G 20
M 62 G 21
M 63 G 8
M 64 P 12 2 3 4 5 9 10 11 16 17 18 19 22
M 65 G 19
M 66 G 8
M 67 G 8
M 68 P 2 4 17
M 69 P 11 1 3 4 6 8 12 13 15 18 20 22
M 70 G 3
M 71 P 13 1 2 4 6 10 11 14 15 16 17 18 19 22
M 73 G 4
M 75 P 7 2 7 8 14 17 18 21
M 76 G 19
M 77 G 12
M 78 P 16 1 2 3 4 6 7 9 10 12 13 14 15 18 19 20 21
M 79 G 21
M 80 P 8 4 5 6 8 9 19 20 21
M 81 G 20
M 82 G 19
M 83 P 9 1 4 6 9 10 12 15 18 20
M 84 P 4 8 9 15 18
M 85 G 21
M 86 P 21 1 2 3 4 5 6 7 8 9 11 12 13 14 15 16 17 18 19 20 21 22
M 87 P 13 1 3 4 8 9 10 11 12 15 16 17 19 20
M 88 G 21
M 89 P 5 2 5 11 12 14
T
C 4 5 6 10 15 16 18 19 20 21 22
M 1 P 17 1 3 4 5 6 7 8 9 11 12 14 15 17 18 19 20 21
M 3 S 5 13
M 4 G 21
M 5 P 6 1 2 3 6 12 21
M 6 S 19 9
M 7 G 6
M 8 P 10 2 5 6 7 13 14 16 17 19 20
M 9 S 10 12
M 10 P 5 6 16 18 19 21
M 11 G 9
M 12 G 16
M 13 P 15 1 2 3 4 6 7 8 9 11 12 13 16 17 18 19
M 15 P 6 6 11 12 13 15 17
M 16 G 21
M 17 P 18 1 2 3 4 5 6 7 8 9 10 11 12 13 14 16 18 20 22
M 18 P 8 4 6 10 13 15 16 18 22
M 19 P 8 2 3 5 6 8 12 13 16
M 20 P 11 1 5 6 10 11 13 15 16 18 19 20
M 22 G 12
M 23 P 18 1 2 4 6 8 10 11 12 13 14 15 16 17 18 19 20 21 22
M 24 G 6
M 26 P 18 1 3 4 5 6 7 8 10 11 13 15 16 17 18 19 20 21 22
M 29 P 12 1 5 7 9 10 12 13 14 16 17 19 21
M 30 G 22
M 31 G 22
M 32 G 21
M 33 P 7 3 8 9 11 13 15 21
M 34 G 16
M 35 G 13
M 36 G 20
M 37 G 15
M 38 P 8 4 5 7 8 9 11 12 17
M 39 G 6
M 40 P 10 3 4 5 8 11 12 13 15 18 22
M 42 G 20
M 43 G 20
M 44 G 18
M 45 P 6 1 8 12 15 17 19
M 46 P 2 5 22
M 48 P 3 15 18 19
M 49 P 19 1 2 3 5 6 7 8 9 10 12 13 14 15 16 17 18 20 21 22
M 51 G 22
M 52 G 18
M 53 P 12 1 3 4 5 8 10 12 14 15 18 21 22
M 54 G 16
M 56 G 6
M 57 G 20
M 59 P 21 1 2 3 4 5 6 7 8 9 10 11 12 14 15 16 17 18 19 20 21 22
M 60 P 7 5 9 11 14 17 21 22
M 61 G 21
M 62 P 8 2 6 9 11 12 14 18 19
M 66 G 18
M 67 G 22
M 68 G 13
M 69 G 12
M 70 G 20
M 71 G 9
M 72 P 17 1 3 4 5 6 7 8 9 10 11 13 14 15 17 20 21 22
M 73 G 22
M 74 G 9
M 75 P 15 1 2 3 4 5 7 8 9 12 13 16 17 18 19 20
M 76 G 18
M 77 P 21 1 2 3 4 5 6 7 8 9 11 12 13 14 15 16 17 18 19 20 21 22
M 78 P 10 1 3 5 9 10 11 13 14 18 19
M 79 G 22
M 80 P 22 1 2 3 4 5 6 7 8 9 10 11 12 13 14 15 16 17 18 19 20 21 22
M 81 G 22
M 82 P 9 2 4 7 10 12 13 16 17 20
M 83 G 21
M 85 P 7 2 5 9 10 12 21 22
M 86 G 15
M 87 P 5 3 11 14 17 22
T
C 1 2 5 6 12 13 15 19 20 21 22
M 3 P 13 4 5 7 8 9 12 13 14 15 16 19 21 22
M 5 P 18 1 2 4 5 6 7 8 10 11 12 13 14 15 16 18 19 21 22
M 7 P 17 1 2 3 4 5 6 9 10 11 13 15 17 18 19 20 21 22
M 9 G 20
M 11 P 21 2 3 4 5 6 7 8 9 10 11 12 13 14 15 16 17 18 19 20 21 22
M 17 S 19 3
M 21 S 3 11
M 24 P 5 5 10 12 17 22
M 25 G 5
M 26 P 6 1 3 10 11 17 19
M 30 S 20 8
M 32 P 20 1 2 3 4 5 6 7 8 10 11 12 13 14 15 17 18 19 20 21 22
M 38 P 20 1 2 3 4 5 6 8 9 10 11 12 13 14 15 17 18 19 20 21 22
M 45 G 1
M 47 G 21
M 52 G 6
M 54 G 12
M 62 G 12
M 63 P 17 3 4 5 7 9 10 11 13 14 15 16 17 18 19 20 21 22
M 65 G 22
M 66 P 9 1 4 5 6 7 8 14 16 19
M 69 P 12 2 3 5 7 9 10 12 15 16 17 18 19
M 72 P 17 2 3 4 5 6 7 9 10 11 12 13 16 18 19 20 21 22
M 74 P 20 1 2 3 4 6 7 8 9 10 11 12 13 14 15 17 18 19 20 21 22
M 78 P 4 12 16 20 21
M 80 P 4 8 10 16 21
M 83 G 6
M 84 P 18 1 3 4 6 8 9 10 12 13 14 15 16 17 18 19 20 21 22
M 86 G 8
M 87 G 15
T
C 1 3 5 6 8 11 14 15 17 20 22
M 5 S 5 19
M 6 P 8 4 5 7 11 13 17 18 21
M 7 S 8 13
M 8 G 20
M 9 P 20 1 3 4 5 6 7 9 10 11 12 13 14 15 16 17 18 19 20 21 22
M 16 S 6 16
M 21 G 22
M 22 P 15 1 3 4 5 8 10 12 13 14 15 16 17 18 20 22
M 23 P 20 1 2 3 4 5 6 7 8 9 10 13 14 15 16 17 18 19 20 21 22
M 25 P 3 4 6 19
M 28 P 15 1 2 4 5 6 7 8 11 12 13 14 15 18 19 22
M 29 G 15
M 32 P 10 1 3 6 8 9 10 14 19 20 22
M 36 P 6 3 7 9 12 16 17
M 39 P 8 3 4 13 15 16 17 19 21
M 42 G 15
M 43 P 11 1 2 4 5 7 9 11 13 15 19 20
M 44 G 3
M 46 P 3 8 15 21
M 47 P 20 1 2 4 5 6 7 8 9 10 11 12 13 14 15 17 18 19 20 21 22
M 48 G 14
M 51 G 20
M 53 G 3
M 55 P 16 1 2 3 4 5 6 7 8 9 14 15 16 17 19 20 22
M 56 P 19 1 2 4 5 6 8 9 11 12 13 14 15 16 17 18 19 20 21 22
M 57 G 3
M 58 P 9 5 6 8 11 14 15 19 21 22
M 60 P 21 1 2 3 4 5 6 7 8 9 10 11 12 14 15 16 17 18 19 20 21 22
M 61 P 8 2 4 6 7 9 11 16 17
M 62 P 4 6 9 15 22
M 66 G 11
M 69 G 15
M 70 P 13 3 4 5 6 7 8 9 11 13 14 17 18 22
M 72 P 11 2 3 7 9 14 16 17 18 19 20 22
M 73 P 5 2 6 8 14 21
M 75 G 14
M 79 G 22
M 80 G 3
M 81 G 19
M 82 G 17
M 83 P 16 1 2 3 5 6 7 8 9 10 11 13 16 19 20 21 22
M 85 P 20 1 2 3 4 5 6 7 8 9 11 12 13 14 15 16 17 18 20 21 22
M 88 P 7 1 9 10 13 14 15 21
M 89 P 17 1 3 4 6 7 8 9 10 12 13 14 15 18 19 20 21 22
T
C 1 4 7 8 11 13 14 16 17 21 22
M 1 S 16 15
M 2 S 17 18
M 4 P 16 2 3 5 6 8 9 10 11 12 13 14 15 16 17 19 22
M 5 P 2 7 19
M 11 P 5 7 8 11 13 16
M 13 P 19 1 3 4 5 6 7 8 9 10 11 12 14 16 17 18 19 20 21 22
M 15 G 15
M 21 P 2 6 22
M 22 P 1 18
M 23 S 21 2
M 24 G 2
M 26 G 8
M 27 P 9 1 2 4 5 6 7 15 16 21
M 28 G 18
M 29 G 7
M 31 G 14
M 32 G 7
M 40 G 14
M 41 G 8
M 44 G 14
M 53 P 14 1 2 7 8 9 11 12 13 14 17 19 20 21 22
M 54 P 10 3 7 9 10 11 12 16 17 18 20
M 59 G 1
M 60 G 13
M 62 P 18 1 2 3 5 6 8 9 10 11 12 14 15 16 17 18 19 20 21
M 69 P 11 1 2 6 7 8 9 10 12 13 17 18
M 71 P 6 5 7 9 17 21 22
M 76 P 4 7 14 16 20
M 77 G 11
M 79 P 1 12
M 81 G 2
M 83 P 11 1 4 5 10 11 12 13 14 15 20 22
M 84 G 7
M 90 P 16 2 4 6 8 10 11 12 13 14 15 16 17 18 19 21 22
T
C 2 3 6 7 8 10 13 14 15 20 21
M 1 P 21 1 2 3 5 6 7 8 9 10 11 12 13 14 15 16 17 18 19 20 21 22
M 3 P 11 2 3 5 6 7 10 13 16 17 18 20
M 4 G 6
M 5 S 13 5
M 6 G 2
M 8 P 2 8 19
M 10 P 10 1 2 4 11 14 15 16 17 18 21
M 13 G 3
M 14 S 10 9
M 15 S 14 16
M 16 G 9
M 17 G 21
M 18 G 2
M 20 G 5
M 21 G 5
M 22 P 22 1 2 3 4 5 6 7 8 9 10 11 12 13 14 15 16 17 18 19 20 21 22
M 23 G 20
M 24 G 21
M 25 G 16
M 26 P 11 4 6 9 11 13 14 17 18 19 20 22
M 27 P 13 1 2 3 6 7 9 12 14 15 17 19 21 22
M 28 P 15 1 2 3 5 6 7 8 10 11 12 15 17 18 19 21
M 29 P 12 1 2 3 5 7 9 11 13 16 17 18 20
M 31 G 7
M 32 P 7 2 5 9 14 16 19 22
M 35 P 1 21
M 36 P 7 2 6 7 8 9 16 19
M 37 G 9
M 38 P 2 9 10
M 40 G 8
M 42 P 3 2 5 13
M 43 P 3 5 13 21
M 44 G 9
M 46 G 8
M 47 P 22 1 2 3 4 5 6 7 8 9 10 11 12 13 14 15 16 17 18 19 20 21 22
M 48 G 5
M 50 G 6
M 51 G 2
M 52 P 19 2 3 4 5 7 8 9 10 11 12 13 14 15 17 18 19 20 21 22
M 54 P 2 9 15
M 56 G 20
M 57 G 16
M 58 G 15
M 59 G 16
M 60 G 21
M 61 P 12 2 5 7 9 10 11 12 14 16 17 19 20
M 62 P 10 4 5 6 8 12 13 14 15 19 22
M 63 G 15
M 65 G 15
M 66 P 14 6 7 8 9 11 12 13 16 17 18 19 20 21 22
M 67 G 3
M 69 G 7
M 73 G 5
M 74 P 19 1 2 3 4 5 6 7 9 10 11 12 13 14 16 17 18 20 21 22
M 75 G 2
M 76 G 21
M 77 G 20
M 78 G 16
M 79 P 1 4
M 80 P 9 2 3 5 7 11 13 18 19 20
M 81 G 21
M 82 P 10 1 2 7 8 9 11 13 14 21 22
M 83 G 7
M 84 G 9
M 85 G 5
M 87 G 3
M 88 P 16 1 2 3 5 6 8 9 10 11 12 14 16 17 18 19 22
T
C 2 7 9 10 11 13 15 16 19 20 22
M 1 S 2 5
M 2 P 21 1 2 3 4 5 7 8 9 10 11 12 13 14 15 16 17 18 19 20 21 22
M 3 G 13
M 4 P 1 20
M 5 S 7 3
M 6 G 16
M 7 P 10 5 6 7 8 12 14 17 18 21 22
M 8 P 5 4 8 19 21 22
M 9 P 20 2 3 4 6 7 8 9 10 11 12 13 14 15 16 17 18 19 20 21 22
M 10 P 18 1 3 4 6 8 9 10 11 12 13 14 15 16 17 18 19 21 22
M 11 S 16 8
M 12 G 9
M 13 P 7 4 7 10 12 16 18 19
M 14 G 10
M 15 G 11
M 16 G 3
M 17 P 4 2 3 8 16
M 18 G 3
M 19 P 14 2 4 5 7 8 9 10 11 14 15 17 18 19 22
M 20 G 20
M 21 P 20 1 2 3 4 5 6 7 8 9 10 11 12 14 15 17 18 19 20 21 22
M 22 P 8 2 9 11 12 17 19 20 22
M 23 G 20
M 24 G 10
M 25 P 13 1 2 3 4 5 8 11 15 16 18 19 20 22
M 26 P 3 2 10 15
M 27 P 21 1 2 3 4 5 6 7 8 9 10 11 12 13 14 15 16 17 18 19 20 21
M 28 P 12 1 2 3 4 8 9 10 11 13 15 19 22
M 29 G 11
M 30 G 5
M 31 P 20 1 2 3 4 5 6 7 8 9 10 11 13 14 15 16 17 18 20 21 22
M 32 G 22
M 33 P 19 1 2 3 4 5 6 8 9 10 11 13 14 15 16 17 18 19 21 22
M 34 P 4 9 12 14 19
M 35 P 22 1 2 3 4 5 6 7 8 9 10 11 12 13 14 15 16 17 18 19 20 21 22
M 36 G 13
M 37 P 2 5 11
M 38 G 8
M 39 G 19
M 40 G 20
M 41 P 7 1 2 6 15 16 18 22
M 42 P 20 1 2 3 5 6 7 8 9 11 12 13 14 15 16 17 18 19 20 21 22
M 43 G 5
M 44 P 15 1 5 7 8 9 10 11 12 16 17 18 19 20 21 22
M 45 P 2 5 8
M 46 P 5 2 4 10 13 16
M 47 P 19 1 2 3 4 5 6 7 8 9 10 12 13 16 17 18 19 20 21 22
M 48 G 11
M 49 G 5
M 50 G 20
M 51 P 6 5 7 14 15 17 19
M 52 G 15
M 53 P 2 5 9
M 54 P 5 5 7 11 17 20
M 55 P 17 1 2 3 4 6 7 8 9 10 12 13 14 15 16 19 21 22
M 56 G 20
M 57 P 3 1 4 8
M 58 P 14 1 3 5 6 7 8 10 11 12 14 16 19 20 22
M 59 P 11 5 7 9 11 13 14 15 19 20 21 22
M 60 P 19 1 2 3 4 5 6 7 10 11 12 13 14 16 17 18 19 20 21 22
M 61 P 21 1 2 3 4 5 6 7 8 9 10 11 12 13 14 15 16 17 18 19 20 21
M 62 P 5 2 5 12 14 15
M 63 G 22
M 64 G 19
M 65 P 22 1 2 3 4 5 6 7 8 9 10 11 12 13 14 15 16 17 18 19 20 21 22
M 66 P 7 2 7 8 9 13 18 20
M 67 P 4 1 8 16 19
M 68 G 13
M 69 P 16 1 2 3 4 5 6 7 9 11 12 14 16 17 18 21 22
M 70 P 20 1 2 3 4 6 7 8 9 11 12 13 14 15 16 17 18 19 20 21 22
M 71 P 11 1 2 4 5 10 11 13 14 16 17 18
M 72 G 8
M 73 P 7 9 10 14 17 18 21 22
M 74 P 15 1 2 3 5 6 7 8 9 13 14 18 19 20 21 22
M 75 P 13 1 4 5 6 9 11 13 14 16 17 20 21 22
M 76 P 18 2 3 4 5 6 7 9 10 12 13 14 16 17 18 19 20 21 22
M 77 P 16 1 2 3 4 6 7 9 11 12 13 14 15 19 20 21 22
M 78 G 5
M 79 G 10
M 80 G 20
M 81 G 20
M 82 G 11
M 83 G 5
M 84 P 12 1 2 4 5 6 7 9 10 15 19 20 21
M 85 P 19 2 3 4 5 6 7 8 9 11 13 14 15 16 17 18 19 20 21 22
M 86 G 11
M 87 P 3 5 9 21
M 88 G 13
M 89 G 11
M 90 P 2 6 15
T
C 1 2 8 9 10 11 12 13 15 18 21
M 1 P 11 1 2 5 6 7 9 13 15 18 21 22
M 5 G 12
M 7 G 15
M 9 G 15
M 13 S 11 19
M 14 G 9
M 15 P 10 1 2 3 4 7 12 14 16 19 21
M 16 G 2
M 17 S 19 20
M 18 S 2 3
M 24 P 12 1 2 3 4 5 6 11 12 15 18 20 21
M 26 G 15
M 27 G 21
M 32 G 8
M 35 P 19 1 2 4 5 6 7 8 9 12 13 14 15 16 17 18 19 20 21 22
M 40 G 13
M 42 P 21 1 2 3 4 5 6 7 8 9 10 11 12 13 14 16 17 18 19 20 21 22
M 44 P 18 1 2 3 4 5 6 10 11 12 13 14 15 16 17 18 19 21 22
M 45 P 20 1 2 3 4 5 6 7 8 9 10 11 12 13 15 16 17 18 19 20 21
M 46 P 21 1 2 3 4 5 6 7 8 9 10 11 12 14 15 16 17 18 19 20 21 22
M 47 G 20
M 49 G 20
M 54 G 15
M 56 G 10
M 60 G 20
M 65 G 20
M 66 G 3
M 67 P 15 1 3 5 6 7 8 9 10 11 14 15 18 20 21 22
M 69 P 11 1 2 8 10 11 13 14 16 17 18 19
M 71 P 3 1 6 9
M 73 P 8 2 4 6 8 12 13 14 16
M 80 P 15 2 3 4 5 6 7 9 10 12 13 14 15 18 21 22
M 82 P 13 1 4 7 8 11 12 13 14 16 18 20 21 22
M 84 P 19 1 2 3 4 5 7 8 10 12 13 14 15 16 17 18 19 20 21 22
M 85 P 8 2 5 6 14 17 18 21 22
M 87 G 20
M 89 G 13
T
C 1 2 3 6 8 11 13 15 16 18 22
M 4 S 16 10
M 5 P 5 4 6 11 13 15
M 11 P 12 2 4 5 8 10 12 13 14 17 18 20 22
M 12 G 10
M 13 P 20 1 2 4 5 6 7 8 9 10 11 12 13 15 16 17 18 19 20 21 22
M 17 G 3
M 20 G 6
M 21 P 1 18
M 22 S 6 14
M 23 S 18 7
M 25 P 21 1 2 4 5 6 7 8 9 10 11 12 13 14 15 16 17 18 19 20 21 22
M 27 P 14 1 4 5 6 7 8 11 13 16 17 18 19 21 22
M 28 P 6 5 9 12 16 17 18
M 29 P 22 1 2 3 4 5 6 7 8 9 10 11 12 13 14 15 16 17 18 19 20 21 22
M 31 P 1 21
M 32 P 10 1 3 5 6 9 10 12 15 16 20
M 36 G 1
M 38 G 3
M 39 P 22 1 2 3 4 5 6 7 8 9 10 11 12 13 14 15 16 17 18 19 20 21 22
M 40 G 11
M 42 P 5 2 4 6 7 21
M 49 G 1
M 50 P 6 1 2 5 10 16 17
M 52 G 10
M 55 G 3
M 58 P 17 1 2 3 4 5 6 7 10 11 13 14 16 17 18 19 20 22
M 59 G 8
M 61 G 3
M 62 P 11 1 3 7 10 11 12 13 16 18 19 22
M 63 P 16 1 2 3 4 5 7 8 11 12 13 15 18 19 20 21 22
M 64 P 6 1 2 4 15 20 21
M 67 P 7 4 8 13 14 15 21 22
M 73 G 1
M 74 P 4 4 11 17 19
M 75 P 15 1 2 3 4 5 6 7 8 10 11 12 13 15 16 19
M 80 G 2
M 81 G 22
M 82 G 10
M 84 P 5 4 6 19 21 22
M 85 G 3
M 89 P 14 1 2 4 7 8 9 10 15 16 17 18 20 21 22
T
C 2 5 8 9 10 11 12 13 19 20 22
M 78 S 22 21
T
C 3 4 5 6 9 10 11 14 19 20 21
M 2 G 4
M 3 S 14 2
M 4 S 20 15
M 5 P 4 4 15 17 22
M 6 S 3 22
M 7 P 12 1 4 5 8 9 11 13 16 17 19 20 22
M 10 P 12 2 3 5 6 7 9 14 15 16 18 21 22
M 11 G 15
M 12 G 9
M 13 G 15
M 14 G 2
M 16 G 22
M 17 P 11 1 6 11 13 14 15 16 19 20 21 22
M 18 P 11 1 2 3 9 11 14 16 17 19 20 21
M 19 P 10 3 4 6 7 11 12 13 15 20 21
M 21 P 2 6 9
M 22 P 6 3 7 9 12 15 22
M 24 G 4
M 25 P 21 1 3 4 5 6 7 8 9 10 11 12 13 14 15 16 17 18 19 20 21 22
M 27 G 11
M 28 P 13 4 5 7 8 11 12 13 14 17 19 20 21 22
M 29 P 18 1 2 4 6 7 8 9 10 11 12 13 14 15 16 18 19 21 22
M 30 P 19 1 2 3 4 5 6 7 8 10 11 12 13 14 15 16 18 20 21 22
M 31 P 11 1 4 7 11 13 14 15 16 20 21 22
M 32 G 2
M 34 G 10
M 35 P 10 2 5 11 12 13 17 19 20 21 22
M 36 P 18 2 3 4 5 6 7 8 9 10 11 12 13 16 17 18 19 20 21
M 37 G 10
M 38 P 19 1 2 4 6 7 8 9 10 11 12 13 14 15 16 17 18 19 21 22
M 39 P 22 1 2 3 4 5 6 7 8 9 10 11 12 13 14 15 16 17 18 19 20 21 22
M 40 P 17 1 2 3 4 8 9 10 12 13 14 15 16 17 18 19 21 22
M 42 G 22
M 44 P 8 2 4 5 6 7 10 11 15
M 45 P 20 1 3 4 5 6 7 8 9 10 12 13 14 15 16 17 18 19 20 21 22
M 46 P 21 1 2 3 4 5 6 7 8 9 10 11 12 13 14 16 17 18 19 20 21 22
M 47 P 12 2 3 4 6 7 8 9 10 12 13 15 16
M 49 G 4
M 53 P 1 7
M 54 G 4
M 55 G 22
M 56 G 10
M 57 P 14 2 3 4 5 7 12 14 15 16 17 19 20 21 22
M 58 P 1 13
M 59 G 4
M 60 P 19 1 2 3 4 7 8 9 10 11 12 13 14 15 16 17 19 20 21 22
M 61 G 19
M 62 P 9 4 5 6 7 9 12 13 15 17
M 63 G 22
M 64 P 9 1 2 3 5 12 13 14 19 22
M 65 P 13 1 4 5 6 8 9 10 11 12 16 19 20 21
M 66 P 18 1 2 3 4 7 8 9 10 11 12 13 15 16 18 19 20 21 22
M 67 G 10
M 68 G 4
M 69 P 13 2 4 5 6 7 8 9 10 11 12 14 21 22
M 70 G 10
M 71 P 11 3 4 6 7 11 12 13 15 17 18 20
M 72 P 5 3 7 8 10 16
M 74 P 21 1 2 3 4 5 6 7 8 9 10 12 13 14 15 16 17 18 19 20 21 22
M 76 P 15 1 2 5 6 7 8 10 12 13 16 17 19 20 21 22
M 77 P 3 10 14 19
M 78 G 19
M 79 P 16 1 2 3 5 6 7 9 10 11 12 13 14 15 17 19 20
M 80 P 13 1 2 3 4 6 7 9 13 16 17 19 20 22
M 81 G 9
M 82 G 2
M 83 P 19 1 2 3 4 5 6 8 9 10 12 13 14 15 16 18 19 20 21 22
M 84 G 22
M 86 G 2
M 87 P 21 1 2 3 5 6 7 8 9 10 11 12 13 14 15 16 17 18 19 20 21 22
M 88 G 9
M 89 P 17 1 2 5 6 7 8 9 11 13 14 15 16 17 18 19 20 21
M 90 P 18 2 4 5 6 7 8 9 10 11 12 13 14 15 16 17 18 19 20
T
C 1 5 7 9 11 12 15 17 19 21 22
M 1 P 13 1 2 4 5 6 8 9 13 14 18 19 21 22
M 2 S 15 2
M 3 S 19 6
M 4 P 17 2 3 4 5 6 7 8 9 10 12 13 14 16 17 18 19 22
M 5 G 11
M 6 P 22 1 2 3 4 5 6 7 8 9 10 11 12 13 14 15 16 17 18 19 20 21 22
M 7 S 11 10
M 9 P 9 4 6 7 10 11 12 13 17 18
M 12 G 9
M 14 P 10 3 5 8 12 13 16 19 20 21 22
M 15 G 21
M 16 P 16 2 3 4 5 6 9 10 14 15 16 17 18 19 20 21 22
M 21 G 17
M 22 P 14 1 2 3 4 5 7 8 9 14 16 17 18 20 21
M 23 G 5
M 25 G 2
M 26 G 10
M 28 P 10 1 2 6 10 12 13 14 15 16 19
M 31 P 19 2 3 6 7 8 9 10 11 12 13 14 15 16 17 18 19 20 21 22
M 32 G 2
M 34 P 1 16
M 35 P 18 1 2 3 4 6 7 8 9 10 12 13 14 15 18 19 20 21 22
M 36 P 11 2 3 5 7 8 9 12 14 15 16 20
M 38 P 7 4 7 9 10 17 20 22
M 39 P 13 2 4 6 7 8 10 12 14 15 17 18 19 20
M 40 P 9 2 4 5 7 12 16 19 20 21
M 41 G 1
M 44 G 21
M 46 G 10
M 48 G 2
M 49 G 22
M 51 P 21 1 2 3 4 5 6 7 8 10 11 12 13 14 15 16 17 18 19 20 21 22
M 53 G 17
M 54 G 2
M 55 G 2
M 56 G 1
M 57 G 12
M 60 P 1 10
M 61 P 10 1 3 4 7 9 10 13 14 19 20
M 63 G 5
M 64 P 18 1 2 3 4 5 7 8 10 12 13 14 15 16 17 18 19 21 22
M 65 G 12
M 66 G 1
M 68 G 10
M 70 G 22
M 71 P 13 2 4 6 8 10 11 12 13 14 18 19 21 22
M 72 P 2 4 10
M 73 G 5
M 74 G 1
M 75 G 6
M 76 P 12 1 4 8 9 11 12 13 16 17 18 20 22
M 81 G 10
M 82 P 3 6 7 11
M 84 G 12
M 86 G 5
M 87 G 2
M 89 P 19 1 2 3 4 5 6 8 9 10 11 12 13 14 15 16 17 18 20 22
M 90 P 22 1 2 3 4 5 6 7 8 9 10 11 12 13 14 15 16 17 18 19 20 21 22
T
C 1 4 9 10 12 13 15 16 19 20 21
M 1 P 22 1 2 3 4 5 6 7 8 9 10 11 12 13 14 15 16 17 18 19 20 21 22
M 3 S 15 8
M 4 G 20
M 5 S 9 17
M 6 S 13 18
M 7 P 3 5 10 16
M 8 G 18
M 9 P 1 9
M 11 P 5 8 14 19 20 21
M 12 P 11 1 4 5 6 7 8 11 13 15 20 22
M 13 P 5 1 7 8 10 11
M 14 P 19 1 2 3 4 5 6 7 8 9 10 11 13 14 15 16 18 20 21 22
M 15 G 8
M 16 G 17
M 17 G 12
M 18 G 10
M 21 G 18
M 22 P 20 1 2 3 4 6 7 8 9 10 11 12 14 15 16 17 18 19 20 21 22
M 23 P 17 1 4 5 6 7 8 10 11 12 13 14 15 16 17 19 20 22
M 24 P 5 3 5 17 20 21
M 25 G 21
M 28 G 12
M 32 G 1
M 33 G 16
M 34 G 20
M 35 G 17
M 36 G 1
M 37 G 1
M 39 G 20
M 40 P 9 1 2 6 8 11 12 14 17 21
M 41 P 16 1 2 3 4 5 7 8 9 10 11 14 15 16 18 19 20
M 42 P 10 1 10 11 12 14 16 18 19 20 22
M 44 P 10 2 4 5 6 8 14 17 20 21 22
M 45 P 6 1 3 14 15 20 21
M 46 G 8
M 47 G 17
M 48 P 13 1 2 4 5 6 9 10 11 12 13 16 18 21
M 51 G 19
M 52 P 2 15 19
M 53 P 3 2 14 18
M 54 P 20 1 2 4 5 7 8 9 10 11 12 13 14 15 16 17 18 19 20 21 22
M 56 P 7 1 3 9 16 18 21 22
M 57 P 20 1 2 4 5 6 7 9 10 11 12 13 14 15 16 17 18 19 20 21 22
M 59 P 15 1 3 4 6 7 9 12 13 14 15 16 17 19 21 22
M 60 P 22 1 2 3 4 5 6 7 8 9 10 11 12 13 14 15 16 17 18 19 20 21 22
M 61 P 1 22
M 62 G 1
M 63 P 4 2 8 13 15
M 65 G 20
M 67 G 16
M 68 G 20
M 70 G 1
M 71 P 6 4 8 9 11 16 20
M 72 G 16
M 73 P 14 1 2 3 7 10 11 12 13 14 15 18 19 21 22
M 74 G 19
M 75 G 17
M 76 G 4
M 77 G 17
M 78 P 5 6 7 13 14 17
M 80 P 1 8
M 82 G 19
M 83 G 4
M 84 P 17 1 2 4 5 6 7 8 9 10 13 14 15 17 18 19 20 22
M 85 P 19 1 2 3 4 5 6 7 9 10 11 12 13 15 16 17 18 19 20 22
M 86 G 16
M 87 P 2 4 9
M 89 P 21 1 2 3 4 5 6 7 8 10 11 12 13 14 15 16 17 18 19 20 21 22
M 90 P 22 1 2 3 4 5 6 7 8 9 10 11 12 13 14 15 16 17 18 19 20 21 22
T
C 1 2 3 8 10 11 12 13 14 16 20
M 2 P 7 5 7 8 9 11 13 15
M 3 P 18 1 2 3 4 5 6 8 9 10 11 12 13 14 15 16 20 21 22
M 7 P 10 2 3 8 10 11 13 15 18 19 20
M 9 P 9 1 3 7 9 10 16 17 19 21
M 10 S 12 6
M 17 S 14 4
M 18 G 16
M 19 S 10 5
M 20 G 6
M 22 P 1 4
M 24 G 13
M 25 G 16
M 26 G 2
M 27 P 2 11 16
M 28 P 2 12 13
M 29 G 1
M 30 P 5 7 14 16 17 18
M 32 G 2
M 33 G 3
M 34 P 13 1 2 3 6 8 10 11 12 13 14 15 16 22
M 35 P 9 1 4 6 8 10 11 14 16 20
M 37 G 4
M 39 G 13
M 40 G 11
M 41 G 2
M 42 P 10 1 4 10 11 14 15 19 20 21 22
M 43 G 11
M 44 P 21 1 2 3 4 5 6 7 8 10 11 12 13 14 15 16 17 18 19 20 21 22
M 45 G 2
M 47 P 11 1 5 10 12 14 15 16 17 18 19 21
M 48 G 6
M 49 P 9 2 4 5 8 9 11 15 18 20
M 50 P 2 4 14
M 51 P 8 2 5 6 8 9 13 18 20
M 53 P 1 1
M 54 P 21 1 2 3 4 5 6 7 8 9 10 11 12 13 14 15 16 17 18 19 20 21
M 57 P 4 5 14 15 17
M 58 P 4 7 9 13 21
M 59 G 20
M 60 G 20
M 61 G 13
M 62 G 20
M 63 G 11
M 64 G 5
M 65 G 13
M 66 G 20
M 67 G 1
M 68 G 5
M 69 G 20
M 70 G 2
M 72 G 13
M 74 P 20 2 3 4 5 6 7 8 9 10 11 12 13 14 16 17 18 19 20 21 22
M 76 P 18 2 3 4 5 6 7 8 9 10 11 12 13 14 16 17 19 20 22
M 77 G 8
M 78 P 15 2 3 4 7 8 10 11 12 14 15 17 18 19 21 22
M 79 P 11 5 6 7 10 12 13 14 15 17 19 22
M 81 P 11 1 2 3 4 5 10 12 17 20 21 22
M 82 G 5
M 83 P 21 1 2 3 4 5 6 7 8 9 10 11 12 13 15 16 17 18 19 20 21 22
M 84 P 21 1 2 3 4 5 6 7 8 9 10 11 12 13 14 15 16 17 18 20 21 22
M 85 G 13
M 86 P 6 2 3 4 14 20 21
M 87 P 14 1 3 4 5 7 8 9 11 12 13 17 20 21 22
M 89 G 20
M 90 P 9 1 2 3 9 13 16 18 20 21
T
C 1 4 7 8 11 12 13 14 19 20 22
M 1 S 22 2
M 4 G 4
M 5 P 4 10 13 16 18
M 6 S 2 16
M 7 S 11 17
M 13 G 7
M 33 P 19 1 2 3 4 5 6 7 8 9 10 11 12 13 14 15 16 18 20 21
M 65 P 8 2 6 7 10 12 13 21 22
M 81 P 3 7 18 21
M 82 G 8
M 85 P 19 1 2 3 4 5 6 7 9 10 11 12 13 14 15 16 17 18 21 22
T
C 4 5 6 8 9 10 11 12 15 16 20
M 1 P 11 1 2 5 6 7 10 11 13 19 20 22
M 5 G 8
M 10 P 4 1 16 18 20
M 21 S 8 13
M 29 S 16 17
M 32 G 11
M 35 G 13
M 46 G 17
M 51 P 16 1 2 4 6 7 8 9 10 11 12 13 14 17 18 19 21
M 52 G 12
M 57 P 6 1 4 11 16 17 22
M 70 S 10 21
M 74 P 2 11 21
M 77 G 15
M 80 P 21 1 2 3 4 5 6 7 8 9 10 11 12 13 15 16 17 18 19 20 21 22
M 84 P 16 2 3 6 7 9 11 12 13 14 15 16 17 19 20 21 22
M 88 G 13
M 90 P 2 2 14
T
C 1 2 4 6 7 8 13 15 16 21 22
M 1 P 4 6 11 14 16
M 2 S 16 11
M 4 P 3 10 20 21
M 5 P 20 1 2 4 5 6 7 8 9 10 11 12 13 14 16 17 18 19 20 21 22
M 7 P 18 1 2 3 4 5 6 7 8 9 10 11 12 13 14 17 19 21 22
M 8 S 2 10
M 9 P 7 4 8 9 13 15 19 21
M 11 G 15
M 12 P 1 16
M 14 G 8
M 15 G 8
M 16 P 18 1 2 3 4 5 6 7 8 9 10 11 16 17 18 19 20 21 22
M 17 G 13
M 18 P 7 1 3 6 8 12 14 18
M 19 G 22
M 20 S 8 14
M 22 P 15 1 3 5 8 9 10 11 12 14 15 16 17 19 20 21
M 23 G 14
M 24 G 6
M 25 G 7
M 26 G 10
M 27 P 13 1 3 4 6 7 8 11 12 16 18 19 20 22
M 28 P 11 2 6 7 9 10 12 13 15 17 18 22
M 30 P 6 1 2 4 10 15 16
M 32 G 10
M 35 G 13
M 37 P 17 1 2 3 4 5 7 8 10 11 12 13 14 15 17 18 20 21
M 39 P 18 1 2 3 4 5 7 9 10 11 12 14 15 16 17 18 20 21 22
M 40 P 19 1 3 4 5 6 7 8 9 10 12 13 14 15 17 18 19 20 21 22
M 42 G 21
M 44 G 15
M 48 P 6 1 8 9 12 19 22
M 49 P 14 1 4 5 6 7 8 11 12 16 17 18 19 20 22
M 50 G 7
M 51 P 8 1 2 3 9 14 19 20 22
M 52 P 15 1 4 5 6 7 8 9 10 11 12 13 16 18 19 20
M 54 G 14
M 55 G 21
M 56 P 19 1 2 3 4 5 7 8 9 11 12 13 14 15 16 18 19 20 21 22
M 57 G 15
M 58 G 4
M 59 G 14
M 64 P 7 9 12 13 14 15 17 20
M 65 P 18 1 2 3 4 5 6 7 9 10 11 14 15 16 18 19 20 21 22
M 67 G 4
M 68 P 10 2 3 4 5 7 9 14 16 18 22
M 69 P 4 8 9 10 15
M 70 G 10
M 72 G 22
M 74 P 11 2 3 7 9 11 13 14 17 18 19 20
M 76 P 20 1 2 3 4 5 6 7 8 9 10 11 12 13 14 16 17 18 19 21 22
M 77 G 11
M 79 G 4
M 80 G 10
M 83 P 8 1 5 8 12 13 17 20 21
M 84 P 2 10 11
M 85 G 14
M 86 G 11
M 87 P 4 1 2 15 18
M 88 G 15
M 89 P 12 1 3 6 7 8 10 14 15 17 18 19 21
M 90 P 13 1 2 4 8 9 11 12 14 15 18 19 20 22
T
C 4 6 8 10 11 12 13 15 17 18 21
M 2 G 4
M 4 G 18
M 8 P 5 3 6 14 18 19
M 10 S 18 2
M 13 S 10 5
M 15 P 13 2 4 6 7 8 9 13 14 15 17 18 20 21
M 17 S 6 1
M 18 P 12 2 3 4 5 6 9 11 12 15 16 18 22
M 20 G 13
M 23 G 13
M 28 G 12
M 32 G 8
M 33 G 2
M 34 G 11
M 36 P 17 1 2 4 5 6 7 8 9 10 11 14 15 17 19 20 21 22
M 39 G 11
M 42 P 3 6 7 10
M 44 G 12
M 51 P 8 2 7 9 10 11 15 16 22
M 53 P 18 2 3 4 6 7 8 10 11 12 13 14 15 16 17 18 19 20 21
M 54 G 2
M 58 G 17
M 62 G 12
M 63 P 10 1 2 7 8 10 11 16 20 21 22
M 65 P 1 18
M 67 P 7 3 5 8 9 14 19 21
M 68 P 6 4 7 10 11 13 21
M 69 P 2 14 15
M 70 P 13 1 2 6 7 8 11 12 13 16 18 19 20 22
M 71 G 12
M 72 G 21
M 75 G 17
M 76 P 7 4 9 10 14 16 18 21
M 81 P 11 1 2 3 4 5 7 11 13 14 18 21
M 84 G 21
M 85 P 10 5 7 8 9 10 12 13 16 18 20
M 90 P 12 2 3 4 7 11 13 15 17 18 19 20 21
T
C 1 2 4 6 8 9 12 13 14 16 18
M 1 S 13 11
M 2 G 12
M 3 P 22 1 2 3 4 5 6 7 8 9 10 11 12 13 14 15 16 17 18 19 20 21 22
M 5 G 11
M 6 P 16 1 2 4 6 7 8 10 11 12 14 16 17 18 19 21 22
M 7 S 12 15
M 10 P 7 2 7 12 13 16 18 22
M 12 G 11
M 13 G 4
M 14 G 11
M 15 G 15
M 16 G 2
M 17 S 18 10
M 18 G 2
M 19 P 20 2 3 4 5 7 8 9 10 11 12 13 14 15 16 17 18 19 20 21 22
M 21 P 16 1 2 4 5 6 11 12 14 15 16 17 18 19 20 21 22
M 23 P 9 1 3 4 5 10 11 12 13 19
M 24 P 3 11 12 18
M 25 G 15
M 26 G 16
M 27 P 1 3
M 28 P 14 1 3 4 6 8 9 10 11 15 16 19 20 21 22
M 29 P 3 2 16 22
M 30 P 10 1 2 4 6 8 10 11 18 21 22
M 31 G 16
M 32 G 10
M 33 P 5 1 6 8 11 13
M 34 P 8 2 6 7 8 11 18 19 20
M 35 P 15 1 2 4 6 7 9 11 12 13 14 16 17 18 21 22
M 36 G 16
M 37 G 4
M 38 G 8
M 40 P 18 1 2 3 5 6 7 8 9 10 11 12 13 14 16 17 18 19 20
M 41 G 1
M 42 G 9
M 44 G 10
M 45 P 11 1 5 6 7 9 11 14 15 17 18 22
M 47 P 9 2 3 4 6 7 8 15 17 22
M 49 G 16
M 50 G 1
M 51 G 14
M 52 P 20 1 2 3 4 5 8 9 10 11 12 13 14 15 16 17 18 19 20 21 22
M 53 P 22 1 2 3 4 5 6 7 8 9 10 11 12 13 14 15 16 17 18 19 20 21 22
M 54 P 5 5 8 12 15 21
M 55 P 11 1 2 4 5 6 9 13 16 17 18 22
M 56 P 8 3 10 12 15 16 18 20 21
M 57 G 14
M 59 G 1
M 60 P 5 4 11 12 20 21
M 62 P 14 1 2 4 5 6 7 8 9 12 14 17 19 21 22
M 63 G 10
M 65 P 6 3 8 9 13 16 21
M 67 G 16
M 68 G 10
M 70 P 7 5 6 14 16 20 21 22
M 71 G 9
M 72 G 2
M 73 P 12 1 2 3 7 10 11 12 13 14 16 20 21
M 75 G 10
M 77 G 9
M 79 P 11 1 3 8 9 10 11 13 14 15 17 21
M 80 G 14
M 81 G 8
M 82 P 22 1 2 3 4 5 6 7 8 9 10 11 12 13 14 15 16 17 18 19 20 21 22
M 83 P 17 1 2 3 5 6 7 9 11 12 13 14 15 16 17 19 20 22
M 84 P 3 8 9 21
M 85 P 2 17 20
M 86 G 8
M 87 G 8
M 88 P 3 1 7 19
M 89 G 9
M 90 P 18 1 2 3 5 6 7 8 9 10 11 12 13 14 16 18 19 21 22
T
C 2 3 7 10 11 12 13 15 16 18 21
M 17 S 21 6
M 44 S 6 9
M 48 S 11 14
M 55 P 21 1 2 4 5 6 7 8 9 10 11 12 13 14 15 16 17 18 19 20 21 22
M 56 P 5 2 5 11 16 22
M 64 P 15 1 2 5 7 8 9 11 12 13 14 18 19 20 21 22
M 65 G 16
M 72 P 8 4 5 6 10 11 20 21 22
T
C 1 3 4 6 7 10 15 16 18 19 20
M 6 S 16 5
M 7 G 4
M 10 P 11 1 4 5 8 11 12 13 14 19 21 22
M 11 G 7
M 12 G 18
M 14 S 7 21
M 16 S 3 8
M 17 P 22 1 2 3 4 5 6 7 8 9 10 11 12 13 14 15 16 17 18 19 20 21 22
M 19 G 19
M 20 G 10
M 21 G 15
M 22 G 19
M 23 G 19
M 24 G 10
M 25 G 6
M 26 G 19
M 27 G 8
M 28 P 16 1 2 3 4 5 6 7 9 10 12 13 15 16 17 20 21
M 33 G 18
M 35 P 14 1 2 5 6 9 12 14 15 16 17 18 19 21 22
M 38 G 1
M 39 G 8
M 40 G 18
M 43 G 8
M 44 P 21 1 2 3 4 5 6 7 8 9 10 11 12 13 14 16 17 18 19 20 21 22
M 45 G 6
M 46 P 6 1 4 5 11 15 19
M 49 G 19
M 54 P 15 1 2 4 5 6 7 8 11 12 13 14 15 18 19 22
M 56 P 5 2 6 13 19 20
M 58 G 5
M 60 G 15
M 61 G 15
M 62 P 19 1 2 3 4 5 6 7 8 10 11 12 13 14 15 16 17 18 21 22
M 64 G 1
M 66 G 21
M 67 G 4
M 68 G 1
M 70 P 2 2 20
M 71 G 19
M 73 G 15
M 76 G 19
M 77 P 21 1 2 3 4 5 6 7 8 9 10 11 12 13 14 15 16 17 18 19 20 22
M 82 P 9 1 2 5 11 15 17 18 19 22
M 83 G 19
M 84 G 20
M 85 G 15
M 88 P 7 1 2 9 15 16 18 22
M 89 P 7 3 4 5 6 9 16 19
T
C 4 5 7 10 11 12 15 17 19 20 21
M 1 S 7 9
M 2 S 20 3
M 3 S 4 6
M 6 G 3
M 7 G 10
M 8 G 3
M 9 P 19 2 4 5 6 7 8 9 11 12 13 14 15 16 17 18 19 20 21 22
M 10 P 21 1 2 3 4 5 6 7 8 9 10 11 12 13 14 15 16 17 18 19 20 21
M 11 G 15
M 15 P 8 2 3 7 8 9 18 20 22
M 18 G 5
M 20 G 15
M 21 G 15
M 24 G 3
M 25 G 15
M 30 P 8 2 7 10 11 14 15 20 21
M 32 P 18 1 3 4 5 6 7 8 10 11 12 13 14 16 17 18 19 20 22
M 33 P 21 1 2 3 4 5 6 7 8 9 10 11 12 13 14 15 16 17 19 20 21 22
M 35 G 17
M 37 G 15
M 38 G 11
M 39 P 19 1 2 3 5 6 7 8 10 11 12 13 14 15 16 17 19 20 21 22
M 40 P 4 10 11 14 21
M 41 P 6 1 3 9 11 13 22
M 45 G 3
M 46 P 16 1 2 3 4 5 6 7 9 12 13 14 15 17 18 19 21
M 47 G 5
M 48 P 12 4 5 6 7 8 11 12 13 17 19 20 22
M 49 P 19 1 3 4 5 6 7 8 9 10 11 12 14 15 16 17 19 20 21 22
M 50 P 17 1 2 4 5 7 8 9 11 12 13 14 15 16 18 19 20 21
M 51 G 9
M 52 G 11
M 53 P 14 1 2 5 6 7 8 9 10 12 14 15 17 18 20
M 54 G 6
M 57 P 7 4 9 12 13 15 20 21
M 58 P 19 2 3 4 5 6 7 8 9 10 11 12 13 15 16 17 18 20 21 22
M 59 G 10
M 60 P 8 2 4 11 13 14 17 18 22
M 62 G 21
M 63 G 19
M 64 G 11
M 66 G 9
M 68 P 3 2 8 21
M 70 G 6
M 71 G 11
M 72 G 6
M 73 G 15
M 74 P 14 2 3 4 5 6 7 10 12 13 14 15 18 20 22
M 76 G 12
M 77 G 17
M 78 G 3
M 80 G 11
M 81 G 3
M 82 P 13 1 3 7 8 10 11 12 13 15 16 17 18 21
M 83 P 19 1 2 3 4 5 6 7 9 10 11 12 13 15 17 18 19 20 21 22
M 86 P 16 1 2 3 5 6 7 8 11 12 13 14 15 16 18 19 22
M 89 G 21
M 90 P 16 2 3 5 6 7 8 9 11 13 14 16 17 18 19 20 21
T
C 1 3 4 7 8 10 13 14 15 16 21
M 38 G 10
T
C 3 4 6 8 10 11 15 16 17 19 20
M 15 P 3 5 8 16
M 72 S 17 2
M 77 S 2 9
M 90 P 3 1 8 21
T
C 4 5 6 7 11 12 13 14 17 20 21
M 1 S 4 22
M 2 S 12 18
M 4 P 8 1 4 8 14 17 18 20 21
M 5 G 11
M 6 S 6 10
M 7 G 14
M 8 P 10 4 7 9 10 11 15 17 18 20 22
M 11 P 17 1 2 3 4 5 6 7 8 9 11 13 15 16 17 18 20 22
M 12 G 10
M 14 G 13
M 16 P 17 1 2 3 4 5 6 7 9 10 11 14 16 17 19 20 21 22
M 17 G 13
M 18 G 14
M 20 G 7
M 21 G 13
M 22 P 21 1 2 3 4 5 6 7 8 9 10 12 13 14 15 16 17 18 19 20 21 22
M 29 P 7 1 4 6 7 8 9 21
M 31 P 12 2 4 5 7 10 11 13 14 16 17 19 22
M 32 G 11
M 34 P 16 2 4 5 8 9 10 11 12 13 14 15 16 18 20 21 22
M 36 P 19 1 2 3 4 5 6 8 9 10 11 12 13 14 16 17 19 20 21 22
M 37 G 7
M 38 G 5
M 39 G 11
M 40 P 5 1 3 7 21 22
M 41 P 7 1 4 6 8 10 14 16
M 44 G 20
M 46 G 22
M 48 G 10
M 50 G 13
M 51 G 7
M 54 P 8 1 2 3 4 7 17 18 22
M 56 P 11 2 3 9 10 13 14 16 19 20 21 22
M 57 G 7
M 58 P 12 1 2 3 8 9 11 12 13 14 15 21 22
M 59 P 18 2 3 6 7 8 9 10 11 12 13 14 15 16 17 18 19 20 22
M 60 G 10
M 62 G 21
M 65 P 16 1 2 3 4 6 7 8 11 12 14 16 17 18 19 20 22
M 67 P 3 5 7 11
M 68 G 21
M 69 G 5
M 70 G 5
M 72 P 12 1 2 4 6 7 12 13 15 16 18 19 20
M 73 P 22 1 2 3 4 5 6 7 8 9 10 11 12 13 14 15 16 17 18 19 20 21 22
M 75 G 17
M 77 P 4 3 4 16 18
M 79 G 7
M 82 P 14 1 2 3 4 6 8 9 10 11 15 16 17 18 22
M 85 G 7
M 86 G 14
M 87 P 8 5 8 12 14 17 19 20 22
M 88 P 2 9 21
M 89 P 3 4 17 18
T
C 2 3 4 7 8 14 16 17 18 19 22
M 2 S 8 1
M 3 P 1 10
M 4 G 4
M 5 G 4
M 6 S 19 9
M 7 P 3 7 10 20
M 10 G 18
M 11 P 18 1 3 4 5 7 8 9 10 11 12 13 14 15 16 17 18 21 22
M 13 G 17
M 14 S 14 10
M 15 P 8 2 3 6 10 12 13 18 21
M 16 G 18
M 17 G 17
M 20 G 4
M 21 G 3
M 22 G 9
M 24 P 4 1 3 5 11
M 25 P 2 14 19
M 26 G 2
M 27 G 4
M 29 P 20 1 2 3 4 5 6 7 8 9 10 11 12 13 14 16 17 18 19 20 21
M 32 P 16 2 4 5 7 8 9 10 11 12 13 15 16 18 19 21 22
M 34 G 3
M 35 G 18
M 39 G 1
M 41 G 9
M 43 P 13 1 2 3 4 7 10 13 14 15 17 18 19 20
M 45 P 10 1 2 5 6 10 12 13 14 15 16
M 46 P 10 4 5 11 12 15 16 17 18 19 20
M 47 G 1
M 49 G 22
M 52 G 1
M 53 P 20 1 2 3 4 6 7 8 9 10 11 12 13 14 16 17 18 19 20 21 22
M 54 G 1
M 57 P 22 1 2 3 4 5 6 7 8 9 10 11 12 13 14 15 16 17 18 19 20 21 22
M 58 P 10 6 7 8 9 12 13 14 15 18 22
M 59 G 17
M 61 P 18 1 2 3 5 6 7 8 9 10 11 12 13 15 17 18 19 21 22
M 62 G 3
M 63 G 16
M 65 P 8 5 8 12 17 18 19 20 21
M 66 G 10
M 67 P 16 1 4 6 7 8 9 10 12 13 14 16 17 19 20 21 22
M 68 P 11 1 2 4 9 11 12 15 16 19 20 22
M 69 P 12 3 4 5 7 8 9 10 12 13 20 21 22
M 70 P 9 2 3 6 8 10 12 16 18 20
M 72 P 5 1 2 6 13 22
M 74 P 15 2 4 5 6 7 9 12 13 14 16 18 19 20 21 22
M 77 G 22
M 78 G 2
M 79 P 14 1 2 3 5 6 7 9 13 14 15 17 19 20 21
M 82 G 16
M 83 G 18
M 84 G 1
M 85 P 20 1 2 3 4 5 6 7 8 10 12 13 14 15 16 17 18 19 20 21 22
M 86 P 20 1 2 3 4 5 6 8 9 10 11 12 13 15 16 17 18 19 20 21 22
M 87 P 3 2 7 15
M 88 P 4 5 7 19 21
M 90 P 19 1 2 3 4 5 6 7 8 9 10 11 12 13 15 17 18 19 21 22
T
