20
C 1 3 5 8 9 12 13 16 19 20 21
M 2 S 13 17
M 3 S 16 2
M 5 P 14 1 2 4 5 6 7 11 15 16 18 19 20 21 22
M 6 S 1 14
M 7 P 9 2 3 6 7 11 14 16 20 22
M 9 G 12
M 10 P 3 1 2 5
M 11 P 8 1 7 9 10 12 14 18 19
M 12 P 13 2 3 7 9 11 12 13 14 15 16 18 21 22
M 13 P 6 2 3 7 8 11 14
M 16 G 8
M 17 G 17
M 19 P 12 3 6 7 9 11 13 16 17 18 19 21 22
M 20 P 10 4 8 14 15 16 17 18 19 20 21
M 21 G 19
M 22 G 12
M 23 P 8 1 3 8 9 10 11 17 20
M 24 P 20 1 2 3 4 5 6 7 8 9 10 11 12 13 14 15 16 17 18 20 21
M 27 P 5 10 12 16 17 18
M 28 G 5
M 29 G 20
M 31 P 9 1 3 9 11 13 14 15 18 22
M 32 P 3 3 4 8
M 33 G 14
M 34 G 12
M 35 G 2
M 36 P 6 1 6 8 9 16 17
M 37 G 21
M 39 G 2
M 40 P 6 3 5 9 10 15 16
M 41 G 2
M 43 G 12
M 44 P 14 1 4 5 6 7 9 11 12 13 16 17 18 20 21
M 46 P 10 2 6 7 9 12 15 16 17 19 20
M 47 G 21
M 49 G 19
M 50 P 1 6
M 51 P 16 1 2 5 6 8 9 10 11 12 13 16 18 19 20 21 22
M 52 P 4 4 13 14 18
M 54 P 4 2 6 18 22
M 55 P 16 1 3 6 7 8 9 11 12 14 15 17 18 19 20 21 22
M 56 G 14
M 58 P 3 3 11 15
M 61 P 21 1 2 3 4 5 6 7 8 9 10 11 12 13 14 15 16 17 18 19 21 22
M 62 G 3
M 63 P 22 1 2 3 4 5 6 7 8 9 10 11 12 13 14 15 16 17 18 19 20 21 22
M 64 G 20
M 65 P 1 16
M 66 P 6 2 6 11 13 14 15
M 67 P 7 4 9 10 12 15 17 21
M 69 P 7 3 4 5 6 8 14 17
M 71 P 18 3 4 6 7 8 9 10 11 12 13 14 15 16 17 19 20 21 22
M 72 P 13 1 4 5 7 12 13 14 15 17 19 20 21 22
M 75 P 13 4 5 6 7 8 10 13 16 18 19 20 21 22
M 76 G 14
M 77 P 5 5 10 12 18 22
M 78 P 3 1 8 13
M 79 P 10 1 4 6 7 9 13 15 16 18 22
M 80 G 9
M 81 G 3
M 82 P 4 12 16 17 22
M 84 G 3
M 86 G 12
M 87 P 16 2 4 5 6 7 8 11 12 13 14 15 16 17 20 21 22
M 89 G 2
T
C 2 3 7 8 13 14 17 18 19 20 21
M 5 G 21
M 13 G 13
M 19 P 18 2 3 4 6 8 9 10 11 12 13 14 15 16 17 18 20 21 22
M 20 G 8
M 30 G 17
M 35 P 6 1 7 8 11 19 20
M 36 S 17 9
M 39 P 8 4 7 11 13 17 18 20 22
M 40 S 21 11
M 45 G 18
M 54 G 9
M 68 G 19
M 69 G 14
M 72 G 8
M 74 S 14 22
M 77 G 19
M 79 P 9 5 6 8 12 13 16 19 20 21
M 80 G 8
M 81 G 2
M 90 P 18 1 2 3 4 5 6 7 8 9 10 11 14 16 17 18 20 21 22
T
C 1 2 3 4 6 8 9 11 18 21 22
M 1 P 8 1 4 9 11 12 15 17 21
M 3 S 11 10
M 6 P 13 1 4 6 8 9 13 16 17 18 19 20 21 22
M 8 G 22
M 14 P 13 3 4 6 7 8 11 12 14 15 16 18 19 20
M 16 S 8 15
M 18 G 1
M 19 G 6
M 23 G 9
M 24 P 5 1 7 13 19 21
M 26 S 15 13
M 30 P 3 10 12 19
M 31 P 2 11 14
M 37 P 21 1 2 3 4 5 6 7 8 9 10 11 12 13 14 15 16 17 18 20 21 22
M 38 G 1
M 39 P 6 1 2 5 7 13 15
M 42 G 6
M 43 P 19 1 2 3 4 5 8 9 10 11 13 14 15 16 17 18 19 20 21 22
M 44 G 2
M 46 G 21
M 47 P 14 1 3 4 6 8 9 10 12 13 14 17 18 19 20
M 48 G 3
M 50 G 21
M 52 G 1
M 54 G 3
M 56 G 18
M 59 P 1 21
M 62 P 9 3 4 8 11 12 14 17 20 22
M 64 G 1
M 70 P 15 3 4 6 7 9 11 12 13 15 16 17 18 19 21 22
M 72 P 22 1 2 3 4 5 6 7 8 9 10 11 12 13 14 15 16 17 18 19 20 21 22
M 74 P 17 1 2 3 4 5 6 7 8 9 10 11 13 14 18 19 21 22
M 77 G 9
M 79 P 12 3 4 6 7 11 13 14 15 16 19 20 22
M 80 P 20 1 3 4 5 6 7 8 9 10 11 12 13 14 15 16 17 18 20 21 22
M 83 G 13
M 86 G 22
M 87 P 17 1 2 3 4 5 7 9 10 11 12 14 16 17 18 19 21 22
T
C 3 4 6 7 11 13 14 18 19 21 22
M 1 P 11 4 7 8 9 11 12 13 14 15 16 21
M 2 G 21
M 3 S 7 10
M 4 S 4 1
M 5 S 21 20
M 7 P 17 1 2 3 4 7 9 10 11 12 13 14 15 17 18 19 20 22
M 8 G 10
M 9 P 13 2 4 5 7 8 9 10 13 15 18 20 21 22
M 10 P 13 1 2 3 4 6 7 8 13 16 19 20 21 22
M 11 P 18 1 2 3 4 5 6 7 8 11 12 13 15 16 18 19 20 21 22
M 12 P 7 1 6 7 11 12 19 22
M 13 G 3
M 14 G 1
M 15 G 13
M 16 P 16 3 5 6 7 8 10 11 12 13 14 15 16 17 18 20 21
M 17 P 16 1 2 3 4 5 6 7 8 9 13 15 16 17 18 20 21
M 18 G 18
M 19 G 20
M 20 P 14 1 2 3 5 7 8 10 11 13 14 15 16 18 19
M 21 G 3
M 22 G 20
M 23 G 22
M 24 P 7 1 5 6 15 16 20 22
M 25 G 13
M 26 G 6
M 27 G 6
M 29 G 1
M 30 P 14 1 3 6 7 8 9 10 11 12 13 15 17 20 21
M 31 G 13
M 32 G 20
M 33 P 7 2 5 7 8 12 15 21
M 34 P 6 2 7 13 15 21 22
M 35 G 19
M 36 G 20
M 37 P 10 1 3 8 9 10 12 13 15 18 22
M 38 G 1
M 39 G 22
M 40 G 13
M 41 G 3
M 42 P 12 1 3 4 5 6 8 9 10 11 17 21 22
M 43 P 20 1 2 3 5 6 7 8 9 10 11 12 13 14 15 16 17 18 20 21 22
M 44 P 17 2 4 5 6 7 8 9 10 11 12 13 14 16 17 20 21 22
M 47 G 14
M 49 G 14
M 50 P 9 5 7 8 12 13 14 18 21 22
M 51 P 2 1 20
M 52 G 20
M 54 P 17 1 2 3 4 5 6 7 9 10 12 14 15 17 18 19 20 21
M 55 G 6
M 56 G 19
M 57 P 6 2 3 4 7 8 18
M 58 P 8 5 7 9 12 14 16 17 20
M 59 P 19 1 2 3 4 5 6 7 8 9 11 12 13 14 15 16 18 20 21 22
M 60 P 16 2 3 5 6 7 8 9 10 13 15 16 17 18 20 21 22
M 61 P 21 1 2 3 4 5 6 7 8 9 11 12 13 14 15 16 17 18 19 20 21 22
M 62 P 5 5 8 10 11 12
M 63 G 11
M 64 G 20
M 65 G 1
M 66 G 14
M 67 P 19 1 2 3 4 6 8 9 10 11 12 13 14 15 16 17 18 19 21 22
M 68 G 6
M 69 G 11
M 70 P 3 15 17 22
M 71 P 7 2 5 6 12 13 16 22
M 72 G 20
M 73 G 1
M 74 P 20 1 2 3 4 5 6 7 8 9 10 11 12 14 15 16 17 18 19 20 21
M 75 G 20
M 76 P 12 2 5 6 10 11 12 14 15 16 18 19 21
M 77 P 13 2 4 5 7 8 9 12 13 14 17 18 21 22
M 78 G 1
M 79 P 17 3 4 5 7 8 9 10 11 12 13 14 15 17 19 20 21 22
M 81 P 9 1 5 6 7 13 14 16 17 20
M 82 G 3
M 83 P 20 1 2 3 4 5 6 7 8 10 11 12 13 14 15 16 17 18 19 20 22
M 84 P 15 2 4 6 7 8 9 10 11 12 14 15 18 19 20 22
M 85 G 19
M 86 P 3 5 10 13
M 87 P 18 1 2 3 5 6 8 9 10 11 12 13 14 15 16 17 18 20 22
M 88 G 11
T
C 2 3 4 5 6 7 8 10 12 14 20
M 2 S 3 15
M 3 P 2 10 15
M 4 P 4 2 12 16 18
M 6 P 7 7 8 11 14 15 19 21
M 8 G 4
M 9 G 7
M 11 P 10 1 7 9 11 12 14 15 17 20 21
M 12 S 10 13
M 15 G 15
M 16 S 14 22
M 18 P 3 1 17 21
M 19 P 10 2 4 5 6 7 8 14 17 19 21
M 20 G 22
M 21 P 21 1 3 4 5 6 7 8 9 10 11 12 13 14 15 16 17 18 19 20 21 22
M 22 G 13
M 24 P 22 1 2 3 4 5 6 7 8 9 10 11 12 13 14 15 16 17 18 19 20 21 22
M 25 P 19 1 2 3 4 5 6 7 8 10 11 12 13 14 17 18 19 20 21 22
M 26 P 12 1 3 5 7 9 10 11 12 14 17 20 22
M 30 G 4
M 31 P 7 1 3 13 14 19 21 22
M 33 P 5 2 6 11 14 17
M 35 G 12
M 36 P 2 2 20
M 37 G 22
M 38 G 22
M 41 P 11 1 2 3 7 10 11 13 14 17 20 21
M 42 P 12 3 7 8 9 10 12 14 15 16 18 19 20
M 43 P 20 1 2 4 5 6 7 8 9 10 11 12 13 14 16 17 18 19 20 21 22
M 45 G 8
M 48 P 6 2 5 9 13 19 21
M 53 P 12 1 4 5 7 8 9 10 13 14 18 19 21
M 54 P 22 1 2 3 4 5 6 7 8 9 10 11 12 13 14 15 16 17 18 19 20 21 22
M 55 G 8
M 57 P 17 1 2 3 5 6 7 8 9 10 11 14 16 18 19 20 21 22
M 58 P 9 2 6 7 9 10 15 16 19 22
M 60 P 21 1 2 3 4 5 6 7 8 9 10 11 12 14 15 16 17 18 19 20 21 22
M 61 G 5
M 62 P 16 1 2 4 5 6 7 8 9 10 13 14 16 18 20 21 22
M 66 P 6 3 4 12 19 20 21
M 68 P 3 1 6 17
M 71 P 7 2 5 12 17 18 20 21
M 73 G 13
M 75 P 5 4 9 10 14 21
M 77 P 9 1 3 6 13 16 17 20 21 22
M 78 P 20 1 2 3 4 5 6 7 8 9 10 11 12 13 14 16 18 19 20 21 22
M 79 G 7
M 80 P 4 9 11 12 20
M 82 G 5
M 83 G 4
M 84 G 20
M 85 P 6 2 4 8 16 18 19
M 87 P 6 1 2 9 11 12 18
M 89 P 5 2 7 12 18 20
M 90 P 7 3 8 9 13 15 21 22
T
C 1 2 4 6 7 10 12 13 15 16 19
M 1 P 17 1 2 5 6 8 9 10 11 12 13 14 16 17 18 19 20 21
M 2 S 10 9
M 3 P 19 1 2 3 4 5 6 8 9 10 11 12 13 14 15 17 18 19 21 22
M 5 G 2
M 6 P 7 7 11 12 13 15 20 22
M 7 S 12 14
M 8 S 14 17
M 9 P 5 2 17 20 21 22
M 11 P 20 1 2 3 4 5 6 7 8 9 10 11 12 13 14 15 16 17 18 21 22
M 12 G 16
M 13 G 2
M 14 P 12 1 2 3 5 6 8 9 10 12 13 14 17
M 15 G 13
M 16 G 17
M 18 P 1 7
M 19 G 2
M 20 G 7
M 21 G 7
M 22 G 19
M 23 P 13 1 4 5 6 7 8 9 10 13 15 18 19 21
M 24 P 16 1 3 4 5 6 7 8 9 10 11 13 16 17 18 20 21
M 26 G 16
M 27 G 15
M 28 P 22 1 2 3 4 5 6 7 8 9 10 11 12 13 14 15 16 17 18 19 20 21 22
M 29 G 4
M 31 P 18 1 2 3 4 6 7 8 10 11 12 13 15 16 17 18 19 20 22
M 32 G 16
M 33 P 8 5 7 8 9 11 12 13 17
M 34 P 16 1 3 4 5 7 9 10 11 12 13 14 15 17 19 20 21
M 35 P 7 1 4 7 8 12 13 19
M 36 P 19 1 2 3 5 6 7 8 9 10 11 13 14 16 17 18 19 20 21 22
M 37 G 2
M 40 G 1
M 41 P 18 1 2 3 4 5 6 7 8 9 10 11 12 13 15 19 20 21 22
M 42 G 1
M 44 G 4
M 45 P 14 1 2 4 5 6 7 10 12 13 15 16 17 18 19
M 46 P 21 1 2 3 4 5 6 7 8 9 11 12 13 14 15 16 17 18 19 20 21 22
M 47 P 15 1 2 3 6 7 8 10 12 15 16 17 18 19 20 21
M 48 P 6 2 6 7 17 20 21
M 49 P 20 1 2 3 4 5 7 9 10 11 12 13 14 15 16 17 18 19 20 21 22
M 52 P 16 2 4 6 7 8 9 10 12 14 16 17 18 19 20 21 22
M 53 G 9
M 54 G 15
M 55 P 9 1 3 4 5 8 9 11 13 22
M 56 P 22 1 2 3 4 5 6 7 8 9 10 11 12 13 14 15 16 17 18 19 20 21 22
M 59 P 22 1 2 3 4 5 6 7 8 9 10 11 12 13 14 15 16 17 18 19 20 21 22
M 60 G 15
M 61 P 22 1 2 3 4 5 6 7 8 9 10 11 12 13 14 15 16 17 18 19 20 21 22
M 63 G 2
M 64 P 10 1 2 4 6 8 9 16 18 20 22
M 66 P 3 5 9 20
M 67 P 19 1 2 3 4 5 7 8 9 10 11 12 13 14 15 17 19 20 21 22
M 68 P 9 3 4 5 8 11 12 13 14 22
M 69 P 11 2 4 5 10 12 13 14 16 17 19 22
M 70 G 17
M 71 P 17 1 2 4 5 6 7 8 9 10 11 12 13 14 15 16 19 20
M 73 P 9 3 5 6 10 11 13 16 19 20
M 76 G 13
M 77 G 15
M 78 G 16
M 79 P 15 1 3 5 6 7 8 10 12 13 14 15 17 18 21 22
M 82 G 15
M 83 G 15
M 84 G 6
M 85 G 16
M 87 P 22 1 2 3 4 5 6 7 8 9 10 11 12 13 14 15 16 17 18 19 20 21 22
M 88 P 12 2 4 6 8 9 10 13 15 16 17 18 21
M 89 G 16
T
C 1 2 4 5 6 8 10 12 15 18 19
M 2 P 14 1 3 4 5 7 9 12 13 15 16 17 18 19 22
M 3 G 12
M 4 G 15
M 5 P 21 2 3 4 5 6 7 8 9 10 11 12 13 14 15 16 17 18 19 20 21 22
M 6 S 1 7
M 7 G 4
M 8 P 12 1 2 5 8 10 11 12 14 15 16 18 20
M 9 S 19 21
M 10 G 6
M 11 P 18 1 2 3 4 5 6 7 8 9 10 11 12 13 15 16 18 19 20
M 12 G 7
M 13 S 18 13
M 14 P 15 2 5 6 7 8 9 10 11 12 13 15 17 19 20 21
M 15 P 15 1 3 4 7 9 12 13 15 16 17 18 19 20 21 22
M 16 G 13
M 17 P 2 2 17
M 18 P 2 3 18
M 19 G 13
M 20 P 8 3 4 5 6 7 16 20 22
M 21 G 21
M 22 G 10
M 23 G 15
M 25 P 11 1 8 9 10 11 12 17 18 19 20 22
M 26 G 8
M 27 P 16 1 3 6 7 8 9 10 11 12 13 14 15 16 17 19 21
M 28 G 5
M 29 P 9 1 9 13 14 15 16 17 20 21
M 30 G 10
M 31 P 7 5 7 8 10 11 16 19
M 32 G 6
M 33 G 5
M 34 P 3 3 13 15
M 35 P 11 4 5 10 11 12 13 14 17 18 19 22
M 36 P 17 1 3 5 6 7 8 10 11 13 14 15 16 17 19 20 21 22
M 37 P 15 1 2 4 5 6 7 9 13 14 15 17 18 19 20 22
M 39 G 15
M 40 G 4
M 41 G 2
M 43 P 7 1 6 8 14 17 20 21
M 44 P 18 1 2 3 4 6 7 8 9 11 12 13 15 16 17 18 19 20 21
M 45 G 4
M 46 G 5
M 47 P 2 1 8
M 49 P 4 5 13 20 22
M 50 G 21
M 52 P 5 4 8 15 16 20
M 53 G 2
M 54 G 10
M 55 G 15
M 56 P 1 22
M 57 P 11 1 2 4 5 6 9 13 14 17 21 22
M 58 P 14 1 2 3 5 6 8 9 10 11 13 18 19 21 22
M 60 G 10
M 61 G 13
M 62 P 9 5 7 9 11 13 14 16 20 22
M 63 P 5 5 13 15 16 18
M 64 G 5
M 65 G 10
M 66 G 5
M 68 G 6
M 69 P 8 2 3 5 9 11 14 15 20
M 70 P 22 1 2 3 4 5 6 7 8 9 10 11 12 13 14 15 16 17 18 19 20 21 22
M 72 G 12
M 74 P 12 1 2 4 6 7 10 11 12 16 18 20 22
M 76 G 2
M 77 G 12
M 79 G 4
M 80 G 13
M 82 P 12 1 2 3 4 5 6 9 10 13 15 19 20
M 83 G 2
M 84 P 17 1 2 4 5 7 8 9 11 12 13 14 16 17 18 19 20 22
M 85 P 13 1 2 3 5 6 9 10 13 14 16 18 21 22
M 87 P 20 1 2 3 4 5 6 7 8 9 10 11 12 13 15 17 18 19 20 21 22
M 88 P 15 1 3 4 6 7 8 10 11 12 14 16 17 18 20 21
M 89 P 6 2 9 12 13 15 20
M 90 P 20 1 2 4 5 6 7 9 10 11 12 13 14 15 16 17 18 19 20 21 22
T
C 4 5 8 9 10 13 14 16 20 21 22
M 2 G 13
M 3 S 20 18
M 20 S 16 19
M 22 P 4 7 16 19 20
M 23 G 5
M 26 S 14 11
M 28 G 11
M 31 P 7 5 7 11 12 17 20 22
M 37 P 19 1 2 3 4 5 7 8 9 10 11 12 13 15 17 18 19 20 21 22
M 38 G 8
M 40 P 14 1 2 3 4 5 7 8 12 13 14 17 19 21 22
M 42 P 17 1 2 4 6 7 8 9 10 12 13 15 16 17 18 19 21 22
M 47 P 15 1 3 4 5 6 10 11 12 14 17 18 19 20 21 22
M 50 P 11 2 5 6 7 11 14 15 18 19 21 22
M 52 P 8 2 6 15 16 18 19 20 22
M 56 G 13
M 59 P 19 1 2 3 4 5 6 7 9 10 11 13 14 15 16 17 18 19 21 22
M 60 G 11
M 62 G 4
M 65 G 8
M 73 P 12 3 5 6 8 10 11 12 13 14 15 20 21
M 76 P 13 2 6 8 10 11 12 14 15 17 18 20 21 22
M 80 P 2 12 22
M 84 G 18
M 86 G 21
M 90 P 12 1 2 6 7 8 9 10 12 14 15 18 22
T
C 5 6 9 10 12 13 15 16 18 21 22
M 3 P 22 1 2 3 4 5 6 7 8 9 10 11 12 13 14 15 16 17 18 19 20 21 22
M 5 S 12 11
M 19 G 18
M 26 P 21 1 2 3 4 5 6 7 8 9 10 11 12 13 15 16 17 18 19 20 21 22
M 33 G 5
M 38 S 13 2
M 40 S 15 20
M 49 P 6 1 5 10 16 18 22
M 50 P 9 3 5 7 11 12 15 16 17 20
M 52 G 18
M 54 P 19 1 3 4 5 6 7 8 9 12 13 14 15 16 17 18 19 20 21 22
M 59 P 3 15 17 20
M 60 P 20 1 2 3 4 5 6 7 8 9 10 11 12 13 14 15 17 19 20 21 22
M 65 G 10
M 67 G 5
M 70 G 9
M 75 G 16
M 77 P 17 2 3 4 5 6 7 10 11 12 14 15 16 17 18 20 21 22
M 78 G 6
M 85 P 9 3 6 10 14 15 17 18 20 22
M 89 G 11
M 90 P 12 1 3 4 5 8 9 10 13 14 15 18 20
T
C 4 5 6 7 8 10 11 12 16 17 20
M 1 G 17
M 5 S 20 14
M 9 S 4 2
M 17 G 2
M 26 P 22 1 2 3 4 5 6 7 8 9 10 11 12 13 14 15 16 17 18 19 20 21 22
M 27 S 14 22
M 44 G 5
M 53 G 11
M 67 P 12 2 4 6 7 9 10 11 12 15 16 17 20
M 88 P 7 1 6 7 8 10 16 22
M 90 P 10 2 4 6 8 9 10 17 19 21 22
T
C 3 5 6 7 8 12 15 17 18 19 22
M 7 S 7 4
M 52 P 18 1 2 3 5 8 9 11 12 13 14 15 16 17 18 19 20 21 22
M 73 S 22 14
M 90 P 6 1 9 10 13 17 21
T
C 3 4 6 10 11 13 14 15 16 20 22
M 2 S 20 9
M 4 S 16 19
M 5 P 17 1 2 3 4 5 6 7 9 11 13 14 15 17 18 19 21 22
M 6 G 15
M 7 S 13 2
M 8 G 14
M 9 P 14 2 4 5 6 8 11 14 15 16 17 18 20 21 22
M 10 P 17 1 2 3 4 5 6 7 8 9 10 13 14 15 17 19 21 22
M 11 P 9 2 6 8 9 13 17 18 19 20
M 12 G 15
M 13 G 11
M 16 G 4
M 17 P 9 1 3 4 5 11 13 14 19 20
M 18 G 15
M 19 P 5 4 12 14 17 19
M 21 G 9
M 22 G 4
M 24 G 10
M 25 P 2 3 19
M 26 G 4
M 27 P 2 1 15
M 28 P 8 1 7 11 12 15 16 18 21
M 29 G 2
M 36 P 17 1 2 3 4 5 6 9 10 11 12 13 14 15 16 18 20 21
M 38 G 3
M 39 G 3
M 41 G 22
M 44 G 6
M 46 P 5 4 5 8 17 18
M 49 G 2
M 50 P 12 2 3 4 6 7 8 9 11 12 14 16 19
M 51 P 14 1 3 4 5 6 9 10 11 12 15 16 19 20 21
M 52 G 2
M 53 P 1 14
M 54 P 14 2 3 5 8 9 13 14 15 16 17 19 20 21 22
M 57 P 3 1 3 9
M 59 P 21 1 2 3 4 5 6 7 9 10 11 12 13 14 15 16 17 18 19 20 21 22
M 60 P 17 1 3 4 5 7 8 10 11 12 14 15 16 17 18 19 20 21
M 61 G 11
M 63 P 14 1 2 4 7 8 9 11 12 13 16 17 18 20 21
M 67 G 2
M 73 P 11 3 4 8 9 10 12 14 15 16 18 21
M 77 P 3 3 12 16
M 79 G 4
M 80 P 10 2 3 5 7 8 14 17 18 21 22
M 81 G 10
M 82 G 4
M 85 G 3
M 86 G 6
M 87 G 3
M 88 G 10
M 90 P 15 1 2 3 4 6 7 10 11 13 14 16 18 19 20 21
T
C 1 3 5 8 9 10 14 16 17 18 21
M 3 S 5 15
M 6 P 5 4 6 8 13 22
M 8 S 18 6
M 9 G 14
M 10 G 14
M 14 P 1 6
M 18 P 1 16
M 24 S 21 19
M 25 G 8
M 33 P 5 6 7 8 18 21
M 38 P 14 1 6 9 10 11 12 15 16 17 18 19 20 21 22
M 39 G 19
M 40 P 13 1 3 4 5 6 8 9 10 12 13 14 16 20
M 46 P 18 1 2 3 4 5 6 7 9 10 11 12 13 14 15 16 17 18 21
M 54 P 8 2 3 7 9 17 18 19 20
M 57 P 16 1 2 4 5 9 10 11 12 13 14 15 16 18 20 21 22
M 59 P 8 1 5 7 10 13 16 17 21
M 66 G 9
M 67 P 18 1 2 3 4 7 8 9 10 11 12 14 15 16 17 18 20 21 22
M 68 P 8 4 5 7 8 11 15 17 20
M 71 P 15 2 3 5 6 8 10 11 12 14 15 17 18 19 20 22
M 72 P 18 1 3 5 6 8 9 10 11 12 14 15 16 17 18 19 20 21 22
M 73 G 3
M 79 P 7 4 5 6 8 12 14 17
M 84 P 22 1 2 3 4 5 6 7 8 9 10 11 12 13 14 15 16 17 18 19 20 21 22
M 86 P 10 4 5 9 10 11 12 14 15 19 20
M 88 P 19 1 2 3 4 5 6 7 8 9 11 12 15 16 17 18 19 20 21 22
T
C 1 4 5 10 11 12 13 17 19 21 22
M 1 S 12 16
M 2 P 7 2 4 8 10 11 15 18
M 3 G 13
M 4 P 19 1 2 3 4 5 6 7 8 9 10 13 14 15 16 17 18 19 20 22
M 5 G 1
M 9 S 4 6
M 10 G 10
M 12 G 1
M 13 S 10 9
M 14 G 1
M 15 P 22 1 2 3 4 5 6 7 8 9 10 11 12 13 14 15 16 17 18 19 20 21 22
M 16 P 4 1 4 17 20
M 17 P 3 5 6 7
M 18 G 6
M 19 G 9
M 20 G 17
M 21 P 19 1 4 5 6 7 8 10 11 12 13 14 15 16 17 18 19 20 21 22
M 22 G 22
M 23 G 1
M 24 G 16
M 26 G 16
M 27 G 17
M 28 G 6
M 29 P 8 1 2 11 14 16 19 20 21
M 30 G 13
M 32 P 20 1 2 3 5 6 7 8 9 10 11 12 13 15 16 17 18 19 20 21 22
M 33 G 1
M 34 G 22
M 35 G 11
M 36 P 14 1 3 5 7 11 12 13 15 16 17 19 20 21 22
M 37 G 9
M 39 G 11
M 40 P 17 1 3 4 5 6 7 8 9 10 11 12 14 15 18 19 20 21
M 41 G 11
M 42 G 1
M 43 G 19
M 44 P 15 1 2 3 5 6 7 8 9 10 13 14 15 17 18 22
M 45 P 7 4 5 6 7 19 21 22
M 46 G 16
M 47 P 11 2 3 7 8 11 13 15 18 19 21 22
M 48 G 16
M 49 G 21
M 50 G 13
M 51 G 21
M 52 G 17
M 53 G 17
M 54 P 14 1 2 3 5 6 7 8 9 10 12 13 16 17 21
M 55 G 19
M 57 G 11
M 58 G 21
M 59 G 16
M 61 G 5
M 62 G 21
M 63 G 22
M 64 G 9
M 66 G 16
M 67 G 22
M 68 G 5
M 69 P 20 1 2 4 5 6 7 8 10 11 12 13 14 15 16 17 18 19 20 21 22
M 70 P 15 2 3 4 5 7 10 11 12 14 15 16 18 20 21 22
M 71 G 1
M 72 G 9
M 74 G 1
M 75 P 3 2 5 12
M 76 P 19 1 2 5 6 7 8 10 11 12 13 14 15 16 17 18 19 20 21 22
M 77 G 16
M 79 P 16 2 3 4 5 6 8 9 11 12 13 14 15 16 20 21 22
M 80 P 12 1 2 3 4 7 12 13 14 16 17 18 20
M 81 G 13
M 83 P 14 1 2 3 7 9 10 11 12 14 15 17 19 21 22
M 84 P 22 1 2 3 4 5 6 7 8 9 10 11 12 13 14 15 16 17 18 19 20 21 22
M 86 P 2 17 22
M 87 G 9
M 88 P 9 3 5 6 9 11 12 16 17 18
T
C 1 2 8 10 12 14 16 18 19 21 22
M 1 G 10
M 2 G 8
M 4 S 10 17
M 6 G 8
M 7 G 17
M 8 S 8 13
M 9 S 1 20
M 10 G 14
M 11 G 18
M 12 P 15 1 2 3 4 5 7 10 12 13 14 15 16 18 21 22
M 13 G 20
M 15 G 2
M 17 P 21 1 2 3 4 5 6 7 8 9 10 11 13 14 15 16 17 18 19 20 21 22
M 18 P 2 6 17
M 20 P 18 1 2 3 4 5 6 7 8 9 10 11 12 13 15 17 18 20 22
M 21 P 17 1 2 4 5 6 8 9 10 12 13 14 15 16 18 20 21 22
M 22 G 13
M 23 P 17 1 2 3 4 5 6 7 8 9 11 12 14 16 17 20 21 22
M 26 G 19
M 27 G 13
M 28 P 4 3 7 13 21
M 31 G 16
M 33 G 20
M 34 P 9 3 5 6 7 8 15 17 18 22
M 36 G 18
M 37 G 19
M 38 P 22 1 2 3 4 5 6 7 8 9 10 11 12 13 14 15 16 17 18 19 20 21 22
M 39 G 16
M 40 G 21
M 42 P 5 4 11 13 15 17
M 43 P 17 1 2 3 5 6 7 8 10 12 13 14 15 16 18 20 21 22
M 44 P 3 8 9 13
M 46 G 2
M 47 P 21 1 2 3 4 5 6 7 8 9 10 11 12 13 14 15 16 17 18 19 20 21
M 49 G 16
M 50 G 16
M 51 G 12
M 52 P 10 3 4 6 10 11 12 16 17 18 22
M 54 G 21
M 55 G 2
M 56 P 3 13 17 19
M 57 G 16
M 58 G 19
M 61 G 2
M 62 P 17 1 2 3 4 6 9 10 12 13 14 15 16 17 18 19 21 22
M 63 G 21
M 65 P 11 1 5 7 8 10 11 16 17 18 19 21
M 66 G 22
M 67 G 14
M 68 P 16 1 2 3 6 7 8 9 10 12 13 14 15 19 20 21 22
M 69 P 10 1 4 7 8 12 14 17 18 19 20
M 70 G 22
M 72 P 2 8 20
M 73 G 14
M 74 P 12 1 3 4 5 6 7 8 10 13 18 21 22
M 75 G 21
M 76 G 2
M 78 G 22
M 79 G 17
M 80 P 9 2 5 7 8 9 13 16 18 20
M 81 P 2 19 21
M 82 G 22
M 86 P 1 1
M 87 P 21 1 2 3 4 5 6 8 9 10 11 12 13 14 15 16 17 18 19 20 21 22
M 89 G 18
T
C 1 2 4 7 9 10 14 16 17 19 21
M 2 G 10
M 4 S 2 18
M 6 P 17 1 2 3 4 5 6 7 8 9 10 12 13 15 16 17 21 22
M 9 S 18 12
M 15 G 12
M 17 P 16 2 3 5 6 7 10 11 12 14 15 16 17 18 19 20 22
M 19 G 7
M 23 S 14 11
M 24 P 14 2 4 5 8 9 11 12 14 15 17 18 19 21 22
M 29 P 13 1 3 4 5 6 7 8 10 11 12 16 19 21
M 32 G 21
M 39 G 19
M 40 P 20 1 2 3 4 5 6 8 9 10 11 12 13 14 15 16 17 18 19 20 21
M 48 G 11
M 59 G 1
M 63 P 5 6 9 14 21 22
M 64 G 1
M 72 G 21
M 74 P 19 1 2 3 4 6 7 8 9 10 11 12 13 14 15 17 18 19 20 22
M 75 P 11 2 4 5 6 7 8 13 14 18 20 21
M 76 G 7
M 78 P 19 1 2 3 4 5 6 8 10 11 12 14 15 16 17 18 19 20 21 22
M 80 P 16 1 2 3 4 5 7 8 10 12 13 14 15 19 20 21 22
M 82 G 11
M 85 G 7
M 89 G 9
M 90 P 14 2 5 7 8 9 10 13 15 16 17 18 19 20 21
T
C 2 6 7 10 11 15 16 18 19 20 21
M 1 P 4 1 3 7 11
M 2 S 18 12
M 3 G 15
M 4 P 10 2 4 10 11 13 15 17 19 21 22
M 5 S 12 22
M 6 S 22 13
M 8 G 10
M 9 P 21 1 2 3 4 5 6 7 8 9 10 11 12 13 14 15 16 17 18 20 21 22
M 11 P 10 1 2 4 5 6 7 8 15 19 20
M 13 G 19
M 15 P 9 5 8 10 13 14 16 18 20 22
M 17 G 7
M 18 P 19 1 2 3 4 6 7 8 10 11 12 13 14 16 17 18 19 20 21 22
M 20 P 17 1 2 4 5 6 8 9 10 11 12 14 15 17 18 19 20 22
M 21 G 11
M 22 G 16
M 23 G 7
M 24 P 4 4 10 11 12
M 27 G 15
M 29 G 7
M 37 G 10
M 38 P 5 9 14 15 18 20
M 39 P 3 3 13 22
M 42 G 15
M 43 G 15
M 45 G 11
M 48 P 17 2 3 4 5 6 7 9 11 12 13 14 16 17 18 19 20 21
M 55 P 19 2 3 4 5 6 8 9 10 11 13 14 15 16 17 18 19 20 21 22
M 56 P 7 1 5 8 12 17 21 22
M 57 P 19 1 2 3 5 6 7 9 10 12 13 14 15 16 17 18 19 20 21 22
M 58 P 4 2 9 15 19
M 59 P 18 1 2 3 4 5 8 10 11 12 13 14 15 16 17 18 19 20 21
M 60 P 16 2 3 5 7 8 9 11 12 14 16 17 18 19 20 21 22
M 61 P 7 5 7 10 14 15 17 20
M 62 G 21
M 64 G 13
M 65 G 7
M 67 G 20
M 70 P 16 1 2 3 5 7 8 9 10 11 14 15 16 17 18 19 20
M 72 G 6
M 73 P 16 1 2 4 5 8 9 10 12 13 14 15 17 19 20 21 22
M 76 G 13
M 77 G 20
M 78 G 20
M 80 G 6
M 81 P 21 1 2 3 4 5 6 8 9 10 11 12 13 14 15 16 17 18 19 20 21 22
M 82 G 11
M 83 G 10
M 85 G 16
M 86 P 16 1 2 3 5 6 8 9 10 11 12 15 16 17 18 19 22
M 87 P 15 2 3 5 6 7 8 10 11 12 13 17 18 19 20 22
M 88 P 2 16 22
T
C 1 3 4 6 7 11 12 13 17 18 21
M 1 G 18
M 8 P 10 2 3 4 5 10 11 13 18 20 22
M 18 G 11
M 22 S 21 15
M 28 G 4
M 32 G 1
M 37 P 7 1 2 10 11 12 15 19
M 42 G 17
M 45 P 4 1 4 8 9
M 46 G 13
M 52 P 21 1 2 3 4 5 6 7 8 9 10 11 12 13 14 15 16 17 18 19 20 21
M 55 G 4
M 57 S 11 8
M 58 G 12
M 60 S 6 2
M 62 G 7
M 63 G 15
M 64 P 12 1 2 3 6 8 9 10 11 13 15 18 21
M 66 P 9 1 3 8 10 11 15 16 17 21
M 68 G 4
M 69 P 12 1 5 6 9 10 15 16 17 18 20 21 22
M 71 G 3
M 75 P 11 2 4 6 9 10 12 16 17 20 21 22
M 76 G 1
M 80 G 7
M 84 G 7
M 86 G 2
M 88 P 15 1 2 4 6 8 11 12 13 14 16 18 19 20 21 22
M 90 P 8 2 5 6 11 12 13 21 22
T
C 1 2 3 6 8 9 12 13 16 21 22
M 1 G 9
M 5 S 9 7
M 6 G 16
M 7 P 20 2 3 4 5 6 7 8 9 10 11 12 13 14 15 16 17 19 20 21 22
M 10 S 8 17
M 11 P 4 6 7 19 22
M 12 S 22 18
M 13 G 6
M 14 P 13 2 3 4 5 6 7 8 9 10 12 13 18 21
M 15 P 4 5 8 11 15
M 16 G 2
M 18 G 1
M 20 P 13 3 4 6 7 8 10 11 12 14 19 20 21 22
M 21 P 9 1 2 3 4 5 6 7 20 22
M 22 P 18 1 3 4 5 6 7 9 10 11 13 14 15 16 17 19 20 21 22
M 24 P 7 2 4 5 7 15 17 18
M 25 P 12 1 2 3 4 9 10 13 15 16 17 19 20
M 27 P 18 1 2 3 5 6 8 11 12 13 14 15 16 17 18 19 20 21 22
M 28 P 3 1 6 11
M 29 G 12
M 30 G 2
M 31 P 1 17
M 32 P 14 1 2 5 6 8 9 11 12 14 15 16 17 19 22
M 33 P 20 1 2 3 4 5 6 7 9 10 11 12 13 14 15 17 18 19 20 21 22
M 35 P 4 9 16 17 18
M 37 G 12
M 38 P 1 5
M 40 P 5 5 8 18 20 22
M 41 G 13
M 42 P 2 9 16
M 44 G 6
M 45 G 2
M 46 P 12 1 2 4 7 8 10 11 12 13 14 15 16
M 48 P 4 15 18 19 20
M 50 P 12 1 4 5 6 12 14 15 16 17 20 21 22
M 51 P 22 1 2 3 4 5 6 7 8 9 10 11 12 13 14 15 16 17 18 19 20 21 22
M 52 G 16
M 53 P 6 1 7 8 19 20 21
M 54 P 3 6 7 21
M 55 P 17 1 2 4 5 7 8 9 10 13 14 15 16 17 18 20 21 22
M 56 P 21 1 2 3 4 5 6 7 8 9 10 12 13 14 15 16 17 18 19 20 21 22
M 57 G 2
M 58 G 13
M 59 P 10 2 3 4 5 10 11 15 17 18 19
M 60 G 21
M 61 P 17 1 2 3 4 5 6 9 11 12 13 16 17 18 19 20 21 22
M 63 P 11 1 5 7 9 11 13 16 18 20 21 22
M 64 G 18
M 65 P 14 2 3 4 6 7 8 9 12 13 15 16 19 21 22
M 66 G 3
M 68 G 16
M 69 P 13 1 2 3 4 5 8 9 11 12 18 20 21 22
M 70 G 1
M 72 G 21
M 73 P 21 2 3 4 5 6 7 8 9 10 11 12 13 14 15 16 17 18 19 20 21 22
M 75 P 9 1 4 6 9 10 12 13 18 19
M 78 P 3 3 10 11
M 79 G 2
M 80 G 16
M 81 G 17
M 83 P 1 18
M 84 P 2 13 15
M 85 P 17 1 2 3 4 5 6 7 8 9 10 11 12 13 14 17 21 22
M 86 P 20 1 2 3 4 6 7 8 9 11 12 13 14 15 16 17 18 19 20 21 22
M 87 G 2
M 88 P 14 1 3 5 6 7 8 10 13 14 17 18 19 20 21
M 90 P 5 3 4 11 19 22
T
C 1 3 5 6 11 12 14 15 16 20 22
M 1 P 7 4 7 9 14 17 18 19
M 2 S 1 2
M 3 S 15 17
M 5 G 11
M 6 G 2
M 7 P 7 1 4 5 7 10 11 21
M 8 S 11 18
M 9 P 15 2 4 5 6 9 10 12 13 14 15 16 18 19 21 22
M 10 P 12 4 7 8 9 12 13 15 17 18 19 20 21
M 11 P 12 1 4 7 8 10 11 12 13 14 17 19 20
M 12 P 19 1 2 3 4 5 6 7 9 10 11 12 13 14 15 17 18 19 21 22
M 13 G 20
M 14 G 3
M 15 P 1 16
M 16 G 2
M 17 G 22
M 18 G 3
M 19 P 3 8 15 21
M 20 G 5
M 21 G 16
M 22 G 6
M 23 P 4 2 6 8 22
M 24 P 1 6
M 25 P 12 4 5 7 8 9 10 11 13 15 16 18 22
M 26 P 9 5 6 10 12 13 15 18 19 21
M 27 P 22 1 2 3 4 5 6 7 8 9 10 11 12 13 14 15 16 17 18 19 20 21 22
M 28 P 17 1 3 4 5 6 9 10 12 13 14 15 17 18 19 20 21 22
M 29 P 5 2 6 8 10 14
M 30 G 3
M 31 G 14
M 32 P 4 3 5 11 21
M 33 P 16 1 2 4 6 7 8 9 10 12 13 14 15 18 19 21 22
M 34 P 20 1 2 3 4 5 6 7 8 9 11 12 13 14 15 17 18 19 20 21 22
M 35 P 4 1 6 7 21
M 36 P 9 1 6 7 9 10 12 13 17 21
M 37 G 18
M 38 P 5 6 10 19 21 22
M 39 G 22
M 40 G 18
M 41 G 18
M 42 G 2
M 43 G 18
M 44 G 14
M 45 P 13 2 3 4 5 7 9 10 13 14 16 17 18 22
M 46 G 17
M 47 G 12
M 48 P 2 10 11
M 49 G 20
M 50 G 12
M 51 P 8 2 3 10 14 17 19 20 21
M 52 P 6 5 6 10 15 16 22
M 53 P 21 1 2 3 4 5 6 7 8 9 10 11 12 13 14 15 16 17 18 19 20 21
M 54 P 17 1 3 5 6 7 8 10 13 14 15 16 17 18 19 20 21 22
M 55 P 2 3 9
M 56 G 6
M 57 P 11 1 4 7 10 12 13 14 18 19 20 22
M 58 P 19 1 3 4 5 6 7 8 9 11 12 13 14 15 17 18 19 20 21 22
M 59 P 13 3 5 6 7 8 9 12 13 15 16 18 19 22
M 60 G 14
M 61 P 19 1 2 3 4 5 6 7 8 9 10 12 13 14 16 17 18 19 21 22
M 62 P 8 2 4 5 6 11 15 17 22
M 63 P 7 2 7 10 16 17 19 22
M 64 G 5
M 65 G 6
M 66 P 8 2 3 5 8 9 12 13 20
M 67 G 12
M 68 G 14
M 69 G 2
M 70 P 6 3 6 12 14 18 22
M 71 G 22
M 72 G 5
M 73 G 20
M 74 P 1 18
M 75 P 13 3 5 6 7 8 9 10 11 12 13 15 20 21
M 76 P 12 1 2 3 4 6 9 16 17 18 19 20 22
M 77 G 2
M 78 P 9 1 2 7 8 10 11 17 19 21
M 79 G 17
M 80 G 6
M 81 P 22 1 2 3 4 5 6 7 8 9 10 11 12 13 14 15 16 17 18 19 20 21 22
M 82 P 1 14
M 83 G 20
M 84 G 5
M 85 G 14
M 86 P 18 2 3 4 5 6 7 8 9 10 11 14 15 16 17 18 19 20 21
M 87 G 14
M 88 P 4 9 10 13 20
M 89 G 3
M 90 P 21 1 2 3 4 5 6 7 8 9 11 12 13 14 15 16 17 18 19 20 21 22
T
