30
C 1 5 6 7 9 10 13 17 19 20 21
M 1 G 10
M 2 P 10 2 3 4 7 11 14 18 19 20 22
M 3 S 20 4
M 4 S 9 11
M 5 S 6 8
M 6 P 13 1 2 4 5 7 8 10 11 16 17 18 21 22
M 7 P 20 1 2 3 5 6 7 9 10 11 12 13 14 15 16 17 18 19 20 21 22
M 8 P 4 8 10 11 18
M 9 G 21
M 10 G 7
M 11 G 10
M 12 P 17 1 2 3 4 6 7 8 10 12 13 15 16 17 18 19 20 21
M 13 G 5
M 14 G 7
M 15 P 6 11 16 18 19 21 22
M 18 G 13
M 19 G 5
M 20 P 12 1 2 5 7 9 11 12 14 16 19 20 21
M 21 P 6 2 3 9 13 15 16
M 22 G 8
M 23 P 9 1 2 7 11 14 15 19 20 22
M 24 P 16 1 3 4 5 6 9 11 12 14 15 16 17 18 19 21 22
M 25 P 15 1 2 3 5 6 7 10 12 13 14 16 18 19 21 22
M 27 G 1
M 28 G 17
M 29 P 14 6 8 9 10 11 12 13 14 15 17 18 19 20 21
M 30 G 21
M 31 G 13
M 32 P 2 9 19
M 33 P 19 1 3 4 5 6 7 8 9 10 11 12 14 15 16 17 19 20 21 22
M 34 P 20 1 2 3 4 5 6 7 8 9 10 11 12 13 14 15 16 17 20 21 22
M 35 G 1
M 36 G 11
M 37 G 11
M 38 G 17
M 39 G 21
M 40 G 11
M 41 G 13
M 42 P 10 3 6 8 10 13 14 15 17 19 21
M 43 G 17
M 44 P 19 1 2 5 6 8 9 10 11 12 13 14 15 16 17 18 19 20 21 22
M 45 G 7
M 46 P 9 4 5 7 10 11 13 16 21 22
M 47 P 18 1 2 3 4 5 6 7 8 9 10 12 13 15 17 18 20 21 22
M 48 G 11
M 49 P 14 1 2 3 4 7 8 9 10 12 13 15 17 19 20
M 50 G 21
M 51 P 4 2 14 19 21
M 52 P 21 1 2 3 4 5 6 7 8 9 10 11 13 14 15 16 17 18 19 20 21 22
M 53 G 7
M 54 P 7 2 3 4 9 12 15 18
M 55 G 10
M 56 P 17 1 2 3 4 5 6 8 9 10 12 14 16 18 19 20 21 22
M 57 P 1 14
M 58 G 5
M 59 P 18 2 3 4 5 6 7 8 9 13 14 15 16 17 18 19 20 21 22
M 60 P 10 1 4 6 7 8 12 14 17 18 20
M 61 G 17
M 62 P 7 2 3 4 11 15 16 17
M 63 P 12 1 3 5 8 9 10 11 13 14 18 20 21
M 64 P 1 7
M 65 P 7 1 5 8 9 13 14 17
M 66 P 7 1 4 5 7 12 13 14
M 67 P 6 7 8 13 16 17 21
M 68 G 19
M 69 G 19
M 70 P 3 13 19 22
M 71 P 3 5 11 12
M 73 P 21 1 2 3 4 5 6 7 8 9 10 11 12 13 14 15 16 17 18 19 20 21
M 74 G 10
M 75 G 13
M 76 G 1
M 77 G 13
M 78 G 19
M 79 P 2 1 11
M 80 P 8 2 9 10 13 15 16 18 22
M 81 G 5
M 82 G 8
M 83 P 9 5 7 8 10 12 13 19 20 21
M 84 G 1
M 85 G 11
M 86 P 14 2 3 4 5 8 9 12 13 14 15 16 17 18 19
M 87 G 4
M 88 G 10
M 89 P 8 1 4 6 8 13 14 19 22
M 90 P 8 2 4 6 12 14 18 20 21
T
C 3 4 5 6 10 13 14 18 19 21 22
M 10 G 18
M 13 S 10 8
M 15 S 22 2
M 16 G 8
M 24 P 17 1 3 4 5 6 7 9 11 12 13 14 17 18 19 20 21 22
M 25 G 8
M 35 P 7 4 6 9 16 17 19 22
M 41 S 13 9
M 42 P 12 1 5 6 9 10 11 16 17 18 19 20 21
M 45 G 18
M 47 P 12 1 2 3 5 6 7 14 15 16 17 18 21
M 54 G 9
M 60 G 6
M 62 G 21
M 63 P 16 1 3 4 5 6 7 8 9 11 13 15 16 17 18 19 22
M 66 G 6
M 67 P 16 1 2 3 5 8 9 11 12 14 15 16 17 18 19 20 22
M 68 G 8
M 72 P 11 2 5 6 8 9 10 11 12 17 19 20
M 73 P 17 1 4 5 6 7 8 9 10 11 12 13 14 16 17 18 19 22
M 74 G 2
M 81 P 4 8 9 18 22
M 84 P 6 5 7 10 16 19 20
M 88 G 9
T
C 1 3 5 6 10 11 13 14 16 20 21
M 7 S 1 12
M 9 P 7 2 5 12 13 15 18 20
M 15 S 5 22
M 23 P 7 3 4 5 6 7 18 19
M 26 P 11 5 10 11 12 14 15 17 18 19 21 22
M 29 P 10 2 4 5 6 7 8 13 14 18 20
M 34 P 14 1 2 3 5 8 9 11 12 14 17 18 19 20 21
M 49 P 16 1 3 5 6 7 8 9 11 12 13 14 15 16 17 19 22
M 52 G 6
M 53 G 13
M 56 S 13 4
M 57 G 16
M 62 G 12
M 65 G 20
M 66 G 3
M 72 G 3
M 85 G 22
M 90 P 12 1 2 7 8 10 12 13 14 15 17 21 22
T
C 2 4 5 6 7 10 11 12 18 19 20
M 1 P 9 4 9 12 13 17 19 20 21 22
M 4 G 2
M 6 P 10 1 2 4 7 11 12 13 15 16 18
M 8 S 11 9
M 9 S 12 15
M 10 S 15 8
M 11 P 17 2 3 4 5 7 9 10 11 12 14 15 16 17 18 20 21 22
M 15 G 6
M 16 G 2
M 18 P 18 1 2 3 4 5 6 8 9 10 11 12 14 15 17 18 19 20 21
M 21 P 1 9
M 22 P 7 3 5 7 8 10 15 21
M 23 P 22 1 2 3 4 5 6 7 8 9 10 11 12 13 14 15 16 17 18 19 20 21 22
M 24 G 19
M 25 P 22 1 2 3 4 5 6 7 8 9 10 11 12 13 14 15 16 17 18 19 20 21 22
M 26 G 2
M 27 G 8
M 28 G 18
M 29 G 5
M 30 P 18 1 2 3 5 6 7 8 11 13 14 15 16 17 18 19 20 21 22
M 31 G 2
M 35 G 8
M 36 P 7 3 5 7 10 13 14 22
M 38 G 6
M 39 G 9
M 41 P 9 8 10 11 13 14 17 18 19 21
M 42 P 13 2 3 4 5 8 9 11 12 14 18 19 20 22
M 43 P 19 1 2 3 4 5 6 7 8 9 10 12 13 14 15 16 19 20 21 22
M 49 G 2
M 50 G 7
M 51 P 13 1 3 4 5 6 7 9 10 11 12 13 14 21
M 53 G 4
M 54 P 6 3 4 11 14 15 18
M 57 P 9 1 5 10 11 13 14 15 18 21
M 58 P 2 8 11
M 59 G 7
M 61 P 7 3 4 6 7 11 18 22
M 62 P 4 6 10 17 19
M 63 P 19 1 2 3 4 5 6 7 10 11 12 13 14 15 16 18 19 20 21 22
M 64 P 7 1 5 8 9 10 17 21
M 68 G 18
M 70 G 8
M 74 G 18
M 76 P 11 2 4 7 8 10 12 14 16 17 18 20
M 77 P 18 1 2 3 4 7 8 9 10 11 12 14 15 16 17 18 19 20 21
M 78 P 21 1 2 3 4 5 7 8 9 10 11 12 13 14 15 16 17 18 19 20 21 22
M 82 G 7
M 88 G 4
M 89 G 18
M 90 P 14 1 3 5 7 8 9 11 12 14 15 16 17 19 22
T
C 6 7 11 12 13 14 16 17 19 21 22
M 1 S 22 18
M 2 S 21 2
M 5 G 18
M 6 G 18
M 7 P 6 3 5 11 12 16 20
M 8 S 17 15
M 10 G 13
M 11 G 12
M 12 P 18 1 2 3 4 5 6 8 9 10 11 12 13 15 16 17 18 19 22
M 13 G 11
M 14 G 15
M 17 G 2
M 18 G 19
M 20 P 4 5 12 17 19
M 24 P 12 1 3 4 7 9 10 11 13 14 15 18 19
M 25 P 18 1 2 3 4 5 6 8 9 10 11 12 13 14 15 16 17 20 22
M 26 P 2 21 22
M 28 P 22 1 2 3 4 5 6 7 8 9 10 11 12 13 14 15 16 17 18 19 20 21 22
M 29 G 7
M 31 G 13
M 35 P 7 1 2 11 13 15 21 22
M 36 G 15
M 37 P 21 1 3 4 5 6 7 8 9 10 11 12 13 14 15 16 17 18 19 20 21 22
M 39 G 15
M 40 P 4 7 10 12 13
M 41 G 16
M 42 G 18
M 43 P 18 1 2 3 4 5 7 9 10 11 12 13 14 15 16 17 18 19 21
M 44 G 2
M 45 P 18 1 2 3 4 5 6 7 8 9 10 11 12 13 16 17 18 19 22
M 48 G 15
M 49 G 11
M 50 G 2
M 52 P 16 1 3 4 5 6 8 10 12 13 14 15 16 18 19 20 22
M 54 P 22 1 2 3 4 5 6 7 8 9 10 11 12 13 14 15 16 17 18 19 20 21 22
M 55 P 21 1 2 3 4 6 7 8 9 10 11 12 13 14 15 16 17 18 19 20 21 22
M 56 G 12
M 57 P 19 2 3 4 5 7 8 9 10 12 13 14 15 16 17 18 19 20 21 22
M 60 G 11
M 63 P 16 2 3 4 5 6 7 9 10 12 13 14 16 17 18 19 20
M 64 G 2
M 67 G 13
M 68 G 6
M 69 P 20 1 2 3 5 6 7 8 10 11 12 13 14 15 16 17 18 19 20 21 22
M 70 P 13 1 4 5 6 8 12 13 15 17 18 19 21 22
M 72 G 12
M 73 G 18
M 74 P 2 1 14
M 77 P 18 1 2 4 6 9 10 11 12 13 14 15 16 17 18 19 20 21 22
M 79 P 21 1 2 3 4 5 6 7 8 10 11 12 13 14 15 16 17 18 19 20 21 22
M 80 P 7 3 6 7 11 15 18 22
M 81 P 4 6 7 16 20
M 82 G 15
M 84 G 2
M 85 G 2
M 86 G 16
M 87 G 7
M 88 P 7 5 9 12 15 16 17 18
T
C 2 4 6 8 12 14 15 17 19 20 21
M 13 P 6 1 3 4 6 8 11
M 27 P 18 1 2 3 5 6 7 8 9 12 13 14 15 17 18 19 20 21 22
M 31 P 1 21
M 42 P 18 2 4 5 6 7 9 10 11 12 13 14 15 16 17 18 19 21 22
M 48 G 4
M 54 G 8
M 68 P 21 1 2 3 4 5 6 7 8 9 10 11 12 13 14 15 16 18 19 20 21 22
M 80 S 6 16
M 81 G 20
M 84 S 4 1
M 89 S 8 7
T
C 4 5 6 7 9 11 13 14 15 21 22
M 8 S 15 16
M 17 G 16
M 22 S 6 20
M 45 S 13 1
M 47 P 3 4 13 17
M 49 P 16 1 3 4 5 7 8 9 10 11 13 15 16 17 18 20 22
M 52 P 20 1 2 3 4 5 6 7 8 9 10 11 12 13 14 16 18 19 20 21 22
M 53 G 22
M 57 P 16 1 2 4 5 6 7 8 9 10 11 12 14 15 16 21 22
M 60 P 3 6 12 16
M 63 G 16
M 68 G 11
M 82 P 13 1 2 3 4 5 6 11 12 13 14 18 19 22
M 87 P 18 2 3 4 5 6 7 9 11 12 13 14 15 16 17 18 19 20 21
M 90 P 17 1 2 3 4 6 7 9 11 12 14 15 16 17 19 20 21 22
T
C 1 2 5 6 11 12 14 16 19 20 21
M 2 P 20 1 2 3 4 5 6 7 8 9 10 11 12 13 14 15 16 17 19 21 22
M 4 S 19 9
M 5 S 20 4
M 8 G 12
M 9 G 2
M 11 P 7 4 5 7 11 12 13 19
M 13 G 6
M 18 S 16 17
M 19 P 7 3 6 7 9 13 17 18
M 28 P 15 1 2 3 4 6 8 11 12 13 14 15 16 18 21 22
M 30 P 17 2 3 4 6 8 9 10 11 12 13 16 17 18 19 20 21 22
M 32 P 11 1 2 4 5 7 8 11 12 17 20 21
M 33 P 16 1 2 3 4 5 6 7 8 9 11 13 16 18 19 20 21
M 35 G 1
M 40 P 16 1 3 4 5 7 8 9 10 12 13 15 18 19 20 21 22
M 41 P 20 1 2 3 4 5 6 7 8 9 10 11 12 13 14 15 16 17 20 21 22
M 46 P 12 1 2 7 10 11 14 16 17 19 20 21 22
M 47 P 19 1 2 3 5 6 8 9 10 11 12 13 14 15 16 17 18 19 21 22
M 48 P 8 2 4 8 11 14 16 17 18
M 52 P 10 2 4 5 7 9 12 14 15 17 19
M 56 P 4 4 11 14 21
M 61 G 12
M 62 G 14
M 63 P 14 1 2 3 4 5 9 10 11 12 13 14 20 21 22
M 64 G 21
M 68 G 12
M 71 P 14 1 2 4 6 7 10 12 15 17 18 19 20 21 22
M 76 G 1
M 77 P 18 1 2 3 4 5 7 9 10 11 12 13 14 15 17 18 20 21 22
M 79 P 13 1 4 5 7 9 10 11 12 14 17 19 21 22
M 80 P 20 1 2 3 4 5 7 9 10 11 12 13 14 15 16 17 18 19 20 21 22
M 81 G 9
M 82 P 19 1 3 4 5 6 7 8 9 12 13 14 15 16 17 18 19 20 21 22
M 84 G 2
M 90 P 2 18 19
T
C 1 2 4 6 12 13 14 15 18 20 21
M 1 S 21 19
M 4 G 12
M 5 G 14
M 7 S 14 17
M 10 G 4
M 12 G 19
M 13 S 2 9
M 14 G 13
M 17 G 9
M 18 P 3 4 8 22
M 19 G 4
M 21 P 10 1 4 6 9 10 12 13 17 18 22
M 23 G 12
M 25 P 19 1 2 3 4 5 6 7 9 10 11 12 13 14 15 16 17 18 19 22
M 27 P 4 1 5 9 10
M 28 G 13
M 30 P 12 5 7 8 9 10 11 12 15 17 19 21 22
M 32 P 17 1 2 3 4 5 8 9 10 11 13 14 15 16 18 19 20 21
M 33 G 9
M 35 P 3 6 9 21
M 36 G 20
M 39 G 20
M 40 G 20
M 41 G 18
M 42 P 13 6 7 8 9 11 13 14 15 16 17 20 21 22
M 43 G 17
M 46 G 18
M 47 P 6 1 6 7 9 13 14
M 48 G 19
M 49 P 1 9
M 50 P 7 2 8 10 12 13 15 18
M 52 P 21 1 2 3 4 5 6 7 8 9 10 11 12 13 14 15 16 18 19 20 21 22
M 53 G 19
M 55 G 15
M 56 P 3 3 15 17
M 57 P 8 1 3 4 13 14 16 19 22
M 59 G 13
M 60 G 13
M 66 G 1
M 68 G 20
M 69 G 12
M 71 G 9
M 75 P 2 10 14
M 77 P 20 1 2 3 4 5 6 7 8 9 11 12 14 15 16 17 18 19 20 21 22
M 81 G 17
M 82 G 9
M 84 G 12
M 87 G 12
M 88 P 1 9
M 89 P 19 1 4 5 6 7 8 9 10 11 12 14 15 16 17 18 19 20 21 22
M 90 P 21 1 2 3 4 5 6 7 8 9 10 11 12 14 15 16 17 18 19 20 21 22
T
C 2 5 9 10 13 15 16 17 18 19 21
M 6 P 8 5 10 11 12 13 16 17 21
M 19 P 7 2 3 4 10 16 17 19
M 23 S 15 20
M 25 P 7 3 7 8 9 16 18 22
M 30 G 10
M 34 G 21
M 40 P 1 6
M 47 S 18 3
M 50 P 12 1 4 5 7 8 9 10 12 13 19 20 21
M 51 S 13 12
M 57 G 9
M 63 G 19
M 67 P 17 1 2 3 4 6 7 8 9 11 13 14 15 17 18 19 20 22
M 71 P 18 1 2 3 5 6 7 8 9 10 11 12 14 17 18 19 20 21 22
M 81 G 2
T
C 1 2 3 5 7 10 11 13 15 18 21
M 1 G 11
M 2 S 2 22
M 3 P 9 2 9 12 14 15 17 19 20 22
M 4 P 14 1 4 6 7 10 11 12 13 15 16 19 20 21 22
M 5 G 13
M 6 S 1 12
M 7 S 13 4
M 8 P 18 2 3 4 6 7 8 10 11 12 13 14 15 16 17 18 19 21 22
M 10 P 13 1 2 3 5 6 7 11 12 14 15 17 18 19
M 11 G 11
M 12 P 9 1 4 5 6 8 12 14 16 22
M 13 P 7 4 6 11 15 18 20 21
M 15 P 3 10 13 20
M 16 P 14 1 3 6 7 9 10 13 14 15 17 18 19 20 21
M 17 P 6 1 3 6 11 21 22
M 18 G 22
M 19 G 10
M 20 G 15
M 21 G 22
M 22 G 12
M 23 P 15 1 3 4 5 6 7 9 11 12 13 14 16 17 18 22
M 24 P 16 1 2 4 5 6 7 9 10 12 13 15 16 17 18 20 22
M 25 G 3
M 26 P 12 1 2 6 7 10 12 13 15 16 17 20 21
M 27 G 7
M 29 G 15
M 30 P 6 4 6 9 11 12 14
M 31 P 6 7 16 17 19 20 21
M 32 P 16 2 3 4 5 6 7 8 9 11 12 14 15 16 18 20 21
M 33 G 11
M 34 G 11
M 35 P 19 1 2 3 4 5 6 7 8 10 11 12 13 14 15 16 17 19 20 22
M 37 G 4
M 38 G 22
M 39 P 21 1 2 3 4 5 6 7 8 9 10 11 12 14 15 16 17 18 19 20 21 22
M 40 G 15
M 41 G 21
M 43 G 7
M 44 P 1 2
M 45 P 8 1 5 7 8 14 15 21 22
M 46 G 21
M 47 G 15
M 48 G 4
M 49 G 15
M 51 P 12 2 3 4 5 7 8 11 12 13 16 19 22
M 52 P 22 1 2 3 4 5 6 7 8 9 10 11 12 13 14 15 16 17 18 19 20 21 22
M 54 P 8 3 10 12 13 14 16 19 21
M 56 G 3
M 57 P 10 1 3 9 10 12 14 15 17 19 20
M 59 P 2 11 18
M 60 G 4
M 61 P 20 1 2 3 4 5 6 7 8 9 11 12 14 15 16 17 18 19 20 21 22
M 62 G 21
M 63 P 3 2 6 14
M 65 G 18
M 66 P 9 7 8 12 16 17 18 19 21 22
M 67 G 12
M 69 G 12
M 71 P 6 3 10 17 18 19 22
M 72 G 12
M 73 G 5
M 74 G 22
M 75 P 16 1 2 3 4 7 9 10 11 12 13 14 15 16 18 20 22
M 76 G 21
M 77 G 21
M 78 G 15
M 79 G 10
M 81 P 17 1 2 3 4 7 8 9 10 11 12 13 15 17 19 20 21 22
M 82 P 12 1 5 6 9 10 12 13 15 18 20 21 22
M 83 G 10
M 84 P 6 4 5 7 8 18 19
M 85 G 15
M 86 P 13 2 3 5 6 7 8 9 11 12 15 16 17 20
M 87 G 3
M 88 G 7
M 89 P 19 1 2 3 4 5 6 8 9 10 11 12 13 14 15 17 18 19 20 21
M 90 P 9 2 5 6 7 12 14 17 19 20
T
C 4 6 9 10 11 13 15 16 17 20 22
M 1 S 22 7
M 2 P 19 1 2 3 4 5 6 8 9 10 11 12 15 16 17 18 19 20 21 22
M 3 P 11 2 5 8 9 12 13 15 18 20 21 22
M 4 S 17 1
M 5 S 11 8
M 6 G 13
M 7 G 6
M 8 G 8
M 9 G 8
M 10 P 1 9
M 12 P 20 1 2 3 4 5 6 7 8 9 10 11 12 13 14 15 16 19 20 21 22
M 13 G 13
M 14 G 8
M 15 P 10 2 5 12 13 15 17 18 19 21 22
M 16 P 3 5 8 11
M 17 G 20
M 18 G 6
M 19 G 10
M 20 P 3 1 11 17
M 21 P 11 1 5 7 8 9 11 13 14 15 18 19
M 22 G 15
M 23 P 21 1 3 4 5 6 7 8 9 10 11 12 13 14 15 16 17 18 19 20 21 22
M 24 G 13
M 25 P 1 20
M 26 G 9
M 27 G 8
M 28 P 6 2 7 10 14 19 21
M 29 P 18 1 3 4 5 6 7 9 11 12 13 14 15 16 17 18 19 21 22
M 30 P 9 2 3 8 9 12 14 16 17 19
M 31 G 8
M 32 G 4
M 33 P 17 1 3 5 7 8 9 11 12 13 15 16 17 18 19 20 21 22
M 34 G 13
M 35 P 16 2 3 5 6 7 8 9 10 11 13 14 15 18 19 20 21
M 36 G 1
M 37 G 9
M 38 G 10
M 39 P 20 1 2 3 5 6 7 8 9 10 11 12 13 15 16 17 18 19 20 21 22
M 40 G 7
M 41 G 1
M 42 P 18 1 2 3 4 5 6 8 9 10 11 13 14 15 16 18 19 21 22
M 43 P 11 1 2 5 7 9 12 13 14 15 16 17
M 44 G 6
M 45 G 6
M 46 P 21 1 2 3 4 5 6 7 8 9 11 12 13 14 15 16 17 18 19 20 21 22
M 47 G 7
M 48 P 6 1 2 3 5 8 10
M 49 P 22 1 2 3 4 5 6 7 8 9 10 11 12 13 14 15 16 17 18 19 20 21 22
M 50 G 8
M 51 G 9
M 52 G 9
M 53 P 6 4 5 6 8 19 21
M 54 P 3 6 12 21
M 55 G 10
M 56 G 15
M 57 P 17 2 4 5 6 7 8 9 10 11 13 15 17 18 19 20 21 22
M 58 G 9
M 59 G 16
M 60 P 1 17
M 61 P 16 1 2 4 6 7 8 9 12 13 15 16 17 18 20 21 22
M 62 P 11 2 3 4 5 7 10 17 19 20 21 22
M 63 G 16
M 64 G 13
M 65 P 15 1 2 3 5 6 7 9 12 14 15 16 17 19 21 22
M 66 P 6 11 12 13 14 18 22
M 67 P 18 1 2 3 5 6 7 9 10 11 12 14 15 16 17 18 19 20 21
M 68 G 6
M 69 P 13 1 3 4 5 6 7 10 12 14 17 19 20 22
M 70 P 17 1 2 3 4 5 7 9 12 13 14 15 16 17 18 19 20 21
M 71 P 3 6 12 21
M 72 G 8
M 73 G 4
M 74 G 13
M 75 P 3 1 6 12
M 76 P 11 3 4 5 6 10 11 14 15 16 19 20
M 77 G 15
M 78 P 21 1 2 3 4 5 6 7 8 9 10 11 13 14 15 16 17 18 19 20 21 22
M 79 P 5 8 11 14 21 22
M 80 P 21 1 2 3 4 5 6 7 8 9 10 11 12 13 14 15 16 17 19 20 21 22
M 81 G 7
M 82 P 19 1 2 3 4 5 6 7 8 9 10 11 14 15 16 17 18 19 20 22
M 83 G 8
M 84 G 10
M 85 P 17 1 2 3 4 5 6 7 9 10 12 13 14 16 18 20 21 22
M 86 G 4
M 87 G 10
M 88 P 2 12 21
M 89 P 3 3 7 10
T
C 1 2 6 7 11 12 15 16 17 20 22
M 1 P 10 2 4 7 8 9 10 14 19 20 21
M 2 G 22
M 3 G 17
M 4 G 17
M 5 G 15
M 6 G 2
M 7 P 22 1 2 3 4 5 6 7 8 9 10 11 12 13 14 15 16 17 18 19 20 21 22
M 8 S 12 10
M 9 P 20 1 2 3 4 5 6 7 8 9 10 11 13 15 16 17 18 19 20 21 22
M 10 G 7
M 12 S 20 13
M 13 P 5 1 7 10 17 18
M 15 P 22 1 2 3 4 5 6 7 8 9 10 11 12 13 14 15 16 17 18 19 20 21 22
M 16 G 6
M 21 G 16
M 22 S 22 8
M 23 P 10 3 4 5 6 7 8 9 10 20 22
M 24 P 3 9 15 18
M 25 P 6 2 3 5 10 15 17
M 26 G 8
M 32 G 17
M 34 P 16 1 3 5 8 9 11 12 13 15 16 17 18 19 20 21 22
M 35 P 11 3 7 8 9 10 11 12 13 17 18 21
M 36 P 10 1 2 5 6 7 11 12 14 15 19
M 38 P 1 2
M 41 G 16
M 43 G 17
M 45 P 14 1 2 3 4 5 8 9 10 11 12 14 18 19 20
M 47 P 9 1 2 6 8 10 11 14 16 19
M 50 G 17
M 53 G 11
M 58 G 7
M 60 P 7 2 8 14 15 17 21 22
M 63 P 7 1 4 6 14 16 17 19
M 65 G 1
M 69 G 2
M 72 P 1 12
M 74 P 13 1 2 3 5 6 8 9 13 15 16 17 20 22
M 75 G 10
M 77 P 10 2 4 5 7 9 12 14 16 17 19
M 78 G 13
M 79 G 1
M 80 P 1 5
M 81 G 7
M 83 G 15
M 84 G 1
M 85 G 17
M 86 P 11 1 2 5 6 10 11 12 13 16 18 21
M 87 P 21 1 2 3 4 5 6 7 8 9 10 11 12 13 14 15 16 18 19 20 21 22
M 89 P 18 2 3 4 5 6 7 8 9 11 13 14 16 17 18 19 20 21 22
T
C 1 3 4 5 7 9 13 15 16 19 22
M 3 G 1
M 5 S 1 14
M 6 S 16 21
M 7 S 7 2
M 8 G 15
M 9 P 5 8 13 14 15 20
M 10 P 20 1 2 3 4 5 6 8 10 11 12 13 14 15 16 17 18 19 20 21 22
M 11 G 2
M 12 P 8 3 7 9 11 16 18 20 21
M 14 P 17 1 4 5 6 7 8 9 10 11 12 13 16 18 19 20 21 22
M 17 P 4 9 10 19 20
M 18 P 15 2 3 4 8 9 10 11 12 15 16 17 18 19 21 22
M 19 P 2 4 14
M 21 G 19
M 22 P 3 13 14 18
M 24 P 14 1 2 3 4 6 9 11 12 16 17 18 20 21 22
M 25 P 2 1 8
M 27 G 22
M 30 G 3
M 31 P 10 1 2 3 5 6 7 9 15 17 22
M 32 P 11 1 2 7 9 11 14 15 16 18 21 22
M 33 P 16 1 2 3 5 6 8 9 10 11 14 15 16 19 20 21 22
M 36 P 4 1 13 16 22
M 37 P 18 1 2 3 6 7 8 9 10 11 13 14 15 16 17 18 19 20 21
M 39 P 16 1 2 3 4 5 6 8 9 10 11 13 14 18 19 20 22
M 40 P 8 1 2 4 6 9 10 12 16
M 41 G 3
M 45 P 5 2 8 12 21 22
M 47 G 2
M 48 P 14 1 3 4 6 7 8 10 11 13 14 17 19 21 22
M 50 P 7 1 4 5 9 12 20 21
M 51 P 15 1 4 5 6 7 8 9 10 11 14 17 18 19 21 22
M 53 G 4
M 54 P 21 1 2 3 4 5 6 7 8 9 10 11 12 13 14 15 16 18 19 20 21 22
M 57 P 3 3 9 12
M 58 P 19 1 2 3 4 5 6 7 8 9 10 11 14 15 16 17 18 19 21 22
M 59 P 12 1 6 8 9 10 12 13 14 15 17 18 22
M 60 G 3
M 64 P 8 8 9 10 13 14 18 19 20
M 65 G 5
M 66 P 9 1 4 6 10 12 18 19 20 21
M 67 P 10 1 2 5 6 7 12 13 14 15 18
M 69 P 19 1 2 3 4 5 6 7 8 9 10 11 12 13 14 15 16 19 20 21
M 73 G 5
M 74 G 9
M 76 P 21 1 2 3 4 5 6 7 8 9 10 11 12 13 14 15 16 18 19 20 21 22
M 79 G 15
M 82 G 9
M 83 P 12 2 3 4 5 8 9 12 15 16 19 20 21
M 84 G 3
M 88 P 4 3 10 16 18
T
C 1 6 7 8 9 10 13 16 17 19 22
M 10 S 13 3
M 11 G 19
M 12 P 14 1 4 5 6 8 9 12 13 14 15 18 20 21 22
M 25 G 7
M 29 G 6
M 32 S 22 21
M 36 P 19 1 2 3 4 5 6 7 8 9 11 12 13 14 15 16 19 20 21 22
M 38 G 17
M 43 S 10 15
M 46 G 9
M 47 G 1
M 49 G 1
M 50 G 9
M 51 P 1 22
M 55 G 8
M 56 P 21 1 2 3 4 5 6 8 9 10 11 12 13 14 15 16 17 18 19 20 21 22
M 59 G 15
M 66 P 12 1 2 4 8 10 11 13 15 17 18 20 22
M 67 P 21 1 2 3 4 5 6 7 8 10 11 12 13 14 15 16 17 18 19 20 21 22
M 69 P 10 1 3 5 6 8 9 13 14 15 20
M 76 P 5 5 7 13 17 21
M 82 G 7
M 84 G 15
M 90 P 8 3 5 7 8 11 15 16 22
T
C 1 5 6 7 9 11 14 16 17 20 21
M 1 P 5 1 3 9 15 18
M 3 S 9 18
M 5 P 10 1 2 4 6 9 12 16 18 19 22
M 6 G 17
M 7 G 17
M 8 S 11 10
M 13 G 6
M 15 G 14
M 16 S 16 15
M 17 P 1 10
M 20 G 20
M 21 G 1
M 25 P 11 1 3 5 10 11 13 14 15 16 20 21
M 27 G 18
M 28 P 15 1 2 3 5 6 7 8 11 12 13 14 17 18 19 20
M 29 P 5 4 8 16 17 21
M 30 P 17 1 2 4 6 7 8 9 10 11 12 13 14 15 16 17 19 21
M 31 P 11 1 3 5 7 8 9 10 13 16 18 19
M 34 P 19 1 2 3 4 5 6 7 8 9 10 11 12 13 16 17 18 19 20 22
M 35 P 21 1 2 3 4 5 6 7 8 9 10 11 12 13 14 15 16 17 18 19 21 22
M 36 G 14
M 37 G 7
M 38 P 12 1 2 3 4 5 6 10 12 13 18 20 22
M 39 G 18
M 40 P 22 1 2 3 4 5 6 7 8 9 10 11 12 13 14 15 16 17 18 19 20 21 22
M 41 G 10
M 43 G 10
M 44 G 17
M 47 G 10
M 48 G 1
M 50 G 15
M 53 G 10
M 54 P 8 6 7 8 12 14 18 19 20
M 55 G 17
M 58 G 7
M 60 G 7
M 61 G 10
M 62 G 7
M 63 G 17
M 64 G 5
M 66 P 10 1 2 4 6 10 12 13 14 18 20
M 67 G 17
M 68 P 21 1 2 3 4 6 7 8 9 10 11 12 13 14 15 16 17 18 19 20 21 22
M 69 G 6
M 70 P 7 1 3 11 12 14 17 22
M 71 P 20 1 2 3 4 5 7 8 9 10 11 12 13 14 15 16 17 18 19 21 22
M 72 P 7 5 6 8 13 14 19 20
M 73 P 18 1 2 3 4 5 6 8 9 10 11 12 13 14 15 18 19 20 22
M 76 G 20
M 77 G 10
M 78 G 18
M 79 P 4 7 11 15 21
M 80 P 5 5 7 8 13 18
M 81 G 17
M 82 G 14
M 83 P 6 3 6 14 19 20 21
M 84 G 6
M 85 P 8 1 6 13 14 17 18 19 20
M 86 G 21
M 89 G 5
T
C 2 5 8 9 11 13 15 16 18 21 22
M 1 G 16
M 2 P 14 2 3 4 5 9 10 12 13 14 17 18 19 20 22
M 3 G 16
M 4 P 22 1 2 3 4 5 6 7 8 9 10 11 12 13 14 15 16 17 18 19 20 21 22
M 5 P 16 1 2 3 4 5 6 7 9 10 12 13 16 18 19 20 22
M 6 P 8 3 4 10 13 15 16 20 21
M 7 G 21
M 8 G 21
M 9 P 20 1 2 3 4 5 6 8 9 10 11 12 13 14 15 16 17 18 19 20 22
M 10 G 8
M 11 P 13 1 2 3 5 7 9 10 15 16 17 18 19 20
M 12 G 15
M 13 P 14 1 3 6 7 9 10 12 13 14 16 17 20 21 22
M 14 S 2 14
M 18 G 8
M 19 S 18 7
M 20 G 16
M 21 S 16 17
M 22 G 8
M 23 P 8 3 5 8 10 11 16 18 21
M 24 G 22
M 25 G 17
M 26 P 22 1 2 3 4 5 6 7 8 9 10 11 12 13 14 15 16 17 18 19 20 21 22
M 27 P 10 1 3 5 11 12 13 14 16 20 21
M 28 G 9
M 29 G 22
M 30 P 1 11
M 31 P 21 1 2 3 4 5 6 7 8 9 10 11 12 14 15 16 17 18 19 20 21 22
M 32 G 15
M 33 G 13
M 34 P 20 2 3 4 5 6 7 8 9 10 11 12 13 14 15 16 17 18 19 21 22
M 35 G 14
M 37 P 11 1 6 7 8 10 15 16 18 19 21 22
M 38 G 8
M 39 G 9
M 40 G 7
M 41 G 15
M 42 P 10 3 5 6 7 11 12 15 18 19 20
M 43 G 17
M 44 G 5
M 45 G 9
M 46 G 9
M 47 G 8
M 48 G 8
M 49 G 15
M 50 P 16 1 3 4 5 7 8 9 10 11 15 16 17 18 19 20 22
M 51 G 21
M 52 G 7
M 53 P 5 1 6 7 13 19
M 54 P 15 1 2 3 4 6 7 8 9 10 11 13 14 16 18 20
M 55 P 1 14
M 57 G 7
M 58 P 14 1 2 3 4 5 6 8 9 11 12 13 16 17 19
M 60 P 19 1 2 3 4 6 8 9 10 11 12 13 14 15 16 17 18 19 21 22
M 61 G 7
M 62 G 8
M 63 G 5
M 64 P 14 1 3 4 5 6 8 9 10 12 16 17 19 21 22
M 65 P 10 1 2 5 8 9 11 12 14 18 21
M 66 G 13
M 67 P 1 19
M 68 G 15
M 69 P 13 1 2 4 7 8 9 11 13 14 17 20 21 22
M 71 P 15 2 3 4 7 8 11 12 13 14 15 16 17 18 19 22
M 72 G 7
M 73 P 14 2 4 5 7 8 9 10 12 14 16 17 18 19 20
M 74 P 11 2 3 6 8 10 12 14 18 20 21 22
M 75 P 5 6 7 14 15 18
M 76 G 7
M 77 G 17
M 78 G 13
M 79 G 21
M 80 P 11 1 3 4 7 8 10 12 14 16 19 21
M 82 G 22
M 83 P 9 3 4 11 12 15 18 19 21 22
M 85 G 13
M 86 P 12 1 3 7 8 9 11 12 13 14 17 19 22
M 88 G 5
T
C 4 5 6 7 10 12 13 14 15 19 21
M 1 G 13
M 4 G 19
M 5 P 15 1 4 5 6 7 8 9 10 14 15 16 18 19 20 22
M 7 S 6 1
M 8 P 2 7 9
M 9 G 5
M 10 S 12 16
M 11 P 19 1 2 3 5 6 7 8 9 10 11 12 13 14 15 16 17 20 21 22
M 13 P 1 13
M 14 S 21 17
M 15 P 18 1 2 3 5 6 7 8 9 10 12 13 15 16 17 18 20 21 22
M 16 P 22 1 2 3 4 5 6 7 8 9 10 11 12 13 14 15 16 17 18 19 20 21 22
M 18 G 16
M 20 G 17
M 21 P 20 1 2 3 4 6 7 8 9 10 11 12 13 14 15 16 17 18 19 20 21
M 22 P 21 1 2 3 4 5 6 7 8 9 10 11 12 13 14 15 16 17 18 19 20 21
M 23 G 19
M 25 G 13
M 26 G 7
M 27 G 16
M 28 P 8 1 11 12 14 17 19 20 21
M 29 P 14 1 3 4 5 6 7 8 11 13 14 15 16 17 21
M 30 P 8 1 4 6 8 11 12 14 22
M 31 G 16
M 33 G 5
M 34 G 4
M 35 G 15
M 36 G 15
M 38 G 19
M 39 P 1 11
M 40 G 19
M 41 P 15 1 2 5 6 7 8 9 10 12 15 16 18 20 21 22
M 42 G 13
M 43 G 13
M 44 P 4 2 8 10 13
M 46 G 10
M 47 G 10
M 48 P 19 1 2 3 4 5 6 7 8 9 10 13 14 15 16 17 18 19 21 22
M 50 G 16
M 51 P 14 3 4 6 7 8 9 11 12 13 14 15 18 20 21
M 52 G 10
M 53 G 17
M 54 G 16
M 56 G 19
M 57 G 15
M 59 P 14 1 2 5 7 8 9 10 11 12 13 15 17 18 20
M 61 G 1
M 62 G 1
M 63 P 13 1 2 4 5 9 10 11 12 13 15 17 18 21
M 64 G 19
M 66 P 1 20
M 68 P 19 1 2 4 5 6 7 8 9 10 11 12 13 14 15 18 19 20 21 22
M 69 G 19
M 70 P 10 4 7 9 10 11 15 18 19 20 21
M 72 P 21 1 2 3 4 5 6 7 8 9 10 11 12 13 14 15 16 17 18 19 21 22
M 73 G 5
M 74 P 13 2 3 4 5 10 12 14 15 17 18 20 21 22
M 76 G 15
M 77 P 5 4 6 10 14 16
M 79 P 15 1 2 4 5 8 9 10 11 13 14 17 19 20 21 22
M 81 P 21 1 2 3 4 5 6 7 8 9 11 12 13 14 15 16 17 18 19 20 21 22
M 83 G 13
M 84 P 13 1 7 9 11 12 13 14 15 16 17 18 21 22
M 86 P 19 2 4 5 6 7 8 9 10 12 13 14 15 16 17 18 19 20 21 22
M 87 P 7 1 2 8 15 16 18 19
M 90 P 19 1 2 3 4 5 6 9 10 11 12 13 14 15 16 18 19 20 21 22
T
C 1 3 4 5 6 8 10 12 16 18 21
M 1 G 10
M 3 S 12 17
M 4 G 3
M 6 S 16 14
M 8 P 6 4 5 6 15 19 22
M 9 G 17
M 10 G 3
M 11 G 18
M 13 P 4 6 18 20 22
M 14 G 3
M 15 G 8
M 16 S 10 11
M 19 P 19 1 2 3 4 5 6 7 8 9 10 11 12 13 14 15 18 19 20 22
M 21 P 4 7 8 20 21
M 22 G 3
M 24 P 16 1 3 4 5 6 7 8 10 12 13 14 16 18 20 21 22
M 25 G 11
M 26 P 2 8 11
M 27 P 18 1 2 3 4 5 6 7 9 10 11 12 13 16 17 18 19 20 22
M 31 G 18
M 33 P 17 2 3 4 5 6 7 8 9 10 11 12 13 15 16 18 20 22
M 34 P 20 1 3 4 5 6 7 8 9 10 12 13 14 15 16 17 18 19 20 21 22
M 36 G 8
M 37 G 18
M 38 G 17
M 39 G 17
M 40 P 22 1 2 3 4 5 6 7 8 9 10 11 12 13 14 15 16 17 18 19 20 21 22
M 44 G 18
M 45 P 20 1 2 3 4 5 6 7 8 9 10 11 12 13 14 15 16 17 18 21 22
M 46 P 10 1 2 5 6 11 12 15 16 17 22
M 47 P 15 1 2 4 5 6 10 11 12 13 14 16 17 18 20 22
M 48 P 16 1 3 4 5 6 7 8 9 10 11 12 16 18 20 21 22
M 49 P 10 2 3 5 6 8 14 15 16 19 20
M 51 P 17 1 4 5 6 7 8 9 10 11 15 16 17 18 19 20 21 22
M 53 P 14 1 3 4 5 7 8 10 11 12 14 15 16 17 21
M 54 P 20 1 2 3 4 5 6 7 8 9 10 11 12 14 15 16 18 19 20 21 22
M 55 G 21
M 56 G 8
M 58 P 6 2 9 15 16 21 22
M 60 G 11
M 61 P 6 2 3 5 13 14 20
M 62 P 13 1 3 4 5 6 7 9 10 13 14 15 19 21
M 67 G 6
M 68 G 14
M 70 G 18
M 71 G 11
M 72 G 14
M 73 G 21
M 75 G 11
M 76 G 17
M 78 P 6 2 3 6 7 14 18
M 79 G 14
M 80 P 18 1 3 4 5 6 7 8 9 10 11 13 15 16 17 18 19 20 22
M 81 G 4
M 82 P 18 1 3 4 5 6 7 8 9 10 11 12 13 14 15 16 18 19 21
M 83 G 18
M 84 G 11
M 85 G 4
M 87 P 2 7 12
M 88 P 21 1 3 4 5 6 7 8 9 10 11 12 13 14 15 16 17 18 19 20 21 22
M 89 P 20 1 2 3 4 5 7 8 9 10 11 12 13 15 16 17 18 19 20 21 22
T
C 3 4 5 8 10 12 13 15 17 19 21
M 1 S 4 9
M 2 G 3
M 4 P 18 1 3 4 5 7 8 9 10 12 13 15 16 17 18 19 20 21 22
M 5 G 3
M 6 G 17
M 7 S 13 7
M 8 G 15
M 9 S 12 11
M 10 G 8
M 11 G 11
M 12 G 7
M 13 P 17 1 2 3 4 6 7 8 9 10 11 13 16 17 19 20 21 22
M 14 G 17
M 15 P 13 3 5 6 8 9 10 11 15 16 17 18 19 21
M 16 P 5 3 6 10 17 22
M 18 G 8
M 19 G 5
M 20 P 21 1 2 3 4 5 6 7 8 9 10 11 12 13 15 16 17 18 19 20 21 22
M 21 G 15
M 22 P 2 11 14
M 23 G 7
M 24 G 17
M 25 P 11 2 3 6 7 9 10 11 12 17 18 21
M 27 P 20 1 2 3 4 5 6 8 9 10 11 12 13 14 15 16 17 18 19 20 21
M 28 G 3
M 29 P 15 3 6 7 8 9 11 12 13 14 15 17 18 19 20 21
M 31 G 5
M 32 G 15
M 33 G 21
M 34 P 18 1 2 4 6 7 9 10 11 12 13 14 15 17 18 19 20 21 22
M 35 P 9 2 6 7 11 13 15 18 20 22
M 36 G 11
M 38 G 5
M 39 G 7
M 41 G 5
M 42 P 2 3 9
M 43 G 8
M 44 P 12 1 3 4 6 7 10 12 14 15 16 17 19
M 45 P 20 1 2 3 4 5 6 7 8 9 10 11 12 14 15 16 17 19 20 21 22
M 46 G 8
M 47 P 22 1 2 3 4 5 6 7 8 9 10 11 12 13 14 15 16 17 18 19 20 21 22
M 48 G 8
M 49 P 21 1 2 4 5 6 7 8 9 10 11 12 13 14 15 16 17 18 19 20 21 22
M 50 P 4 3 10 14 22
M 51 P 20 2 3 4 5 6 7 8 9 10 11 13 14 15 16 17 18 19 20 21 22
M 52 G 19
M 53 G 9
M 54 P 3 3 5 13
M 55 P 22 1 2 3 4 5 6 7 8 9 10 11 12 13 14 15 16 17 18 19 20 21 22
M 56 P 12 2 6 7 10 11 14 16 17 19 20 21 22
M 57 P 11 1 2 7 10 13 14 16 17 18 20 22
M 59 P 4 1 8 16 17
M 60 G 15
M 62 P 1 4
M 63 G 5
M 66 P 11 2 4 6 7 9 11 13 14 16 17 20
M 67 G 9
M 68 G 15
M 69 G 15
M 70 P 14 3 5 7 8 9 10 11 12 13 14 19 20 21 22
M 71 P 8 1 2 5 10 13 15 21 22
M 72 G 7
M 73 P 15 4 5 6 7 8 9 12 14 15 16 18 19 20 21 22
M 74 G 9
M 75 G 15
M 76 G 9
M 77 P 11 1 3 4 8 11 12 14 16 18 19 21
M 78 G 19
M 81 P 2 5 16
M 83 P 8 3 6 7 8 10 15 21 22
M 84 G 11
M 85 P 2 5 13
M 86 G 17
M 87 P 6 8 9 14 17 19 21
M 88 P 8 1 2 6 15 16 18 20 21
M 89 G 19
M 90 P 7 3 7 9 10 12 18 20
T
C 2 5 7 9 13 14 15 16 17 18 19
M 1 P 12 1 2 3 5 7 12 13 16 17 18 20 21
M 2 S 15 11
M 3 G 13
M 4 G 2
M 5 P 4 8 16 19 20
M 6 S 9 22
M 7 G 5
M 8 S 19 20
M 9 P 5 3 5 8 15 20
M 10 P 9 3 4 8 9 12 15 16 18 19
M 11 G 16
M 13 P 4 2 6 16 19
M 14 G 5
M 15 G 14
M 16 P 18 2 3 5 6 7 8 9 11 12 13 14 16 17 18 19 20 21 22
M 17 P 13 1 2 3 4 9 11 13 14 15 16 18 19 22
M 18 P 19 1 3 4 5 7 8 9 10 11 12 13 14 15 16 17 18 19 20 21
M 19 P 1 12
M 20 P 16 1 2 3 4 7 8 9 10 12 15 16 18 19 20 21 22
M 22 G 11
M 23 G 14
M 24 P 22 1 2 3 4 5 6 7 8 9 10 11 12 13 14 15 16 17 18 19 20 21 22
M 25 P 3 6 9 22
M 26 G 22
M 27 P 3 2 10 21
M 28 G 5
M 29 G 2
M 31 G 11
M 32 G 11
M 33 G 22
M 34 G 22
M 36 P 8 1 4 6 14 15 16 19 22
M 38 P 17 1 2 3 4 5 7 9 10 11 12 13 15 17 18 19 20 22
M 39 P 2 5 10
M 40 P 5 1 11 16 18 22
M 41 G 20
M 42 P 6 3 5 6 14 16 22
M 43 G 11
M 44 G 20
M 45 G 22
M 46 P 8 1 2 3 6 9 13 19 22
M 47 G 17
M 48 G 17
M 50 P 8 2 6 8 10 12 13 14 16
M 51 P 9 2 8 10 11 12 14 17 18 20
M 52 P 7 2 3 6 14 16 21 22
M 53 P 19 2 3 4 5 6 7 8 9 10 12 13 14 15 16 18 19 20 21 22
M 54 P 3 3 6 22
M 56 P 9 2 3 5 8 10 11 13 15 19
M 57 G 2
M 58 P 9 2 5 7 12 14 17 20 21 22
M 59 G 13
M 60 P 11 1 2 3 9 10 15 16 18 19 20 22
M 61 G 5
M 62 P 5 1 2 5 16 21
M 63 G 13
M 64 P 9 1 6 9 11 12 15 18 19 20
M 66 G 14
M 67 G 18
M 68 G 13
M 69 G 5
M 70 G 22
M 71 G 5
M 73 G 14
M 74 P 15 1 2 3 4 6 8 11 12 13 15 16 19 20 21 22
M 75 G 5
M 76 G 16
M 77 P 10 1 2 3 5 6 11 12 15 18 20
M 78 P 9 2 5 7 9 11 13 15 17 20
M 79 P 17 2 3 4 5 6 7 8 10 14 15 16 17 18 19 20 21 22
M 80 P 3 3 13 21
M 81 P 4 5 12 17 21
M 82 P 12 1 2 3 8 9 10 12 13 17 18 19 20
M 83 P 6 4 9 11 15 16 22
M 84 P 3 10 14 19
M 85 P 6 3 7 9 12 17 22
M 86 G 5
M 87 G 18
M 88 P 2 8 16
M 89 P 10 3 4 6 8 9 12 13 15 21 22
M 90 P 4 8 11 16 19
T
C 1 2 3 4 5 9 10 11 18 19 21
M 1 P 5 1 2 6 11 13
M 2 G 1
M 4 P 7 2 6 7 13 17 18 19
M 5 G 2
M 6 G 9
M 8 P 12 2 3 4 6 7 8 9 16 19 20 21 22
M 9 G 5
M 11 P 22 1 2 3 4 5 6 7 8 9 10 11 12 13 14 15 16 17 18 19 20 21 22
M 13 P 18 1 3 4 5 6 7 8 9 10 11 12 15 16 17 18 19 20 21
M 14 G 10
M 16 P 5 4 5 6 7 21
M 18 P 18 1 3 4 5 7 8 9 10 11 12 14 15 16 17 18 19 20 22
M 21 S 4 6
M 22 S 5 20
M 26 P 2 19 22
M 28 P 8 1 3 9 12 14 17 18 20
M 29 G 11
M 30 S 10 13
M 35 P 20 1 2 3 4 5 6 7 8 9 11 12 13 14 15 16 18 19 20 21 22
M 36 G 3
M 38 P 7 1 6 8 11 13 20 22
M 39 G 6
M 40 G 6
M 41 G 18
M 49 P 5 5 13 17 21 22
M 50 P 22 1 2 3 4 5 6 7 8 9 10 11 12 13 14 15 16 17 18 19 20 21 22
M 51 G 11
M 52 P 20 2 3 4 5 6 8 9 10 11 12 13 14 15 16 17 18 19 20 21 22
M 53 P 7 2 3 4 10 11 14 15
M 56 G 19
M 58 P 20 1 2 3 4 5 6 7 8 9 10 11 12 14 15 16 17 18 19 20 22
M 59 P 1 13
M 61 P 9 1 2 3 7 8 12 14 15 21
M 62 P 7 5 8 11 17 18 21 22
M 63 G 20
M 64 G 2
M 65 P 16 2 3 4 5 6 7 8 11 13 14 15 16 17 18 21 22
M 66 P 12 5 6 7 12 13 14 15 16 17 18 20 22
M 67 G 9
M 68 P 22 1 2 3 4 5 6 7 8 9 10 11 12 13 14 15 16 17 18 19 20 21 22
M 75 G 2
M 77 G 2
M 79 P 14 2 3 4 5 6 7 11 12 13 15 17 18 20 21
M 80 P 20 1 2 3 4 5 6 8 10 11 12 13 14 15 16 17 18 19 20 21 22
M 81 P 21 1 2 3 4 5 6 7 8 10 11 12 13 14 15 16 17 18 19 20 21 22
M 82 G 13
M 83 G 21
M 84 P 16 1 2 4 5 7 11 12 13 14 15 16 17 19 20 21 22
M 85 G 3
M 86 P 2 12 22
M 87 G 20
M 89 P 17 1 2 3 4 6 7 8 9 10 13 14 15 16 17 18 19 21
M 90 P 19 2 3 4 5 7 8 9 10 11 12 13 14 15 16 17 18 19 20 22
T
C 4 7 8 9 11 12 13 16 18 19 20
M 1 S 11 21
M 2 G 12
M 3 P 5 8 9 13 17 21
M 4 S 4 1
M 5 G 16
M 6 S 18 10
M 8 G 20
M 9 G 10
M 10 G 13
M 11 P 9 2 3 4 6 9 10 11 13 19
M 14 P 1 2
M 15 G 16
M 16 P 1 5
M 17 P 2 8 22
M 19 P 18 1 2 4 6 7 8 10 11 13 14 15 16 17 18 19 20 21 22
M 20 G 20
M 21 P 11 2 4 5 7 11 12 13 15 19 20 21
M 22 P 4 2 10 14 22
M 24 P 15 1 5 7 8 9 10 11 14 15 16 17 18 19 21 22
M 25 P 15 1 2 3 4 5 6 7 8 9 11 12 14 15 18 19
M 26 G 21
M 27 P 14 1 2 3 4 5 6 7 10 11 13 15 18 20 22
M 29 G 1
M 30 G 12
M 31 P 20 1 2 3 4 5 6 8 9 10 11 12 13 14 16 17 18 19 20 21 22
M 33 P 4 1 10 21 22
M 34 G 12
M 35 G 1
M 36 G 20
M 37 P 22 1 2 3 4 5 6 7 8 9 10 11 12 13 14 15 16 17 18 19 20 21 22
M 38 P 19 1 2 3 4 5 6 7 8 9 10 11 13 15 16 17 18 20 21 22
M 40 G 16
M 41 G 19
M 43 P 17 1 2 3 4 5 7 8 10 11 12 13 14 15 16 17 18 19
M 44 P 5 3 5 7 8 22
M 45 P 14 2 5 7 8 10 11 15 16 17 18 19 20 21 22
M 46 G 8
M 47 G 19
M 48 P 21 1 2 3 4 5 6 7 8 9 10 11 13 14 15 16 17 18 19 20 21 22
M 49 P 9 5 6 7 10 11 17 18 20 21
M 52 G 16
M 53 G 21
M 54 P 18 1 2 3 4 5 6 9 10 11 12 13 14 16 17 19 20 21 22
M 55 P 16 1 3 4 6 7 8 9 10 11 12 13 16 17 18 20 21
M 56 G 9
M 57 G 8
M 58 G 19
M 59 P 10 1 4 7 9 12 13 15 16 17 20
M 60 G 9
M 62 G 9
M 67 P 14 1 4 6 7 8 10 11 12 13 14 15 16 18 20
M 68 G 12
M 70 P 3 11 12 22
M 71 G 1
M 72 G 16
M 73 G 21
M 74 G 13
M 75 P 6 1 2 4 7 12 16
M 76 G 21
M 77 P 2 3 9
M 79 G 16
M 80 P 2 1 21
M 81 G 21
M 82 P 1 15
M 83 G 1
M 84 P 20 1 2 3 4 5 6 9 10 11 12 13 14 15 16 17 18 19 20 21 22
M 85 G 10
M 86 G 20
M 87 P 11 2 3 4 5 7 8 11 16 17 19 21
M 89 P 17 1 2 3 4 7 9 10 11 12 14 15 16 18 19 20 21 22
M 90 P 1 10
T
C 1 9 11 12 13 14 15 16 17 20 21
M 1 P 13 1 2 4 5 7 9 10 11 12 16 17 20 22
M 8 G 21
M 9 S 1 5
M 10 S 17 8
M 13 S 8 10
M 14 P 5 1 7 8 11 15
M 21 G 14
M 24 G 16
M 42 P 5 3 5 8 18 19
M 44 G 20
M 49 G 5
M 59 P 9 1 10 12 16 17 18 19 21 22
M 62 G 10
M 66 G 16
M 68 P 11 1 4 8 9 11 12 18 19 20 21 22
M 70 P 1 18
M 73 G 14
M 76 P 2 7 13
M 77 P 7 6 11 14 16 18 19 20
M 78 P 14 1 2 3 4 5 6 7 8 12 13 15 16 17 22
M 79 G 9
M 81 P 14 3 4 6 7 8 9 10 14 15 17 19 20 21 22
M 83 P 5 6 7 9 13 19
M 84 G 14
T
C 1 4 7 9 11 12 13 17 19 20 21
M 3 P 7 1 10 13 14 17 19 22
M 12 S 11 3
M 33 P 21 1 2 3 4 5 6 7 8 9 10 11 12 13 14 15 16 18 19 20 21 22
M 39 G 20
M 41 P 19 1 2 3 4 6 7 10 11 12 13 14 15 16 17 18 19 20 21 22
M 45 P 9 3 4 9 10 12 13 14 18 20
M 54 S 12 14
M 56 S 1 22
M 61 G 9
M 63 P 1 21
M 66 P 7 6 7 12 13 15 20 22
M 67 G 14
M 71 P 11 3 4 5 8 10 12 14 15 18 19 22
M 79 G 13
M 88 G 21
M 90 P 6 2 3 14 19 20 22
T
C 2 3 4 5 6 8 14 16 19 20 21
M 3 S 21 15
M 12 S 6 17
M 18 S 5 18
M 25 G 8
M 38 G 20
M 39 P 4 2 6 15 21
M 41 G 18
M 42 P 4 3 4 5 8
M 47 G 3
M 50 G 19
M 55 G 4
M 56 P 16 1 2 4 5 6 7 8 9 11 13 14 15 17 20 21 22
M 57 P 18 1 2 3 4 6 7 8 9 12 13 14 15 16 17 18 19 20 22
M 58 P 11 3 4 6 7 8 11 12 15 18 19 21
M 59 P 17 2 3 4 5 6 8 9 10 11 13 14 16 17 18 19 20 22
M 60 G 17
M 66 G 15
M 67 G 18
M 76 G 8
M 79 P 13 2 3 4 5 6 7 10 12 13 16 17 19 22
M 86 G 15
M 87 P 14 1 2 3 4 8 9 10 11 13 15 16 19 20 21
M 90 P 12 1 4 5 6 11 12 13 15 17 18 20 22
T
C 1 2 4 8 11 15 18 19 20 21 22
M 1 P 4 2 5 16 20
M 2 P 19 1 2 3 4 6 7 8 9 10 11 12 13 15 16 17 18 19 20 22
M 5 P 18 1 2 3 4 5 6 7 8 10 12 14 15 16 17 18 19 20 22
M 8 S 15 13
M 10 P 19 1 2 3 4 5 6 7 8 10 11 12 13 15 16 17 18 19 20 21
M 21 S 20 9
M 23 S 19 14
M 29 P 3 3 5 14
M 30 P 10 1 5 6 7 12 15 18 19 20 21
M 39 P 19 2 3 4 5 7 8 9 10 11 12 13 14 15 16 18 19 20 21 22
M 44 G 21
M 47 G 8
M 48 G 14
M 53 G 1
M 58 G 2
M 61 P 14 2 3 5 6 10 11 12 13 15 16 18 19 20 22
M 62 P 3 4 16 21
M 65 P 2 3 14
M 67 G 11
M 76 P 17 1 2 3 4 5 6 8 9 11 15 16 17 18 19 20 21 22
M 79 P 10 3 4 7 8 9 12 13 15 17 19
M 80 G 9
M 84 P 15 1 4 5 6 7 11 12 13 14 15 16 17 18 19 20
M 85 P 13 1 2 4 7 8 10 11 12 13 15 16 17 20
M 87 P 22 1 2 3 4 5 6 7 8 9 10 11 12 13 14 15 16 17 18 19 20 21 22
T
C 1 2 6 7 8 11 12 13 15 20 21
M 9 G 21
M 32 P 16 1 5 6 7 9 10 12 13 14 15 16 17 18 19 21 22
M 79 S 13 9
M 90 P 14 2 3 4 5 6 7 10 13 14 16 17 18 21 22
T
C 1 5 8 9 11 12 15 19 20 21 22
M 1 P 4 5 8 20 21
M 2 G 9
M 3 P 7 1 2 5 6 8 12 21
M 5 S 15 4
M 6 P 9 1 2 4 11 12 14 18 20 22
M 8 S 20 13
M 10 S 8 17
M 11 P 4 2 7 9 14
M 12 P 22 1 2 3 4 5 6 7 8 9 10 11 12 13 14 15 16 17 18 19 20 21 22
M 13 P 22 1 2 3 4 5 6 7 8 9 10 11 12 13 14 15 16 17 18 19 20 21 22
M 14 G 21
M 15 G 13
M 16 P 11 1 3 4 7 8 9 10 12 15 17 21
M 17 G 13
M 18 P 10 2 6 7 8 9 11 12 13 16 20
M 19 P 18 1 2 3 4 6 7 8 9 10 11 12 13 15 16 19 20 21 22
M 21 G 17
M 22 P 21 1 2 3 4 5 6 7 8 9 10 12 13 14 15 16 17 18 19 20 21 22
M 23 G 22
M 24 G 17
M 26 P 20 1 2 3 4 5 6 7 8 9 10 11 12 13 14 15 17 18 19 21 22
M 27 P 20 2 3 4 5 6 7 8 9 10 11 12 13 14 15 16 17 18 20 21 22
M 28 P 22 1 2 3 4 5 6 7 8 9 10 11 12 13 14 15 16 17 18 19 20 21 22
M 29 P 12 1 2 3 6 7 8 9 11 12 13 20 21
M 31 G 1
M 35 G 11
M 36 G 9
M 37 G 1
M 38 G 9
M 39 P 18 1 2 3 4 5 6 10 11 12 13 14 16 17 18 19 20 21 22
M 40 P 2 8 9
M 41 P 3 3 10 16
M 42 P 19 1 2 3 4 7 8 9 10 11 12 13 14 15 16 17 18 19 20 21
M 43 P 12 1 3 5 6 8 9 10 12 14 18 20 22
M 44 P 8 2 4 6 9 13 15 18 19
M 45 P 2 10 22
M 46 P 3 4 9 22
M 47 G 9
M 48 P 2 14 22
M 49 P 18 1 2 3 4 7 8 9 10 11 12 14 16 17 18 19 20 21 22
M 50 G 17
M 51 P 3 3 4 10
M 53 G 11
M 54 P 14 1 2 3 4 5 7 8 9 10 12 14 19 20 21
M 56 G 9
M 57 P 18 1 3 4 5 6 7 8 9 10 11 12 14 15 16 17 18 19 22
M 59 P 22 1 2 3 4 5 6 7 8 9 10 11 12 13 14 15 16 17 18 19 20 21 22
M 61 G 5
M 62 G 12
M 63 P 8 1 3 4 9 11 17 19 22
M 64 G 17
M 65 G 21
M 66 P 18 1 2 3 4 6 7 8 9 12 13 14 15 17 18 19 20 21 22
M 67 P 21 1 2 3 4 5 6 7 8 10 11 12 13 14 15 16 17 18 19 20 21 22
M 68 P 11 1 2 3 4 7 8 12 13 14 18 19
M 70 P 15 1 2 4 5 6 7 10 13 14 15 16 17 18 20 22
M 71 G 19
M 72 P 7 1 4 6 8 11 13 16
M 73 P 17 1 2 3 6 8 9 12 13 14 15 16 17 18 19 20 21 22
M 75 P 13 1 5 6 9 10 11 12 14 15 16 17 18 19
M 76 P 11 1 2 3 4 9 10 14 15 17 20 22
M 77 P 7 2 4 5 13 18 19 20
M 78 P 11 6 7 10 11 12 13 16 17 20 21 22
M 79 G 9
M 80 G 5
M 83 G 12
M 85 P 3 5 17 21
M 87 G 22
M 88 P 19 3 4 5 6 8 9 10 11 12 13 14 15 16 17 18 19 20 21 22
M 89 G 17
M 90 P 4 1 4 13 16
T
C 2 3 4 6 8 11 13 17 20 21 22
M 1 S 21 5
M 3 G 3
M 4 P 17 2 4 5 6 7 8 9 10 12 14 15 16 18 19 20 21 22
M 5 S 3 18
M 7 S 8 9
M 8 P 5 5 7 16 20 21
M 9 P 12 1 2 3 4 5 7 9 12 13 18 20 22
M 11 G 2
M 12 P 14 1 2 4 6 8 10 13 14 15 17 18 20 21 22
M 14 P 15 3 4 5 6 7 8 9 10 12 13 14 17 18 19 22
M 15 G 13
M 16 P 2 4 15
M 17 G 4
M 18 P 17 1 2 3 4 5 6 9 11 12 14 15 16 17 19 20 21 22
M 19 P 9 2 5 8 13 14 15 17 21 22
M 21 G 22
M 22 P 14 1 2 4 5 9 11 12 13 14 15 18 19 21 22
M 23 G 5
M 24 P 7 3 6 7 13 14 20 21
M 25 P 8 1 4 11 12 13 14 16 19
M 26 G 5
M 27 G 6
M 28 P 16 1 2 3 4 6 7 8 10 11 13 14 15 17 18 19 21
M 30 P 16 1 2 3 4 6 7 8 9 10 11 12 13 16 19 20 22
M 32 G 18
M 33 P 3 1 14 21
M 34 P 2 11 13
M 35 P 15 1 2 4 6 8 9 10 11 12 14 15 18 19 21 22
M 37 G 2
M 38 G 18
M 39 G 20
M 41 P 12 1 2 3 4 6 13 14 16 17 19 20 21
M 42 P 18 1 2 4 5 6 8 10 11 12 14 15 16 17 18 19 20 21 22
M 43 P 16 1 2 4 5 7 9 10 11 13 14 15 16 17 18 20 21
M 44 P 14 1 3 4 6 7 8 9 10 11 12 14 16 19 20
M 45 G 6
M 46 P 18 2 3 4 5 6 7 8 9 10 11 12 15 16 17 18 20 21 22
M 48 P 8 5 6 7 8 11 12 16 21
M 49 P 17 1 3 4 5 6 8 9 10 11 12 13 14 15 18 19 20 21
M 50 P 6 7 11 12 16 18 19
M 53 P 18 1 2 3 5 7 8 9 10 11 12 13 14 15 17 18 19 20 21
M 54 P 4 5 10 13 16
M 55 P 11 1 3 4 5 7 8 9 15 17 21 22
M 56 G 18
M 57 P 9 1 2 5 6 10 13 14 15 19
M 58 G 20
M 59 G 4
M 61 G 13
M 62 P 10 4 7 9 11 13 14 16 17 18 20
M 63 P 8 4 5 8 12 16 17 20 21
M 64 P 11 1 3 4 6 7 8 14 17 18 20 22
M 65 G 5
M 66 G 5
M 67 G 2
M 68 G 20
M 69 G 18
M 70 G 6
M 71 P 12 1 3 5 7 8 10 11 15 16 17 18 20
M 74 G 17
M 75 G 18
M 76 P 7 9 13 16 17 18 19 22
M 77 G 17
M 79 G 5
M 80 P 11 1 2 6 7 13 14 15 16 18 21 22
M 81 P 17 1 4 5 6 7 8 9 11 12 13 16 17 18 19 20 21 22
M 82 P 20 1 2 3 4 5 6 7 8 9 10 11 12 13 14 16 17 19 20 21 22
M 83 G 9
M 84 G 6
M 85 G 4
M 86 G 13
M 87 P 13 1 2 6 8 10 11 13 14 17 19 20 21 22
M 89 G 5
M 90 P 8 1 8 10 12 15 17 18 20
T
