2000
53 87 406
31 421 1165
1468 600 286
1400 646 1525
865 293 416
1921 219 1065
1202 874 1575
1803 477 1161
409 205 93
1153 367 1912
184 644 35
1336 520 453
972 727 16
710 258 1966
1208 456 494
1394 171 663
1131 249 195
1764 227 310
1957 989 1996
397 319 514
558 338 1184
1812 708 1323
94 30 722
77 310 236
180 353 167
1621 434 1327
1895 722 570
1837 49 752
319 949 1437
773 695 1318
569 324 162
1612 51 127
640 764 1353
378 777 698
1988 498 924
852 149 121
844 350 1288
601 754 1879
338 816 1629
734 107 630
1809 793 1976
1049 559 1822
147 220 1503
532 643 1122
1362 862 446
372 380 260
1455 362 1521
1803 331 138
602 864 898
39 685 481
801 624 404
1990 2 690
212 194 1311
1342 620 1380
1315 576 1870
1414 828 497
575 615 1078
158 480 396
865 811 937
1317 168 994
1762 226 667
448 850 1134
1791 250 1843
443 987 370
1472 438 1428
1803 176 1620
411 533 957
1453 148 166
367 109 47
282 268 1994
576 15 1646
421 680 1669
536 867 443
952 580 321
187 446 1167
1754 102 328
622 489 235
907 849 750
485 605 495
1562 530 1119
1476 437 8
707 210 378
1563 731 1407
773 380 989
1261 919 1118
1263 928 273
100 340 629
1440 976 152
1464 355 349
1992 442 1077
1819 389 1563
71 574 1900
1832 860 1143
1197 817 1275
238 642 1198
1723 153 1416
1259 597 182
1072 746 779
1859 954 977
309 618 1261
772 656 694
1137 89 658
1710 359 1018
1043 509 292
925 17 805
1552 83 545
1458 657 243
726 848 39
364 10 1288
563 297 957
836 354 1336
2 745 245
397 823 694
1935 442 815
1425 689 381
1957 22 1280
1482 681 1517
1451 679 868
1373 673 1559
670 772 1056
341 37 154
1103 439 956
1365 865 943
391 68 1792
145 819 531
499 458 13
182 307 645
1479 943 1054
423 882 1024
612 416 1295
692 776 537
179 864 45
331 209 1003
426 522 1999
784 865 1202
1522 944 741
63 909 1990
1660 885 1839
1361 453 1161
1891 481 799
1544 856 563
763 861 418
41 247 941
525 318 892
1520 478 91
31 285 626
331 911 1790
796 911 1613
1411 512 586
481 209 988
1826 599 244
613 688 1801
900 939 1647
1138 183 1169
1343 45 776
1524 320 589
1425 336 463
512 864 1621
22 926 1975
974 141 86
778 100 1440
1755 705 1569
674 743 900
1231 332 534
789 335 1280
1152 806 386
1099 867 1397
144 787 919
685 486 734
661 627 970
1130 298 1571
1712 649 1809
760 171 798
1951 235 588
1941 702 28
1247 883 340
1681 99 263
1804 404 563
815 39 723
690 39 1043
1612 29 151
479 863 394
956 630 1900
644 218 1604
1105 903 1531
402 250 610
1712 107 1987
1442 12 659
328 306 729
277 72 545
1433 945 212
1613 329 1086
76 699 1992
1732 277 976
343 279 210
612 136 393
590 762 245
116 653 1130
429 615 531
1856 101 378
69 845 510
556 892 1378
1741 1 656
1163 809 604
538 756 408
232 453 1707
543 159 599
517 767 1165
1086 324 523
389 990 1968
808 752 267
776 735 114
125 831 435
881 88 316
820 903 240
73 444 1552
76 848 1519
298 369 1681
1003 403 178
1047 920 914
174 921 67
644 219 179
1455 174 29
689 573 1513
1998 935 1207
272 781 1740
784 161 324
39 27 181
873 203 1544
592 319 1607
147 564 12
1814 919 190
845 313 85
1026 841 551
1909 233 1248
1950 312 32
316 50 1761
759 754 1136
1944 520 1581
75 10 344
1925 91 1974
953 667 1003
878 154 1958
371 885 682
217 406 1262
908 100 916
637 809 223
904 949 1181
1079 446 1673
1294 883 1629
1812 99 1300
1474 754 555
1688 830 732
1872 946 250
535 804 1985
1575 648 548
439 433 1118
875 792 997
1158 147 392
1770 869 602
822 144 1003
1668 917 154
196 843 385
1718 832 1812
1095 610 707
636 696 1706
1600 354 1940
1857 206 1565
1298 861 1290
1635 683 1786
1726 955 1103
1717 365 1540
1644 552 360
958 203 1827
803 149 1348
107 659 1916
843 362 1384
166 731 1361
155 604 1865
1077 774 1675
1224 690 1275
688 624 198
1309 373 745
1666 564 957
1276 663 1124
480 460 1367
1303 68 800
1302 290 1585
373 688 507
402 782 396
1755 775 1568
967 143 1368
1985 315 573
614 454 914
1957 419 1857
1001 768 779
881 8 281
260 859 1194
1948 556 1514
614 148 100
191 37 1490
739 575 729
947 231 1947
1333 615 1281
1596 241 593
1312 903 792
1644 218 246
1205 329 135
411 620 114
316 198 627
915 704 1407
125 437 843
1921 315 1892
1688 289 717
1476 168 1601
852 533 424
568 974 1196
428 338 1416
369 909 682
564 371 750
23 604 1488
1032 287 1119
152 485 764
1392 808 32
302 412 910
1895 338 1055
182 788 1596
1541 983 419
20 67 949
1975 113 871
1310 856 1204
333 560 691
1403 251 841
708 726 813
1031 964 1763
418 80 32
3 928 1122
1240 534 1626
1356 776 890
775 565 1947
406 107 443
565 707 1051
773 926 1632
760 396 1500
1633 25 1828
585 924 640
431 436 1485
1265 157 1789
1151 515 450
1849 2 1839
880 366 448
1478 292 1885
1990 229 204
468 163 976
1236 35 1706
1332 824 1520
625 33 319
428 409 849
1980 574 1362
1141 701 1244
831 412 409
566 282 1777
1087 773 1090
1389 948 621
1716 486 1903
1212 600 1975
721 75 919
785 856 592
595 20 1305
931 96 778
237 927 179
1993 433 1048
394 295 1987
1611 788 1464
1852 100 1340
1401 738 1646
989 596 348
276 451 833
230 450 812
1075 69 1819
405 828 1080
1075 774 347
342 58 1408
401 300 1758
678 292 256
235 779 975
1341 171 1340
1951 239 1514
1333 932 943
1176 372 1240
1961 433 1732
1027 523 1847
1040 602 1588
1332 519 1561
150 403 1730
269 415 1519
58 982 1109
857 21 1318
748 971 245
586 71 593
1203 549 1064
506 477 807
647 120 94
260 484 655
2000 352 1850
456 577 42
257 237 947
785 912 1313
1329 293 539
551 213 1424
993 888 206
1394 651 194
285 91 413
1830 909 925
695 614 284
1229 683 1791
1109 928 1547
1136 230 218
569 492 1857
1304 942 1054
1334 340 1278
640 410 1493
133 342 1153
1664 120 355
1360 125 455
1918 103 1102
1140 306 1350
1828 906 1482
1533 811 1994
1054 238 698
557 236 383
1856 198 1635
1159 955 255
1009 182 353
1266 801 1420
1713 454 63
1203 799 657
1616 920 785
1857 446 1685
143 260 1110
1560 338 929
811 467 987
772 544 1411
1520 137 1298
1941 607 338
1066 720 708
739 412 164
444 769 786
1850 977 1692
987 396 19
1175 399 905
802 932 1610
1370 729 1516
1670 555 1223
1875 260 1225
1952 620 240
422 357 896
134 242 144
101 555 1661
1341 843 1759
622 814 1678
837 874 1027
1119 558 1140
466 684 294
1283 519 444
1526 130 313
559 796 1518
1737 63 200
1780 235 1415
467 91 1982
1194 216 1763
1138 640 1291
10 805 1198
464 555 1748
1716 698 1276
1509 671 939
1961 856 662
1294 533 799
842 323 1014
1337 399 966
647 975 1686
816 870 1081
1990 978 420
1337 937 912
1255 628 489
74 224 1166
380 699 60
1319 816 271
1773 203 865
1676 776 1439
46 285 1399
102 780 1789
1306 565 1105
1985 361 1409
633 337 628
519 721 1819
1276 984 353
880 537 461
1973 264 1619
864 896 1946
1231 428 252
1887 705 1984
1275 340 604
1972 563 946
49 934 1123
1992 735 1946
574 564 1384
1164 547 1918
681 590 265
1441 262 1985
1959 243 132
85 596 1804
794 995 1238
1675 803 653
994 615 451
571 845 671
1384 284 358
221 663 971
8 508 1643
1821 826 1246
1090 374 682
1987 818 1244
1119 960 1093
1637 388 549
1492 883 1300
1608 900 1125
1853 974 431
1020 278 1009
80 654 125
240 307 1807
1527 838 1964
411 848 1862
1605 154 400
425 538 1511
546 561 576
268 654 587
125 251 1358
48 343 93
1522 128 1511
1499 431 522
1413 746 779
1506 746 1959
1440 396 765
1227 160 706
1608 524 734
1304 683 1885
1387 533 229
192 953 647
702 137 258
1716 530 476
1394 701 165
1625 444 1359
1027 198 169
1366 430 774
1237 668 1542
814 876 1749
1603 637 1334
28 185 862
1550 132 710
1933 882 1144
1444 530 832
558 769 1678
318 676 263
1167 111 1403
1558 534 964
683 231 1411
1483 792 1776
1873 711 708
941 726 2
543 641 142
1129 717 1977
1098 730 1551
1790 731 268
1077 425 643
1291 911 1649
428 187 1130
984 186 92
430 374 1963
951 420 1098
120 691 329
631 115 1790
522 208 755
237 288 586
169 654 1442
442 683 1456
1249 926 1485
1366 906 1626
629 226 815
1903 732 247
1414 570 1901
1201 284 312
1166 645 1089
1286 915 939
1281 698 267
235 380 262
783 150 537
1139 575 407
1777 822 1141
1527 303 1083
387 1000 127
1155 86 1148
276 527 716
348 843 271
1627 372 638
1119 937 781
1581 556 1524
1573 331 881
1028 438 1091
303 701 1123
1723 812 1238
300 581 963
313 957 868
9 626 1896
523 786 752
598 573 1306
1277 622 1397
1146 782 510
614 866 1185
1609 841 1777
209 208 978
9 121 1383
1851 774 1984
810 996 1333
1657 415 1387
1407 441 1628
94 486 1909
1884 214 472
531 875 241
1397 477 105
1690 410 556
37 264 225
1597 784 987
914 907 1677
1967 776 167
1285 211 1880
923 574 261
1513 981 1101
797 562 346
654 448 1468
617 96 238
825 70 1776
1204 870 1870
1139 855 1919
1460 31 280
679 191 1586
1998 670 593
955 794 86
1617 958 282
1153 710 1091
1602 504 739
165 185 187
552 949 1823
1207 3 599
156 86 1817
1809 294 1997
523 977 1078
7 148 69
1678 677 1996
1548 736 894
789 664 1857
1540 128 635
142 64 248
293 314 1378
1149 775 1928
316 358 374
1715 964 991
1043 819 708
1635 295 1894
1820 485 668
853 443 1525
1901 414 1490
1218 57 1513
1286 587 1333
606 283 420
1268 754 1661
251 559 1749
1808 785 1771
50 702 1304
781 617 333
576 877 1872
998 435 879
1 306 1842
754 610 953
1273 786 1700
1772 427 1526
1874 849 1639
955 393 129
1997 337 722
113 404 1990
556 744 1648
1622 284 870
370 140 491
1320 313 475
1866 505 1945
284 190 574
1896 382 1495
966 134 310
1647 419 164
168 541 403
903 575 48
791 779 667
171 31 294
1559 382 1667
1170 906 1670
1032 943 720
406 587 967
1132 14 1696
842 727 283
1889 480 1987
41 425 1636
1778 897 1119
970 299 1847
275 262 1331
1771 855 878
491 957 442
1395 597 1827
475 135 708
647 367 346
1993 565 784
474 642 767
213 578 1421
555 630 609
38 977 562
1516 608 1886
1635 831 891
541 566 1792
1124 154 1622
734 340 7
1042 595 1310
1079 110 247
643 513 1590
1965 278 1316
428 703 1112
371 895 348
1990 327 304
504 969 1492
1727 319 1332
1907 295 423
949 188 69
352 54 1851
1739 349 1483
272 944 981
640 330 1004
430 65 575
505 285 1534
774 151 1239
1834 209 1887
390 408 779
969 425 753
1526 960 1715
1668 179 1130
369 569 1902
1310 597 1100
473 687 1888
222 319 769
1838 554 331
1512 186 858
1642 142 1260
277 224 729
1050 729 1208
1118 629 172
1149 132 1895
1256 917 1356
780 844 1329
1010 351 1957
1717 994 551
1291 449 488
974 104 340
378 533 1230
116 582 1604
354 442 1006
1625 37 500
1314 863 242
1135 705 76
105 268 69
1014 253 1625
864 282 432
1629 723 1742
1609 862 1670
1915 642 109
1279 584 590
1515 236 1953
1280 409 1856
1964 151 1614
1658 109 994
148 83 1372
1203 566 963
651 796 896
1848 162 1161
1235 1 301
177 375 823
1586 189 1146
1790 917 386
684 973 1652
1628 227 1493
988 98 551
1828 181 1554
297 16 791
1020 948 1067
252 206 1044
749 31 144
180 288 1103
1903 922 1866
906 34 1431
495 878 1320
1179 78 631
537 896 937
22 593 228
1166 652 810
183 554 578
111 524 993
765 716 775
16 676 1754
1265 76 612
1918 90 32
80 725 1567
1324 19 1311
1557 275 117
1393 487 1433
264 398 463
257 40 422
1272 952 51
124 863 1745
1463 209 1326
107 377 927
202 137 639
505 778 529
1348 735 1318
1662 336 1005
1669 665 1021
1472 377 953
862 596 1814
1164 799 1096
360 5 503
1782 780 1673
309 207 370
1952 26 1517
210 966 360
1695 445 920
248 636 544
66 460 1770
1070 972 1379
274 836 1519
1942 228 683
1175 910 997
1166 871 892
1869 83 1516
1615 866 1282
174 38 1396
795 558 1452
689 657 962
594 950 215
1325 579 1139
1389 450 671
1956 625 1301
986 268 835
63 844 675
211 553 935
967 522 785
1655 603 1454
1986 960 1160
1875 174 408
1516 759 882
273 1000 1225
247 909 1865
679 853 1916
1725 134 187
275 443 1303
24 667 1697
1738 386 543
1347 179 626
1625 375 1453
949 624 1794
832 793 1762
1661 53 1392
936 180 1688
1204 229 287
156 141 553
118 517 1443
631 686 1462
622 957 287
275 92 1263
877 492 174
390 382 217
1576 163 1743
1374 991 1808
493 140 1333
1836 366 1193
1699 523 1695
322 164 1772
1920 740 1172
605 495 80
1158 645 1842
1875 917 1624
324 102 1015
1632 908 1134
1466 71 736
431 17 238
1882 866 193
1998 702 597
323 178 1253
31 464 442
844 275 424
272 657 1116
880 762 1121
1499 858 509
1667 679 1413
1384 579 1070
1935 881 1001
846 623 924
735 681 710
1191 346 1515
1324 331 370
302 629 976
828 793 605
505 661 1795
1267 937 1803
606 255 1126
1870 320 1393
1416 847 768
792 663 1426
1186 738 1454
125 22 938
265 354 43
1221 592 1003
1322 305 1886
919 454 727
51 415 499
1962 215 1215
1446 568 30
510 775 346
246 281 988
1274 294 1704
1358 106 283
1653 540 1193
683 818 1836
1665 378 1512
1415 973 1718
1006 842 1692
1162 410 1422
85 322 385
1317 979 916
1461 390 244
1310 797 1025
1896 157 493
107 178 814
1554 694 1312
1657 547 1783
1387 483 214
93 266 1585
1748 437 1399
1455 776 1705
313 473 1564
1374 372 157
500 466 1252
1554 660 1599
1305 24 436
897 423 760
351 960 867
1080 754 1722
221 932 84
1650 122 1290
189 478 1270
892 139 1421
1350 655 251
51 575 657
1796 981 85
1519 418 1613
664 990 726
310 429 1036
672 719 1703
971 367 423
1090 377 666
573 371 1218
1773 84 956
743 439 72
744 461 30
1024 42 1594
1942 605 230
1753 568 1028
449 739 1167
1557 809 1218
1847 204 1113
415 56 722
1740 280 1517
1975 648 1450
578 944 912
978 269 1005
142 373 1851
1821 776 1048
544 11 585
107 156 754
1658 95 322
479 816 1189
1054 445 870
991 212 103
83 638 844
256 640 12
1432 433 876
496 985 1024
1902 984 475
1860 247 1104
29 589 1334
855 676 25
693 877 1681
1543 734 68
265 308 81
667 504 993
1105 714 471
1123 485 1315
639 973 687
1301 597 1579
933 512 1433
50 787 104
1890 564 1974
1025 231 1021
704 948 1942
1569 216 532
1426 614 1168
1587 701 467
752 888 402
203 573 1005
1873 511 459
1961 140 172
925 790 1478
1881 520 588
1959 198 217
165 36 26
1929 18 445
94 708 380
1704 197 1903
799 144 115
926 615 1047
788 452 1184
185 332 71
22 496 644
1847 318 1431
481 885 844
764 613 1008
1930 777 91
1711 796 263
1200 187 1080
327 799 11
420 817 683
1693 19 1089
1020 9 739
1334 85 142
500 317 1386
1665 494 54
1422 563 1900
971 30 1251
445 221 819
257 911 1624
722 677 472
621 749 1480
1256 861 518
978 387 2
1686 404 1248
500 336 350
416 572 1046
1239 955 365
1472 218 834
1963 627 1485
1395 6 456
767 379 1994
1006 301 1454
1093 124 1388
1082 612 281
639 612 1261
826 919 1945
209 127 955
144 704 918
608 604 1326
259 573 1692
1822 57 859
852 908 963
844 98 1065
1722 49 1955
1958 615 1634
1116 619 39
1910 893 525
1002 674 1120
943 375 282
87 756 1549
1863 188 430
1761 249 199
104 195 976
336 84 1346
159 861 1957
84 300 1362
1546 411 1736
720 570 1227
279 433 1884
324 637 1661
935 58 150
902 539 847
958 988 693
156 561 457
307 46 900
1251 374 439
810 824 1474
900 220 1403
1853 962 1521
950 503 355
897 376 1709
1641 34 284
1632 525 1710
1119 775 1814
1725 967 1744
1871 997 1737
228 291 368
1302 96 1062
331 121 1915
1458 363 1570
336 25 1251
880 906 767
859 70 1523
1161 679 988
1373 91 1492
313 619 239
136 781 47
1504 126 1201
959 296 1428
1960 705 1306
894 453 219
1084 674 669
1026 850 138
407 304 1862
314 307 1831
1840 801 1698
1700 345 1487
1549 504 1214
324 361 1351
902 964 1907
783 967 1586
27 118 753
1019 282 1090
1352 754 1738
61 755 212
1123 896 1745
1848 801 1526
731 308 788
114 896 1722
856 684 326
427 186 113
676 808 1441
376 669 160
1752 656 619
317 766 823
1694 753 263
1782 516 1795
1818 289 1726
1839 769 848
211 668 1294
1840 86 68
292 30 1810
928 37 617
853 747 1667
308 996 698
853 83 1135
1498 199 576
368 171 71
479 829 1918
1580 297 286
463 935 1514
1416 415 976
722 980 734
799 427 1712
1673 274 623
1029 557 1397
513 681 1245
651 185 1974
1484 409 363
745 734 1588
807 254 1728
834 71 1847
215 57 1373
1152 321 349
1053 657 1744
1890 221 1456
969 131 1226
1006 638 774
764 247 221
1917 726 909
30 3 1065
1756 573 695
1627 381 631
1106 642 99
1183 603 950
1503 543 1902
1672 390 244
1775 550 1337
1292 216 1504
1764 873 522
240 866 1888
475 890 664
863 938 797
1107 870 450
1405 227 790
555 288 752
1365 590 212
104 124 797
1696 873 1802
491 601 1700
1329 997 240
1964 284 841
847 717 1888
1777 234 298
929 333 65
1789 812 583
1208 415 1988
759 825 94
1080 109 1420
1133 839 299
934 946 66
1736 306 1934
1189 546 185
1636 209 894
1384 557 605
1698 190 590
1 871 1266
68 534 1070
220 442 1147
1308 281 100
1148 350 1768
1461 306 842
507 801 549
1718 705 459
18 658 1071
1957 536 1593
1782 308 1737
205 820 1473
1353 344 543
446 85 1218
414 210 1769
1133 745 955
45 615 100
402 596 1540
1472 406 620
1644 820 478
389 534 1725
845 75 1037
1771 103 74
1205 548 1173
224 132 734
1690 338 1157
1283 703 851
711 686 352
325 119 912
866 633 738
984 263 1239
1465 417 1938
463 503 1245
1230 1000 307
1905 799 1388
701 250 1184
806 218 743
1147 438 1416
1730 1 1357
1312 456 1927
704 560 1345
1520 733 1126
1506 757 1863
1425 751 804
926 119 930
8 355 1413
1515 524 1036
1537 960 843
411 286 263
539 592 291
397 784 227
923 485 1955
1247 676 1951
226 829 161
1026 719 372
1278 878 1334
1563 488 1727
1657 497 788
769 517 46
1059 9 628
1600 568 158
1468 579 307
744 33 67
236 676 1375
1157 621 1096
564 670 1869
259 862 297
1698 779 830
182 371 525
757 726 1186
1181 370 312
694 710 1516
491 675 1649
1231 278 1895
1328 728 1489
153 466 1912
476 963 844
938 211 1557
1892 943 1795
1848 510 1909
508 891 1481
1984 968 1561
1821 603 1253
263 157 265
47 671 1529
1668 34 387
715 649 353
559 40 1616
1049 346 239
1388 923 632
730 517 1637
1608 659 440
552 351 644
334 273 1810
416 389 179
441 5 1813
711 472 338
1779 687 1661
867 974 1328
1385 403 1165
905 681 1067
146 193 922
472 196 1671
1831 220 1051
630 676 1105
161 897 30
924 4 565
1921 100 397
329 165 61
0 983 210
1715 348 268
1167 883 552
1777 508 27
1888 882 659
1401 431 1667
1489 61 241
140 520 90
1747 602 465
1271 76 1746
1198 457 547
1805 617 1135
236 960 402
1720 365 1256
786 316 606
1010 795 1297
1822 771 238
303 819 1638
1642 198 869
1004 296 1900
1424 867 162
1714 7 884
504 690 1325
1892 117 719
1016 783 1759
1068 544 1865
873 800 738
580 849 16
440 624 1739
825 121 565
246 77 1060
231 595 294
810 925 429
1999 522 1593
358 319 532
1447 827 524
228 744 3
668 789 843
786 267 1370
780 134 1011
1657 78 29
1040 856 1093
1649 649 240
1030 5 957
477 801 1361
276 607 1317
1125 693 1381
1624 45 965
784 519 151
1101 585 1853
1931 726 1149
1093 638 1988
560 354 108
676 193 1922
1117 513 1790
21 813 779
329 576 306
1248 965 286
155 12 724
1839 820 1439
279 130 716
1454 584 464
1706 493 1835
169 599 245
1504 104 1572
604 977 137
1010 435 1353
1155 407 1612
1077 137 375
265 403 1647
1459 882 884
1949 58 1874
503 765 1094
171 222 812
650 233 998
1419 423 1979
1137 789 1685
451 859 510
163 13 1614
982 843 736
574 391 509
294 105 1783
969 949 719
957 280 1980
1816 405 780
1453 156 524
775 830 1873
1337 779 1935
796 485 1089
549 467 823
1351 599 270
1821 356 76
545 144 1907
1125 440 1415
1238 621 836
1539 640 1245
1660 341 249
1730 498 1037
315 622 1000
443 657 1787
1610 325 1666
1011 259 655
1828 511 463
1651 874 201
914 663 1660
1847 564 1814
1189 992 1765
1809 677 985
86 708 750
1747 703 1922
126 508 1431
1395 111 67
956 922 81
1970 178 772
1206 108 1403
149 632 1139
975 763 1025
532 185 464
60 443 1909
733 686 729
1307 892 798
1706 778 1795
1572 218 465
35 162 441
311 785 1759
655 769 1192
337 483 1983
1801 599 1371
1235 478 988
1688 171 227
904 120 160
497 383 954
1011 37 721
423 661 329
1503 203 1180
315 296 279
963 540 1152
608 740 820
1371 102 685
1051 961 117
1792 230 93
1171 805 161
1745 459 1666
1575 32 1405
164 128 322
535 365 132
1035 866 1455
443 894 521
1958 556 1579
1667 519 129
793 263 266
364 63 763
811 207 1960
487 195 898
1889 483 398
1629 116 373
1108 237 1536
1679 411 1493
1441 969 522
1116 691 528
299 721 155
453 566 1149
1001 153 1153
66 763 872
1443 568 325
1401 903 63
1824 311 1145
1768 411 476
1379 461 384
40 142 197
1357 739 1230
133 594 481
646 892 1313
279 476 220
361 304 910
1472 727 862
1257 42 496
1388 888 1895
133 63 1005
1303 40 1503
1080 720 954
406 574 1516
1286 187 1825
76 340 708
993 734 832
1789 885 1412
692 44 884
1035 852 1328
1070 60 1431
1638 662 14
62 55 1175
290 908 1421
733 97 920
80 282 1850
1587 954 1947
1779 868 389
1427 78 1503
1889 283 1488
206 538 616
1958 539 329
492 361 46
69 768 776
1321 119 777
260 625 892
835 621 970
424 540 978
1609 365 1084
290 930 934
469 286 1707
1066 285 1342
695 915 1140
1850 288 675
1183 576 1230
1874 799 1523
87 70 504
690 455 1556
901 143 52
1273 472 1018
1465 796 1972
661 305 1611
1530 982 867
456 771 385
1866 587 789
102 594 913
413 27 274
836 800 490
1283 66 1487
1967 299 66
534 799 1678
1819 136 1020
1306 717 553
471 33 1981
388 352 746
475 908 1088
1772 579 669
1637 237 646
885 185 89
674 229 851
33 209 1578
1674 203 678
1205 726 1876
461 699 152
1886 887 1332
1383 157 1048
707 443 472
1441 320 20
1907 176 497
1483 760 1403
1383 708 1254
1855 996 1602
943 388 1740
1633 419 1973
1099 652 1748
717 913 1504
760 159 1812
952 397 972
1000 113 1145
1733 630 1582
353 329 236
126 526 1677
1247 763 1779
1435 175 1300
1814 606 826
838 772 968
1290 227 194
209 881 570
480 910 986
1676 37 1456
491 232 60
1938 128 223
814 173 1786
841 33 269
214 186 745
1048 418 1845
1156 378 1662
651 87 827
128 713 1943
1744 851 322
1567 769 1867
1970 29 1018
1464 380 1781
1630 994 1854
1428 594 1982
1043 435 1694
1091 621 1402
1753 409 330
1550 522 885
313 62 671
301 497 301
1787 326 741
560 272 370
1331 295 248
1884 347 1452
348 598 326
617 663 1933
1687 404 554
903 216 824
1046 199 1736
756 384 353
116 468 408
1353 707 1317
1904 108 1735
595 631 155
345 28 219
293 8 1053
1747 347 550
1435 20 481
186 807 893
151 26 27
1369 808 650
425 233 1527
1394 232 1792
479 71 962
525 609 158
501 392 425
1511 560 1542
846 121 1878
486 569 1663
416 820 134
245 108 137
291 909 191
526 208 15
1170 309 1953
1787 662 1122
619 790 1451
517 79 532
738 631 177
672 713 1972
1861 785 1835
225 391 1529
1365 138 816
1576 647 1200
155 473 1587
1186 393 362
1703 297 1134
553 965 1904
1881 986 109
1736 853 1097
429 421 221
395 364 383
405 839 1573
645 149 477
630 641 772
764 744 1485
926 830 572
606 489 368
1110 61 1422
1395 50 1486
1750 105 1350
1639 835 1567
1149 454 841
1012 495 794
1413 445 286
420 394 1644
1544 178 970
1261 737 1772
1883 957 991
1937 585 846
607 583 790
1522 83 340
446 477 1451
44 967 45
1063 939 1225
373 672 375
1183 794 711
1911 287 488
1832 442 1713
575 939 781
988 431 282
1599 432 1632
1830 622 1666
1321 838 336
115 119 115
1887 244 908
442 464 914
433 565 1538
1790 936 1330
319 482 1078
749 578 523
1843 641 821
335 883 1676
989 590 331
1618 679 686
1540 688 1186
1849 527 138
1066 278 1373
339 719 1980
1098 538 1092
1488 254 969
462 565 370
1666 277 669
1580 251 973
478 509 1609
1320 889 516
669 699 1787
138 958 670
1205 678 431
795 183 97
1175 187 358
149 702 1233
1202 943 1989
1711 348 1882
758 69 48
474 141 544
582 90 71
873 988 1782
1305 246 545
611 663 1677
508 117 615
1352 389 399
1866 149 706
418 590 59
1509 753 1608
1286 650 338
1658 791 1267
1458 382 49
1583 309 1972
1432 155 449
1805 666 199
1657 71 428
800 963 1255
1943 393 1938
1379 659 741
594 704 1852
1108 440 1684
1481 637 543
575 346 887
83 337 1652
951 638 1773
1059 608 1525
659 218 892
377 750 1596
496 786 269
1977 762 1896
1711 652 40
1588 665 656
35 216 1617
430 93 1404
241 132 865
315 79 1920
54 45 1672
1872 281 491
1920 784 466
649 8 48
1463 787 1640
771 520 1940
138 302 666
1315 697 1992
847 990 218
929 897 1528
979 293 396
637 859 195
1769 539 1019
127 415 269
1750 8 926
1656 147 770
1202 405 700
185 801 1261
90 952 1644
1541 9 1305
1291 152 416
934 618 773
1545 201 36
1184 668 750
413 337 1379
1173 888 153
597 891 1017
14 827 1999
1117 458 1871
147 527 268
550 992 1699
243 660 314
372 241 1303
1067 590 1435
1853 394 731
391 119 421
1585 247 574
1974 134 913
1621 357 770
375 145 646
1591 667 766
351 832 1538
1868 879 1273
601 347 1610
129 38 1236
90 358 291
856 125 568
1441 794 1264
1430 279 1745
1052 167 1262
390 366 10
1689 599 1181
1431 902 569
604 645 1696
638 624 524
1108 335 616
723 459 437
1487 264 1197
1503 664 1988
195 794 1229
467 551 51
517 19 1000
1334 220 1206
1484 550 1948
1012 927 1154
1041 708 1646
708 844 1870
430 283 1609
290 399 1065
1121 974 1306
1546 954 1531
1664 310 443
1263 586 1104
1227 201 1552
440 856 128
1960 369 1632
471 909 755
92 286 1972
671 576 1956
1476 399 37
45 331 1187
1565 822 1106
1227 675 1441
1398 898 1856
1340 480 119
618 730 55
859 269 726
1733 799 1097
1040 80 1893
35 970 1956
1699 701 1319
1046 870 1066
23 743 1228
1791 328 1311
1147 904 506
386 693 389
74 490 668
1389 68 1428
1589 564 1482
1668 565 1132
816 538 1417
431 272 1566
384 239 1766
1773 865 1736
1318 877 750
151 963 289
156 632 1200
90 75 228
54 430 166
978 568 17
997 35 1889
1351 969 1570
696 323 1971
1153 918 1162
239 576 1745
1543 594 851
1320 852 1673
114 744 1064
318 34 1569
1652 260 497
1363 913 1682
512 76 1534
1190 177 1316
203 424 151
579 315 1210
873 958 242
1958 338 111
832 154 1140
1779 623 1122
612 805 285
1355 972 31
527 715 1518
247 848 511
1236 930 205
672 268 961
725 601 572
334 635 346
837 110 213
1204 840 138
1727 492 393
886 691 1295
1849 43 233
377 853 655
238 792 1317
79 950 1600
1155 400 1621
1219 43 1851
611 240 1621
658 468 514
1632 943 1381
440 822 350
119 631 752
730 829 1964
1111 584 860
260 677 986
70 199 1522
115 497 846
419 614 415
1527 196 726
321 44 1692
87 783 86
870 703 1001
1647 251 605
931 527 256
1265 841 858
62 878 456
1989 319 1038
712 30 1079
970 773 1923
1326 419 940
815 415 1724
95 945 1260
1995 372 397
1561 159 1324
1894 526 1758
802 933 1184
201 844 106
698 762 339
1207 30 318
858 794 134
1751 599 1423
348 759 621
1661 225 1883
1910 255 1079
88 668 36
1782 829 397
1427 319 1481
842 747 733
648 603 374
688 70 200
925 77 1518
1610 411 890
1841 811 471
801 562 1833
78 866 997
1310 481 1009
313 750 1722
190 619 765
36 722 1981
1029 361 1673
1891 497 137
273 816 343
654 709 1736
846 196 447
1633 935 1505
835 500 1435
527 503 1022
429 695 786
392 917 1874
670 654 1140
825 816 1018
1110 26 983
1613 974 898
326 217 288
1898 75 1722
125 404 1845
1929 70 1673
1832 652 593
192 281 1794
1413 804 424
1417 232 356
141 256 364
1499 997 1655
1569 479 1376
1522 786 293
1664 359 1212
1063 144 518
1213 855 177
266 702 271
1804 849 254
1795 964 1484
