2000
1905 366 781
305 84 385
806 218 1566
29 316 39
1652 459 829
1239 833 1407
1155 265 179
1827 434 1918
1955 855 1876
656 336 569
320 964 1156
625 203 1901
595 65 1559
219 857 956
1771 612 1852
495 572 1963
1981 94 1180
552 914 1177
1273 673 1582
1896 625 1
173 693 318
1295 483 1858
383 483 462
1708 815 1901
1397 186 315
1065 2 304
1240 664 1653
1248 109 242
1082 20 1320
1923 782 927
1188 996 1215
1468 836 868
1428 129 426
832 854 1118
1173 738 1518
890 508 415
1920 680 1453
1782 945 1969
1843 902 54
187 64 623
383 676 415
1886 141 657
1415 940 1297
372 870 263
1703 61 1380
598 675 1785
929 40 955
1771 210 829
975 456 1857
97 111 937
500 950 613
1884 994 682
1956 85 1747
371 786 1556
1927 41 932
776 962 1676
1753 286 1511
696 762 820
1652 375 1968
1091 936 230
416 628 129
1948 430 1123
715 593 1032
1587 119 1596
1364 251 824
1042 469 161
670 773 1211
86 717 1242
1954 507 247
399 382 275
1316 885 158
955 327 1452
137 184 140
1246 208 816
856 400 971
1286 26 1253
880 489 938
1133 905 1637
1065 654 190
174 529 459
94 298 824
236 657 1920
1209 551 1656
608 204 967
1553 964 1185
675 94 1318
577 715 1982
507 6 439
1529 585 1316
442 447 1855
1177 848 1417
436 548 669
1964 851 484
1472 548 662
467 329 1270
306 99 112
1970 949 424
1319 418 1244
47 187 1189
305 984 680
1273 894 666
1541 417 1060
1478 648 1980
274 703 1396
1360 507 1049
1650 463 71
1346 599 707
1479 583 982
1966 387 809
303 45 0
1521 776 1479
536 554 899
362 995 208
1531 672 990
695 282 9
1507 416 1542
610 418 361
1309 79 471
1595 103 1934
1494 195 908
1575 252 850
592 369 529
1448 461 192
1829 770 1640
909 33 1408
1376 278 1593
1804 316 1209
1384 344 894
1357 597 1800
464 19 1694
1770 653 1469
588 260 1529
197 552 1462
805 689 597
265 399 414
448 913 552
837 581 1224
986 341 581
181 9 376
1783 589 1658
401 429 561
1532 15 1706
1371 981 85
506 324 1768
1380 611 553
349 188 1700
1343 233 1287
581 452 569
793 552 1369
883 422 1079
1927 463 340
455 257 781
242 350 1602
1033 577 11
1792 780 1651
341 817 1686
1955 7 1861
1355 422 299
1078 891 98
854 671 72
1014 605 1290
555 314 328
1454 561 1825
726 777 510
647 577 1275
257 78 1589
142 768 1574
1845 220 1606
870 895 1928
1716 879 970
401 647 954
87 629 674
986 382 531
580 997 1268
1302 982 408
963 767 1623
315 955 483
514 566 1985
1279 28 451
1590 994 1392
133 893 660
1637 114 566
1925 626 302
1232 49 906
906 960 115
917 318 1691
1473 664 1732
1956 809 487
1807 251 1732
1393 595 12
1810 869 1440
1834 694 1277
779 452 141
890 39 856
1035 577 1555
159 248 310
365 538 154
679 393 1492
1556 525 1124
849 672 1040
1461 256 282
946 503 86
1543 975 345
21 318 1788
616 87 478
856 625 700
994 449 177
147 84 1890
1407 577 255
1355 693 1733
1929 97 459
759 745 1737
1975 265 1191
913 611 1493
1363 273 1438
976 273 1985
1296 240 1173
436 272 1123
1435 582 1426
1171 610 1835
1215 775 475
674 62 1020
399 154 3
1542 312 1261
894 971 1505
1132 200 1632
770 308 435
1559 703 1025
841 369 1890
474 624 1842
315 453 790
661 925 1653
369 112 812
323 571 1338
997 651 1894
1492 728 1434
1612 822 274
1511 658 1412
1296 352 1934
235 82 1687
801 479 588
631 665 1825
1597 18 257
7 26 246
1661 748 1780
1225 769 627
595 843 1475
295 27 1780
1650 608 616
887 768 819
974 456 445
864 605 1315
117 979 828
399 629 44
637 611 1307
1049 954 1545
1598 336 903
1362 511 1183
1906 451 1903
1855 760 1632
1786 241 1379
1095 733 463
788 697 286
1712 444 1621
43 767 1488
327 206 1397
893 323 1775
369 667 1500
1220 629 1504
497 72 732
286 322 1825
1418 193 137
1455 565 1450
1238 594 1171
1705 110 356
1670 731 1654
1129 391 1721
732 125 224
452 920 1757
1286 655 1890
1138 687 1868
1565 5 777
379 188 997
1165 321 1581
720 317 1638
262 834 795
1580 967 201
1972 837 655
1004 629 462
1179 811 229
1067 52 1081
1813 163 1281
849 759 1086
16 176 1612
237 119 1275
1426 588 1121
593 206 1621
799 517 1175
879 413 1462
1661 744 64
946 683 295
854 348 1202
1438 40 1850
1424 777 5
395 809 426
888 441 109
15 869 789
517 318 777
42 521 680
1418 918 812
1239 408 1869
1596 739 155
736 981 530
326 887 1799
1105 789 1419
1721 518 684
1985 695 1818
1673 596 377
1709 702 508
117 602 1697
886 265 1126
327 708 1347
77 873 512
251 558 1158
1789 772 209
1571 367 24
632 873 1213
651 237 248
213 908 1260
490 337 64
89 835 715
1817 93 392
245 600 1559
679 268 1048
1152 321 1895
669 586 1181
580 757 1386
1102 629 1342
1886 600 786
498 570 320
1441 922 1233
1380 356 8
394 195 530
617 33 1311
986 707 441
866 158 76
1264 496 1422
1541 53 45
838 1000 582
1464 996 103
447 400 548
1518 504 1535
446 580 31
630 299 248
1880 746 1508
129 379 494
46 921 734
307 820 755
1540 822 980
428 751 1434
1686 105 1699
1864 771 177
1789 772 140
292 620 803
1325 589 1216
1187 490 1565
1938 724 1290
497 493 1295
395 208 876
247 654 1431
1030 174 1117
223 248 313
1452 914 1410
1736 559 899
1615 722 636
717 640 175
562 311 1601
1234 274 184
1881 343 1070
512 620 801
1377 552 908
785 872 1267
66 414 1137
462 936 903
307 767 1274
984 479 916
845 69 678
1413 793 954
804 93 1285
93 54 430
1234 462 1281
1332 131 1015
245 758 1548
857 746 1449
538 440 443
911 517 1649
1003 953 947
1626 894 1617
1798 940 770
1293 745 1262
1183 530 751
1315 61 1479
1959 647 1541
1067 614 263
1853 106 877
1928 200 445
1765 364 91
137 440 954
39 76 1627
709 724 1356
1482 712 556
1706 413 1497
82 327 11
438 298 1679
470 854 1780
1782 848 875
1733 625 1349
1022 632 183
1771 604 309
1865 424 1640
207 728 1604
1939 45 567
608 98 1587
1491 528 495
1344 849 1638
989 887 216
1713 440 1287
1304 86 706
1742 884 1614
1069 942 1029
1451 838 1023
272 118 535
863 420 1604
258 272 1566
1314 883 43
1367 622 583
419 185 689
452 85 1142
460 985 1152
524 250 752
1337 903 614
315 451 70
597 158 726
1235 479 1172
1735 838 1124
966 417 810
1964 82 1340
1652 754 1994
1221 930 1731
1943 150 258
691 646 497
1276 657 1850
816 795 1933
1555 905 1088
1200 681 1242
1258 166 35
1177 108 258
1125 160 1342
1040 74 1057
1201 449 903
1478 510 1315
474 740 920
1233 892 18
58 509 796
334 812 1466
949 849 1164
934 923 126
1009 247 346
1566 135 815
762 633 1951
53 498 1593
694 749 1169
857 673 1810
228 975 1896
522 334 1854
1099 803 915
1746 468 757
1377 294 805
739 970 57
1018 229 500
898 306 401
675 778 452
243 755 1658
1342 98 1343
1702 485 447
175 611 1417
610 883 1750
759 701 722
1888 766 1342
320 103 1196
553 928 1911
217 653 591
1955 328 1922
483 55 394
1369 61 1769
716 204 267
665 420 1376
859 551 1521
835 974 13
1675 42 897
495 524 1749
396 665 1175
1023 485 249
391 777 46
294 355 335
481 105 578
1415 953 371
1283 576 596
914 497 1808
1256 688 1374
1099 84 1195
1255 290 1722
1292 306 1584
1715 370 1309
1389 163 1760
1312 69 1032
1505 446 1178
423 682 1808
644 552 1752
28 670 1981
707 400 1212
191 347 1009
1259 154 619
609 362 234
357 624 1577
183 167 795
1377 697 662
1045 117 1638
66 11 1209
1284 435 1006
377 708 59
1252 325 1739
53 497 293
1273 430 974
1018 380 1901
1744 646 982
0 724 1357
225 223 1762
1854 336 1878
1706 470 89
567 678 1364
58 446 1975
1060 610 1107
1532 15 1930
1827 9 1073
1141 432 1853
928 807 1092
1697 434 755
1410 766 1134
761 414 1623
1080 441 63
345 928 338
1396 200 1515
1776 685 669
1847 382 1100
1015 817 1545
781 553 1514
1655 85 1243
1243 184 1592
1701 679 1853
424 850 1842
240 979 146
425 909 1109
1373 50 584
1152 221 318
865 937 596
134 558 1430
1839 212 969
663 956 1901
292 699 1514
606 970 374
112 789 1537
513 241 98
727 163 1103
879 635 992
1335 742 1686
376 175 1955
1739 124 836
1596 622 1957
145 719 530
488 813 668
1479 568 621
493 837 651
1532 547 419
1345 512 187
133 3 289
555 782 1834
1325 57 1770
490 496 1396
1010 48 955
1031 251 608
956 427 1214
587 336 1805
656 633 941
482 833 1085
804 968 1513
656 424 865
804 905 538
1972 548 1845
1142 564 968
411 716 798
1562 877 441
1591 456 307
1782 501 797
497 28 1881
1647 508 503
1579 319 1730
1354 6 1773
794 948 1191
821 204 707
1826 424 963
704 806 1092
115 852 1203
1696 102 1730
339 204 413
887 560 1135
797 359 1341
621 951 891
73 705 1302
1122 858 1263
1773 678 663
1335 352 410
963 201 1293
1610 416 683
907 565 969
1938 900 1375
1860 873 353
315 152 1773
1958 562 1612
1667 599 1406
354 205 313
1733 293 721
861 691 1328
1316 611 479
1481 856 797
618 631 1595
1206 206 1144
1043 379 846
1352 151 1465
1700 991 1744
841 833 971
1041 954 153
880 453 95
175 582 1754
835 218 1827
1749 170 711
1434 678 1539
1913 365 1638
1125 454 1824
1480 232 1661
1760 879 655
775 988 1096
1828 916 1716
73 429 441
1329 842 623
1152 982 1875
441 609 406
184 37 889
1903 604 916
1906 440 1188
1953 364 81
1981 921 1843
978 33 1538
442 336 1158
28 793 1748
273 863 1037
1797 116 1396
1726 506 1853
320 848 466
1553 558 1763
1078 522 758
1430 898 1662
53 749 65
1617 821 1079
1656 790 744
508 919 754
296 199 525
20 492 330
1299 876 319
626 708 1193
875 444 308
1543 367 1686
1536 64 357
506 768 403
1073 41 1674
149 647 1942
1808 494 1222
797 381 1127
1316 588 900
1202 635 122
1076 187 1107
247 834 1070
1073 293 1855
1762 409 1462
1652 424 1521
567 579 230
776 182 1785
593 384 1009
90 675 377
514 126 98
1007 841 228
940 96 105
406 440 1175
1038 870 1447
1871 64 8
1940 661 939
1306 754 1150
1401 530 734
1315 892 192
1743 818 1117
1581 317 64
962 692 887
397 8 1193
408 474 327
1018 629 1560
797 125 1106
1203 238 233
957 679 595
288 662 770
994 813 661
780 535 1028
1678 437 130
1842 340 1472
1740 213 1739
1638 165 1686
819 190 1656
278 642 469
443 64 242
1746 347 975
133 718 541
264 198 1179
36 899 906
1844 128 800
529 774 1101
1351 793 1103
462 227 1691
645 890 1600
1434 51 855
740 401 1553
950 933 509
659 568 1260
661 734 367
152 681 1431
1754 278 272
1950 749 1728
1229 675 1742
1389 773 169
143 907 964
1690 905 929
272 916 479
498 385 196
1757 7 399
1106 729 693
1966 862 1682
233 633 586
1376 242 748
1345 788 503
383 408 1242
394 112 574
631 398 265
1753 94 1142
1035 266 769
32 651 954
1542 514 1574
782 80 1141
1569 794 1153
1657 469 571
1733 905 666
665 796 858
1283 870 682
1544 132 65
1985 642 1440
1368 795 897
823 503 321
277 112 1730
681 296 1172
571 288 1544
694 217 1293
729 776 135
528 218 41
1255 500 1427
974 254 170
68 151 1659
1344 410 1012
916 866 1063
1793 211 632
153 481 97
1171 991 1648
849 579 961
1478 544 1323
1359 249 1820
1401 365 1226
109 17 670
1253 434 1435
1040 332 1831
791 18 453
1005 366 899
1821 667 484
380 213 1245
340 441 549
891 317 261
1904 662 1972
1797 49 1839
1196 761 1750
1411 829 1183
1971 741 578
1570 891 1507
1871 84 820
1926 323 785
1761 861 611
606 167 930
1169 946 49
1193 134 1405
1527 726 453
1032 240 471
314 694 789
708 675 1019
152 406 278
1683 980 1141
1141 286 1496
934 369 692
40 493 748
1174 653 1616
595 278 1544
1598 492 1448
370 520 1549
1626 936 64
1703 467 1511
1249 44 794
1044 641 1270
65 440 771
170 890 331
105 229 1249
1472 987 1222
59 818 154
1318 80 798
1042 990 1911
59 600 498
1521 392 569
893 401 606
158 781 1563
352 981 1057
1133 185 1258
1393 844 781
1200 487 145
1820 315 1775
830 733 1721
731 340 384
1442 522 1439
1233 230 1340
1558 211 151
583 782 434
1936 790 688
677 503 235
781 669 361
964 7 368
1804 605 1059
851 467 934
94 624 1815
263 350 732
1483 697 875
1383 948 1703
439 790 1344
1478 148 1436
725 804 302
1555 590 447
1547 294 1394
767 161 139
1383 23 488
526 217 145
49 145 1333
161 608 1812
1939 78 1911
1266 387 1541
549 446 96
320 663 492
524 672 335
1788 485 856
1060 917 784
820 42 87
1852 881 1653
830 499 1432
914 349 1414
1432 880 1344
608 330 870
270 54 282
1590 279 1815
1372 915 804
840 430 127
1462 980 1718
666 138 1419
645 81 1781
810 461 1141
260 901 632
1438 584 913
811 207 937
1838 363 1533
1290 949 1519
1140 894 1160
1912 907 346
1458 279 1106
1789 607 431
835 974 294
157 368 1638
1525 366 1508
119 222 1041
518 542 1330
46 940 94
78 552 213
1591 548 352
444 816 1740
707 762 1721
1332 512 1244
1310 157 1836
424 338 1058
584 58 1537
885 134 1141
306 715 440
80 125 1754
1388 215 1763
257 190 909
1709 978 1966
656 816 1677
355 78 385
894 808 712
1421 571 1944
1190 5 711
1110 940 97
757 249 1772
787 74 1270
742 512 1659
1168 542 269
1825 70 1574
998 98 669
1445 477 635
1856 424 546
1429 118 1618
1216 255 1572
1392 625 547
940 745 1460
1828 703 1221
782 929 1303
917 710 797
394 108 1591
793 261 885
81 205 1671
86 378 1851
1799 590 101
543 241 1933
1873 149 198
1979 542 850
227 740 1325
312 941 1100
471 709 1212
1279 345 172
865 388 256
408 331 1844
897 422 1719
1632 517 35
1385 906 804
888 318 126
1824 93 757
1601 526 747
1479 523 1538
1462 525 370
923 163 1642
121 776 1447
315 907 1386
1682 229 497
1020 724 1839
212 400 1472
185 608 780
16 181 30
959 130 510
831 536 1219
1193 910 239
443 354 335
1832 666 1977
494 646 210
1750 283 1005
110 947 1054
1084 84 1474
168 843 960
913 419 1506
395 532 924
1477 685 98
1719 670 807
1293 444 1282
1894 789 682
400 478 1733
395 8 868
1762 593 834
297 18 1312
529 812 1579
1734 848 1800
1293 968 284
416 587 760
443 8 1558
431 550 663
1069 734 637
748 171 1346
1291 975 848
689 338 1930
1013 952 328
1682 51 1680
444 633 1844
1115 533 1887
1726 450 1875
890 686 1225
722 212 1906
815 12 694
1716 706 1927
1411 756 265
1826 24 718
1110 427 1715
134 539 1011
988 66 189
1109 570 1408
441 757 1521
569 437 1448
378 510 825
603 484 1347
247 751 1659
1044 345 475
551 78 867
1716 977 1816
227 900 307
787 103 968
175 920 1207
903 851 1618
1797 760 1565
1029 859 732
1683 600 932
1789 655 1241
823 999 898
1504 385 168
664 216 1500
1316 70 1514
919 317 432
1387 615 1970
1527 521 150
1775 211 275
1370 694 1527
1665 393 997
589 189 141
1299 74 1961
405 126 940
1299 356 943
1322 111 1231
537 501 1556
1123 144 1623
212 199 944
899 207 705
1889 599 1888
1124 872 582
348 875 1664
562 960 1048
187 539 1452
1898 900 1962
999 576 1560
1156 252 592
1933 931 621
477 684 824
1286 17 245
1080 829 1975
290 892 937
214 656 1095
1099 916 138
596 764 193
152 111 1294
933 976 166
1759 29 1789
817 796 1283
623 632 395
1197 476 741
1869 546 71
1132 925 1706
719 609 884
645 860 137
38 447 1974
1701 11 291
160 37 1216
23 302 235
1470 130 141
210 358 1410
1154 439 1676
1347 709 1351
1964 358 1760
11 595 254
853 666 40
379 519 1743
491 945 443
1325 335 146
1263 505 854
1958 156 408
781 968 10
314 625 459
491 783 17
1391 996 1370
1301 912 1760
357 455 287
1574 294 434
1973 831 1346
1866 684 802
728 757 1986
371 682 1578
138 988 577
297 28 1387
1808 156 672
662 933 1293
1671 221 1628
770 779 1432
494 911 1256
395 426 35
1652 784 876
215 870 1868
534 29 1853
286 332 519
451 206 1533
1922 554 1627
385 260 1606
802 15 570
1428 685 1426
1999 468 193
1356 762 1949
1308 348 1584
1472 287 1341
332 56 1018
329 332 1265
1431 567 1439
1440 747 1369
1166 725 425
1227 754 1510
1328 634 661
629 121 130
1533 469 963
1469 574 226
1754 9 1601
288 360 154
436 72 675
1002 642 576
761 430 1830
617 898 1572
468 560 134
867 649 1518
1928 997 445
1899 68 954
736 916 910
1582 796 1985
518 279 1378
628 801 1033
993 975 754
100 932 1214
834 657 1220
1799 982 1409
1521 472 346
64 652 753
389 412 1752
1259 494 248
738 570 1765
1733 975 120
1750 276 1237
1436 5 246
838 155 757
1175 219 1462
1862 819 103
775 590 840
1174 151 495
462 343 1603
756 158 1774
1744 447 432
14 604 1134
633 720 920
519 844 30
509 90 321
221 502 1215
950 99 518
1241 53 1055
379 468 1141
200 971 852
29 49 1022
936 359 156
1462 600 457
646 470 1508
580 748 1208
774 576 918
931 235 126
1091 797 791
1114 285 622
1896 897 160
1912 575 792
79 253 1516
1823 680 1248
1161 494 1490
1184 202 608
1998 707 1508
952 108 608
982 298 377
874 694 932
1703 10 1111
1757 302 1109
81 31 1011
136 89 1347
1336 698 1596
669 949 763
544 992 85
259 581 1204
894 822 1043
1511 757 879
333 154 968
948 655 1838
1775 555 1933
128 70 1477
1110 660 1333
1386 402 1503
1267 125 689
1474 995 339
1485 164 574
168 659 760
676 612 1415
937 486 1013
567 723 487
1494 740 1181
1299 313 1246
1430 529 1817
1663 926 1799
1630 403 743
885 964 999
1566 125 83
354 245 474
1166 714 1796
592 503 697
394 925 1577
1714 838 1823
1610 423 468
1008 41 782
1334 553 1014
37 185 204
41 140 1164
1062 910 1443
1348 733 1913
725 660 792
1814 710 1860
1142 828 1226
1017 578 1956
464 854 190
1839 327 314
230 486 393
1789 914 895
1207 894 910
71 262 447
612 195 1322
893 822 1349
1313 603 1229
1973 996 599
1775 14 1115
522 161 1444
1864 595 1682
1524 423 940
1643 126 1085
1017 564 1151
1049 374 730
884 473 842
1407 789 1367
115 899 62
822 26 3
1254 704 1842
40 170 1091
501 892 874
1749 808 450
881 709 761
822 240 637
1631 949 68
560 331 511
1393 63 1559
1132 783 1753
183 133 1053
1972 326 1669
1349 896 923
1250 937 908
1653 271 893
69 836 21
703 460 724
500 20 944
1798 205 1550
695 736 1587
1733 295 1703
1858 277 371
1675 785 1648
276 893 917
1700 470 1566
1680 665 870
362 395 901
1419 741 729
1610 547 85
1718 955 1296
1914 680 116
365 228 62
442 396 1565
1519 355 1403
1977 375 392
928 579 1703
1194 26 267
1356 748 803
487 500 608
589 24 269
1750 348 1384
1984 451 1004
1626 551 847
308 395 492
1100 899 928
548 452 267
1258 676 1292
389 88 1236
416 54 1173
339 975 426
852 507 1985
839 786 519
375 974 540
1484 469 294
1610 663 621
308 228 1087
1614 297 1933
1925 45 1203
79 273 1284
1080 968 599
1090 1 469
1220 332 597
302 508 1500
1687 250 1503
440 139 389
150 990 1542
1682 753 559
470 276 443
1588 962 498
538 400 436
1132 570 1422
383 378 675
836 644 133
1061 984 1090
1554 753 123
1023 365 1474
1221 35 1803
846 937 1381
269 96 1452
1417 938 169
1354 947 436
497 274 439
1432 680 124
1459 514 1115
1914 456 86
1694 942 1109
966 517 1979
758 201 1233
1184 319 1705
1321 659 1747
1562 798 172
913 545 1637
1628 865 1803
249 125 1940
1087 32 1348
837 462 1881
1534 966 1579
91 554 1716
1136 338 464
919 642 543
688 102 799
1807 518 1553
1967 608 1101
1155 145 1120
347 888 1248
840 551 764
1616 962 543
1765 628 184
63 293 139
527 23 474
668 676 653
1585 656 694
381 107 513
1710 903 647
161 797 1841
202 246 1679
462 525 326
102 848 1391
1935 130 107
1004 587 217
1564 392 1139
892 362 405
987 411 349
533 567 1922
1622 461 837
1462 880 1471
1837 259 398
965 112 281
1471 308 78
848 520 1302
724 426 185
356 6 514
269 117 321
27 837 889
814 693 1165
795 174 628
1548 534 1257
1179 174 472
451 850 1357
1975 617 460
1866 994 1569
151 663 1739
1705 182 1008
107 684 1866
778 351 1002
346 293 890
1839 185 432
973 576 1761
1140 413 90
1606 788 1077
1093 959 284
1558 834 1865
545 620 1530
1806 819 796
1616 943 1160
1332 506 750
354 724 933
1737 620 1957
729 733 73
137 582 1617
664 925 1598
452 662 1307
1100 106 1020
1916 566 1140
107 711 1801
735 421 1420
1931 273 1471
1173 279 1312
245 808 798
493 247 24
1643 90 1732
1060 315 768
1078 931 1675
1366 71 183
4 800 931
681 917 469
1600 885 1153
1606 748 1169
659 973 759
1050 671 771
282 785 1860
477 809 1077
1833 66 1614
434 830 704
1792 715 1726
528 604 277
1499 90 923
1246 587 250
879 151 731
1460 993 1799
322 311 470
369 474 1232
1019 785 315
1704 854 1236
299 913 1480
1023 204 997
538 868 1957
1034 671 906
582 76 1442
420 430 1155
184 861 801
494 441 235
56 304 1685
892 346 1764
1540 791 1771
253 961 1870
1787 145 169
1418 611 40
511 407 1525
1521 701 779
1228 351 216
211 628 884
1394 8 1715
1068 543 689
1706 53 1297
322 352 1183
855 526 1199
1584 807 1362
603 556 120
740 521 1045
1917 212 1813
311 576 787
1432 672 180
155 587 678
1191 104 294
699 7 895
62 455 1166
686 231 406
1979 892 1399
860 386 1651
1437 999 854
1765 835 1437
853 54 1361
1887 573 1841
699 830 1374
447 806 1958
307 190 1776
1147 60 1008
1680 962 111
1342 103 658
72 492 870
1612 454 648
298 449 226
119 254 1604
1116 458 968
1474 46 1176
1560 1000 454
21 623 692
1160 916 1886
785 947 1250
560 14 1775
469 940 1215
1597 949 1045
48 919 1883
332 415 354
89 641 1747
1436 43 46
1340 370 1790
87 188 124
1623 599 1206
253 200 1822
117 206 152
962 648 1307
378 564 1998
650 313 14
526 330 827
451 11 673
1774 152 1464
963 841 1099
1984 985 1005
418 617 838
501 408 387
698 109 1317
405 185 1624
141 970 1061
343 836 323
22 647 209
1599 367 554
1811 801 1180
843 579 897
1538 517 761
1232 760 1733
923 279 1118
289 132 1560
1357 289 42
97 144 1326
316 327 1859
426 844 1608
1866 105 1875
1582 117 208
1300 369 1300
364 765 1493
304 303 1946
390 851 1560
580 121 1665
1346 699 1830
361 640 1704
1373 152 1640
1264 1000 1869
471 367 953
1652 847 170
1388 390 1158
530 152 1583
1968 70 1579
629 361 1105
1678 150 204
1333 914 1969
625 177 786
162 8 656
1155 569 1288
1724 146 131
613 308 85
918 114 419
1806 671 1019
1755 215 1063
233 969 417
783 537 372
89 930 237
1562 525 868
287 573 388
882 99 549
94 706 1685
1831 501 1221
1309 104 1523
148 257 1644
1470 777 1747
835 66 41
477 463 1542
1281 394 928
1324 751 1624
1315 875 1475
1117 843 1145
1319 416 1247
1936 213 1866
1214 406 1177
1518 593 1131
745 487 1994
742 243 1891
1059 954 1095
1143 738 352
479 339 1845
1262 124 1537
290 762 1051
1442 19 337
34 705 665
332 711 693
1200 790 745
843 908 1912
1491 51 99
552 358 1126
1493 451 1687
806 827 1655
1347 727 1845
926 136 1454
1872 56 1791
968 32 33
794 431 339
1261 913 105
1184 329 178
523 304 1357
34 536 661
1545 839 1275
378 318 1394
573 868 984
139 588 1225
1739 861 1897
632 331 245
1407 266 98
535 746 1056
461 546 813
214 224 294
1752 417 621
1069 227 1790
945 401 21
965 617 837
1938 359 451
1416 348 60
1273 24 1426
1146 221 1188
1641 724 112
775 1 1288
623 235 1499
1790 736 1227
1937 790 162
813 303 850
845 32 1113
989 818 1939
1103 381 622
608 911 1215
675 154 315
282 240 1948
445 335 1627
348 848 551
22 753 66
39 281 297
1352 475 503
1600 787 472
1981 918 1108
1775 376 1233
1924 48 1456
205 295 851
1956 330 746
1278 22 414
149 245 490
1548 389 845
43 214 372
1717 863 1456
949 152 1341
1639 779 1869
1670 882 1554
650 858 393
1922 873 1814
1277 802 1842
508 609 1531
756 364 1440
1647 670 867
976 498 1436
1819 944 1816
1488 988 960
1265 160 1850
184 891 496
1761 669 72
1937 526 840
1058 258 1905
1248 244 1415
530 892 300
1385 354 1579
1423 479 709
134 350 173
54 497 1881
1587 524 255
603 299 1989
1325 336 1044
138 67 1163
1292 780 1424
1996 174 1254
397 130 1009
636 325 1599
611 565 92
427 222 894
1967 788 1755
609 990 534
1726 72 151
1111 604 747
196 695 1265
609 424 759
1463 624 1446
1456 188 28
1565 936 35
120 930 1483
888 925 6
222 384 821
1858 970 86
789 264 944
5 163 1365
1482 155 158
1133 995 1699
1629 392 313
481 187 1413
1217 632 1970
478 412 1063
119 933 1914
1253 439 526
342 571 1297
775 188 530
575 742 1727
430 680 859
143 60 832
1455 179 474
1780 677 1588
1310 898 1241
213 122 983
1553 921 199
892 179 397
648 652 878
1127 820 1632
1852 639 1782
1566 800 141
23 410 718
981 15 668
611 594 88
885 709 0
534 493 1685
151 685 48
1676 757 1458
1681 597 148
1734 512 1491
1493 210 1458
147 774 829
1863 109 441
1757 363 1449
1935 478 510
1719 630 310
1487 642 1367
420 73 478
1989 864 1013
265 643 925
195 393 1350
1062 708 1359
781 640 1611
1362 487 1016
628 751 741
1206 806 1576
642 779 1734
1708 769 591
1030 577 646
312 79 78
881 385 1924
1894 249 1600
801 154 127
756 556 1063
941 287 1636
1906 167 1098
1249 514 1113
1096 604 894
202 791 1514
1208 627 1683
517 19 738
1797 828 1938
660 893 1245
19 115 1877
17 276 621
1759 74 1942
647 546 42
1393 490 346
1406 176 1342
1648 811 432
742 851 1808
1509 461 934
1462 118 1873
1396 199 428
423 473 484
870 959 1036
123 705 1826
1019 969 1944
1906 985 1037
64 940 1829
1984 416 356
396 778 535
1848 747 1495
304 544 1631
1548 149 1676
1151 638 1297
824 381 515
10 583 1689
108 247 1973
576 611 592
633 199 1651
1845 484 26
1007 546 716
641 47 946
1750 630 1551
1659 812 1417
890 396 1124
1415 888 1868
1643 195 645
1948 754 324
1012 80 353
1513 516 1619
1691 523 1219
186 755 380
745 45 1950
502 329 1954
1403 711 285
1196 585 805
1561 717 25
1982 132 425
1286 596 1659
1725 907 472
1144 976 1716
534 980 218
1897 234 1370
1132 513 1667
542 369 1396
551 294 1389
966 911 937
380 714 214
582 998 292
1837 705 1755
1620 291 1739
419 264 1477
977 827 1905
1930 753 372
379 412 1945
1053 472 1243
1378 781 926
947 150 27
970 289 1039
1305 901 579
1042 721 351
48 524 455
1235 913 1788
1416 716 1023
155 44 1423
1998 763 786
1115 539 1381
691 583 819
1455 402 12
430 198 1723
669 957 1169
1156 604 697
1168 114 184
1781 606 1222
118 959 524
490 910 1468
1031 703 968
316 94 73
888 863 1814
1527 9 911
1120 686 1671
656 406 383
1593 61 1299
339 135 902
1178 580 1314
545 523 1383
3 615 1914
745 703 1194
1594 984 75
1701 99 1892
340 333 1032
1591 243 327
679 515 1688
1300 579 908
14 331 1277
96 328 1663
765 229 387
1723 755 619
1254 627 620
699 720 726
235 721 170
299 375 1727
1255 379 1757
340 257 854
1207 709 175
633 358 1036
1454 297 605
1800 37 1787
1416 973 231
1103 525 1895
445 444 1626
1963 370 1094
313 968 509
1591 226 77
1738 453 1305
1220 386 1900
811 391 1917
517 131 379
479 311 1778
1517 114 710
1217 563 1916
1564 415 1654
1530 973 785
534 509 96
867 62 1837
709 138 947
1948 947 965
1873 712 1948
1565 871 75
477 211 445
92 513 1907
85 837 1919
767 424 228
1542 975 340
1268 774 161
701 178 897
1966 186 1497
979 78 1434
625 184 253
40 905 783
256 53 1329
1518 283 1158
421 887 742
1945 487 906
1249 882 1510
404 846 1316
678 169 80
1942 128 1687
1986 236 804
1126 899 705
1550 877 1122
27 952 399
342 432 1775
1384 859 465
523 235 137
1766 609 351
1126 771 28
323 864 10
558 816 484
1435 866 1015
381 234 245
1141 931 1257
1230 293 1992
1903 828 221
1515 793 728
1037 495 954
1765 918 1228
159 197 1113
1571 847 326
1714 589 946
1391 389 861
1593 783 152
959 783 70
1115 120 695
752 534 73
735 848 540
1208 86 146
390 881 1428
1293 499 1221
1545 569 1960
1633 705 7
1988 643 536
656 656 1241
1154 425 758
1004 982 806
1529 949 1285
855 150 752
232 97 1475
1825 425 343
1519 717 1363
1667 178 75
1710 392 1807
1644 999 1699
1057 953 1821
27 573 1773
427 783 1824
973 788 280
434 950 177
1368 828 287
1387 508 1982
1160 542 1031
86 483 867
137 639 379
955 249 1031
1653 921 343
