2000
963 659 1769
4 341 1424
1949 380 1826
987 366 1009
805 267 82
1676 22 1367
1462 533 335
22 169 435
997 449 1025
1679 583 1036
1082 795 894
323 911 261
1020 280 282
414 420 246
1665 466 1994
648 109 1499
1227 245 1353
1414 434 962
142 122 1162
1488 925 32
398 851 1081
969 870 179
1532 199 666
1414 570 24
202 687 1467
505 990 1818
1578 41 85
377 159 1397
242 163 1255
304 916 1335
401 907 161
291 807 1984
1764 318 767
960 896 1451
1212 374 989
1243 851 997
31 544 581
1848 76 173
123 725 39
342 193 1251
1764 800 1257
1232 312 1789
730 89 1927
1550 954 361
186 720 420
303 446 1818
386 236 1679
952 90 1309
437 173 479
61 726 1998
666 168 216
1189 305 897
1758 202 793
1668 81 1751
877 695 258
718 254 784
1099 436 1728
595 751 642
1422 899 1969
1543 136 70
1459 478 1178
1777 387 493
1594 773 753
1875 798 266
463 212 1871
1121 972 1037
1474 288 1196
327 894 1618
456 737 708
294 364 1133
1080 733 1475
1717 168 1739
608 83 929
1111 179 354
1148 654 1790
1042 298 1663
98 564 678
759 659 1306
1283 14 279
338 835 639
1029 801 729
186 690 1469
461 701 1556
615 131 558
1849 941 1985
764 53 800
1862 295 1705
561 919 428
459 69 7
406 666 1785
1296 612 166
289 207 88
398 387 891
1701 372 1660
1886 855 670
155 890 161
1141 901 268
1219 505 88
1130 681 76
374 407 126
181 429 300
1027 413 447
1725 445 1978
1661 739 399
692 721 1384
48 134 547
786 323 1140
1559 384 111
1466 67 1736
156 72 978
1585 15 165
1857 602 776
1826 872 1172
1965 928 1543
1801 218 64
441 202 84
1077 227 769
1928 323 1846
965 70 1679
492 693 170
1833 480 862
260 743 77
881 484 1250
856 820 324
791 971 433
756 582 584
1957 536 1737
858 83 1662
1788 554 1522
251 344 591
59 377 1128
1429 636 1689
1169 725 750
431 63 1573
708 755 698
1060 132 39
676 98 1520
1127 843 1448
1557 303 631
1549 371 1879
1628 997 1640
506 78 1471
1620 664 84
1906 174 979
677 306 1752
764 120 711
506 541 517
1788 414 989
716 260 933
504 722 1144
1774 316 1143
364 888 525
377 151 1994
1934 228 1909
650 907 1144
426 253 665
132 535 1033
1994 465 1315
351 439 1099
1273 18 497
1004 409 1589
343 152 1363
1996 88 183
1778 111 263
252 359 637
1414 707 652
69 153 704
1063 98 1443
1013 991 1301
922 433 984
1337 298 1427
1897 267 764
820 794 767
250 94 1179
1596 319 464
952 503 995
91 223 1019
1698 592 393
221 616 1671
1280 15 1530
369 272 849
1152 58 444
600 265 1316
318 113 1168
472 410 1659
528 75 1252
607 218 1950
1093 780 1145
1963 478 1724
1057 773 677
1462 479 498
657 102 943
823 916 1265
1301 425 1854
363 102 1645
1220 279 1560
47 37 242
623 39 260
241 254 600
1460 701 1391
204 183 46
136 121 374
1492 996 1192
1067 120 1573
894 571 426
1669 575 908
1257 166 1333
1454 997 352
831 896 1314
228 258 614
922 986 70
321 646 1236
1891 719 173
678 331 1060
450 22 1302
1390 542 1917
1587 711 729
1261 715 1677
1348 960 1652
866 376 1299
1534 705 984
1279 3 466
933 333 1620
1441 895 789
1789 187 250
1358 483 1557
668 268 1791
1994 916 1624
375 358 211
1902 269 1266
891 818 1130
1301 141 921
955 850 370
927 217 1142
1298 854 448
1144 179 1165
1123 135 751
1248 945 1636
182 948 675
1175 465 39
1952 452 958
1017 245 1644
826 436 851
1030 586 730
985 842 1667
880 878 227
1540 98 801
504 505 1571
1161 256 370
873 532 927
109 909 413
1762 313 696
1036 70 943
1312 146 594
297 715 1543
1630 325 259
1916 540 64
1629 815 877
1639 449 1391
997 255 1104
1040 115 1497
1241 837 263
1279 933 676
951 523 1136
426 504 535
1288 915 91
744 767 608
399 266 335
1606 118 1816
1222 469 1053
953 305 1305
747 130 1686
1062 851 545
1270 113 1919
490 317 1186
1919 355 402
564 920 658
1929 690 1371
1269 741 830
218 690 907
849 476 701
266 735 252
1874 10 1965
1202 119 1489
1724 39 1038
1365 946 944
527 640 1718
23 401 1282
1701 513 672
479 635 1782
1695 454 901
1741 334 1735
222 402 648
86 645 1238
1346 616 360
1976 350 1604
1191 474 848
208 518 769
757 871 1532
1299 496 779
1552 777 1565
990 874 1607
1171 758 259
1118 520 1505
929 709 1204
1354 774 1392
473 605 1027
1093 785 466
1668 977 1473
72 927 409
655 519 1127
711 463 717
328 195 1188
1195 946 501
1602 86 580
1055 419 212
852 715 1783
1376 12 513
1680 948 1769
821 57 286
32 553 276
1334 161 1770
1052 665 359
502 60 853
1172 693 1333
1527 39 1141
1273 522 801
905 662 779
875 239 1409
1933 803 1371
1899 174 806
1916 946 257
727 447 1856
718 8 634
711 834 356
890 140 519
1250 483 695
1646 677 56
441 956 250
1937 373 1472
1291 734 180
1711 917 336
1132 673 1351
398 794 1682
638 213 332
996 607 1003
1950 897 394
1913 220 1277
1314 259 555
151 574 1641
753 103 176
1805 88 120
1088 684 115
1774 529 418
271 660 767
952 318 935
1176 59 193
1599 994 1816
623 371 1435
531 379 1992
1185 519 1174
1953 288 950
1634 181 1500
287 793 1843
1884 303 1438
754 991 257
922 677 530
235 997 20
1833 316 300
1937 629 1730
908 170 946
1771 598 581
1754 30 1446
331 469 122
1630 370 100
145 442 1303
118 171 48
306 686 1401
1151 99 745
469 514 1227
174 141 1890
1665 946 340
29 138 843
139 571 689
586 659 1146
759 57 1741
1262 126 289
827 197 1629
1310 493 482
1667 30 1618
1467 948 1306
1800 678 1961
1706 626 467
37 47 1300
1956 515 1935
1683 806 1545
1140 148 950
84 376 1968
959 671 213
226 843 411
970 176 172
1116 598 1906
1904 448 989
669 740 1301
788 41 1027
254 358 1736
361 642 1479
265 63 1104
1382 844 634
1109 125 896
1726 468 1711
1175 6 464
1212 787 1050
1159 311 1761
239 860 360
488 188 1131
1917 844 671
1787 723 23
1214 527 611
695 682 1595
1565 945 1986
717 788 1047
177 460 1825
1186 982 813
1666 880 1657
1067 919 879
140 192 1472
304 672 414
365 179 1622
1313 913 1647
1845 608 1739
712 854 1934
316 247 72
642 833 1276
1592 885 1637
1004 831 1342
437 279 1367
166 888 1948
1371 89 521
422 90 1282
914 696 171
1851 886 1686
1126 357 1540
1513 14 299
1541 244 993
364 934 1530
355 309 1136
1899 593 1833
981 577 1638
1253 358 1233
193 752 609
33 636 148
1539 193 417
285 946 147
1814 907 116
1523 499 353
1058 962 674
1630 177 1466
268 60 1835
1579 744 862
940 374 778
1695 532 636
566 473 1405
218 102 1314
650 314 269
959 300 1921
1678 945 1812
894 752 1633
1872 577 103
78 395 70
154 544 1871
1220 298 1812
593 927 1714
447 240 640
1056 549 19
589 388 1283
121 880 1900
1161 333 1465
1280 317 1908
834 357 1317
1522 442 524
451 347 807
1925 416 1441
818 699 60
1798 789 693
65 562 764
171 857 1576
329 934 1604
127 751 1536
1924 595 654
358 528 1413
685 372 1875
682 764 1863
749 249 1817
1287 57 752
1676 580 640
282 536 532
1670 217 1414
651 692 1181
946 502 802
730 885 1962
527 208 349
1356 854 9
1514 919 1408
656 642 1438
1644 227 1262
303 444 204
1515 367 1651
908 912 227
447 14 267
1803 661 61
1446 829 1171
1760 77 299
955 456 1025
179 855 1875
1839 24 1134
413 923 551
1876 843 1657
1394 966 1122
1971 613 1483
782 744 470
1448 95 317
1343 195 1161
312 862 937
1319 389 937
849 622 1881
1057 305 296
42 343 44
1741 537 916
860 415 1360
62 639 1687
1311 945 100
672 469 1012
815 646 1590
19 99 1538
995 817 1366
178 152 870
144 344 1725
1628 459 1894
867 552 632
1471 179 1934
1918 760 1757
475 380 1293
1219 114 1954
1020 300 1855
1701 831 1330
1680 861 842
1364 794 1679
389 325 758
1077 758 1471
1641 659 569
329 354 1771
941 115 19
1601 276 45
211 965 1144
1632 613 1276
1152 649 1792
866 5 1726
232 239 1916
1356 999 592
998 821 369
1014 759 406
975 401 350
290 161 498
1654 353 137
1820 877 422
40 415 177
350 353 1110
1726 465 1916
71 37 331
849 641 787
407 822 157
1640 449 467
830 596 1193
194 450 463
1669 949 1459
1390 926 1896
258 727 704
445 843 448
515 25 1272
1341 209 1661
1451 330 1329
1 423 1810
266 292 190
1480 706 946
630 3 1611
1511 102 818
538 313 222
785 185 1918
1233 421 863
510 525 1853
541 645 1226
1006 981 278
338 639 573
1213 514 1322
160 31 1148
258 895 1231
256 261 96
1319 611 663
1922 237 1026
1388 438 503
1125 684 726
1616 118 1246
1139 41 1409
457 778 1550
310 456 763
1777 351 1428
1459 181 1000
1986 315 343
1022 448 121
558 408 1321
1935 765 303
1569 402 1087
211 479 2
1326 698 435
608 28 1683
30 44 1566
409 34 355
1373 431 263
134 683 1767
672 324 1108
1325 494 1725
1271 570 53
1420 943 580
1527 336 1558
568 441 1559
1417 451 218
21 994 1376
495 649 1087
1924 903 1904
1420 606 1761
1660 991 44
1010 365 1985
807 125 1699
1464 194 887
1407 361 1199
1817 351 959
802 518 204
1196 356 465
712 99 713
978 859 1936
1124 675 101
133 676 672
1504 662 1887
8 717 1281
136 429 233
967 677 631
531 992 1120
1304 841 677
1234 475 1804
1660 263 83
1192 482 1178
827 130 114
1031 969 1738
1971 670 661
779 55 1032
1683 646 1496
1830 45 1693
463 946 643
262 346 1584
135 206 129
1159 425 426
510 16 1853
1928 911 1679
1197 528 1136
818 294 816
1193 478 422
111 606 1046
1411 527 479
1263 54 442
1167 176 296
1762 493 505
217 439 505
1393 255 143
38 903 945
1207 285 215
1909 76 222
558 948 1207
1359 590 488
1123 890 729
1241 818 24
123 285 855
864 766 1945
522 382 1302
1217 532 427
1909 509 1202
277 794 1191
1832 245 167
1698 807 611
1286 129 30
1299 1 54
571 712 1974
1469 518 1618
1844 421 746
624 673 538
1627 139 490
986 694 7
1759 353 1400
1075 504 79
1278 793 1564
44 434 1301
1294 662 1170
218 763 1522
661 989 726
1942 870 1725
1501 300 945
423 42 914
370 273 136
1638 326 846
1594 29 911
294 927 1412
104 354 1340
675 926 202
770 993 432
1094 700 666
1486 287 1724
1522 857 1055
1944 34 725
385 21 1188
565 359 595
179 684 1972
309 615 302
25 456 541
324 698 1857
1493 682 406
1664 771 399
1025 994 183
218 197 1697
1596 360 317
215 445 1741
1764 218 1415
980 985 180
760 408 735
186 608 1740
1049 174 857
582 66 824
211 416 820
933 730 1459
1317 755 1097
423 674 963
1346 691 1104
680 655 592
1246 456 1066
112 534 1186
139 589 449
1963 61 826
143 410 1567
365 830 386
1224 432 1880
1443 80 1165
1800 119 222
291 287 1198
1582 804 42
781 94 585
672 117 1686
1433 442 773
1460 768 703
1468 9 2
739 433 56
1771 884 1036
433 380 1053
1758 458 1026
1343 556 1358
554 54 1239
1885 914 1403
762 810 681
1866 551 1698
1336 21 1893
1107 206 111
528 658 948
1245 364 553
1107 273 1229
932 923 203
1469 754 638
18 831 517
302 784 723
561 631 1768
1513 803 1580
543 607 658
376 986 825
520 652 653
624 887 1475
714 296 1113
1218 348 1334
724 711 424
516 14 1733
179 306 1288
105 855 1537
1838 115 273
1331 689 1913
796 649 578
1996 488 1252
533 436 1593
1432 689 1201
530 340 1105
626 57 462
1398 279 58
1131 375 620
829 448 720
484 836 564
1244 231 1654
822 170 1711
297 757 1237
584 573 1759
1968 559 1748
1191 215 1009
862 950 534
1367 23 167
8 165 616
513 578 1033
987 491 1844
1195 187 557
816 210 970
1860 424 766
794 952 459
1719 94 31
1762 605 1637
1670 567 591
1408 134 1580
4 882 987
724 304 856
1910 90 74
44 167 959
488 634 1664
981 160 1505
1287 912 989
734 868 196
1 712 1119
45 951 518
1382 68 683
1838 232 1228
1732 73 150
732 283 1645
1225 660 348
180 956 96
229 622 600
1180 382 169
629 572 1858
517 604 1199
445 91 174
997 205 1283
1820 179 905
932 158 1119
1136 785 1310
244 812 1513
1565 18 1027
1703 496 520
1079 150 1796
1261 935 1593
1353 810 730
1288 577 1032
493 465 1955
1201 464 1893
1560 605 90
182 60 667
1377 697 85
1118 310 1715
242 465 1855
1133 523 799
1489 869 1407
1964 194 1435
1392 947 817
220 168 404
46 435 1655
314 698 1869
1399 224 966
803 411 1810
1681 940 1179
1307 832 1173
1307 595 1558
1592 281 769
87 964 860
1715 969 344
335 380 1793
451 977 1117
1866 285 469
1043 721 353
80 94 1809
451 919 1113
1682 450 923
1577 140 106
304 22 1417
945 731 1904
318 846 211
1112 332 1887
1714 864 478
602 857 198
614 373 1645
231 696 122
1647 732 118
5 601 73
1933 759 352
1987 457 89
872 619 171
1794 390 1496
420 715 1066
949 268 650
25 708 457
936 289 770
858 736 62
1838 133 468
244 612 1035
388 581 1418
1244 787 896
1862 433 1684
1589 471 863
846 443 1068
279 557 1296
1154 753 1540
1492 218 130
649 445 1161
1078 508 1208
671 124 1180
769 563 524
393 229 1165
713 912 799
1710 491 6
174 405 1347
1010 301 1578
1614 190 658
1509 669 1500
159 551 862
1336 511 93
273 615 691
1073 250 1158
1817 492 1703
1203 396 1691
1719 431 118
201 26 984
5 10 1203
207 831 1577
1227 160 1837
326 14 1875
105 941 1896
1242 857 385
566 375 42
1137 667 1171
1851 867 1076
1771 988 466
322 748 1588
1691 476 1735
679 336 1047
1155 899 732
1779 540 1349
635 887 1066
1508 786 1489
1217 134 1701
1228 712 957
278 869 1025
720 355 1647
1076 121 1350
284 325 326
1230 957 704
1050 132 1499
1109 411 31
1231 844 712
1719 367 973
1447 606 657
121 810 1030
1904 585 1245
973 851 1388
1188 785 1811
1578 307 1513
119 558 114
1054 242 227
720 456 652
181 700 320
1274 544 323
55 729 296
849 849 215
1531 212 1471
579 7 910
792 531 304
1658 7 796
1525 792 1000
1570 472 1426
1076 590 85
387 33 1403
853 414 680
353 76 1339
791 763 715
377 923 1770
297 243 932
1628 424 869
139 792 262
1330 242 410
16 591 526
92 670 1934
582 800 1105
1115 138 778
1113 326 566
194 168 1546
1735 15 63
1297 826 701
226 55 1009
1142 90 312
856 753 1263
464 724 281
407 886 79
1670 390 531
1673 266 1725
211 375 1692
1998 436 1011
681 567 1700
748 869 407
786 839 693
267 828 467
1029 698 1591
1895 24 706
399 434 574
282 574 1804
449 782 1552
999 652 1785
456 251 343
672 245 1471
1546 594 799
446 151 1851
1433 457 1333
538 35 1677
1459 53 750
1530 611 461
716 559 1628
1779 170 347
536 645 689
1015 783 644
1694 131 519
1984 970 626
1262 138 813
985 971 1486
774 945 1420
408 960 1489
1058 482 952
686 998 1729
178 463 539
888 979 164
221 373 350
84 794 632
1108 817 123
591 47 418
1640 353 1968
943 213 1420
1032 404 1570
1049 412 206
523 301 1444
68 704 574
197 661 1369
1506 54 1140
1644 224 1337
1828 641 374
841 682 1747
1368 373 1360
800 849 1094
327 786 364
1323 701 923
28 332 652
1276 654 304
322 538 1437
311 166 691
99 644 745
1393 960 766
1076 441 209
1873 583 254
1071 33 355
433 859 890
853 886 1547
71 616 1841
1431 345 103
814 200 992
1343 267 1329
1184 283 1297
729 778 347
1036 197 1595
1169 733 912
72 720 504
1796 866 552
905 834 1965
621 991 1
647 112 715
1970 95 1845
1254 819 781
1039 254 1865
1840 611 1879
1091 767 1173
298 803 348
1610 596 335
517 460 299
1394 527 158
142 413 404
1136 152 1395
1814 194 38
932 734 1322
68 563 1322
1945 218 205
1583 375 413
1931 865 526
328 473 814
978 825 1590
1219 795 726
372 974 1168
325 713 1825
1362 311 1836
1513 407 1284
1323 931 1452
1524 382 1369
1400 825 890
484 756 105
1807 935 435
1810 611 1375
452 97 1226
349 68 1167
1014 734 537
90 836 1707
1268 558 1893
352 726 1766
1996 856 741
352 282 1650
1073 970 1491
309 645 1084
1630 856 1803
1677 985 1179
950 97 1603
1553 271 962
1366 927 1868
1057 899 1011
115 270 1240
170 944 1369
167 336 1398
547 205 776
869 151 1964
1627 662 941
1538 795 324
199 30 179
1479 958 1158
1122 805 888
1682 508 375
1630 573 1349
868 72 713
1308 26 977
304 188 802
1755 762 1675
787 871 614
722 450 1016
397 557 279
1839 130 1088
1475 674 1770
50 3 1490
287 960 1534
1471 862 113
944 282 221
842 783 850
736 697 1345
1582 51 1247
783 741 1325
38 302 161
607 159 1801
82 689 1779
773 605 559
1092 314 1382
1858 910 98
1203 237 907
1894 272 1142
705 923 707
1976 663 951
640 369 1930
1326 656 1778
512 171 1368
239 365 411
1549 617 285
1727 298 724
1163 770 587
1671 304 1269
209 294 1075
1690 544 930
424 177 1311
712 707 607
57 182 1631
1842 393 915
1029 392 1817
1611 440 1934
734 231 6
1182 542 1047
1566 138 1689
1158 377 929
416 785 1885
1720 5 1744
1394 430 184
1209 862 1393
144 147 1325
1108 912 273
110 870 1727
481 836 1625
262 3 1559
365 333 1981
613 833 689
966 706 1341
1732 169 944
460 389 656
9 763 1979
647 300 1385
210 146 1828
169 39 54
704 818 1474
808 659 515
176 568 1494
935 101 97
335 865 1429
1732 961 215
1501 214 1091
1601 587 1177
390 999 1684
1523 542 1332
1365 974 1924
1632 269 28
950 270 1027
12 616 1646
1130 869 1250
1338 304 1390
1675 247 1861
916 69 1588
237 331 1653
1496 46 876
1629 594 1425
1474 537 1626
174 758 688
166 909 779
1763 257 837
1478 948 401
905 510 1392
1637 14 1699
611 332 92
942 131 917
1813 569 336
403 824 1025
1479 756 526
928 117 1196
993 46 746
593 788 1571
819 386 760
966 141 1247
779 980 159
67 865 1104
447 591 1367
561 348 500
225 762 1777
1360 79 1548
157 820 419
1474 670 1621
559 222 1967
15 782 1295
380 161 1972
271 91 1518
1893 913 472
224 119 708
310 1000 221
235 581 1836
302 743 1376
347 288 1281
1750 737 773
1466 142 1758
875 873 1596
1686 106 389
1292 630 505
133 153 324
369 773 364
1990 748 715
1938 927 1739
1481 638 249
1908 962 1392
878 39 350
935 389 418
1725 625 1751
34 735 1431
884 185 550
344 904 1820
652 666 1941
1749 691 609
1774 69 945
820 171 1360
1055 340 477
727 428 1429
1725 776 874
1744 549 493
806 24 92
261 507 976
1396 835 975
1386 704 113
699 249 1021
1461 564 447
926 830 1796
871 411 861
1131 935 738
1786 945 1304
814 913 899
888 834 426
159 894 1759
939 574 244
1259 579 825
1770 747 1825
1890 439 1506
403 635 197
1506 589 552
147 353 1545
1663 756 1006
100 847 1920
1430 325 25
605 955 464
564 766 385
830 306 79
1959 958 584
1506 907 22
67 553 425
1438 176 1583
1105 13 1735
1980 921 1597
140 452 1849
771 907 452
477 51 370
1128 744 1552
324 115 644
1627 191 573
380 551 806
1220 126 1048
1942 543 1657
1644 958 294
170 524 77
840 719 857
1565 947 1606
77 900 1470
552 261 1404
390 544 1602
768 567 873
1027 954 1819
33 518 229
347 350 1950
1787 646 12
1180 421 965
1521 516 279
444 462 1250
505 866 349
720 773 213
165 178 825
436 77 118
349 293 525
630 769 1316
936 21 568
895 807 1306
1072 591 1324
332 592 475
648 726 95
1885 450 1949
1696 53 99
254 487 154
812 36 1739
262 115 1927
1158 71 1002
1811 256 550
697 545 1177
1140 765 139
1960 519 539
172 839 241
524 715 739
530 871 542
246 774 1050
659 525 346
602 347 492
1773 316 220
606 352 1512
161 800 242
1646 543 1194
239 283 966
1983 765 1132
187 686 447
1905 185 1176
494 215 1561
1774 488 1159
1997 167 781
1117 656 1779
134 639 1801
432 746 1105
932 874 62
154 844 287
1973 501 1537
1314 623 534
1881 109 966
1820 316 1755
1843 248 1872
1303 53 1199
411 352 1699
1988 730 974
859 220 1883
757 866 1546
273 824 982
793 772 385
243 847 817
1409 268 1149
173 302 818
1242 754 853
969 564 1316
336 777 568
158 800 352
675 53 1622
402 474 884
113 391 1506
1910 789 155
1098 844 606
1259 411 1611
1679 787 514
458 954 1015
1567 14 1579
1247 415 1287
1028 44 772
1617 434 247
1508 110 495
93 249 1910
1514 687 1985
24 264 168
1929 576 738
468 839 1073
1886 395 1936
1287 485 1971
1062 422 1230
153 165 1996
813 492 1702
1029 294 1360
32 712 320
1603 616 259
403 130 403
1918 764 703
480 645 202
1896 389 1187
1668 785 1509
1372 365 35
1793 918 646
514 689 1912
1088 425 1481
968 8 21
221 610 1811
541 152 577
1835 493 331
1802 563 332
674 64 1540
319 353 929
400 790 1831
1422 319 1346
623 762 470
1157 334 859
1491 439 1828
1983 47 1671
1932 518 892
64 7 825
632 576 540
886 287 865
1524 542 1288
1197 494 1031
707 790 1044
1334 945 1985
97 975 1169
648 378 1023
1035 823 655
1176 736 752
1861 116 1558
1217 511 1638
999 384 1487
1304 63 1574
1896 378 582
267 186 1569
1423 441 1716
1752 825 233
679 3 1603
1322 663 518
1697 942 674
1662 441 863
724 125 1158
19 172 704
356 350 1475
1329 177 442
1886 570 1696
938 757 1996
822 406 1000
1591 165 605
978 152 1539
1372 777 1907
1284 269 285
1065 990 953
1765 857 1019
1226 193 1100
1952 606 1095
1464 650 1077
1730 426 1488
879 878 1172
173 939 1326
1306 305 842
847 21 756
734 978 1529
1302 119 1001
386 383 478
856 905 319
1947 276 1968
1771 281 1937
151 871 1340
458 687 1984
803 806 587
854 831 102
154 452 695
1580 437 1265
312 792 1782
1586 726 198
27 192 1622
405 101 505
342 997 1339
1299 412 442
1537 735 197
1040 989 1123
473 987 1731
1074 24 1213
1578 83 407
687 703 1053
1145 910 581
146 878 1992
1924 320 1313
1821 200 21
1590 867 7
1881 455 1643
502 462 1
1948 322 425
533 639 1519
1277 877 1492
903 796 1421
1559 196 292
1738 791 693
595 625 1509
585 778 93
18 575 1277
338 327 14
1931 238 498
1020 244 1992
1852 305 373
807 190 1256
195 605 136
620 836 245
1048 804 1094
411 190 575
1975 513 1954
830 791 1449
1156 5 1495
809 223 1414
246 819 1353
303 949 838
1037 544 1853
441 67 1745
1987 374 1782
784 826 567
1553 953 586
624 977 813
1716 977 1616
858 386 91
672 578 333
329 860 417
1453 514 692
1487 791 872
1767 730 1798
1579 668 1229
1786 823 386
359 962 938
723 458 1873
1025 665 1441
1745 661 447
206 186 89
1680 431 775
1911 525 704
57 803 157
1074 638 1080
732 285 1857
1203 817 698
532 302 1183
1330 540 1455
1188 969 319
718 276 13
712 757 1491
1604 764 1792
310 436 1290
1955 858 578
262 244 1133
1599 99 1272
20 677 478
1877 625 135
1893 387 1562
1550 658 1293
313 781 1023
1605 220 1336
1306 134 101
477 262 1878
398 659 204
1432 857 944
752 533 3
1654 552 997
809 208 819
770 997 247
1640 339 408
1723 741 1887
1193 953 652
800 469 527
592 33 1322
1370 229 463
988 754 1940
502 445 1701
1123 850 1543
966 142 1967
1003 952 821
1148 155 486
1984 631 1917
1906 680 290
647 724 1671
463 762 1300
1435 706 1901
858 560 1981
1347 821 937
369 185 964
1364 973 1049
864 464 1841
144 620 1413
1642 100 234
914 18 603
235 651 1039
1529 527 1310
1894 784 1342
1698 258 1444
1279 163 605
1912 545 1693
1287 129 781
1444 441 1841
157 141 1492
1371 183 1813
147 982 1474
436 814 1827
964 409 1749
549 178 577
1560 626 1459
1984 509 1353
1496 93 899
1337 546 1792
878 26 469
919 823 1405
771 593 1475
1421 559 1405
1256 475 1379
1482 743 1202
1190 195 162
1056 232 1814
460 627 536
31 133 184
876 770 519
1518 398 1150
505 869 1587
443 909 1331
83 733 109
1665 575 605
908 705 1037
1273 302 1681
1412 115 757
1525 694 1804
1537 271 1216
1457 477 1513
104 890 317
78 991 1292
1769 953 1601
1040 506 460
1601 963 48
1720 646 106
1610 512 1300
220 528 554
1338 274 953
1527 847 422
1940 859 492
1260 231 1409
1394 856 176
1479 917 880
262 198 1985
121 883 829
1109 179 1037
105 398 1994
1235 991 979
794 709 1496
764 387 968
1004 187 170
1044 64 154
121 535 1865
428 228 262
1559 802 1502
941 682 439
257 514 310
1215 569 1413
1388 597 750
426 590 514
1059 993 725
139 757 104
1869 67 1272
112 957 1672
1194 21 1033
20 810 1495
1375 852 154
798 623 1405
1377 914 75
1799 68 818
476 368 1472
1318 485 256
369 622 70
1792 708 563
1413 823 364
31 554 1159
1426 519 215
1829 448 1273
113 911 876
1841 267 1438
1489 388 1844
1259 56 1319
1942 35 522
1632 532 146
389 200 354
1256 857 1109
1375 784 287
19 117 710
857 45 1541
1551 515 38
1330 136 299
1717 639 371
457 348 522
326 221 672
23 146 845
897 162 72
1003 144 1757
506 422 125
977 270 1682
528 480 1459
407 227 252
293 363 509
1900 619 91
155 849 7
487 829 938
960 246 1345
1598 707 1571
1274 935 1571
317 626 51
1768 347 905
1069 996 166
1748 641 1081
1330 162 686
327 219 1910
519 566 1015
1242 706 1165
1107 89 1767
1561 843 1989
486 594 574
402 993 398
1356 159 796
168 651 376
1561 975 1814
894 649 1840
1833 871 1852
960 434 1904
1752 276 1187
867 200 1190
202 18 928
925 623 42
675 59 1052
392 322 971
835 99 957
812 815 596
416 498 1902
265 685 1564
443 218 1758
1960 388 998
1740 419 812
1378 757 1159
1598 828 1405
683 938 1711
1109 939 506
1424 920 988
1986 479 76
1167 19 1425
554 333 33
1369 328 1639
1644 625 916
540 890 1927
724 38 1696
69 238 935
467 960 188
582 145 1420
1824 520 1507
1093 811 354
1911 184 1903
1939 436 743
1830 850 22
623 656 456
1880 947 9
959 621 739
603 780 1736
175 621 1407
517 722 1182
1334 521 432
1111 237 1512
1312 803 353
1439 151 1280
753 1000 1
1039 302 252
856 428 0
1996 509 100
1241 343 1078
1483 239 1925
1688 312 1541
1597 84 1138
821 728 1119
1265 543 328
808 760 895
1582 456 1737
1439 902 641
1816 454 1764
285 109 1049
1586 952 1907
170 915 108
533 189 1283
281 920 89
1560 273 1289
1334 100 1035
1693 610 1236
362 160 1086
1869 779 293
21 481 1199
514 831 744
1718 634 704
1086 977 348
664 416 1485
1207 26 1417
524 962 641
1158 907 664
1098 17 1133
757 949 1493
145 685 1113
1971 182 1450
808 298 292
1097 253 309
1093 345 1929
231 72 1622
1227 490 1876
591 12 126
806 81 1520
116 6 189
1301 879 1636
829 257 472
19 996 1952
829 256 908
1844 539 909
472 901 1957
1104 797 1784
670 810 405
420 641 84
81 470 34
1785 18 251
1185 779 428
275 338 466
1889 766 247
1811 727 245
1163 175 262
1750 100 1625
1082 291 329
873 347 1111
470 375 1933
1919 592 1747
1610 567 1811
503 151 594
110 973 1943
1938 145 1757
298 959 537
1682 644 234
484 707 1767
1766 10 412
1049 197 794
1123 276 769
1005 436 679
1508 446 1783
638 544 1871
224 509 952
768 783 535
594 248 1107
676 265 1764
1451 212 134
1517 873 306
1712 771 133
190 550 901
761 14 36
974 185 1927
707 752 1008
996 649 728
300 846 1444
1117 548 1112
1497 558 1121
846 287 1023
1910 140 1169
605 873 22
158 107 1266
530 572 108
1223 626 1035
1645 540 1491
1668 790 408
960 227 1094
1194 312 615
501 830 1680
161 447 1906
1831 825 1311
99 815 46
757 841 1272
896 482 1826
1937 41 1639
146 888 1688
1949 925 1373
657 954 1665
1586 175 1500
1911 436 361
1572 376 1440
708 298 525
1792 440 767
1760 634 43
87 287 1785
1212 588 1730
845 110 1955
387 167 1584
1808 553 957
1319 692 1360
1412 30 63
1094 135 1649
305 627 1999
536 60 1409
581 340 1561
1629 367 320
1042 995 1578
104 184 328
1113 932 1104
265 501 290
265 599 282
779 257 236
1806 864 496
283 316 1363
628 477 810
1548 868 1010
1023 590 1022
1768 619 1998
642 555 249
1239 673 1253
1378 929 844
53 781 342
670 750 414
418 687 1948
909 406 1544
1449 248 1420
719 165 1161
1362 997 146
1571 391 582
1305 80 1784
402 452 1881
502 56 1310
865 905 359
18 747 548
562 100 41
208 290 1222
1078 447 712
612 621 487
1491 480 1893
410 39 802
1946 271 613
656 179 1226
847 688 1263
1810 808 734
781 890 289
763 658 937
82 784 832
1824 274 985
1820 519 1122
405 976 627
771 288 226
1218 494 1101
1223 942 1832
155 863 1409
1115 659 1166
1557 697 58
1952 887 1197
698 847 1710
1227 953 1667
582 875 312
1000 706 11
101 835 486
1259 839 1341
160 833 1071
356 855 453
726 497 978
1264 469 818
1682 669 1686
1944 46 824
635 12 2
1129 253 82
1404 188 1414
