2000
498261 724 341853
716532 44 491541
566735 686 36223
796516 359 354810
432604 147 758227
756303 811 672765
494776 332 618675
155767 426 15175
94079 733 399163
593651 98 943189
635690 851 507358
998351 562 184947
426894 986 79164
847843 702 783206
581522 497 753979
848951 102 12082
492913 592 780164
897558 850 340569
528240 337 739981
894832 233 742188
626656 326 863823
190390 348 962432
505431 83 395928
333232 141 921630
478699 836 920731
923042 45 705131
830703 808 157385
58144 197 2160
882290 951 126443
886638 827 147146
394420 121 415934
827419 176 713581
627819 24 996510
742623 112 991847
976183 207 933717
615476 131 259091
612449 419 850640
481714 475 610767
878682 690 263502
786159 374 241472
646258 82 750992
915733 796 641468
530966 868 633055
249476 204 5897
165134 666 697714
70634 363 739582
799222 925 89754
276321 13 154625
136765 907 658089
91273 976 74264
789147 495 330164
121895 869 424319
841623 410 270400
947965 553 43314
325945 945 25390
401002 100 237001
159755 312 711170
446340 649 654876
248150 831 226277
665204 127 916223
677659 682 522324
491281 501 842325
355920 78 518495
923393 571 62697
294429 633 909755
420748 856 698945
556630 322 994540
547137 687 943678
790202 666 810519
117710 126 547366
54699 185 992819
748699 209 734461
74800 909 44988
968296 267 600471
760745 215 774456
220263 77 665627
328593 871 835442
696603 995 801322
391994 43 846548
512881 612 786334
989828 746 910110
637087 817 593182
532126 846 59380
516347 472 206597
609921 643 60572
434974 890 135549
564906 961 384305
583353 523 486332
514519 873 123333
889719 457 232222
453701 54 832669
861141 639 102643
640936 114 975069
644734 707 453586
534379 740 754647
773611 734 680387
527465 839 948885
327930 810 257616
805164 894 438907
190348 242 959541
670565 981 485128
856740 141 197159
292204 386 822057
290493 619 12797
362233 372 815937
869612 844 740664
142179 844 551853
227063 646 717496
184151 426 299586
537012 182 909949
572060 186 380558
203814 570 948613
788166 135 980971
467541 861 610294
950712 471 830132
994220 979 926183
964574 857 569876
86104 902 57640
954474 707 278412
146206 425 904050
915470 967 104736
913788 540 446669
49210 175 968189
992644 104 227238
509272 607 521238
738229 620 367337
966469 740 467228
834715 535 580298
930449 43 527625
747432 224 643692
5497 475 381175
48212 691 333742
889636 350 766793
498994 502 404595
520604 12 199797
366676 100 238990
808654 513 248466
582625 377 600405
607876 593 889204
782836 37 548473
243745 498 426943
397943 701 643767
659422 306 222279
67393 727 5259
801475 873 433873
96812 492 201379
523369 657 380500
979451 532 106185
538542 268 949372
467755 406 211544
701369 493 12220
323991 454 15292
509040 394 311572
909906 914 712156
535223 553 262677
8895 87 37906
516203 986 356948
697588 808 526012
644702 68 453606
391056 64 888096
996884 51 66377
511449 777 441151
668734 977 24443
797721 405 840614
922998 731 36175
405882 27 975617
949435 847 14970
603168 709 881543
99438 459 348486
260103 249 465203
365836 992 699987
243550 540 312343
206062 775 915956
592163 758 350782
207551 43 842843
173824 683 556555
887100 809 442885
221285 615 1918
136497 660 319408
570855 597 154172
203890 612 160782
438551 528 746238
635928 561 216996
58406 650 144532
8894 11 430151
360121 100 13268
508923 981 555571
782345 613 774669
922977 770 703146
855421 928 553416
348215 702 990293
843978 928 721931
151475 505 917254
181066 846 562436
684538 201 612877
38107 157 305405
450075 222 973054
197371 164 394108
928009 739 562867
237346 437 442104
949785 242 39148
385311 668 453710
812732 200 418798
194550 323 939904
597182 530 242471
536505 148 374726
564095 686 485373
519205 703 649268
223728 485 678880
867007 957 698518
240913 864 633878
174064 397 879539
917033 66 152424
987165 910 637253
328838 502 100728
706827 365 251625
350135 681 855556
879921 993 499250
904647 425 124613
246623 771 470672
243323 687 700257
339471 826 569606
994446 306 625878
421513 239 429809
637676 556 511036
956349 5 948467
492397 602 973858
502171 197 862957
751188 791 612307
451317 303 969576
240839 409 167107
471257 740 728956
852495 679 949779
983592 874 699907
706067 177 775079
412155 800 460829
667345 57 922289
855544 148 536900
825182 906 954458
269295 962 340452
110879 399 2868
856315 222 913195
977608 350 78357
335574 700 190998
453267 149 466361
768316 471 423907
340675 244 144744
255044 32 717416
21979 652 516160
641211 201 964182
793497 879 827478
775234 360 717317
505656 937 105423
198954 464 928941
565670 774 327782
39374 430 818301
47489 605 561933
428401 248 788615
343512 44 530431
525656 796 867890
681439 60 726983
692393 662 51196
128052 839 756986
643589 850 788509
107857 321 862143
241762 420 789395
266577 795 48418
275245 629 401846
872 846 497828
616479 599 16015
688477 455 761476
789342 436 483160
433482 782 928342
935191 331 8092
915798 916 475906
123289 323 968352
352880 421 468641
948084 388 419193
724368 707 710467
672659 154 454705
41898 676 165000
379606 356 901599
966643 462 757506
9779 709 347074
452248 97 577180
183375 137 535305
327484 308 148944
602840 267 930674
627441 619 710080
557606 694 19795
623353 711 710707
374034 938 320632
200958 495 313366
220246 864 751894
37072 167 766425
865382 440 825076
868510 488 108655
601102 633 38694
791287 839 491995
187469 321 906985
775810 808 116019
724785 686 251586
185659 637 303416
202675 605 715220
795887 698 965673
194965 370 470111
559291 740 756551
617786 105 554937
46145 995 754840
873094 75 204967
435884 508 452546
450871 323 754669
103909 34 625156
628674 218 635068
896084 990 702041
39665 536 928483
388508 701 762728
516221 94 967455
566225 91 990021
729063 640 810893
805629 198 340381
919004 599 524001
662418 940 534642
97225 887 240956
696689 879 396277
226876 157 699726
995675 649 320600
353148 932 894443
31030 588 405936
696683 393 833739
805956 364 789486
949017 4 188683
749343 608 537423
773739 664 249430
84728 773 876481
652205 590 519866
596368 596 281963
272180 469 291333
830007 214 980810
557240 798 833072
656005 885 211568
493041 262 491555
586902 894 761697
529968 643 339070
737098 429 584885
921087 708 726518
133949 864 480091
615293 507 835569
621699 15 302200
895604 982 558364
837414 811 278582
537532 853 634097
280995 182 838399
701012 924 502517
645858 442 895151
357950 196 742339
548086 717 52169
75547 678 147882
874710 843 747604
104776 248 915628
119642 381 942471
574073 92 558877
282936 746 276209
896339 766 521116
847231 396 874612
339599 526 174510
970004 22 58569
758540 894 51278
924333 651 770526
314804 836 740258
30219 312 581707
619859 962 364834
387452 429 330386
377397 196 777548
128145 657 826157
302462 267 38639
302619 765 418718
856590 457 677044
905644 731 53103
298197 677 201394
37580 455 454651
335732 104 754389
126714 589 678382
407830 248 230620
538149 931 683439
593037 124 207375
902954 233 460913
112304 504 201146
385487 31 903193
579700 929 338786
703616 647 44789
351241 220 85416
414216 516 563822
986040 787 735121
851539 978 522967
47355 856 39531
763875 510 696699
221212 390 41670
67600 280 114969
823184 941 807239
717572 847 287121
277462 197 352883
519926 684 998274
15628 29 115164
571751 507 844329
631634 478 748803
343578 157 203514
594146 186 200375
756632 658 478144
371310 41 836954
970147 199 61496
353915 983 604299
924858 115 382045
973693 71 772382
254413 479 933856
566005 403 455761
102530 574 165042
736135 839 517184
108713 361 267356
491295 315 276356
915451 7 524154
283846 960 4802
963097 796 72346
436224 982 426775
214594 424 281845
480808 837 223399
766485 610 469313
490575 425 350397
576970 22 897737
672146 242 771818
76011 91 361486
508474 955 395915
843863 104 30677
960921 386 355700
283897 793 567267
990562 1000 649685
902532 733 58090
588872 386 770206
951795 227 827180
767707 528 901213
906943 805 79367
546079 861 606917
729313 300 586519
282350 655 406679
987978 829 196099
646544 568 646244
66720 427 340767
466841 53 511509
899194 494 204566
79491 549 360075
767199 491 271913
156364 149 875078
466362 748 215612
352401 515 155942
155169 514 409679
615723 896 520795
961095 361 185661
958410 346 826141
536319 684 319316
701329 425 639239
868852 650 190586
895217 961 382318
6949 936 510693
967881 657 4166
376421 95 281927
5117 458 673395
256402 47 546700
453909 490 838438
39125 309 394289
204824 794 376657
489499 58 557832
318057 638 79028
538450 37 854800
687009 572 923034
758375 451 76120
653103 511 18313
412734 180 5041
803692 909 45914
656242 489 53376
728130 406 405561
500494 483 532974
174655 7 895402
541964 214 667338
548533 847 670558
40333 407 135918
399829 560 600276
136025 658 49319
164236 337 700011
156056 104 340215
821597 874 953870
987600 888 987435
442688 833 969550
824993 540 214609
337274 483 656576
930046 814 797821
767485 398 929145
697966 691 355728
903042 181 255745
956035 255 169435
507237 860 330011
752025 722 555604
724225 765 563217
687506 210 100644
908556 162 799923
493648 986 867062
579445 478 770590
338419 699 827099
693756 254 658744
35477 968 460106
114322 341 11996
190403 879 681327
772209 975 112540
136957 638 971644
604925 236 215715
671216 458 414523
554012 336 533100
730355 190 719909
578067 289 415259
902783 67 902333
662946 34 133384
481971 452 231163
661025 62 837449
601352 148 869412
368540 64 742284
549202 315 752561
901228 377 685399
461047 445 124717
653782 106 208471
501939 84 879096
996905 427 664463
233611 464 950203
434514 820 645301
807953 932 496021
974915 155 551022
42969 172 129015
291013 822 147876
553786 77 532762
468058 691 205784
442759 500 300998
875415 341 194258
182159 90 117643
372288 208 348404
845075 647 878928
117989 471 528566
779079 485 704195
790204 828 141171
917644 568 505632
531520 888 545674
961324 531 903614
913354 165 450839
59926 429 804834
612589 41 857064
518938 277 906158
856919 245 771754
93416 482 452756
675109 189 567744
220037 407 116632
266823 770 331549
690511 717 902245
84693 773 724810
253938 850 243863
30640 757 492756
544490 58 605066
261533 908 413024
828475 388 49053
102431 485 876503
772206 534 143728
371859 82 32115
838926 380 276579
454224 564 519880
775714 326 883915
881599 874 404038
807212 161 558584
662648 6 670969
51043 944 663349
211230 494 760083
692332 746 838735
405757 287 380742
626207 518 29460
816738 495 861866
980088 989 302968
335354 756 634811
351515 816 523738
607790 208 92489
137421 195 477113
397438 863 712464
80687 417 844921
925852 83 226784
637692 216 159618
744523 198 902144
553414 47 478415
649465 768 228810
780013 814 234324
120857 738 631341
114529 173 786848
32837 547 812410
976473 184 395897
730515 42 434957
479059 874 620493
490294 292 500373
163086 841 879328
561623 911 872953
902405 10 109736
967220 23 275007
974829 925 322830
646777 400 635469
747569 954 759816
719325 156 104287
77677 348 806609
53886 374 870130
507689 206 492286
555776 894 445877
350615 181 234857
759843 127 161596
120144 397 526041
997988 766 485627
558090 238 126679
183638 516 946768
168157 649 775870
859008 983 2613
224375 367 977683
412281 173 73120
73053 954 255710
625282 826 388698
622500 302 91918
634404 298 454197
771503 10 98974
308490 561 235049
756074 586 157691
726049 546 733022
142408 776 289967
481711 542 122641
741241 371 855748
552048 198 436286
789102 487 585924
33079 627 695692
131409 686 422868
797059 901 965856
537855 926 720936
74336 913 385420
460681 796 125570
959681 496 425786
993578 863 678207
702940 532 130029
698954 129 653452
782918 452 774819
551923 427 220431
359247 923 555761
971539 183 450019
308447 293 304921
967794 554 475863
734161 691 293765
689396 211 308812
158544 48 622449
405586 790 210510
787632 923 864097
700821 301 642529
894927 710 247128
295060 47 880403
536749 375 450615
636463 914 624373
754760 493 175300
273483 110 492387
990908 895 651998
111439 123 893874
577690 113 933460
421599 165 977455
748039 847 402830
289752 581 735331
838423 109 477249
197517 674 286447
115305 694 810996
717376 25 673662
884230 717 623586
115363 322 584063
930229 601 42157
51984 267 44323
481186 773 607847
236294 594 154977
162287 464 170594
189927 469 179498
835225 529 288127
39022 13 438041
819472 262 109825
97717 868 72341
138960 85 295846
96167 459 104119
810116 979 783328
594818 296 899194
30108 716 968547
185104 878 649922
109549 540 510059
171750 582 11546
688777 820 560237
639006 462 364241
823135 423 986115
264977 351 65465
92693 358 397500
708055 180 171903
658980 945 245469
145091 1000 276688
438515 952 829924
668505 304 337256
409848 2 510389
657234 394 876676
266763 957 842889
922451 701 517698
254732 310 312138
771113 274 340738
660343 866 634409
468937 754 55071
264773 52 315193
959366 881 507450
144901 448 858546
671186 25 723241
605051 8 630791
603193 450 3962
658233 278 223952
564763 186 96227
838781 203 801986
311146 784 654118
741258 870 328428
467620 463 762100
488906 528 668604
360401 24 151319
224995 366 381312
322368 271 356820
161175 902 403112
155198 657 842464
311585 343 912899
215959 253 802092
577358 251 222867
327441 249 875217
455386 15 681284
471845 64 646583
351947 53 926359
724352 650 407004
419602 321 455757
424506 354 679856
10783 993 478215
123094 47 613765
63557 681 79364
398266 772 373461
418191 367 213362
848368 257 574317
77026 570 955151
597469 222 35190
418644 994 831092
158977 942 770958
792716 683 328811
397359 706 751583
576731 674 668804
755341 46 427569
961434 44 747966
782991 632 90878
503940 163 641986
286383 95 735288
673238 883 267928
636273 889 76713
559013 901 981616
782742 448 395292
370239 891 835423
339357 30 279452
102086 220 623035
991233 672 15546
952713 65 10770
152688 432 367228
411044 520 152703
816841 270 982443
169114 511 968139
525529 456 803887
49456 28 178278
561238 744 638281
430925 172 482710
227867 246 900482
613583 481 555141
464486 239 397267
586992 432 818340
265551 605 860027
24346 394 575608
379595 311 70557
690696 786 163967
736033 787 817388
374622 64 896246
556524 521 860332
622666 412 313653
124049 659 183115
960732 901 883841
710273 267 205619
489122 675 9624
294257 820 298537
586823 667 227325
300889 341 410440
506926 474 221523
738731 178 373030
200331 284 521928
719766 947 825978
281217 174 884545
466106 570 209066
138818 378 452027
363501 672 492075
398179 762 411385
34350 824 974202
12926 878 90108
107113 223 301299
546701 66 573017
164011 522 518436
478085 275 311738
947559 906 789480
58096 225 120557
96041 229 634156
245774 362 152390
996825 429 133829
514925 965 5601
857395 317 992725
602887 333 89134
392901 18 942319
639132 864 13228
122986 279 668638
413328 7 631428
670214 220 89336
769479 47 867640
376513 305 233144
527551 728 144839
798599 518 961053
412398 989 732113
291520 862 781553
541277 292 458644
243661 420 650846
283011 23 358152
81796 237 466395
219301 763 283529
757868 167 257039
100461 759 573361
759867 392 176051
264458 88 642699
858703 739 636120
235720 459 757774
794219 216 683533
295599 483 198211
291571 826 635629
213281 757 492512
722794 86 754106
982831 98 314037
298602 800 881421
969467 323 936715
242724 137 167927
739477 210 553755
290458 631 899206
120015 383 187364
497435 244 542760
753122 864 614849
201469 867 59140
586630 270 507146
657440 463 340794
178316 917 322081
889697 37 488441
151679 122 152586
15453 731 618404
195516 891 988913
730664 810 606700
516046 42 401036
220621 489 767027
871246 147 316320
923463 803 655392
159673 335 448712
481344 202 316275
459858 656 939197
47049 149 618630
375547 320 643111
797977 582 567554
803663 420 60683
284298 448 388932
840515 933 561817
62226 712 57681
374269 24 604011
325630 769 180957
851763 332 547546
186741 798 433305
782280 430 536551
880299 642 110492
93411 753 305005
657314 123 404873
906962 609 454425
977577 559 544001
874270 392 918090
752718 902 537873
591919 208 355845
667302 337 585483
319906 699 949056
455232 914 999618
724137 449 417675
959590 493 432330
292578 129 638008
618581 559 487612
726843 962 845866
843581 724 961326
494086 299 896321
537339 285 311104
349016 688 780146
770965 627 733314
572967 151 877177
290231 70 892826
365412 3 993532
864237 858 956606
651350 639 680822
382625 763 298528
242360 662 973039
60502 471 731290
876948 249 481048
617957 612 339578
334496 305 447994
513334 754 273798
119513 350 916774
289217 507 97425
942686 704 979207
989703 696 143004
212495 381 366787
172620 590 956451
996839 203 697612
831639 923 140002
540950 256 359273
399019 962 182668
969122 278 780293
504903 174 623393
311808 891 661733
226780 53 6500
695086 457 385759
446478 603 687569
899220 386 141821
924078 602 680567
246875 528 977146
51701 719 202065
981901 642 60575
867012 511 757851
30830 833 963157
183579 130 657513
840026 885 469014
511768 752 424990
285792 227 235779
644785 426 225855
35678 265 858383
274803 699 922535
490654 883 113779
515261 511 6202
231216 111 925853
306040 748 520905
64712 719 123321
512857 999 770543
842138 566 335092
400921 472 578713
770419 685 426643
936818 921 730882
406939 15 410848
262366 964 983696
424553 763 626683
305868 700 814992
645159 305 233442
756963 389 875662
384615 655 691394
263610 775 258287
975652 453 418438
36056 256 96898
608028 710 986751
667753 352 195113
655212 265 494333
487937 809 824629
827310 263 720814
584916 896 464080
650064 934 261823
384949 766 31551
68470 239 669241
444815 995 326165
635154 452 988321
724578 380 686485
130817 333 983461
489983 962 360894
381032 595 155468
691013 222 580630
263695 637 707821
399517 211 795246
938365 618 676336
320949 627 272810
580694 519 526254
40313 789 420463
137649 946 515935
11927 998 898643
44350 207 59225
493363 815 380328
656151 458 988867
56424 239 90844
24996 804 704760
27586 696 408857
346804 578 932842
164729 542 446397
631257 724 836151
917551 502 521805
201477 74 369370
519468 509 903626
735011 268 669115
376985 826 641855
870327 811 852577
26042 373 586823
318009 338 670376
210480 944 440615
19822 234 444499
257455 446 20320
154505 710 622303
511932 698 929533
968769 474 935813
454442 217 802863
145459 698 877807
207382 92 349088
683322 57 91846
636896 343 371626
586125 504 264824
133355 422 355018
507801 880 876058
735384 682 279823
694239 946 573937
956670 783 277989
502224 294 545600
301293 185 135198
967591 753 153838
262629 807 470798
75718 699 746653
516113 639 98801
677716 369 182044
424329 834 197301
106454 991 717451
466119 26 272125
105869 577 349191
990248 50 492452
235343 674 818479
4519 350 196218
617449 877 932257
35413 387 83894
423284 44 382053
150108 945 861515
996342 894 419575
464564 599 118235
66620 661 54698
349286 750 594895
42037 551 344188
424833 322 190720
667793 467 857799
265178 13 689606
776410 440 83407
382216 845 387046
322450 785 947814
683359 727 919032
677390 164 43394
500076 621 186582
411987 565 261277
953010 357 714834
599343 357 807945
632739 146 714163
983321 543 241275
170465 200 57017
535820 741 438616
792822 987 925587
168033 919 621037
295825 944 905490
467948 812 954163
765251 319 270774
802777 941 387451
119418 887 368650
187591 47 488284
775421 611 305508
321379 208 43274
118440 741 318580
255561 941 728058
557352 105 414553
551255 842 296351
755386 788 138823
898515 378 282096
54560 837 588914
167936 393 732186
669476 931 938971
552444 719 182461
584209 832 843788
603548 662 827313
963055 982 840241
829002 502 610153
790270 464 999669
16030 687 955696
528437 498 188365
518588 344 877565
519932 899 538424
543918 63 834100
878056 243 955001
884738 896 821851
622966 105 833518
487909 866 254162
337419 911 516474
760449 791 92601
236649 297 574923
285972 771 525496
667637 770 355604
258385 672 610011
945256 977 585151
739964 945 388903
191123 419 171146
526465 340 923999
848663 625 350846
266260 875 628621
686628 35 710385
741455 430 260724
388274 526 312813
791625 426 254645
48381 499 128363
163251 445 57112
630405 89 950654
642551 614 402591
779141 237 338524
847316 551 207698
930995 728 423739
150579 349 464652
881400 288 802128
227406 106 658365
314481 490 207646
337027 201 794996
198118 271 1759
238964 667 751748
995594 780 567226
778083 960 890683
505523 800 31255
878410 129 29125
12187 633 876136
451904 389 118196
125143 462 227704
559305 969 206435
8982 20 686895
391293 812 212384
542557 58 948913
292318 362 121644
797825 774 47556
965107 432 17378
426150 796 696237
147689 160 493396
418935 780 535776
762283 254 111976
612517 725 484189
713855 515 804170
263844 479 869861
315044 377 610439
517859 694 941475
41066 543 513300
29835 877 380145
961362 38 339621
101242 672 696113
758182 131 130577
383233 325 575283
323098 519 163444
848604 676 995858
142692 749 323663
932145 245 673133
901785 978 370807
358795 546 124992
64137 650 720049
605976 237 187038
825693 953 591318
62624 828 827865
857006 249 216689
792904 795 947333
974312 74 533922
444423 962 342822
174240 7 807535
991719 264 85277
181234 175 602595
263999 614 305566
771039 889 118390
305775 959 918287
343782 525 944472
321053 383 459922
692833 240 676743
534766 675 739317
327586 663 641057
531655 952 433567
423694 726 372525
153478 183 68122
798265 778 427453
988219 248 711473
8195 316 700138
899244 94 282689
204723 792 438790
628040 10 770442
482001 886 284866
23403 683 82329
154377 415 273268
879186 949 385238
907774 195 742054
390367 728 312552
431723 521 820803
824337 899 422878
891329 264 626149
549373 785 735618
789756 460 990347
217232 947 713440
41416 899 832015
881224 639 289387
234451 882 597183
232815 377 496064
626739 778 244656
718363 400 12822
308282 344 58987
408611 187 933053
136600 468 300640
495780 443 322593
217137 72 769908
127924 796 203495
14783 453 325068
673060 55 307972
321578 625 730560
277116 98 637809
953253 356 927735
691506 636 949324
279180 356 35392
403180 18 189755
890812 846 968542
914808 46 29620
250290 679 369359
331208 641 162161
189479 131 606873
197555 567 793757
954027 220 990618
539496 859 893810
167873 582 21002
787765 355 354329
697658 697 471201
599928 750 476268
534612 943 653500
794660 596 61345
420565 664 114842
918775 821 775470
222948 170 695974
326842 93 139683
751208 254 143295
839289 672 976473
846884 87 726592
748100 345 137051
711761 261 99716
771687 32 396835
866493 235 828333
997222 884 920121
595620 108 525318
268668 614 817692
619405 619 543499
968980 655 53855
998631 628 949763
705799 603 799895
234468 374 30364
320536 822 926563
629524 635 103594
10862 983 341935
429254 378 518501
520849 299 848926
512476 155 2403
261735 4 335342
326637 59 624732
51056 827 740854
304160 242 487881
358655 426 2893
808775 922 54378
69819 309 703407
249465 761 683665
474262 763 812881
202930 681 187719
350092 760 146252
272239 999 36185
508895 654 328973
608197 130 814002
602064 45 164624
228483 85 77660
426978 78 209762
568713 72 62982
451723 663 311359
220199 834 945965
121339 906 668872
757562 762 197125
13905 199 254717
109891 927 236094
788122 989 23500
148872 285 362118
151052 492 742480
36016 170 439147
939011 77 585615
857562 488 897705
741179 421 703998
717566 52 57708
902862 30 487518
20488 400 59778
744431 464 165953
758256 141 202494
485350 383 767687
26206 660 477942
999245 445 250947
506685 173 306426
305484 481 853004
577054 928 163345
262673 625 783856
142927 307 125791
313235 325 746450
24700 452 5500
31944 693 69189
936518 273 478718
351331 981 320067
361378 756 651388
670099 542 498474
295796 867 266243
26873 200 867938
288812 472 567283
455081 381 103862
692960 557 176481
511972 1000 94003
86315 339 625975
862099 159 787575
919877 252 838854
715527 781 863916
574691 246 709467
428464 156 104525
169234 825 379571
215899 954 459270
24527 20 766522
712880 218 174448
623402 988 810874
383340 317 745193
298139 997 574888
189211 89 405094
740515 165 703376
87513 481 566761
554087 422 987760
634954 566 741950
69257 491 770085
801495 566 115259
992200 501 211047
992874 979 479633
444634 807 569825
4141 469 790845
216456 152 964203
508351 563 566875
819402 232 248112
995383 903 404390
790307 837 755968
729500 936 868348
500158 174 957378
111845 845 783892
35466 584 39132
149229 463 72193
363667 865 93352
631098 279 861389
687650 563 672152
654384 992 40288
849687 714 297144
287952 839 295655
542468 655 527699
245941 657 819753
21772 798 852191
45457 5 797489
722044 398 857646
502244 618 792765
587946 576 870129
771838 331 150881
158541 587 321153
721846 777 933679
744988 302 744703
657834 112 85201
990889 94 82821
971832 29 895984
750527 745 556568
395133 911 925793
612603 74 602252
521101 853 527560
63017 319 918941
406771 623 303690
73759 33 196985
428523 184 486805
772830 875 412096
983581 699 505964
270119 309 741085
495771 740 851325
557530 713 910344
798749 969 9489
565270 535 755036
903291 98 828842
382285 53 539562
697388 525 939313
182822 730 203423
647806 950 364576
213912 483 498945
456725 310 871332
227460 62 858222
30760 129 364008
685330 86 596755
828346 165 605535
387024 903 296441
93717 81 807727
130375 708 799621
427276 827 754474
391072 813 433924
297457 558 250142
462454 622 97635
640085 674 564305
539132 277 753992
524031 340 718361
485649 778 234875
835631 345 923376
243041 940 956609
588501 510 256564
91519 659 201045
422220 18 580990
706688 689 297852
710940 15 558203
264475 45 946733
151791 61 913871
906943 626 180383
271122 881 486415
281332 308 859966
860143 37 299407
519413 179 714834
743625 456 682813
460877 532 365558
681465 808 921495
933232 925 204762
397352 157 109909
598748 448 789111
862029 489 445256
543088 347 724719
588007 822 23904
970445 93 124963
541821 471 876306
295147 124 831360
295830 299 419933
166654 294 626636
274227 6 697478
16138 582 514148
689428 697 423664
502274 896 322753
988395 715 655379
477160 775 326025
787162 928 812223
54753 174 349180
730227 930 391899
823960 828 794331
503024 679 549051
461781 788 901665
605680 722 326649
808989 701 237013
948788 813 944552
540748 645 678975
474522 573 785372
168433 740 727552
182104 351 572956
633835 696 5111
99708 603 85469
192321 51 247535
622819 831 113066
867847 132 446479
217847 854 326197
315950 501 253343
844397 641 634650
212011 122 365544
81406 853 898323
818124 515 698707
60901 294 292224
694295 706 916737
422234 891 185434
773797 175 739465
105869 99 735583
136573 146 978175
618853 351 240813
817972 465 143750
404282 352 718726
375493 100 516859
144465 180 411460
761324 239 803238
665239 244 911812
715656 886 489224
917664 256 151463
218737 110 856714
833633 310 289967
465430 123 246052
635435 903 504835
285915 805 466954
106 291 802838
582898 415 286456
847326 296 704612
815480 417 780404
793689 189 653468
934227 420 187938
104120 820 294386
85001 135 849733
253670 72 777233
449059 18 146795
409550 60 963452
528898 848 370386
164256 973 778698
738305 872 311870
880327 90 613997
807565 542 494964
965161 370 747326
754433 494 256330
477535 133 84317
283334 322 219698
88438 886 802286
94185 30 188375
274598 223 746493
137662 728 638646
421970 790 486497
842740 604 586799
14912 928 99700
834617 911 965831
768537 980 407540
220113 963 117680
123172 283 745121
188914 988 270594
978048 565 891875
179747 921 766077
419680 374 737456
473812 86 943789
278154 321 718887
864960 920 138017
816401 988 953745
267649 401 385804
813202 645 654325
402804 373 996299
937069 732 43327
322958 21 547361
604806 19 262833
631741 866 534780
396604 490 848768
704835 85 895121
582248 270 955823
915663 638 247742
504984 27 551542
624476 899 377184
969613 344 170488
962447 666 626775
961906 659 923525
638157 745 87002
682399 334 210575
259546 221 488186
309647 921 305534
53943 800 559977
370461 608 384775
438909 335 113351
875397 383 593409
440054 123 941496
572120 700 281362
515069 919 971849
772096 437 353141
401174 106 783588
484598 682 688526
152527 294 695096
22401 165 172214
742807 713 955099
17521 376 873861
538078 35 515310
77276 478 696481
314414 225 262163
876311 877 192756
299530 360 302090
965112 315 279778
711557 564 752426
897354 751 467606
880933 826 394854
302032 123 852696
978168 859 677447
997503 472 374492
89142 907 229061
425334 816 709975
246489 993 311743
701952 443 379301
1721 169 477613
637197 291 39186
930923 151 443595
108012 809 25813
585051 782 962802
235340 781 847317
685032 257 728979
393396 1000 100787
621632 375 642840
482624 485 699817
355452 949 427690
701662 481 601378
80958 720 950982
623369 119 826854
813002 97 735566
711428 151 482539
989410 941 913003
624730 968 665086
542436 516 199106
153108 61 290299
449768 512 80103
786235 493 761494
575061 49 140210
175951 702 608858
745605 448 801000
522056 636 735883
243866 930 442636
786508 117 412180
147935 766 128663
510769 559 365207
637794 753 597505
801653 269 234166
388305 488 727755
115258 350 193664
771795 222 808426
6278 71 797351
590762 904 721923
912763 860 134034
389638 550 104186
814995 474 652104
454636 323 813507
920287 655 32666
986440 16 886243
788993 420 670806
658959 717 71333
182055 74 10304
18330 200 769355
557386 740 180123
399230 410 864702
581607 388 173912
253744 478 605010
126716 58 120043
359575 132 754863
310981 321 433167
291123 294 131825
709880 642 521330
636590 530 863714
497663 702 420841
738240 592 346550
961525 39 646947
489096 180 309289
703907 959 997008
72809 55 240176
689916 612 18535
753762 930 415209
477143 115 457261
604273 348 654310
553772 979 540829
176810 109 217361
108433 572 95147
352594 154 316619
430709 96 598961
242434 563 511365
330206 634 354701
673785 490 250604
364831 837 500655
815042 973 256683
61469 838 163180
708103 790 322508
218435 822 590185
37812 130 99734
80579 850 910942
311952 744 300908
992207 700 207764
363480 179 184961
254935 870 272925
561053 146 313273
215108 396 490271
450976 567 195036
433973 121 756310
826860 302 794777
294905 670 500305
788339 318 192492
485133 952 573335
315245 869 753082
483735 161 65067
699309 928 856440
87459 825 6011
37060 618 647370
965980 580 66695
51483 390 630120
135438 869 456950
89548 806 633007
934811 356 67806
189505 213 418948
369083 806 525090
738064 771 878166
215033 811 471542
212053 840 282002
790186 252 781564
857553 340 280209
266863 709 272789
653699 93 982010
836078 608 827348
137286 481 491556
614605 211 187
122730 373 184215
458160 860 378044
952085 382 980934
316147 618 858096
307420 735 790798
332394 358 26837
603933 522 698021
891480 971 646279
127904 371 691063
301805 147 368731
374638 42 810650
547013 939 907365
845041 57 382585
48414 1000 696574
535436 526 374827
286168 890 408043
31165 410 514499
145331 288 376452
567730 777 540125
401412 341 260708
600617 379 71819
57144 291 472232
911499 347 720969
674126 174 598792
860362 527 295844
339022 219 158676
893625 417 968448
117327 161 384587
259116 460 672204
666473 968 769875
141137 153 576888
251255 904 295358
78605 779 612502
345168 643 720643
1818 552 635189
591174 358 928020
848608 210 339586
705183 308 87710
858899 94 92223
995346 861 165292
167053 604 114679
243461 366 627152
693228 687 252302
335622 226 388122
121454 605 827746
120136 488 697880
983306 698 256805
57503 389 837107
208977 489 583992
736830 212 199087
363398 931 339445
965296 980 202062
319418 260 683089
240724 506 213531
982060 315 272599
737246 599 904854
897312 105 749256
899658 284 483090
869438 381 935865
194786 579 817062
365742 622 985319
237683 377 590684
789489 89 650290
659915 794 113155
817473 988 973195
558263 468 340086
605165 666 423945
595451 703 595610
964910 433 79418
743890 667 119517
365711 346 375924
51176 92 352654
313788 679 723641
152405 347 766340
931752 915 824511
127003 582 564370
846628 613 941826
703266 490 635885
550973 85 488533
813938 566 694612
199062 139 858526
226481 929 268065
310599 517 697492
585119 943 481769
18485 432 289867
397648 130 232397
967090 898 543781
864361 413 926263
389528 54 617161
186909 677 304105
166753 456 501193
281320 378 992104
198025 619 500624
690956 635 506179
245926 495 619923
141067 585 177905
624583 136 774128
938406 701 411284
902092 315 574768
460820 453 420806
333638 459 270638
363717 676 150370
360847 724 874707
743065 529 407040
351212 790 93753
903707 993 168951
495969 69 201299
437314 688 869920
365268 192 563465
653290 204 496710
889573 71 745745
119952 459 830564
957324 113 732475
50124 136 920003
482485 518 37518
207698 248 25057
990937 528 3440
933931 243 885994
885854 200 137559
576047 248 287665
567856 239 53710
65671 192 978202
302432 131 882647
41442 926 50450
188605 947 322092
280885 126 555777
937009 253 133341
867831 413 660591
459038 639 39215
577372 425 899755
198841 748 526483
757584 313 539182
593446 168 998289
636344 294 901083
414549 190 173968
720933 882 555009
924445 400 247831
107225 305 38695
736151 472 297218
486653 679 7417
194044 438 123498
233571 728 124430
328258 569 961247
721785 14 46988
640372 674 359135
306189 352 206399
754192 710 519636
496136 431 922858
540966 715 358018
560868 549 656678
706222 261 134284
3185 360 744751
642282 898 852965
888648 852 265447
830269 916 138813
43854 848 337397
146314 847 61421
781356 547 313078
6161 194 238216
809677 47 866513
28870 561 648350
309657 981 167267
886003 419 47332
703920 274 158944
264208 80 776046
466665 33 479186
135393 15 139861
739852 65 500196
697743 758 667545
632270 225 836376
433034 673 127347
11404 27 643340
919902 839 653967
291786 462 997973
137173 570 237062
982381 423 851327
927821 14 775100
351030 664 162825
132057 597 928030
459841 930 815016
740380 793 393557
342334 329 870309
92388 818 406095
185262 550 334673
593989 385 785472
755681 329 982020
575351 997 53962
579118 543 976468
726385 654 172112
546739 33 143023
815622 503 991599
853519 302 548407
730559 487 606983
930525 906 349922
568186 370 568183
904051 480 267161
830403 516 956504
808922 557 349679
114417 967 201190
38927 637 822750
277955 966 479913
246970 19 227324
823163 786 282824
890605 972 134405
954938 707 864535
107361 948 77817
329052 794 895236
7404 188 548205
127511 749 414740
900934 499 994428
772367 51 893129
323709 395 405317
428668 362 208863
522614 446 300715
310975 958 3603
207142 753 141321
521409 572 454459
596945 392 759168
9486 902 468960
945793 43 817785
447153 528 98481
872906 944 411357
660368 835 509310
870844 282 356180
744586 168 37786
779305 105 17410
171599 720 802402
101785 963 182428
112127 851 948508
724042 34 419067
455 911 426701
314349 543 965865
537528 946 601214
351389 14 542625
198697 978 328872
208098 115 499889
339342 699 244863
892966 604 46253
607002 961 555279
352439 511 531533
354770 296 290245
111677 582 107189
50930 849 612839
171133 401 123052
425413 967 694807
992142 172 612389
238400 825 79671
396890 561 423986
401951 249 92327
543000 167 976821
969411 461 481246
419400 244 960866
142922 933 333445
939439 840 795398
43120 797 850813
27540 267 353698
740518 716 723790
581564 721 200804
902321 102 874022
435234 451 95798
318149 429 979784
345977 697 950443
194466 965 303218
866598 966 249299
610862 465 715357
856440 611 923360
607700 857 2666
180714 382 205761
470684 974 859937
677019 357 505049
93580 832 911420
614733 343 687521
22974 646 227081
602140 443 344996
163779 334 501055
941248 660 65757
658807 158 881701
981765 851 351570
82981 883 663382
782088 118 146073
584606 922 98760
635254 209 353145
875796 292 572082
989313 514 493505
20861 166 27445
271524 242 553616
478885 624 16352
35416 370 966806
763347 900 677807
216406 539 996830
262880 138 252282
384206 985 11425
699028 187 960549
319656 353 516828
161666 987 723003
777594 234 241833
620774 347 401864
153802 505 135550
854268 191 926028
666437 256 746974
441123 620 141885
802816 503 828413
444467 613 717373
400046 636 412530
941660 359 471738
481058 745 892599
68288 634 370868
64454 196 487941
315027 850 653505
54491 140 957
407280 109 199953
