2000
64402 841 739893
752939 888 106628
577730 173 939857
621621 642 882118
138992 822 386229
154210 746 12345
900533 337 628829
455963 997 776941
998271 914 807495
20807 931 446523
321002 148 205465
506752 484 260680
124637 979 943094
602642 12 616637
249511 336 128731
833588 316 931845
116058 869 262143
381706 74 816904
757223 964 436459
255067 634 293222
85499 466 596247
814159 477 657334
282457 872 501319
329645 58 737216
800761 403 929829
792466 603 173944
957216 867 857054
523957 762 244286
728576 898 354178
684634 468 244563
425298 750 863959
949012 421 839261
149042 682 987646
391103 965 535261
570043 313 548297
998205 274 82927
177123 3 802140
364272 255 379138
185497 75 58498
36920 325 85274
350045 649 171218
383086 415 779460
275807 772 632387
758369 643 109144
549660 843 271628
260432 254 533364
287605 493 254208
849961 448 4535
270097 446 687145
654592 105 720444
353141 180 169379
455954 947 937496
377569 666 199162
501499 713 417367
459373 43 750663
508853 662 792051
671525 474 433928
576275 497 559445
803170 624 822655
948925 353 715215
903209 574 451469
401262 517 464345
925001 861 874767
78124 574 840076
25391 35 161336
763782 655 716829
572557 959 973935
936915 124 270043
12460 903 166763
133801 601 474027
825678 376 866062
982876 190 972674
169480 783 779967
77688 465 475683
630622 375 660170
938818 387 572571
501216 827 134652
170923 342 49338
840324 181 705211
452628 301 359700
905669 343 241763
627081 638 479416
492412 72 448487
153272 117 929774
59388 346 975975
985714 794 162359
180147 314 267981
437220 692 400192
726590 480 138285
708439 910 312424
649165 625 523421
932069 65 778740
812216 34 471314
588798 83 323023
376928 47 988924
558299 848 557895
161674 858 858979
97281 431 333764
640696 857 953667
76793 854 195467
25418 618 623396
361486 97 543603
752596 129 155070
889287 896 421542
965184 685 121036
152230 776 705243
395046 574 694703
858529 460 27537
639465 26 19205
579040 59 215888
299669 681 815242
738871 836 56156
729719 430 922671
810085 720 759802
114812 120 75833
651853 528 7080
128397 736 986396
630388 328 347798
292778 100 818136
443259 507 703658
993733 149 219155
933150 39 545267
54625 205 526968
215661 819 683052
963884 812 215440
870857 63 3316
873049 211 782366
515617 995 604301
121986 769 698560
767471 267 462355
727229 637 602627
468334 26 911869
607101 932 450438
406621 294 171033
431083 237 606548
979449 732 394820
904133 961 761851
50039 980 92073
448439 719 686897
766976 230 112251
718456 808 358184
979121 589 93557
398694 311 175663
883281 748 11984
800101 421 473996
154069 896 17157
844725 586 35352
80338 709 982276
214611 534 516827
188609 307 122677
365394 306 382440
872633 963 775726
931129 610 283003
841896 54 378805
821151 868 943889
734611 678 822327
688709 182 397767
742479 407 540745
651060 364 675510
374591 311 716510
546135 24 491405
581200 965 163720
601243 358 211505
52338 823 271411
578117 174 200530
862296 360 570400
866196 692 25358
884019 377 423902
344408 118 782283
13419 749 240078
49233 164 739792
737822 449 519384
49547 542 784228
831068 597 397609
557753 889 628585
155363 597 616559
686865 682 421819
214040 172 560598
247976 624 786437
248454 427 286020
163150 940 813859
565722 132 545618
917547 202 415230
527454 900 246478
479194 533 206820
692598 762 95854
630086 535 906982
898201 922 826454
738947 111 829943
525265 805 834188
904175 383 959042
162804 373 505146
235466 357 421068
890660 620 71653
124114 401 442188
73733 710 936365
879651 87 827079
645759 184 812485
835086 286 284143
206580 111 62964
214648 849 349628
104322 532 680395
291445 980 985548
909883 494 329896
551140 922 483705
7011 993 831084
983694 630 555257
201516 184 2169
321466 280 122042
106094 334 808687
9107 745 562622
295081 650 425575
95870 384 122740
252286 306 273839
578997 422 896345
602027 47 281352
422121 392 227085
324103 315 826654
30742 677 110009
374974 247 257927
632871 56 148641
295693 89 498047
394316 542 825221
296641 908 282786
64922 562 765949
829868 337 948138
767779 111 220436
669160 462 684073
261782 87 457764
277520 588 504458
798553 84 751092
638076 318 708548
221733 916 634383
451196 319 657119
140001 672 227621
463704 500 916204
825987 79 705127
953478 507 634558
751715 198 151070
196204 571 89070
235681 948 236555
146007 69 514574
470329 717 307397
580219 458 408173
618019 676 460687
417005 557 527884
411633 910 375737
180447 83 476190
535460 363 908153
305115 569 550726
949519 278 22153
223170 78 190156
911152 951 643331
996677 265 744353
301706 8 761276
392612 477 146645
655559 630 785822
726119 995 273941
155469 841 354697
577882 831 639017
327198 735 634540
273933 790 597614
364213 204 62878
935691 615 18448
205023 5 279619
365402 712 754635
426647 823 394204
696628 739 805538
335014 98 919278
523779 555 982240
584634 58 655639
106595 328 335822
595204 424 984429
228563 122 318966
428567 301 128921
439037 411 912598
293182 431 937843
687208 478 470887
645086 808 56286
749178 608 570640
622605 940 770597
93362 197 430053
302258 930 537879
980965 174 775909
113886 814 991072
635001 863 275123
574057 773 943208
322591 934 164499
503313 449 643441
371541 370 539752
2768 102 876
129691 393 814572
151356 333 510300
36213 597 69425
410019 144 204526
427362 184 84311
462631 166 268696
913115 63 741261
275735 753 276912
734991 156 301004
739023 316 629455
436892 127 917073
30482 729 597863
987153 974 71194
80805 707 583009
758883 163 935460
895855 215 145594
487150 526 88035
749454 66 668896
785901 92 175298
394236 942 667400
253372 295 953500
244323 373 332499
229453 310 826299
818558 2 108257
673192 111 631376
651633 652 562997
871591 954 381171
675306 77 808458
919153 1 510556
79801 92 638965
291510 206 423458
389228 783 316220
293484 556 720563
258414 147 768950
716616 666 975955
73826 488 929699
960704 323 694105
108027 503 835534
225599 786 297447
69407 950 144994
523305 86 510825
840445 486 738825
200848 817 11217
757931 355 18507
437751 934 509265
863619 189 950245
565638 26 798874
282111 37 330857
694222 986 574355
58260 635 927766
395006 23 536796
195852 254 560056
536933 911 738628
337191 773 254338
35434 756 169865
777843 812 108713
72586 113 374671
691434 682 801347
664977 595 98851
783500 809 452065
650586 941 528049
598205 910 778538
967755 399 275139
132449 42 483193
509132 593 491708
216182 673 492281
441991 675 188693
234290 306 604158
984357 656 534678
693406 558 652262
998215 843 927192
932081 278 687728
239362 881 513530
960496 383 279516
793440 656 714465
414341 656 815749
984532 510 592756
390943 654 979131
532156 198 99286
578313 542 794533
178205 928 490086
203406 20 215637
163162 335 230389
410893 787 867629
144310 815 365639
650776 916 306994
264524 823 707981
102801 291 884462
507915 45 936993
25480 958 52363
873782 736 722178
854735 32 977518
295899 650 157073
318175 319 595793
678867 334 642252
855600 881 995748
841659 775 946313
647123 749 611173
981361 434 719606
586323 736 278141
526865 957 578319
208909 485 784798
102513 585 842656
730316 202 513564
996187 973 352125
911273 399 772489
952842 380 432767
853025 577 746324
872936 880 622401
643639 23 701410
109702 903 455963
181901 547 131566
626460 942 62237
971326 828 553950
183618 165 279566
748927 986 79655
309422 162 537894
139509 394 944931
479344 632 829641
322009 932 325105
112619 290 370246
533963 210 416908
631062 227 578960
659507 658 409455
60723 561 803324
976799 943 904424
753742 610 281019
850456 123 652859
281593 30 679257
231494 337 465530
196038 414 203446
260678 769 789090
766981 828 100931
637833 163 479801
428415 820 293632
761392 793 655973
194099 474 430964
959590 135 183566
725136 261 304557
348670 565 20472
183795 427 551418
60237 655 329947
296099 270 686630
409737 555 597380
457610 230 817974
576163 523 63856
883061 567 571494
388322 261 751911
170765 205 349215
112641 512 145750
115351 326 909436
192906 944 726064
781099 32 347327
350835 397 230727
332145 723 732046
499129 248 981478
904802 512 375475
68283 694 752881
713916 323 482258
983385 153 656064
780934 478 417773
917326 740 842169
938886 272 426517
634634 245 449068
173696 244 61106
854995 697 221492
27440 413 454519
380830 115 163595
210442 497 535134
436585 46 252973
195825 172 468779
757212 572 441393
782774 976 776030
81568 934 293988
848787 234 499129
21311 702 61416
202471 551 496947
754109 530 420364
804850 231 755965
49526 491 246059
702420 266 219508
754553 477 298186
702658 985 368103
457572 656 655533
569034 903 770763
576449 336 502138
862408 56 949307
332704 81 298258
206760 921 58164
310005 157 890092
416670 26 851473
714804 601 693618
523171 16 364227
314026 166 892513
454386 558 950420
342047 333 8796
101762 902 864157
582634 813 717200
166469 347 434245
861589 440 346831
124001 889 491708
928113 532 126310
339566 888 833335
924731 838 768512
869488 293 142701
871153 268 994687
274070 275 696466
286062 588 391321
723827 281 404116
829389 32 882928
744508 677 907155
528572 996 119797
281794 656 696420
75743 329 689407
342384 514 818185
47272 91 168167
357320 512 958186
193524 881 930919
960986 139 215767
168872 13 111923
766918 836 450241
914700 251 810775
816755 190 385270
302247 661 50258
367439 675 717789
63517 287 74738
234568 514 368562
895301 504 833648
943947 16 677763
893199 905 717390
441021 918 739690
445141 705 244271
205751 178 284876
662527 369 266039
459333 809 289939
499804 244 980644
723233 468 58600
363006 794 608299
304557 569 772724
705175 741 366295
320367 933 740119
876370 661 686174
744528 7 910761
230963 72 466565
655703 855 524528
894130 61 334326
67170 671 439778
400468 154 123167
871781 498 253340
132428 578 905485
123495 347 598370
36369 668 688266
507131 415 73369
704256 353 64756
13755 407 931139
691380 572 739807
546442 223 533754
674724 216 353580
799691 75 184431
5053 982 323562
135132 308 478500
485184 876 145005
906648 670 512551
543454 877 604909
374156 709 971728
250706 605 888610
580280 384 961662
652478 725 296477
833674 421 687950
390601 799 526889
349014 373 65308
262904 786 960418
195865 274 611326
826124 97 975125
484400 743 264445
118875 24 607513
729939 800 117206
778546 776 166189
501526 682 287730
652010 619 73299
279330 277 549217
16137 474 154157
459056 472 573725
280028 862 303766
50439 60 741565
351186 981 655298
268342 797 639735
258075 55 108249
561749 301 406362
327745 296 276048
55736 834 737931
121414 23 343561
306932 849 926592
160703 631 1006
366358 572 252027
348785 60 843145
600032 1 122055
70698 825 167910
115846 219 966648
155745 849 210795
228521 614 779999
792593 531 542135
733395 198 342988
670035 730 492795
920500 960 506760
844859 821 613973
423579 756 840465
886901 675 816563
887990 201 469400
611615 666 158246
743630 874 384505
467305 392 169285
494910 305 888826
920556 346 361733
520500 346 726599
720455 260 273751
806634 226 936619
401792 633 154177
729701 152 885266
253786 660 931264
168942 803 680766
990835 255 566429
354064 365 572615
932960 651 515214
714579 216 535767
159243 944 365263
612727 542 727014
841804 511 696321
555700 366 704178
33351 60 277187
137904 532 952897
4038 256 21647
606976 169 606107
291991 55 59095
798052 412 568067
65959 709 482976
738877 135 217141
345120 111 796255
431441 550 753893
332416 641 458386
816065 76 211445
573818 475 549024
546953 912 141240
410770 968 626036
812729 327 265702
106867 160 860951
878899 858 206496
433492 37 867853
624421 521 54309
565708 364 4274
645639 705 327317
358515 477 243860
821783 91 264293
647354 646 91667
355604 422 462498
560011 251 32503
810361 543 578346
736100 657 987282
194044 886 990760
132273 892 499287
793286 876 101583
44969 278 577145
652404 35 415962
328427 835 836232
178447 157 201027
544345 865 806408
206535 199 842177
586805 948 737683
805174 848 669573
169977 946 407986
30738 614 226103
441084 162 720950
413235 752 939886
595650 243 279196
250120 970 206318
694115 603 848865
636372 718 287334
746785 630 334946
72365 751 909608
529667 241 937848
967990 738 968555
560182 342 403347
601436 231 796158
440997 577 379990
982416 588 971983
218902 395 589554
410435 684 897884
247496 918 567942
536551 184 486776
722699 689 601910
107172 332 580290
320608 629 298186
774105 451 388832
251281 752 930121
446740 774 133250
382738 664 848662
732948 594 984789
807705 171 846347
73150 824 913542
485947 278 498580
941533 330 773689
579016 35 242254
133151 178 805641
842345 871 647904
949389 750 493121
59191 131 131352
490057 554 981787
967966 818 196426
299149 982 507192
120627 843 347558
89954 561 522080
893074 569 396953
178719 44 270139
233340 520 39270
284325 242 848271
922928 721 915653
437079 39 914684
883272 280 188091
106782 296 671286
911254 444 604602
387420 906 816641
200767 505 615803
52271 374 538546
284567 137 34010
825514 892 925413
717182 761 91890
171151 615 320185
665595 473 852154
777297 240 417299
708694 508 707806
689800 774 443091
143035 499 461217
585973 677 333968
201229 587 178355
79031 308 841242
547399 743 331726
277581 653 994992
411802 498 350486
615310 392 235519
511042 668 754673
86182 623 453790
624683 368 272356
136083 952 306759
127491 787 419759
528416 527 203607
83424 785 961579
238112 443 933768
214100 635 43425
407342 987 71149
266703 492 552109
91875 832 38190
351797 494 727956
672216 341 5958
700160 863 725346
412894 998 863226
981720 513 704456
724282 198 601308
458736 121 346164
34790 861 810368
311588 622 715762
303301 56 557181
527121 461 721411
399397 641 897063
234548 395 416124
488123 329 206346
695558 499 225377
664922 836 476138
173399 706 686850
321781 725 553594
711273 504 174230
643478 402 50651
799952 769 414613
981854 2 362647
962183 715 606235
961535 237 569629
292501 361 180795
548791 35 220798
712225 105 94880
943247 1000 397543
658578 849 611307
545876 856 1185
426923 728 782856
857364 854 650886
433381 731 58386
116187 506 859462
852558 109 426986
924015 707 564378
706978 411 943058
968266 153 241735
956648 976 893648
10839 112 980054
206223 989 642048
734832 561 46161
893896 668 467705
670230 433 848194
445734 614 577828
644528 654 731432
126965 330 839641
190793 656 35194
912728 176 826811
856196 534 947104
647718 310 297302
818337 658 430254
411526 393 288503
256118 774 596195
293706 614 147851
294950 230 448930
562376 938 996539
399526 537 587952
495231 56 594247
130161 851 855918
612073 458 298273
662345 982 929176
506396 51 726156
295792 657 371325
506599 387 87158
584550 40 235009
717738 466 30355
374756 325 311824
737845 889 515578
843609 206 648996
213861 230 494021
781988 896 192315
533115 144 440099
736210 819 622993
821501 675 86657
462682 583 57444
857874 261 200730
72405 181 631848
143897 81 512410
961538 434 427401
371850 394 461882
322810 144 735904
670673 322 870232
242224 503 501304
655270 485 734805
559468 667 526659
546737 128 953844
138377 758 374103
861725 967 341361
518060 223 619309
589435 174 743967
557127 276 998812
138713 495 660613
530061 869 366226
521507 13 977210
292151 578 978388
672954 814 494655
844280 727 49143
233555 766 657181
427709 597 64862
332306 835 652864
58919 284 697142
243431 660 973586
635468 238 845615
448040 574 954204
731372 286 535740
328623 169 564697
974193 322 231054
448631 111 517660
742185 277 480908
580530 414 566052
243207 553 858071
757294 223 142654
192664 476 212796
635496 582 920859
130946 545 98874
538735 499 93937
80962 9 122229
213438 858 267479
831527 322 59003
428243 223 286236
999882 47 422518
157460 556 544232
46607 473 215793
496611 838 715670
697761 638 443472
844415 246 994897
418666 447 11081
986014 956 250350
533137 663 250728
194697 826 13257
482808 298 367043
26552 151 7842
739573 323 38906
516590 809 846778
630352 449 464946
99734 72 777769
513277 211 735762
385119 39 784963
652955 962 656255
83733 36 844332
185389 263 919508
145665 875 174776
864983 597 747492
110083 407 524487
906716 393 456819
147181 722 564639
524183 840 444082
883810 37 608010
11191 809 56891
121199 682 953587
583744 779 756750
647722 34 41468
432318 17 190538
231946 265 88995
736715 732 564526
580101 833 421205
910916 456 896720
229040 166 903249
350216 330 767774
302675 318 269889
550705 601 856853
764940 597 918101
990359 84 240255
176999 431 542754
517762 179 109746
22714 253 648058
134830 273 9669
311430 636 886092
326917 313 343188
851468 595 587390
43736 983 197879
659564 613 482825
46559 481 449854
644741 855 78037
387763 487 62897
390857 554 520085
141768 511 9606
335199 28 909988
504943 733 823650
584062 571 551777
342540 562 64533
857670 306 593480
890900 170 451920
412706 392 989970
987594 731 299305
498781 854 958798
180602 700 207697
57793 567 896641
613430 19 467541
159351 238 317755
730513 763 469331
570202 227 989050
510873 828 971389
842013 391 649027
886617 131 411347
451871 850 445567
496462 60 290653
42060 137 84180
542760 7 869287
435767 332 576837
340421 808 203393
201909 967 685771
275177 186 241398
588925 49 725171
328641 181 682700
16254 170 454715
493785 950 776124
165056 745 145896
791132 167 198323
587774 742 757163
454475 983 406538
8258 707 504629
34688 380 252865
750147 393 262678
261603 198 379778
30396 745 592477
254253 631 793875
98445 465 890219
161757 625 154908
255703 201 446554
515128 231 127836
522706 157 897805
458693 32 167718
614450 4 546840
957128 104 934752
965051 800 669779
357950 544 521406
441376 304 599161
752793 991 516603
890915 492 69383
747901 673 5016
589929 111 183570
179195 88 775641
882333 203 90344
333901 522 948413
520071 776 605547
723090 274 156285
365036 893 666858
797835 42 580935
980392 523 55297
381846 783 847100
712074 863 500851
372202 766 434920
265201 575 933061
724626 935 193153
288228 104 91550
210542 80 168419
163255 6 204125
75687 540 166153
527835 684 975226
360370 468 981711
886725 829 18336
423625 669 568422
890371 75 651721
127589 923 836249
915483 367 324379
242942 405 120639
381990 465 103043
21894 649 42304
851819 385 626577
271652 803 507532
424831 118 711379
152430 33 494425
17244 221 262901
109417 858 780188
965249 973 344791
843780 487 668939
558090 218 153648
343827 120 792401
318224 39 318243
841673 387 592594
442498 776 873183
642424 641 746528
764228 303 869628
581388 618 294974
791240 30 11540
954821 580 745556
833707 773 942175
314868 414 309939
402003 942 770834
477305 2 810698
66118 926 108793
226939 3 289384
435725 181 666963
169193 860 411380
996617 832 257134
771311 122 794347
692885 822 64964
814843 340 770585
884510 953 3221
114098 41 702681
670143 14 465414
970349 168 991441
758561 679 774457
237305 486 194664
914129 191 940397
569806 645 183051
515171 959 596183
879055 225 526688
538310 207 274946
531330 640 418248
804392 400 136036
622737 697 757851
907213 920 82178
851905 813 704736
249707 454 40135
238577 468 355595
846793 888 978015
885590 754 254458
23127 274 316889
943157 490 299826
671952 433 106876
49186 466 444694
925966 175 246186
502071 888 519721
256622 664 347188
555224 924 565061
480229 509 373885
141989 776 520796
374433 152 246674
511232 212 7790
471971 640 541704
400641 421 472650
743388 798 433560
788662 399 610313
318535 887 46071
16416 225 962055
882311 804 969274
325163 945 36581
137985 656 955305
686061 161 357372
927356 72 623841
238305 305 116899
505270 416 26991
492837 173 43108
432521 652 326891
667249 625 976698
198015 581 122002
428954 547 429263
456499 6 569832
35079 745 917940
704233 22 851148
117554 443 549409
186607 144 588508
913442 851 495982
878388 104 782796
835559 802 89745
954344 79 814466
809494 822 738650
930581 841 999476
127559 298 131308
978494 285 527493
931340 381 674046
665078 86 309981
535603 734 702162
361283 153 904455
972735 879 337076
560051 71 648655
62818 121 924854
398398 476 116508
60799 358 340906
774238 272 241931
334814 558 57568
122155 116 803854
317999 307 345697
856314 424 699844
67460 150 332972
20471 555 493977
633161 471 565104
889089 331 93151
300678 175 187594
842694 143 731501
540503 17 663169
653343 498 373369
988586 297 864894
501358 9 559985
777081 605 656592
401591 584 856351
901129 746 821152
316411 472 625981
597668 720 724273
991643 812 671253
998547 986 511708
622892 222 606493
942495 807 345929
260438 236 572690
265737 309 967793
62643 199 795603
971270 880 127378
241573 942 164672
904960 574 317491
81719 831 662420
604233 637 270234
274103 751 329791
760674 864 258635
96467 99 784904
98605 286 755586
85490 463 106849
482222 636 387123
14742 757 621196
881415 966 185537
701423 888 879277
651957 881 592253
106306 459 572273
971014 979 803105
962939 692 666911
825757 429 309772
753935 662 291964
256744 128 983166
144279 831 658980
667615 175 521047
314280 237 935973
630593 84 268940
55415 567 58655
570955 774 60267
222123 265 885659
14009 939 464080
422788 161 21865
355009 281 769831
897644 937 176061
847885 218 973668
504795 644 217547
461112 784 143808
118960 446 761569
642956 149 189941
580750 302 645188
320186 783 370621
576180 110 624783
1369 323 541191
80288 909 395976
14563 968 970170
251558 483 251716
577645 734 199726
410571 37 198525
890855 999 504359
952296 714 612913
380116 926 909524
673148 526 719038
817035 118 920264
814226 398 888699
355118 548 891767
979156 565 404505
100777 409 260085
672046 165 171707
582061 201 69802
910055 552 331283
423086 425 790169
480060 816 53694
646811 615 145298
764222 109 863713
222301 355 240757
68334 286 140676
48851 917 564457
692695 242 468655
956876 783 298524
610027 520 879299
434693 54 530620
111458 20 715675
540772 228 341686
384015 796 949475
528309 529 950062
265347 842 55352
660516 729 418048
744871 603 73665
891 383 573621
858005 153 489677
8093 643 888456
526967 549 521455
131138 530 378714
726307 679 606614
598836 740 603187
663029 394 487984
296715 522 588092
851566 138 232320
655909 432 885050
520269 153 836286
736681 432 704012
300141 425 673519
952828 328 971366
682910 675 861702
303876 494 291727
882438 256 94138
410077 769 336025
95162 838 550376
266200 810 13729
76952 679 223084
296571 772 68935
952104 781 238522
36982 945 419822
490227 625 900738
295970 334 311927
944610 156 578885
74176 552 414073
242907 239 638897
239856 871 279685
222617 199 234628
385967 898 664088
914699 324 799775
683029 548 288737
571311 107 465962
722703 495 77940
769454 288 135144
483417 455 834062
403194 929 357466
384895 345 616268
671462 599 144345
75413 180 803686
153798 279 990766
572339 184 948656
231624 778 851573
923894 501 6483
409425 376 615987
154676 5 947080
545563 675 424373
55807 173 53589
885390 922 67946
923357 504 839756
902942 115 13698
847558 670 385217
538533 925 754695
762526 484 492684
701953 53 824635
837236 709 576511
79984 929 583987
239226 728 108712
518761 418 693684
292807 322 890505
201981 294 582476
869451 38 174614
671663 790 860851
437713 899 362800
414736 772 159970
508603 774 165665
947743 663 666546
472697 464 577048
253408 747 278585
46474 994 861158
683707 611 354914
884151 142 995705
720664 25 699212
803661 921 554584
978104 641 959397
198811 471 911135
508245 921 480134
975659 158 108347
157502 813 390225
242437 166 519465
559980 864 956617
348321 911 440363
749546 46 620209
720619 773 581387
248484 481 540521
383549 625 876692
243469 713 965637
649624 553 975118
31158 688 172207
124644 481 988729
775468 309 796032
127273 442 563340
336914 529 126425
203598 275 93296
209280 511 264775
795665 734 453623
88219 440 699095
535878 134 805793
924021 966 750710
478164 534 36242
916711 712 300110
522477 827 772109
352557 247 225373
567246 501 855540
720259 974 826006
453047 835 395331
313277 64 945917
254443 934 192586
782507 205 857086
83434 311 515434
683501 774 962894
686126 660 415699
665428 82 734853
196260 680 681277
979194 376 146554
289900 370 517156
782948 688 516256
182099 591 546440
569686 996 436769
130576 779 371620
288693 19 200057
227261 428 947118
404452 328 294485
325079 136 89039
579288 438 116716
606584 274 366052
850878 584 144413
760979 511 312437
236879 543 361802
541681 975 887413
356657 636 21428
926123 233 699322
473424 760 824984
484839 62 307326
668925 937 910665
881431 137 70166
176455 655 913550
100975 454 701553
430936 430 428735
360998 466 332436
899410 780 48987
663536 26 62549
641514 862 716140
729338 80 867349
806404 983 879582
242086 490 182274
903824 50 934364
415368 955 145036
802149 386 201645
358113 127 184679
307676 814 534861
125659 369 78594
219118 137 182223
344517 184 344454
698065 553 152051
141840 507 738257
659600 455 774787
441354 945 804660
289833 1000 706228
40153 357 574571
581420 674 597306
285051 553 325724
206737 186 759786
550076 865 357970
173210 852 693655
379257 658 384187
397354 251 773030
63188 859 987871
651556 146 332596
72503 691 469219
535176 435 158314
586509 956 8062
717066 991 646749
761533 927 272634
473780 846 500140
494313 129 834990
298878 264 889172
969320 893 805050
278252 579 801495
146752 42 213764
553511 279 819534
638822 127 348337
158687 271 823115
529721 646 329511
767008 450 648179
499516 70 268353
233524 338 485466
627860 740 638739
316281 763 776416
264450 666 752479
419970 967 301900
332066 697 971288
79730 168 272359
415332 653 582806
704471 862 983962
577545 95 83353
619973 891 198027
749921 455 367747
436468 28 325685
356804 378 451152
449755 697 470022
942094 521 228696
163853 887 567294
753630 843 494535
425747 549 728901
221330 748 482203
405003 53 840332
284348 503 518239
197953 668 807400
55720 481 614310
646988 564 542572
860114 902 85195
908203 56 702469
248674 681 251559
815136 512 771162
386475 303 841555
672844 687 951908
886179 676 760991
268683 570 774667
483876 809 283411
451347 163 414915
787362 661 868774
175432 310 640997
449327 346 349755
499042 370 867985
212140 386 676579
490114 946 632387
590226 201 146448
168337 597 457141
748257 950 939478
166811 980 605940
557415 230 527976
283947 651 377222
324916 424 689360
47911 595 630267
595420 879 621295
905070 398 225938
497389 203 313399
236720 819 837838
221106 162 423206
532941 570 218649
876264 862 990149
190258 315 5977
216320 680 94945
351984 187 472337
979734 596 845832
640798 360 64571
66479 806 94342
397296 998 631267
179641 676 796065
904536 50 498181
496766 116 13267
455454 373 950698
517162 72 693959
330747 907 177408
862398 879 433751
88955 430 199865
78292 568 227588
741523 733 99558
544917 258 930101
438719 243 821203
193656 333 79092
883808 76 444325
334973 527 482983
83220 401 819955
33769 736 674571
633815 22 377634
846084 576 905335
993690 610 728708
706512 243 118094
212962 680 565938
101387 178 549317
650019 349 595752
925736 725 90711
899805 562 101088
416201 983 44230
271158 987 829171
579648 305 857556
169753 151 793388
676808 881 300545
167694 921 575470
408510 421 760838
337563 328 362697
332644 292 807954
333594 675 444695
546456 933 113988
912796 80 903964
576657 203 262057
791101 686 519326
15387 591 133431
897032 968 962945
515092 271 529418
323342 659 244903
144870 622 789854
586881 562 69000
205575 781 197069
563927 817 803021
419630 906 628362
252956 56 523698
300631 391 754141
166423 641 271195
863226 77 578401
704289 493 738806
775176 344 454395
328706 234 864147
538406 117 453148
857933 752 494657
274478 675 870586
394173 221 260329
179810 398 89995
330705 430 825071
518387 642 598723
423589 768 217799
688434 775 916942
908370 566 787157
788181 17 60624
158216 452 377417
98670 435 769180
73769 965 68665
757287 939 16947
247081 57 652160
670721 672 10750
173475 889 722902
857998 449 245774
181374 983 306097
421740 401 541395
797760 265 974555
366852 185 730010
236530 293 38164
908802 197 99276
941174 890 993131
525014 395 296291
488741 476 463576
195948 295 508526
823661 824 372380
327463 355 980488
182826 947 223324
809444 838 304981
269890 613 335930
593517 692 932862
314374 298 607477
872060 85 828462
948295 747 705795
931441 49 87372
291510 481 580141
975766 523 506554
374527 27 3883
342162 540 408718
159847 145 769216
264427 554 118288
178084 744 317208
646528 977 366836
383229 615 489695
969287 426 255001
253603 114 718692
898307 145 147010
262991 862 740271
879497 36 866579
848029 174 866464
246132 386 140367
875815 132 45961
56613 329 25233
638501 178 536461
805440 148 320776
221381 90 725754
599076 339 999415
238919 556 324643
514218 52 485229
91803 175 970626
521057 945 278529
269309 194 33805
683272 482 286737
181008 43 946774
363788 614 676155
357882 80 189417
203971 100 42588
924543 286 37408
690409 152 420424
546273 279 474890
938329 347 146315
411895 592 245757
945551 634 794526
771084 283 701175
579037 276 91052
622651 313 391996
97643 781 704262
184712 643 57132
845812 262 377444
317826 729 746467
993149 873 703455
652502 578 227670
572247 736 184811
398901 830 341227
250456 87 116889
431466 418 871193
992086 114 152525
132214 588 100865
765156 64 222972
207086 934 860748
306705 817 930153
329365 654 287237
885021 949 215968
368637 69 185657
551038 494 858995
60827 591 914317
267412 783 770612
95978 940 917343
172520 125 282292
521602 270 822689
248043 14 699258
173624 203 766066
753644 968 795271
815673 627 613758
968923 588 568776
636002 5 949016
984637 900 145115
467618 454 339286
67759 57 930695
12883 194 274476
788767 713 32886
129749 519 267212
298440 191 447989
769837 534 456893
173486 596 182958
660893 972 582970
116122 317 472293
713028 865 566798
296726 934 911280
37816 400 836333
181099 463 93243
772194 479 344597
899546 76 586044
271833 808 293670
307673 762 946803
967490 336 155902
2959 959 296741
631464 959 888537
654611 522 299609
512279 144 398247
473440 915 288147
263550 97 658479
624668 741 367632
350405 726 610852
333387 59 361538
409708 146 639237
788557 647 964877
240997 574 733882
318176 849 534914
769523 854 670061
31058 671 738075
908547 625 944742
390150 904 216503
659210 384 614378
940779 726 26903
412705 841 634198
402040 228 494873
970014 341 492663
699947 37 466547
983987 264 238636
124226 975 730291
407691 544 139071
673658 686 745590
255075 624 816192
393351 764 833638
109158 686 221475
87124 560 800568
875981 611 558812
275068 13 933221
92277 41 83961
381257 277 135656
177986 810 816384
791020 575 758521
347827 240 422986
297021 214 255688
502215 776 525150
405108 890 777852
281488 859 616146
88423 459 865453
514005 718 236574
125318 844 674336
248236 337 5569
517205 726 231426
979608 838 923545
495657 381 303911
973601 516 817278
861669 519 388164
888626 475 138015
523381 866 575019
54264 41 56992
325515 414 369222
5048 422 790707
779545 597 906453
963760 139 273462
287055 311 588332
187186 664 68940
188119 1 166440
719101 463 750462
901262 679 31665
44893 692 222420
497284 936 568885
401860 743 446384
704310 75 868451
719658 852 13675
143819 919 405734
188962 313 269938
880397 343 409892
886206 985 583779
192617 247 699062
426405 528 501987
393513 33 998761
156210 678 892098
418032 228 397749
545359 616 728659
95670 94 345277
16402 388 332293
476934 679 84935
195736 139 437255
345270 673 140797
668449 765 675098
680485 782 895780
929579 256 368503
12602 473 727323
273553 586 158820
329179 728 456663
450854 673 986386
951788 289 101853
807885 240 892089
494858 932 72193
53212 379 646519
240199 512 198877
698546 61 635877
551015 233 902933
546261 456 940475
319899 929 147017
350863 781 225510
551229 949 997595
619466 238 992680
131724 635 622371
450602 42 901808
947433 489 88239
344299 47 237050
403537 888 967296
59516 69 599976
383005 777 879490
605275 265 845218
206711 239 298251
93234 176 5355
739103 366 789142
688369 310 595845
164638 116 529216
36012 894 922759
925065 854 396612
760503 883 724732
681785 589 549683
701952 383 359102
792009 281 79224
785069 531 874323
878800 596 51402
252406 46 34184
736480 444 632241
139845 722 960524
962432 98 756093
460172 13 944079
760101 535 559043
975846 637 409884
486519 337 359514
167025 126 943859
190978 504 638103
115563 911 866987
841914 967 111173
397132 337 866886
807284 584 130600
268771 259 577814
480289 312 825650
398196 667 992080
577869 979 112453
702801 622 165934
875736 594 866796
711671 644 509706
28915 891 850132
388395 996 633336
659422 56 533647
499029 366 430372
101024 604 311819
899741 873 549229
603335 577 277007
376644 202 135809
8226 575 394999
401477 791 768570
515516 153 742065
238253 940 597176
454618 385 461304
210487 69 504639
724919 909 303375
61995 148 47123
544319 506 5505
215929 788 217490
753034 74 295319
29713 502 842193
675610 425 779034
229765 74 788219
622232 116 266314
720994 569 809702
460746 645 756575
103756 937 867319
469912 289 51199
786713 945 313144
468608 331 857536
784431 967 432119
491095 278 903200
573089 814 196898
173570 261 658817
643462 957 867425
486900 894 252650
567580 781 722611
339818 135 640186
106204 946 783436
637284 336 613230
589086 309 170605
943654 834 667287
759855 151 903366
78318 351 934484
681456 345 974281
342903 291 369494
541618 691 797071
312302 322 44501
80144 211 45679
276596 979 878030
540429 911 309213
270997 252 925695
274414 348 155137
474374 406 394660
33305 105 807192
522405 915 425779
224047 183 271375
587692 486 946198
70886 683 689309
898294 715 86504
341419 886 139362
913015 952 311346
755255 114 308350
478646 491 349671
177840 417 738867
64205 44 642526
385027 642 707646
795426 172 857359
46399 884 608755
633447 783 826192
506932 286 749400
67665 247 269009
798733 439 602307
57109 602 546517
563946 75 575351
757992 870 41907
669825 174 816187
829111 58 468748
261111 652 857916
69733 704 909198
548602 592 655653
178052 848 887274
705826 469 814461
421782 175 740818
635400 131 633345
892229 409 487030
397414 611 644803
446241 75 759871
626864 340 998977
385625 813 342796
661426 584 719369
874108 135 340332
802923 202 850701
27889 202 735708
56616 369 239170
469620 537 431298
197477 514 378878
626386 344 272810
275041 777 486929
786344 28 923968
385088 849 742180
556760 557 927821
953446 862 206737
877644 792 884086
656272 760 457602
536944 120 581299
68598 609 752589
222249 262 365452
946015 73 850319
574171 975 209945
159749 441 25863
524058 399 821947
117673 725 371061
989231 475 439125
917176 262 69363
645455 964 883088
44127 528 958611
106776 705 34127
78380 216 636090
52236 949 161070
598886 777 462333
886417 554 116481
459758 408 485050
409513 644 667019
792023 373 916857
375406 514 903549
361603 971 318019
5521 297 304
446655 827 978754
309907 658 63781
284064 220 470426
268036 198 526268
103966 606 577031
374716 279 692978
467120 737 517559
553815 234 777887
29994 528 561258
43893 851 517104
852627 819 923145
145842 704 770273
528139 348 129155
915617 681 282494
686748 984 756398
809167 703 78746
572190 458 969693
489654 660 254992
882000 523 688062
654591 586 323002
878772 93 116790
537341 223 323759
832171 753 401280
844135 383 47233
666770 845 987842
714324 171 406838
616604 939 279664
268413 402 627141
579057 991 343590
875246 982 300501
636167 384 212097
867149 642 534769
789246 850 566911
155024 849 235151
886400 706 750103
94136 456 411715
300697 243 793754
43667 23 528318
364244 319 766475
446834 837 416011
807192 296 35004
95782 187 613452
352898 104 650921
322625 339 157233
391427 102 366041
303947 841 443001
244732 699 435764
98435 656 870061
108183 901 262687
498840 233 405018
685289 171 316830
134695 537 616975
251590 193 553643
977654 121 7702
955748 164 157074
761456 867 473271
723635 913 950608
717923 42 833386
332860 322 565036
775736 586 931419
47864 801 961429
941298 752 414372
290483 537 794493
880361 788 279174
211106 154 247285
136071 877 624681
388418 868 681482
168707 212 49045
755826 22 132831
623965 165 868017
937810 360 918028
293595 601 841275
436700 639 358646
863555 488 38343
826306 272 389168
6936 239 323068
147145 24 709905
715737 557 673740
444901 161 209878
971766 499 670195
667478 80 46202
345813 508 286131
677507 342 511123
11205 665 776271
