2000
461247 297 903486
843654 295 753342
313297 707 217983
166941 586 31864
514603 871 135180
243585 450 519430
787796 604 571302
254982 782 975736
271908 859 870580
168896 800 138011
510546 996 436352
279265 767 588946
133936 114 96688
543261 584 532660
312000 801 943233
524555 619 136104
838994 70 138505
66005 676 792255
128782 846 815278
276157 735 342290
900501 890 152418
727074 121 818205
807855 274 879393
530864 371 941275
150973 928 415981
337919 384 719906
467696 199 860104
484084 298 388673
62694 973 215474
253838 1 239320
259651 221 805540
175911 301 635575
905078 337 43085
900210 253 863290
278754 671 727692
249128 527 698724
59540 874 965806
111235 378 839931
191272 739 126505
73160 177 693604
569598 224 800665
204402 809 372287
706256 229 783226
948022 397 155652
883008 89 441638
881275 25 71838
157263 90 338128
138264 509 494408
629797 372 993536
655065 779 627239
219459 95 556049
864170 380 620071
692826 176 371112
555073 686 255896
669152 482 74038
474470 729 370315
22077 420 931121
972657 403 851561
761712 189 102031
663979 145 829716
693537 990 55940
164717 416 487552
94651 64 587516
426682 883 521492
69640 38 199451
729856 710 488380
64609 941 410420
728735 636 204434
978889 251 732296
156350 381 776685
744604 564 875072
756586 74 328969
907332 67 687021
142369 53 990296
98410 927 931583
158043 651 563432
267508 60 319235
868065 741 420150
290135 621 228450
651309 470 897553
655981 520 236374
207787 478 879411
707275 314 359662
440221 351 768413
911041 395 919237
292125 127 648369
42281 371 605311
609620 646 51732
563636 421 499333
480935 968 567941
124950 796 725314
831916 486 379192
940598 396 674589
352711 457 768951
34262 35 652152
897456 488 513145
403619 825 772009
449626 51 38084
238756 628 634231
803620 247 333440
21385 104 77849
782255 59 347869
566616 526 251243
11926 979 299495
366853 611 361521
221146 748 191783
147269 659 368591
973427 921 162684
483726 245 19400
255279 156 811579
472430 554 245431
778271 559 879236
706710 633 356683
659973 988 825637
967097 558 190279
504591 378 282228
12743 355 226682
769474 91 849831
666112 213 879291
846950 226 582903
219472 516 771048
172340 817 647990
447663 540 672159
518559 515 737453
596756 784 129853
64615 214 350074
30964 840 519830
409743 724 731752
831522 369 450294
566091 554 883280
183759 845 350934
138795 218 108912
661450 419 853409
273080 365 550537
235228 313 896552
40978 691 552318
360076 336 169763
906498 839 281002
379616 567 466410
188999 173 11842
128794 492 468212
163839 790 22316
608094 807 988367
300320 623 183519
848578 904 134880
952204 549 815484
563179 139 704028
509600 389 732524
634912 673 965830
970669 114 927227
551743 233 576042
890359 78 484019
39475 463 818138
156879 869 39228
550881 493 609320
416132 839 554164
999218 401 758693
297862 838 384714
113081 934 630680
535935 776 174561
779959 870 674370
608522 989 81314
233731 79 265744
354673 116 292257
723246 795 790112
517456 978 942707
466123 301 152249
761956 923 278735
83214 90 253893
811659 149 876515
131985 630 661009
635089 817 983354
616793 815 110855
691634 156 198028
216977 582 946603
25589 390 860644
928027 571 411667
654052 450 361337
342835 889 643051
232698 590 565958
989773 843 149737
229680 892 840235
883119 486 777356
162252 289 721096
791109 112 678556
708297 29 749784
72803 576 635485
303569 483 992332
668938 47 134996
995027 593 255144
75368 582 145406
523324 323 680034
527906 80 67277
675646 195 649913
282857 50 536101
984908 237 903507
110868 849 504663
944153 306 716378
937254 939 847197
922759 249 306200
250730 146 910678
950985 525 682450
399321 429 310659
612740 492 80482
631070 920 824514
663645 901 953752
567657 534 86601
748785 21 998354
398788 532 422950
212743 50 291546
970924 929 553846
506795 687 957184
705933 339 993507
200773 82 469177
459175 980 119330
497457 299 47735
800880 230 364716
733165 903 816841
759001 340 13884
408365 573 685173
718370 674 435786
122776 256 4755
610419 870 28998
172137 21 673965
694949 968 46743
715086 53 999893
977949 462 807765
686976 653 88454
47175 459 113477
820115 565 964799
763846 938 72404
450560 399 389852
270429 575 680470
52777 978 331061
931919 293 713216
213040 462 890812
486730 526 18020
148342 817 685010
211680 391 711276
714649 898 936298
176651 954 879448
189391 149 679393
114126 961 342844
613737 791 835356
648539 393 108213
814587 827 849380
135222 92 811371
125161 309 11967
567560 858 322252
672223 109 836175
71820 489 887175
568284 351 892335
653437 203 719943
218044 625 827468
831213 576 549746
481208 758 487297
205636 20 106337
312148 874 786294
272665 747 533025
737366 341 588603
117263 11 245546
461032 67 370144
451891 106 293599
174356 428 803480
254380 729 511430
48118 249 828942
582372 287 868873
811085 320 162695
118930 321 640493
371738 912 216569
208016 913 946577
186854 759 467818
967934 742 122346
971006 867 301197
619672 156 669693
438920 31 668314
999705 363 616797
860715 991 350380
542759 781 748967
382184 150 333088
402046 523 566844
503386 150 554730
719202 863 315389
687588 248 711291
692725 801 997324
190000 214 323857
239968 315 888961
394630 79 558110
311635 86 4010
542241 337 436829
79981 986 359816
779500 772 321457
930217 928 125447
31077 485 654783
835124 107 642300
901001 881 306381
804677 808 331941
516443 892 187612
88540 538 402076
551294 337 419907
797713 186 96989
695757 995 760909
596500 997 373881
410437 356 649300
251174 70 190682
470068 181 68831
204062 319 435066
955386 93 818872
841427 75 98590
259817 374 76178
249761 119 202519
191835 118 546010
280561 513 228858
811124 706 136155
726738 63 778846
991413 841 268248
993062 732 164312
293250 767 830180
339252 831 348019
467126 110 807365
796062 894 242227
446360 445 916745
108193 498 769482
670577 890 928104
36342 235 467610
623817 498 183067
901584 734 516973
189320 532 960508
527432 957 955571
43679 618 245599
662529 534 928699
267031 289 956145
430960 479 310324
260099 409 723406
350101 82 879077
421356 479 714727
847981 460 115306
333457 649 288853
132136 91 629809
253560 683 896376
730879 928 889205
955390 153 696916
984268 250 642873
800310 893 805997
797807 740 702408
661168 314 979937
840249 304 87275
944657 865 96198
136057 604 677739
354101 610 779716
64857 429 81416
814371 141 432693
759772 218 767930
237231 155 217466
271343 147 468647
692163 616 341280
680222 443 496293
265610 171 213621
43884 122 642418
335525 743 810468
204459 854 398960
539529 19 104792
308252 292 695461
686201 80 36751
111879 722 64627
306802 802 887357
422703 568 534740
68365 514 995748
924080 255 595802
367787 745 279025
476030 113 175012
485954 8 218201
678149 466 420259
99366 343 388532
958592 430 344655
122106 508 208346
926123 812 598565
57180 509 49980
836456 82 515875
193066 399 565381
261703 346 619269
392090 65 767025
9619 332 507905
351327 972 856238
247239 52 603969
268972 757 15857
798779 678 155424
268732 741 592218
366280 7 280743
460548 974 111051
160018 855 958153
459940 594 370886
994667 877 363613
94573 560 960006
208126 739 982939
781326 447 595743
736623 411 354393
397810 894 931929
159242 704 325511
724082 716 594314
911142 64 937064
912946 917 672754
147957 184 129299
358872 125 5275
180083 74 156777
294176 408 633714
113292 476 554200
235764 73 809824
213416 386 901521
428173 395 401389
312843 694 53702
829675 398 988694
53880 509 86823
86926 555 71212
612897 180 839453
615640 241 67312
609240 195 538439
673682 537 567917
225404 625 946356
156498 113 736469
298542 82 24673
727771 405 156959
707490 141 236916
33861 899 729184
28647 810 135737
463539 647 915945
319664 427 475100
546739 772 986785
240530 552 627558
130928 174 488738
958929 592 612220
921619 93 857112
487789 685 504406
730775 923 798808
772564 545 652220
391777 608 219071
810053 71 233990
90280 701 421196
682736 651 544021
530409 214 769087
78296 501 831180
287473 524 100850
798775 130 915220
211011 971 596664
4998 317 639184
309399 344 301748
553787 813 369052
762231 670 736507
330342 543 323468
53450 458 295150
148201 838 490531
35724 716 597713
34769 665 137042
909168 287 940912
447672 173 577458
387843 748 811508
799 179 780804
869472 978 758465
110396 108 221416
511225 993 650259
488618 171 141659
75633 961 914329
629380 866 298165
973672 421 887057
559147 560 624675
510672 229 610276
254306 682 798241
208077 395 895428
755556 865 555899
878614 188 497860
787304 99 470660
26937 595 426424
728281 437 173463
404104 673 353485
818226 560 917518
92163 24 541995
47106 578 73152
753616 928 311817
364214 752 319615
480381 618 130448
187927 977 586001
464494 301 801972
529779 181 48621
161520 542 686095
873963 262 813498
908990 500 407871
442547 742 993091
925943 91 800321
266309 714 101310
612561 424 829839
954924 591 326719
541072 934 604215
903224 931 554807
807107 791 152892
251793 213 917745
810081 125 823474
71866 32 366415
550840 26 570965
852790 229 772481
292774 741 362154
938484 296 873350
37144 391 313113
576034 773 318439
586069 838 632905
585966 619 772145
112836 137 752637
466986 983 998962
351004 316 942319
614914 829 837815
965514 268 355947
731534 587 746052
341362 838 882734
621815 855 973396
466304 636 436479
953180 500 828819
121448 120 594509
826534 296 880601
388837 725 606922
487146 72 387944
948668 67 375112
336489 630 30312
563076 610 283474
70070 394 386529
404951 241 469580
335825 736 65146
154650 584 188429
851106 338 800369
25313 100 132157
267917 974 181722
875229 162 390123
695164 817 679388
299864 175 514545
833811 725 91049
100986 285 586187
652845 416 633981
767549 17 319092
854891 637 987994
614548 500 273539
347088 840 687427
769535 263 139653
370259 285 851894
626179 579 612891
312543 336 775021
102810 312 93077
127095 795 122520
49433 966 824400
502503 477 2836
582077 425 339725
313053 807 150703
454345 385 109459
237671 451 890976
439510 185 543303
958809 432 264513
380847 887 999370
709641 863 484239
260948 44 444562
748300 98 699620
293110 277 653324
390844 399 123635
214997 154 200369
189056 184 431877
861854 622 369830
132546 871 80690
906428 863 25882
203246 966 496931
369555 615 159899
345425 732 761927
50018 83 793464
557047 909 533011
155920 722 366686
83209 633 976318
775412 793 264044
947730 778 358908
81384 613 196696
502172 311 433722
667009 474 226694
273466 277 228506
735514 843 618982
594120 623 301488
24145 41 905231
819748 147 175165
590837 160 999065
324815 136 955947
279980 607 303744
187938 446 113289
357806 39 154039
563607 526 488136
907459 86 256970
885870 58 460917
7899 581 207607
349241 854 271481
818369 704 339662
204177 472 890511
490774 381 197639
600655 397 31300
394267 175 209636
671218 613 716916
762020 588 84103
670848 809 254787
381044 300 696854
562085 410 652571
680094 940 916429
243907 980 309348
175156 251 327140
328151 732 326473
47825 771 728034
969822 54 766313
850663 3 674048
565521 595 683675
157496 83 649217
165786 682 541735
176508 409 949969
286017 309 171330
773613 754 352733
204910 942 697801
755050 123 769970
258694 90 736576
879500 386 367257
118839 493 625036
251888 903 118130
120234 743 296302
362139 48 406800
106168 367 922434
624216 12 514452
53858 309 118328
354223 271 422413
659514 773 672337
784394 478 713423
547759 858 880861
891231 155 139666
254171 967 400627
192627 509 3789
161478 109 148402
249080 593 140499
170622 480 645686
166497 572 820909
865295 348 790045
680686 860 637241
738620 415 118588
804467 835 255043
32993 327 298780
771692 231 546402
121249 118 290426
213275 7 900053
812860 140 362430
903259 8 541213
148372 645 153786
271266 136 924702
938168 931 903271
175652 568 521777
927947 574 79899
581939 384 542028
918854 897 493966
644961 230 864470
866810 688 49998
222605 400 888964
173358 848 865408
707088 156 184312
471593 70 778457
437005 804 308315
206305 147 864541
379086 591 966841
605978 103 826774
337846 908 568349
263713 765 165528
788122 297 485165
138220 30 162227
459554 764 163848
79550 264 216761
780904 120 234078
300204 433 564082
356539 243 715727
662655 208 518748
673189 734 43655
23136 244 38696
727155 117 645274
958408 272 776113
717751 712 470299
103354 509 201791
25440 219 231298
8639 241 2173
319015 922 496766
357982 296 299958
383224 456 165656
154845 633 528533
467730 864 495561
774353 859 910430
122170 91 6557
977836 128 639784
976695 644 108296
188379 528 58909
52529 162 48905
219196 346 879156
206756 29 834301
836622 536 954989
238087 899 702726
766160 785 134477
524023 900 490077
280424 140 87068
276671 203 624756
447393 939 562332
176028 967 124623
192263 621 458635
970699 226 781733
159331 342 132507
221402 240 609970
108469 19 316465
609870 819 806944
649331 353 637532
425269 428 994647
370899 271 15319
448524 230 904800
82367 445 316930
178912 239 606913
139686 475 241308
925905 455 346324
888875 286 777348
98957 365 364137
259320 175 798449
740547 278 820511
573313 956 943855
86155 648 779966
632864 444 739932
183729 455 858519
270069 494 972194
128537 703 578015
177858 138 196598
689327 386 196680
434911 484 386834
193545 147 816610
766285 268 787503
265487 66 28209
583710 370 501318
835499 273 222735
612979 929 961863
366194 688 946947
98765 882 612442
983098 717 41699
257165 107 695829
79123 175 908007
199393 744 250622
155005 276 489231
120358 122 521219
557577 231 843319
323796 694 908534
917694 663 351608
22152 632 975629
731330 957 176258
437704 1000 214298
132805 13 863287
426502 612 345095
535535 232 6538
727238 751 625877
620030 231 57113
743498 249 419798
698721 451 588423
979492 935 221736
848219 412 382878
121379 734 727603
433664 775 591140
441950 795 674662
501439 4 820348
223221 838 671278
630831 528 638527
456937 879 645175
457228 535 99163
537966 399 360039
197632 117 398507
297920 227 695384
892538 702 275864
623687 173 338581
582134 643 386352
684201 12 575191
128695 654 779333
374411 86 806209
453258 545 120903
249101 236 172378
707725 811 155877
600419 846 820938
844693 731 951073
359751 575 562647
403138 760 714546
315730 378 855392
20031 201 893087
304524 278 632922
529483 609 281177
570659 359 873035
717369 662 134553
54596 774 567493
195015 548 989114
698411 875 359140
358366 924 802073
783702 864 120585
233079 145 997867
826301 784 118168
323406 757 423583
220404 336 845424
5795 712 929972
569898 534 655722
177786 2 186077
248931 857 276437
918907 714 129811
323767 360 511024
799476 350 346874
161370 333 35304
759078 996 92599
989880 699 824403
547607 345 739665
687689 7 672684
653497 97 313415
432111 245 315921
281290 303 18481
209654 675 56635
999577 255 570970
491101 778 94397
390106 193 967709
251987 835 88127
874341 735 372094
885903 830 542971
648645 249 35723
798686 298 843577
174371 959 616948
194640 993 52935
934992 312 157671
430226 634 206076
438267 34 173872
736522 724 308717
412342 41 221648
775021 984 530288
95367 740 366939
932627 718 308688
68767 846 23127
134323 60 272081
541796 985 817427
86102 307 352934
312063 880 250117
104028 60 81007
135401 365 678952
404139 666 151352
668081 817 334612
931349 608 490735
632126 139 561630
365374 949 249828
318188 427 90355
135861 213 863430
830574 33 673392
838410 531 945181
631925 696 777028
647777 956 672899
141640 56 840777
123441 847 451559
331370 731 746783
542632 675 312452
970722 374 82379
409436 312 532510
213063 51 848079
203002 57 864957
227144 493 43338
986431 177 699566
220954 717 329874
255815 748 524407
696613 20 62799
744414 656 183322
454536 241 940059
763353 820 2573
29974 267 938584
921088 257 367543
360899 17 633617
600594 287 339502
509862 714 782741
888807 306 250672
118325 735 960848
496200 702 258272
353685 528 611371
230537 54 574146
329829 463 930277
948486 348 968441
954815 182 20850
765029 69 874944
170198 823 594644
521891 636 346790
374979 500 498617
344484 601 497678
128962 164 599316
913139 889 574375
872739 808 994111
241789 40 455847
468677 110 889679
465571 973 305422
307024 988 935865
382436 759 612634
789910 584 738917
867484 805 463109
389955 607 665361
321921 315 29894
233788 235 87848
12895 314 861191
377476 705 805859
123488 679 603428
682099 66 732767
509935 568 856933
729497 441 910400
762227 211 646524
952644 94 188869
620764 369 218497
288896 241 162861
704025 849 172844
247052 681 854729
180235 968 781267
904999 534 799906
425739 505 426726
842362 813 121742
140792 64 535465
917356 627 275726
526270 452 944176
47048 932 11754
796002 645 912224
922377 325 718416
710920 178 462373
396358 895 469225
275559 647 806447
90916 542 496125
816079 374 403889
921003 642 233226
130267 988 660187
274781 325 153631
999002 247 238102
814704 780 864766
75020 117 731713
897026 170 507250
144845 271 464428
544984 106 13422
236170 606 901650
666607 164 646183
292190 469 859674
424059 675 599796
527568 641 836304
155812 421 667108
313991 149 967904
371969 483 34911
727928 490 449300
369534 778 16064
382529 869 786000
644146 562 742065
405680 250 389962
42228 446 157768
137744 576 625550
554661 228 830690
702512 445 226161
7466 77 293182
630785 669 227413
36020 376 242653
58708 566 579998
32064 628 730327
664640 343 54515
731616 588 81152
32220 296 819640
759352 910 353211
72174 228 507466
147226 125 699934
884000 773 524475
994267 446 777031
504156 352 778063
566383 825 46910
234805 122 871479
521667 154 660173
255969 801 845132
385030 768 368860
311246 895 244623
758254 892 966352
178676 667 851104
857028 844 328101
413078 992 241469
828237 57 467210
443132 763 980412
979360 30 159485
526464 257 599179
381694 779 1064
6356 846 908199
237824 675 800251
492063 595 824474
124160 425 927434
21393 433 632505
23578 385 583849
816568 274 335773
86180 492 339142
567806 241 221089
497573 820 674631
811057 714 812444
82036 450 68708
9450 683 739168
417467 381 336071
492870 67 749875
33363 829 143970
49627 818 265421
364171 896 274320
215250 442 492179
750668 731 68527
718846 486 575186
646952 476 748413
110902 473 507134
560373 726 196913
62237 385 852204
576587 764 309981
385486 476 177037
148211 731 956610
671804 826 126829
643392 898 771570
991630 589 515563
945523 116 794477
317342 317 69499
932672 729 424693
493088 943 468953
38385 600 403955
580337 991 658704
459833 952 679375
298122 132 445611
616905 288 494666
662295 892 651001
667522 508 750431
793126 376 118791
639934 34 27035
937946 562 540186
655701 813 545273
35042 662 968555
651310 424 880577
181283 198 874343
125771 646 612386
479603 560 142758
723799 664 640079
573766 148 857258
696900 615 664023
121030 273 122523
64483 83 535240
690173 401 171586
584910 428 884166
700440 166 505476
418420 192 712743
803574 299 398624
170797 917 221265
780237 910 516843
51049 865 154967
904128 501 479882
291840 814 463376
286130 103 190960
14364 354 744697
630077 486 821274
958106 407 359182
45616 930 944008
322067 999 825828
223032 552 595133
910815 211 115721
412497 500 678138
896711 517 848670
457192 683 336951
816003 571 63860
823883 742 559138
123879 974 279398
764477 906 447900
245081 635 935286
512455 900 243056
188076 440 504492
964099 587 788886
626000 401 484331
44960 471 93352
256645 20 846228
638495 914 668388
637449 611 93088
367902 556 860898
6845 897 833593
13665 524 892886
722361 439 898905
757452 525 358281
802814 344 614310
937058 174 689556
858154 43 380045
507382 885 722142
53162 40 765085
55556 78 377815
14153 389 264230
838369 846 634612
416807 553 202450
36005 158 809965
41284 34 189252
629074 229 487476
912834 467 76847
221474 718 854263
885951 761 623352
446045 963 636888
287840 279 201936
924785 920 110764
652357 807 781388
413715 28 170866
275626 371 464454
773098 476 905365
201251 771 451256
237162 241 601316
188842 120 875286
999443 636 988881
482853 353 435179
767160 176 52392
234568 773 610744
236004 207 146576
155020 209 290186
536932 689 396103
486476 923 150107
452407 201 197658
426668 759 124651
167725 528 925156
892699 520 106654
449676 759 317320
514405 890 871063
204675 848 841328
543222 415 353430
273262 645 569927
374306 775 33872
405543 836 388341
500583 373 997517
587165 225 969306
467986 494 602822
691649 117 577166
262000 851 564159
388547 463 338007
505447 730 827554
358065 962 506091
878450 721 958365
840597 14 239143
405239 708 293438
320620 913 381072
810486 519 128332
551746 648 24265
362503 142 509480
786622 81 29332
595481 836 518181
807763 52 155021
636066 129 195685
226652 634 438180
808479 369 764469
911444 333 563803
807115 770 902954
960721 416 778368
9051 460 298044
887660 225 13932
346541 231 679906
440649 918 530171
118097 640 396271
183840 29 387405
157762 28 941037
924558 543 607165
805158 786 151992
67440 806 122785
460710 170 216285
111638 405 193347
905391 331 396467
553373 144 941150
941909 869 13946
677490 341 665371
857624 595 397746
434486 521 857933
117928 260 560701
795217 174 670122
346932 778 313272
69195 644 200204
139280 131 919894
961488 455 618536
3333 854 281471
583510 617 507854
872192 97 890088
788210 808 965089
454578 402 985076
859109 986 759575
238188 540 835018
40882 110 827060
933196 835 663927
461879 677 186051
782170 602 825926
804723 634 39893
631223 684 812638
726739 254 607038
386970 64 410140
120674 104 852365
587298 858 799537
624877 4 913675
289950 166 971198
226991 226 23479
38646 54 840621
700384 50 952960
794047 7 638099
523711 861 957891
843045 303 787140
4066 749 445766
936094 467 519990
75974 137 640564
450438 95 260185
107037 922 320347
223439 766 818933
39207 291 210596
589219 76 924870
408651 48 993809
302828 577 749909
324784 668 870077
55263 679 567192
20419 600 964879
910702 214 305996
644965 377 399807
821160 598 832016
442824 282 781389
658325 157 499011
555845 283 916607
827129 243 784417
651880 345 85146
662679 556 669980
732242 862 506788
52939 277 946167
69127 116 162072
682733 425 661607
583683 269 772970
437489 980 731372
529427 117 550461
507015 952 476973
558634 514 207009
204016 471 507539
705826 763 730002
574707 410 48551
902566 912 799725
148911 216 458543
622473 490 956341
159243 545 940422
466759 3 640070
371535 157 170299
182694 56 467928
50848 215 289003
12726 149 758135
167207 806 221282
867165 800 584514
104888 406 645486
746042 833 552993
312218 4 65157
724686 40 961675
739761 584 225242
167680 153 468664
504436 822 488826
854725 781 81506
916066 567 104109
219941 786 956482
256592 163 968394
149960 396 277769
580940 235 381018
870599 876 346717
668179 710 394032
460567 161 347925
276087 377 621768
10924 893 299767
88974 179 704607
955174 754 593905
890721 904 74003
728533 941 391574
385528 348 614907
410070 922 863066
93661 236 861128
903862 409 388368
776490 201 421404
905659 537 977250
279829 477 78635
776127 867 169426
588978 609 60881
805607 616 281328
841173 607 327026
60034 910 204443
486342 429 415704
815891 152 891964
886569 817 999434
494416 396 323520
677213 284 212649
511542 634 651541
354605 920 3983
97020 738 738215
362136 709 738154
822870 750 474396
677360 108 961174
141843 793 994318
207923 58 523578
78686 606 518857
503477 536 663013
12051 245 675332
192412 121 696617
710881 986 47779
44477 573 138103
404355 719 828077
653505 988 618044
186979 220 185034
860604 325 539771
765916 421 680641
513785 264 24235
794962 595 275376
871197 666 359827
646804 270 221131
181989 328 617061
206523 618 602329
482877 686 687256
13768 321 380140
370041 593 405129
342063 577 470432
654402 890 498450
747039 613 461719
431699 781 126444
382461 176 142515
541469 50 828035
756542 304 328852
658231 234 926232
361813 497 794835
496698 93 436059
396634 571 405631
225352 650 367561
897633 989 615384
586676 743 593155
77835 26 745673
959896 195 322480
972166 483 39337
986835 1 7444
443845 718 835700
851060 175 421682
524580 567 644678
912959 734 679519
345144 605 313177
594043 715 996775
167213 799 973760
352410 462 419301
309203 87 525924
533079 513 256350
352243 638 228541
105206 597 748318
254576 360 60628
322212 464 802902
426597 99 952183
924065 458 445813
8065 395 131133
437961 489 209669
70241 944 779964
510461 378 924488
225903 603 869704
239279 714 583059
827121 101 804462
502541 85 198570
486944 154 190512
908009 533 537053
45485 621 93314
95561 870 27106
57891 948 971077
42386 416 478132
931408 406 797570
9232 677 10667
942403 331 300074
640583 29 866205
175728 971 260173
980491 118 231540
40915 459 611993
890506 521 521297
91072 148 423508
704458 969 456352
516058 493 952412
14750 670 225149
893715 538 263453
788097 146 276678
300963 14 92819
924538 723 873473
395221 878 424130
486484 985 144560
560165 510 168179
158275 865 22131
51143 497 526385
785978 778 367646
162802 764 346371
711663 742 588699
752571 75 964075
791074 316 194625
49739 471 901471
737008 324 799478
788722 598 363207
241622 651 124930
966783 124 721719
37227 728 439349
933899 850 925230
840106 256 772859
532176 725 770256
464093 654 92541
954158 721 241759
425479 597 666875
683869 302 519487
769862 442 283432
734441 522 433643
234368 580 890629
426878 864 666931
287251 542 813504
258147 688 661752
964128 551 930191
740281 408 885098
19094 233 293065
63909 10 716032
651928 224 774085
384955 807 909688
83172 988 856054
615614 99 884368
72967 345 398213
253996 593 923013
262677 540 988976
337688 874 149004
514082 930 311907
912915 336 440910
576602 885 999892
715772 897 66024
302916 944 633508
397484 505 715682
331124 388 614836
948642 79 511022
661037 210 685957
649920 620 114276
591172 298 487571
409964 904 427069
331749 100 379507
600253 966 976205
706190 558 88236
105882 530 833349
662427 502 563923
341702 96 780521
817366 57 878250
646849 511 104846
618020 220 108473
744586 799 251351
173087 626 618478
686845 600 462449
222260 606 761843
545242 700 526348
68120 826 701390
882192 87 669404
925916 127 869118
50072 644 315663
678009 46 896211
224066 450 453072
329263 576 674829
751917 575 904124
340918 794 584696
465538 676 499684
553906 988 282823
75570 691 621251
564837 43 166128
322378 469 393089
775451 987 285767
916448 504 119144
8184 138 866334
949675 504 366565
579234 314 927516
141088 763 524035
708797 446 75549
533191 562 295459
492292 295 101129
537872 134 957695
619786 712 363768
678735 680 721568
25262 103 303685
254443 404 327517
915340 30 398129
817302 663 235221
232907 363 414714
368471 47 48432
549531 243 717820
607847 923 637266
865151 796 1032
416452 716 549664
248111 884 916354
523740 787 103287
102255 564 964736
848036 36 629161
281035 562 389345
821017 321 55867
779658 791 573099
622279 651 520156
529096 149 375337
304690 189 301927
788694 620 238531
281668 650 8091
146402 989 364255
347118 241 78809
322343 511 559863
240687 574 876703
811301 833 305723
647532 308 793092
486186 368 240490
837806 889 939700
726398 698 52460
335233 825 797420
302583 650 18674
106807 806 652409
966520 646 582544
788848 159 177517
904052 495 241051
105943 16 706338
161154 160 366335
738542 129 591347
544115 33 999203
126817 74 451960
98972 196 19391
871115 14 205505
897042 8 352765
19255 629 710038
489158 238 824399
636005 232 79597
5434 857 141137
574094 239 199788
426310 698 383647
934094 926 667616
153911 772 80440
527544 297 561853
974555 787 994836
177468 996 241496
416186 563 268803
935358 358 72227
28926 103 262599
136935 959 393192
723767 735 949875
501440 169 385352
977159 303 438148
995882 100 175732
830550 532 750528
158015 166 721772
9546 449 10893
970356 393 186360
32298 506 463060
990022 861 893668
340808 295 747671
462967 360 302016
329012 997 615119
555458 908 715095
411101 792 903434
138044 769 258799
358514 804 892931
288622 60 310978
686035 772 164419
433177 207 840315
287190 227 249975
719469 761 155827
528555 459 762771
505756 960 923885
882622 859 804263
986101 309 293135
9406 909 811391
828464 439 480995
654282 750 515264
749441 979 405902
55019 152 726080
526770 484 135951
723614 798 193190
551281 14 703995
176777 975 675138
430684 896 608760
269432 878 19055
397109 714 66359
122804 983 572072
894180 620 277174
590901 85 308903
317637 552 729206
553314 963 348548
517655 249 985080
228840 920 947341
143088 68 765374
848787 895 960865
912108 302 264000
831860 870 303314
946136 784 695789
148743 94 605948
164807 448 328420
201871 452 392031
616699 936 209137
381217 710 956356
69613 995 93900
260682 681 442446
584514 110 774736
646239 705 489951
618415 92 674105
696487 177 848238
49401 158 668640
831057 5 763686
326693 561 760570
593392 108 666050
946627 193 417614
461301 522 182502
899939 174 134006
556148 494 730944
604804 92 972249
311931 393 235359
897776 888 184743
284665 887 965971
635798 648 120854
361937 201 573959
484799 538 653788
412864 626 174172
439488 497 113708
605225 529 770886
524295 861 305844
696311 528 430443
971650 161 48791
738765 883 760121
861038 218 561256
211559 452 285064
393985 981 188455
368315 206 503922
769792 368 998591
318197 15 305839
210781 189 45696
37701 905 581620
122081 955 715929
358272 155 227085
115885 206 765146
370085 909 568058
230616 704 970024
951095 722 209543
775518 921 94656
841399 297 539950
381776 892 614064
81312 502 785074
373792 547 818579
329641 229 858868
753584 733 281740
874561 664 109401
585112 717 647558
228407 714 392927
782702 141 889258
313135 604 641724
771612 739 362465
521223 791 975032
511352 644 429836
681340 841 790925
637538 208 516417
665165 252 123581
118413 821 619207
132711 516 734963
881384 566 797076
305487 432 414109
283288 566 512262
930722 980 755913
142671 168 339743
966426 76 627007
679406 114 333446
450090 301 819806
550056 355 589370
792130 760 647482
100415 489 355801
348767 430 669621
705943 318 69905
106290 499 57052
136018 868 138149
638047 389 701061
973782 335 407011
783227 397 998374
921306 523 630436
381660 913 656760
696633 759 298181
153900 303 107212
610569 625 830372
8527 829 271917
195617 691 941661
112341 79 532920
549083 29 642439
629498 202 715512
135942 83 866985
235687 743 274373
468435 769 291330
560423 331 251103
685115 725 695480
207606 469 283014
106461 101 166495
795678 696 889500
732846 905 53294
774760 931 466495
629400 555 281277
675929 301 426208
220781 541 234498
902859 798 529832
185940 874 944781
29135 242 285261
460249 528 786113
830378 825 82031
694480 429 252245
799269 92 30713
646036 65 362891
417036 968 801653
604134 299 90351
651723 81 621232
737099 743 650899
647789 975 339855
957626 63 749961
349697 253 559536
554319 944 271841
555536 611 20932
933714 215 244196
721312 9 168492
901718 948 454673
411125 438 420499
808715 127 164632
536532 857 999756
967845 873 907412
15889 254 460588
198746 605 594892
101048 299 444585
484790 576 93676
72763 645 860980
870437 77 535488
714726 293 288403
908209 284 538610
658079 672 884931
751577 277 617669
517364 262 638862
207935 280 451217
889880 521 709672
659323 695 357889
512099 889 628814
673442 440 144778
609323 183 666018
352004 20 82734
95789 80 377729
632707 124 767728
204000 427 675430
492238 957 860697
654358 109 131524
852822 754 213420
402320 59 638558
532489 571 892582
213628 184 674666
589973 931 634233
617918 633 457510
643909 518 851657
402293 750 291386
26078 859 189734
417076 26 960143
25741 935 456524
968560 22 487023
347212 891 275033
242971 842 814750
969271 792 847502
580204 724 655416
899973 601 35400
171480 228 203660
209758 305 167295
986971 816 205560
279355 973 906368
893066 685 891141
160811 387 350503
831612 638 641413
473451 692 382176
449685 432 125164
842213 318 602463
716060 206 458155
609315 14 601245
543328 729 48915
35060 645 9877
999591 275 172329
669009 969 2622
176058 109 723781
27114 87 839370
727370 222 907056
272092 774 493663
576755 702 710910
314582 966 348885
450544 506 148329
677675 18 707632
958506 818 463599
667641 74 500447
584349 632 636654
330053 36 425013
237632 234 646974
846196 5 551
274568 314 769806
320109 771 250054
782254 421 43650
577093 838 490110
461556 122 212619
22544 111 859598
160237 876 396040
341005 520 773897
236890 146 373533
15691 725 172686
403268 789 546899
127587 594 269764
646925 947 945967
919397 998 246489
740185 459 144405
576458 431 6588
123864 977 564767
437872 230 91288
662216 91 822457
808686 869 636114
1130 363 200960
395626 703 490757
577829 783 1244
919028 584 443581
568890 414 401626
10013 622 981681
666377 684 177805
841931 366 776390
141123 697 434086
1873 626 115585
105910 813 662482
721512 91 365963
765169 472 910997
743937 562 118827
345980 504 393188
626881 604 287103
536489 531 667848
167315 662 3644
617992 534 607792
272119 878 451111
563645 838 30807
716037 715 711699
74229 134 307223
438515 431 120284
455775 616 712332
734394 946 886692
115300 592 403373
582294 353 155342
509176 814 920167
138980 744 818424
853197 604 986619
754016 676 794301
752586 64 816602
737599 541 487594
258571 730 472382
711877 706 817663
100678 593 490764
560416 439 681258
772848 90 477288
291204 251 538112
545906 649 624728
676771 758 61692
68099 268 482524
299657 762 512635
985742 53 832653
323302 583 171447
98580 927 489013
809967 116 295492
114549 531 833262
30998 419 200
462484 268 356862
829562 981 285887
47407 952 594673
18835 815 395695
292855 953 934072
113702 533 845928
961008 324 52226
706368 748 959679
377043 737 75865
514443 421 94667
234937 475 399296
819422 183 481696
519000 776 673226
179320 468 100747
302413 44 62716
47679 968 762574
705039 82 762214
452947 438 73950
391745 19 912767
564659 125 327322
348853 419 337408
47205 970 516749
896108 473 981443
600536 494 222822
168388 30 110748
656921 346 470966
536781 521 999862
86797 137 265515
185131 792 505266
498549 309 440395
738270 578 381949
605571 925 113908
408089 732 189744
333997 678 573971
866796 186 510829
713897 680 290786
457478 144 485111
237603 4 297702
444274 271 656210
994475 891 909353
385131 476 216155
486182 49 469044
371350 894 487978
264654 35 459727
132704 440 148070
338873 518 793916
566067 591 370472
24268 929 440498
957473 748 281684
6098 84 772247
486775 821 178355
305433 481 695361
866595 31 825813
909256 818 728813
465625 384 951079
637226 148 700095
558557 691 999952
708374 227 863612
964447 276 865745
156306 920 481669
248888 270 602589
626627 727 890390
718352 737 257461
5425 252 221823
961322 336 242760
664367 248 245474
240325 739 617610
505527 463 265965
971203 802 66963
663842 308 953112
776989 634 398202
283454 256 344994
794350 75 217778
431039 368 661895
406263 313 77669
764165 885 631494
718101 490 348687
471372 153 269777
252032 449 414301
973944 303 403733
92326 26 186886
263104 706 158508
215446 733 427305
379868 66 800287
445755 791 397288
615630 643 910688
905991 998 558276
842604 207 31688
202988 332 946682
147828 494 40973
772170 958 596829
807929 20 533319
385763 102 801461
847312 106 488549
811502 447 94679
165151 544 744874
945109 608 316805
548292 531 707308
916067 523 247752
381077 370 590479
454153 583 963596
298921 534 159741
138396 476 646524
795544 650 631210
205555 69 116127
147532 575 147590
103261 603 102386
166876 60 997059
93262 416 248838
870873 893 704137
390254 627 24667
954215 322 523319
594384 547 463870
652572 370 115035
49296 661 933472
101603 184 629556
541544 490 485688
862068 749 557927
542336 291 769499
428387 231 279040
549662 831 633561
490482 778 232426
687057 424 468250
114184 109 785137
971275 194 524602
2151 719 861174
263026 628 361698
933594 474 463091
422415 418 431208
63068 383 723058
504999 811 556712
793377 83 205384
234496 415 218595
739048 977 403670
678740 909 618648
179296 425 989313
272739 706 204257
892996 288 161393
390499 973 211088
371196 72 177736
548773 242 793930
508179 914 443300
141738 388 503139
81992 754 806936
54933 367 427131
5758 483 756071
99985 173 330072
417339 387 550849
914617 800 866949
748756 977 254529
299615 744 404331
245067 517 380199
186334 494 731117
548161 503 699154
22469 825 339721
430595 740 937025
599088 368 719724
111089 781 556491
573229 785 558870
