2000
55436 97 39603
404673 982 511312
313384 300 198276
801516 347 599907
522972 105 315375
898054 149 465309
18544 591 275970
410217 14 120443
845765 792 198972
426764 847 576372
368572 562 349728
245319 922 255982
265390 157 252089
871420 914 537442
843405 733 765603
199579 837 193800
681603 89 380931
223996 24 229102
444863 588 53855
669780 853 517941
469544 387 242407
186000 786 699127
678631 911 127635
617152 251 122697
828172 412 298590
912624 170 118105
185215 129 255386
7503 668 835299
730207 9 99432
5574 486 664265
159209 667 995690
884633 992 497846
315224 750 93081
983775 753 686396
759722 608 662143
212580 781 891309
109913 800 108956
814760 876 944466
154637 600 322191
875882 867 741317
930535 160 153840
479483 375 191356
764196 664 327444
443566 327 381170
380682 277 568619
349746 930 208919
95692 254 834101
521253 146 929157
980160 688 505454
468088 833 951714
952053 992 869634
987793 738 335612
425970 927 201591
506558 633 648504
344564 676 451253
378940 670 64538
294037 605 376607
830832 526 637503
326817 583 83516
876820 348 402248
565715 247 190446
942288 327 833232
532032 64 958894
463178 164 982552
173967 54 14687
1404 278 198635
770041 739 157768
151278 860 709742
471334 786 622364
390946 467 84774
249480 153 985008
690425 668 212565
79606 763 831404
425143 192 5998
403598 597 207726
771692 298 262809
261382 903 676998
963487 900 946193
2830 527 541996
828360 365 440221
698977 105 437863
18033 594 411710
505026 267 235015
450592 516 250390
689167 839 646008
582979 833 354874
649171 888 320864
61623 222 772496
198951 817 749863
537662 596 582855
879054 299 546642
53919 553 91497
33418 431 385730
421456 98 805333
942080 164 349459
351881 926 904741
347626 850 991961
114909 429 502713
57438 694 906897
894835 73 873267
838140 807 383280
116475 156 990198
685447 945 584398
259591 691 233329
895144 737 925493
216021 603 998790
960807 713 323978
79229 906 23701
727851 390 988733
757102 39 39712
586858 751 821252
697433 877 946844
778991 471 503365
970214 429 393426
197798 77 250864
526665 323 820706
913173 674 446073
134214 699 564943
805190 740 789833
854728 52 535319
16022 737 41270
886985 499 762886
49922 951 37417
747088 620 714016
949217 779 673123
273417 101 161658
501209 447 484270
372446 629 549874
211204 96 501938
627145 852 810942
337451 431 108178
714578 979 66941
59046 599 812473
613424 790 902283
751873 696 824413
168953 519 916076
257060 50 512585
972483 446 344746
95371 309 790027
522609 519 143961
789713 215 215008
2861 508 154117
355844 902 383935
544066 371 464308
861768 567 177890
128626 569 628791
261412 350 542160
483281 648 771045
618896 320 355112
471529 790 632346
399853 518 15329
790112 246 50529
755823 532 692206
340042 644 470953
663330 730 308579
823803 108 964268
898515 778 945659
434702 419 427708
365363 474 811332
614655 57 264227
687824 330 365726
664462 813 338543
782726 624 321906
318436 298 121978
63217 11 351244
237328 914 967882
571709 542 784002
712040 385 423236
325303 999 253496
912572 731 194760
268621 512 321798
950776 522 680887
250129 804 752936
12059 890 407338
530805 460 752251
536089 478 461861
242936 10 879520
139668 343 141924
215048 919 707774
197567 473 856541
727960 401 23706
27078 746 168159
835380 808 653364
855522 14 242919
224877 323 343670
666152 341 145829
863619 213 513824
263784 361 712671
841815 812 413116
937355 649 963349
252291 684 301186
490648 370 734490
351139 575 721445
670810 319 237451
537218 593 253416
913429 382 24169
794547 378 915607
866750 790 997187
399115 212 125650
474918 79 523238
788011 919 843010
938254 498 699137
369342 106 57532
760044 425 183842
348346 155 433465
5764 168 35772
961455 673 348447
452528 213 614694
603892 521 752968
498359 229 812905
304114 431 397425
284384 889 904933
530520 294 927622
798797 775 980467
470644 690 394537
95062 923 518047
301534 812 874088
676215 288 321876
994035 70 614144
342008 427 581274
636642 538 14171
39653 808 619727
723140 405 15710
520530 112 663643
447854 680 133784
973702 802 4150
144314 920 76324
997769 80 655708
398685 813 928659
43914 164 473143
266392 129 848281
475660 635 912478
63348 946 120949
959144 137 359910
142740 419 28474
593002 198 227416
197990 454 588867
20756 985 309465
370420 990 951882
617167 867 256406
26037 515 217598
372567 189 151441
960540 542 374170
592059 669 368547
609142 702 955128
825347 13 634937
895681 218 786116
150473 414 709717
213465 201 321918
277823 660 821680
239759 463 33471
64465 491 581709
475100 386 445454
676718 697 392667
201891 69 932724
921934 20 293271
572077 667 402342
114391 102 138547
826533 47 868389
815439 271 192272
732348 794 610845
520191 715 477521
38512 349 696126
545937 156 864022
48702 169 613797
49669 306 740403
349360 43 329387
991078 56 199379
925163 125 967316
279933 882 248159
994758 58 474947
335274 181 43112
961785 704 882264
404198 758 171878
520591 420 87592
868285 142 976909
341217 937 910640
167671 885 448694
723069 10 638110
452887 934 354544
206994 441 493691
410373 234 245624
233516 551 447508
928250 608 566682
645095 542 66504
423194 27 246942
609985 204 823965
935020 765 727098
4890 578 355140
278347 780 89847
598984 677 842754
905574 83 643231
938318 315 695608
788818 723 124620
120175 745 485974
448744 218 380861
308632 538 922740
347135 324 910899
510072 595 314317
408786 256 73138
687923 62 674805
77523 525 372547
772443 357 733428
765670 293 87134
562770 689 667662
551408 465 926209
666484 746 902957
532831 733 268343
99136 176 675006
586242 278 550555
28416 345 49010
818755 251 693053
872730 749 350643
933512 265 592245
570979 791 683457
373245 714 74334
543598 533 395597
38587 55 340584
992978 291 877412
910331 123 877587
552646 620 562584
538927 499 153344
449205 618 575009
645595 421 411294
601724 263 888372
92351 325 23311
857892 619 92440
320110 998 123644
578265 975 285673
637970 383 25790
865438 530 857030
362527 357 657666
789893 43 251610
208586 65 846664
965558 983 835138
305209 297 528099
260824 509 329774
723811 140 621109
423239 78 698204
104151 145 40292
626460 369 949815
209310 680 745913
749653 143 310161
810324 845 515834
800334 563 971153
140012 96 466025
279523 206 641603
151506 697 271854
938895 280 404731
226966 979 498857
659629 169 4335
60137 447 363816
240242 370 187679
7443 147 362681
551859 879 108881
753146 147 409107
604758 350 42794
452996 96 437869
712436 341 124815
763698 23 252691
7947 608 314170
638979 220 309343
430568 73 304751
98653 55 57347
757121 139 266650
314146 214 356756
34171 665 488304
111240 4 763751
783583 884 85987
13351 385 799291
875901 739 292667
395696 586 790296
626069 670 66017
674874 916 894377
669660 189 620255
791485 196 855468
257184 637 767287
991773 674 756841
245763 363 21189
801377 878 378285
296462 942 883047
420216 681 530563
119793 799 771494
233683 488 886479
19065 802 980392
19461 653 331314
685805 986 18678
102778 503 455659
116976 897 528456
145452 356 133885
233898 558 710723
980596 661 738909
132722 971 836574
421709 994 613131
344516 710 465044
165188 382 346883
916402 407 40229
145392 724 421369
755078 154 886437
351286 43 368594
88487 950 638191
830539 167 992509
962045 150 542353
295554 713 847886
191319 654 228581
221849 9 46840
201479 721 300256
51007 121 254914
452430 234 578276
910355 308 715358
74332 737 229490
849177 575 183165
873175 623 973849
223768 296 797760
58891 579 657308
53763 150 735044
552259 614 550099
196991 96 198048
58760 933 380174
538439 584 367018
500204 487 574463
413951 417 854444
735168 111 262904
809616 144 708205
129483 178 429243
896689 465 568131
761210 899 613162
243820 490 493112
562067 53 400959
187164 44 327247
561756 282 184746
820565 96 342704
689634 915 36140
519870 278 292944
768815 32 385468
650156 941 833893
523521 426 863141
628370 863 585886
943228 5 83610
59311 475 884404
345322 354 647080
812740 736 134181
13019 485 346293
152287 111 5310
548321 739 740316
812566 32 767934
554157 983 960927
934007 121 476049
759413 981 9657
946018 764 638591
4103 575 482077
643392 431 229235
65705 120 23740
180980 776 817117
469966 30 986577
612653 849 402110
847261 340 351629
736077 497 272516
323714 207 162213
857793 932 493939
591689 775 64376
383437 701 937035
201142 42 370455
433025 546 202165
425104 348 609940
300621 927 616179
373564 906 209897
465466 294 334475
678437 481 245879
322312 502 50236
264438 201 19931
353094 786 351290
779600 118 100464
400165 629 589922
348208 73 532632
675176 275 340433
933058 306 798282
505772 722 863443
360339 402 562183
198841 409 112704
22705 512 600888
90981 225 160006
413441 817 857042
787207 626 837999
622633 276 698389
490753 592 650742
324656 845 332926
75003 47 612118
378356 521 61595
692610 907 831033
780929 498 358587
439770 667 948502
652485 860 182767
558513 39 236510
458816 760 84713
413206 153 426751
140957 504 300171
114714 745 586558
976971 987 809480
219083 684 633295
451111 978 316269
117988 270 212305
765904 771 926391
69082 487 385795
681850 613 353285
619525 411 568682
831729 140 829291
888151 589 726570
995020 437 82867
994699 549 776446
222389 36 959291
265382 999 342740
11995 86 58239
915133 879 131285
198909 322 896009
248027 691 398569
362813 172 19856
606602 745 615434
162942 763 558714
75481 986 735379
512230 489 537092
390184 813 878872
37562 629 117419
168713 103 510757
539783 877 813722
198179 387 755681
540853 638 738368
249242 965 51396
878060 128 527516
70587 724 562925
396119 740 731102
785827 544 923576
101649 424 215655
934586 544 706516
622620 149 756125
548255 792 931949
731867 239 423954
376504 330 947405
389583 894 434838
564452 451 857787
118950 67 832917
195864 745 737839
142836 542 897419
412427 746 960725
613292 534 513304
180244 543 209524
774569 498 454933
97683 217 798086
361743 854 361109
839685 171 668355
18022 121 89838
316983 258 298962
807666 245 922518
813918 41 471336
43693 455 440353
874502 833 144298
914346 72 83348
627489 695 391626
76677 620 129525
198022 119 541589
245519 578 507642
904459 752 910590
247126 971 213675
873341 793 764668
372447 904 39869
811885 115 752446
955066 982 33692
264417 103 592674
874993 900 314913
462380 499 510769
347193 479 561512
229884 592 612846
411516 676 231398
90949 334 336639
190704 583 130101
423628 506 764248
365882 435 433512
702939 744 718729
429457 961 42092
520782 485 472846
435457 588 52716
409817 431 444425
123312 397 356547
30624 824 480268
622364 212 644675
301666 31 995002
345090 64 786970
671140 720 926926
940123 527 192850
407374 853 254569
222560 880 56241
148259 38 179803
809126 448 921952
32797 494 340356
235243 914 739583
972853 431 383348
860261 252 103578
240051 343 319121
42820 22 535398
700610 979 255323
680547 901 238170
102537 613 189131
524728 568 175229
907665 337 967309
667898 457 589390
191192 701 176214
492591 271 659831
748573 944 529902
443041 538 137299
26162 106 99114
939336 911 112205
463262 782 180961
591335 830 12006
735474 860 634699
344576 553 771767
106649 650 539306
646399 870 634841
383684 565 633095
626591 408 661283
801946 572 919533
803396 657 44409
750350 676 476159
15454 436 252174
477999 146 32878
372803 137 983925
291251 533 978878
989927 624 470571
736033 946 891782
644768 267 414546
452326 717 829835
488072 558 705746
298068 365 631493
499772 497 499542
82147 992 151133
777698 784 92137
772400 943 597214
442789 121 450508
691319 596 603046
582358 86 776448
903238 507 383487
999913 749 8404
232068 622 300473
658655 917 529350
229142 347 588545
199629 402 287176
460600 626 579107
932300 660 913868
860 43 356406
431468 684 872434
575273 325 1734
980650 111 964492
960152 477 394290
698767 263 892669
527090 21 183149
791153 879 386556
191930 931 986793
534403 549 19939
376459 661 23718
257818 86 524270
795397 34 423517
939676 461 992285
589517 884 159085
931629 636 396510
352670 284 752204
842932 112 847696
683341 908 136365
816675 943 68228
279488 971 64743
65806 412 536969
506912 326 304898
776073 245 832338
684686 939 51602
690197 330 551129
264572 330 917499
821752 402 398426
626691 567 437191
718521 810 594460
578629 345 295903
341798 103 117016
887283 880 586833
574060 716 954641
529737 638 740175
319332 542 783768
783798 107 165504
698587 775 327071
334591 791 617612
299511 745 93551
281289 122 586425
502442 69 187382
530681 662 348314
945252 138 688442
568192 288 995339
366885 82 214701
379987 844 249521
642774 746 967155
684175 287 82735
521323 194 193773
724381 762 114777
244121 861 993695
768225 564 850986
326568 938 388622
818374 936 724233
912408 475 43580
631642 776 104241
31325 388 511959
279571 192 122546
612370 854 142152
477292 31 551031
112804 245 991910
33635 122 309595
599672 168 269388
766201 306 696785
447682 824 217163
476628 272 907074
553625 484 281673
451256 543 470241
464032 499 496319
739297 969 22049
918944 610 842215
843866 102 901951
265287 543 70026
36543 281 729313
474475 62 304722
317468 667 961693
74356 515 746038
694856 21 861025
956929 568 780847
33014 137 959752
223248 328 462153
732708 489 682896
804564 227 108787
683184 507 264619
101446 723 363309
758001 851 642494
376617 728 468809
551105 459 521044
867541 936 913071
428791 911 297875
337936 818 605390
663124 805 653917
146100 564 842225
900711 572 332841
437889 657 638021
928749 562 808143
995996 48 913124
616734 796 851138
688711 218 985967
49197 808 646063
652553 682 363578
846286 326 997537
601898 947 576501
496158 887 459560
979497 429 378153
737740 341 846363
31191 361 450326
86657 612 969892
432515 911 865872
837274 703 136781
70542 148 325253
44883 575 837507
235161 944 698046
372776 489 665846
805284 408 548467
746867 230 196327
536246 352 925603
563913 240 273050
340587 116 418279
959238 754 246496
234040 80 712670
597297 872 507121
998736 565 968910
546783 152 618521
634931 829 317809
891020 647 409040
268152 473 393475
904448 975 786028
189441 714 947900
209348 785 252986
135678 406 106741
258731 734 588042
977185 597 770433
488789 779 263276
776741 403 566555
996461 637 390314
605089 887 859282
884751 338 41318
200156 548 393391
443587 769 908716
801142 342 969338
562339 227 704711
974301 984 208903
463862 595 191053
663240 253 306915
381852 850 934436
91570 460 470385
871909 191 820735
139723 624 742923
355695 110 867227
211100 544 859756
852404 703 516894
134713 379 823244
877471 922 181839
774108 134 945008
334997 888 225782
801046 322 607004
924945 171 423454
819757 777 747295
274026 962 805199
57662 104 36956
690968 303 794873
339357 378 582827
186029 666 965207
966349 306 43754
740674 546 29300
349244 378 956398
450605 809 523419
308444 163 462320
6522 368 968419
857975 949 163342
583436 572 666807
653488 56 140568
714608 456 850078
124514 51 671327
430981 20 588596
543190 892 808361
307725 789 68672
783447 439 688091
647016 733 335578
276820 139 764782
203184 998 306901
446287 458 480024
422979 42 991936
794273 457 785099
728758 573 837410
392755 768 413607
920483 741 508737
242020 930 919488
136802 449 342574
688290 79 125687
152248 689 199687
682790 9 383641
484 918 69800
702729 749 675898
181213 266 62111
972286 347 518208
752250 858 254997
287412 537 300550
29784 226 627405
379002 779 671898
551840 240 594843
829085 390 359264
312729 12 59511
768143 998 336533
124504 774 196744
390892 197 928338
253058 914 692501
377168 894 801981
23639 145 228460
933517 914 483669
820082 897 348294
136626 58 857615
249665 510 62204
428174 980 621965
958694 633 355917
198743 202 324690
766305 993 809766
744495 56 379270
229723 984 84252
44283 485 523790
945593 728 520209
357358 901 808019
431874 862 194494
807577 237 454524
937175 558 47577
15889 847 557653
386865 664 425046
129040 631 644141
98824 683 156617
643354 302 723059
83618 384 673495
722778 750 433905
41405 608 347120
279579 334 663231
318958 945 679602
963806 599 567715
444708 982 819663
561257 375 407935
13872 85 979987
965234 460 736510
112966 918 315400
691404 36 5077
361216 529 744170
426537 644 906464
130956 288 246772
854849 982 476411
545932 774 876368
843826 55 860807
795150 766 325018
48958 560 584858
897137 496 218501
441106 836 735048
374371 784 624246
179113 490 487777
760663 304 404246
363969 692 629954
657701 576 785740
244293 161 438520
430673 604 610258
714614 679 88546
707117 845 220687
713813 571 66144
245265 195 649757
93725 804 842174
356863 211 61497
537118 293 4448
433953 572 954479
827807 379 218121
471536 15 168501
866401 360 705556
103018 974 610701
630350 669 672689
508336 629 567885
162527 837 983033
261202 991 499277
988552 465 537681
862039 91 148413
111296 22 6029
204259 624 728258
629108 655 267253
832678 765 296309
819004 631 266930
559925 413 328795
275237 526 822163
846767 313 808614
115573 423 522410
511782 575 765130
397271 895 931268
85659 3 869070
680043 754 468125
695592 996 996141
942969 657 376183
852848 241 583216
75923 951 213156
749531 172 247385
532952 374 262889
241117 526 33914
281765 756 159767
807755 212 533537
691542 35 906841
858506 857 422855
537049 40 835909
218479 724 21856
102084 26 552752
605489 980 111558
632664 606 182301
204493 74 381274
921836 665 685325
641385 799 897759
12540 582 262058
89381 359 51605
143077 74 915006
647943 37 330571
342023 213 270435
915420 431 918018
156552 379 384905
116320 156 623431
70808 386 808954
963789 364 981992
279369 469 19583
873289 479 884643
829316 282 849443
954420 826 844743
677837 671 192141
663542 894 655815
695493 867 774563
445304 466 177257
803060 651 156760
129494 826 953752
719622 530 752539
673693 89 919718
120389 941 677712
522863 932 616116
125731 695 98979
317718 847 479084
389946 769 277276
624057 957 90374
515965 941 323625
902963 763 301734
547255 756 74569
129671 573 239596
826925 93 991464
354803 804 739721
945316 384 157917
396836 622 140143
702790 171 228400
373756 671 276011
353772 387 763472
224872 976 503003
57923 437 758258
953637 622 961302
208610 806 346614
644361 829 547366
94487 585 866871
587030 525 61723
799069 592 11838
573980 916 668149
91737 790 286024
315280 285 581288
476385 35 257043
405285 728 43735
382260 79 579567
246656 675 282529
462113 379 551691
157527 984 824698
788825 293 980207
232277 512 763554
389419 116 772366
845609 439 569415
153173 300 963414
197977 608 881455
513315 123 62341
861340 540 995794
625803 436 422503
553658 981 848466
723895 586 466855
617903 209 458919
391696 335 139963
908820 452 994519
670335 342 985818
124775 493 434619
328265 23 705219
336380 245 196758
511582 27 884698
8814 244 373902
681249 583 165684
715295 237 607461
155056 29 488713
146409 812 944452
389897 335 54898
65478 701 472487
570269 838 927000
251630 991 794134
729444 307 772521
946717 538 702312
353388 548 839337
67387 902 721685
622296 763 884418
121264 757 558224
37076 834 418855
552193 387 387593
410720 106 431938
891074 435 163011
855430 117 809491
138755 4 151986
476227 569 295490
188441 516 882105
816176 407 711742
260963 84 506209
605266 35 236084
913209 534 313485
690519 301 530928
169145 147 576214
668756 673 160661
585246 297 152061
53748 475 432638
605403 164 237974
43501 965 58799
510238 75 647036
728145 28 697612
287383 980 95682
728009 753 861388
441982 979 57072
546050 684 26000
852765 168 637259
518791 799 401871
911476 223 518544
400966 705 455944
917808 733 223908
631140 432 943339
471186 576 411244
521791 772 393044
877777 583 525868
753867 200 470648
535471 379 151578
448721 690 546398
681693 13 785213
511596 822 479632
537817 457 39324
683619 575 871400
405953 345 514226
801457 559 944869
811944 70 836920
44662 519 925177
122048 459 684506
363061 105 611614
301528 3 180434
855891 349 223602
689989 293 915990
728976 402 900944
199352 93 423321
49036 935 174938
529258 710 681275
657756 329 491754
908329 94 342566
257625 958 430224
555088 833 772279
726580 466 920412
239048 521 775714
852121 681 622683
589245 805 511000
864200 532 623290
127886 825 619813
830558 520 971027
280021 757 197879
681189 540 192119
392307 33 990134
163723 907 57759
243147 816 796194
735695 602 874471
705326 82 814430
188485 282 515836
528096 208 692974
347730 585 73314
156043 570 681703
374196 293 817522
229254 52 156946
731646 921 717513
354060 674 373483
188712 724 434619
527793 816 953585
662938 454 707354
949461 341 18296
676182 21 432166
521273 801 718017
387993 177 860329
465334 958 31505
413789 155 771829
315236 236 826527
563697 316 447399
626993 697 373447
591158 996 719080
909486 543 321493
396788 112 175890
902927 878 922085
575161 720 147090
742701 676 977491
815017 416 140976
944496 627 487094
263172 991 598586
726275 723 153696
222319 829 86155
60264 201 366867
682041 569 278849
979508 847 408127
506121 611 568964
957882 996 727361
989631 605 263939
684920 958 812883
662489 632 463509
299862 230 571331
468997 741 363348
298409 323 599911
305737 58 399643
923536 363 837485
333883 463 724486
187548 878 64133
389274 728 899871
237186 59 851874
62082 284 460000
877424 952 841501
44783 29 48834
709336 997 897608
794624 786 446128
155917 442 135116
378326 771 380565
774244 105 728572
958174 523 506909
751239 349 391139
205568 428 571242
617079 931 45032
240993 662 249997
33332 185 349144
754702 576 714122
596269 917 222279
484244 83 765284
681395 984 530473
432282 372 164315
136423 3 781489
369507 217 264591
389051 497 808592
766587 151 519916
536121 735 227746
812766 706 627705
320018 912 288258
621844 205 702845
77744 853 686612
593304 555 801561
196405 116 353135
356965 846 403175
379825 590 693534
443215 383 509361
573178 750 622939
97535 230 855620
196526 431 269400
942368 723 214734
732779 6 492700
361829 317 344169
364915 657 201350
27336 161 351762
179785 222 360044
849107 238 77487
228231 992 358059
18848 456 628486
97482 919 28268
561114 402 230347
137690 974 916271
546968 632 299247
729167 674 892138
991150 524 378452
393351 368 887594
209104 368 473920
359544 334 469310
261698 844 269275
521279 814 776742
696247 586 582607
344431 479 70680
628115 679 925888
604876 581 792693
957635 139 473881
173008 10 177671
169487 611 302086
394169 166 473943
306876 38 212100
666036 468 299782
39177 590 322768
81425 358 191237
305401 984 776294
542049 755 339659
482576 798 632149
602368 374 174216
550262 987 995330
690356 393 588204
418415 368 523263
622425 595 655203
576320 237 41463
6657 886 22120
44899 891 103467
785366 541 897755
655347 408 816807
183122 85 621465
223438 907 959153
302530 977 694182
643092 826 386842
732017 884 77338
807707 57 516094
239623 737 847987
783955 461 165889
169962 686 594168
934434 840 361029
153617 546 341307
559040 846 680230
412782 987 961880
538144 896 47823
419043 715 923618
930771 448 986083
834559 492 801870
962065 485 919850
760930 802 995397
386734 336 216304
270672 281 626992
995726 446 680202
330238 672 843238
175115 568 534882
935254 597 206211
464235 449 62280
510087 626 525408
391890 230 214166
458287 743 141276
430836 363 100954
996069 841 269844
292606 340 554081
988221 505 763857
362926 58 161509
428168 104 186209
605473 928 325134
299474 563 868691
597458 141 49880
36457 171 353004
274319 11 779073
658126 391 964362
719003 425 712677
777803 924 188495
79210 197 437225
329911 772 760688
90232 820 277282
158487 901 876810
938829 349 838171
203048 541 181659
674862 795 81019
112294 364 964327
723892 779 978396
747570 961 710082
504483 206 388090
800912 472 702155
103025 560 428482
643603 795 701395
275411 17 525390
522319 471 218295
278848 698 941095
648661 225 192971
844092 955 949207
564933 866 633075
493166 915 813696
852650 79 39573
59532 872 875370
98244 181 1236
366903 513 198650
713060 315 695633
100821 41 821652
690598 129 869313
80788 397 595940
515232 865 408425
658332 552 661431
764291 979 781213
946650 774 746966
378882 47 186807
4993 959 767699
487976 517 410011
154258 174 939471
104968 991 814253
848170 385 504061
5475 507 455601
10980 729 244555
246788 130 115685
797 381 68639
822668 93 104627
969045 795 986450
321376 530 279168
913665 456 944844
666005 81 599510
98452 225 59406
851155 469 126283
347300 666 731134
760583 96 551368
242769 693 301896
153028 486 338329
826379 717 441979
987391 982 254919
992442 341 176362
194892 293 298259
244085 347 39517
379905 244 635997
677119 986 55330
175989 788 487688
698861 664 128286
80502 480 149636
419785 11 782442
187295 763 154025
336705 458 827344
66381 490 817285
506998 145 32290
758576 131 732319
192945 238 151972
25729 919 719144
514597 467 718487
267443 124 328707
778188 387 504217
566884 319 811672
606545 490 449596
727272 721 109891
502135 455 403247
841871 592 171765
505904 28 598643
216357 521 63146
741852 632 638570
214189 819 967547
681870 738 684147
237956 710 606073
688529 538 795989
167976 837 240341
967422 244 725928
752699 584 279641
768099 733 810585
700849 477 212096
815822 66 632374
864817 913 112176
411924 958 337661
445017 130 697944
621698 459 296210
420360 432 415535
925558 667 338748
482957 668 284047
574847 800 650654
458054 424 552558
182521 730 615561
77946 568 636945
399562 320 359555
47033 40 430202
749410 369 285758
216210 999 794565
468257 556 645300
184073 515 189199
721441 221 393214
833512 437 309227
831554 25 696052
592324 503 801696
141627 965 645473
479582 972 23008
119153 435 136529
649246 528 950926
312640 822 416216
786003 41 201262
5500 863 898123
429305 4 438207
167004 470 773195
869902 187 788206
21789 390 569891
905797 759 589327
969729 27 98206
683809 737 546918
50265 831 530195
636051 326 29561
704814 44 948470
955803 915 70183
213256 67 734000
748116 894 573384
769052 501 89165
906951 478 967313
757538 672 776116
909901 445 90558
196048 38 662837
383111 827 282622
296629 393 87491
518568 397 87248
596511 186 682932
139426 583 887840
473152 354 842756
782570 334 752222
828591 633 577053
353448 930 119528
848327 927 246832
997752 403 102933
935430 920 783683
980131 738 237173
474287 772 785217
243713 489 571089
285673 495 313860
248253 735 901564
512351 285 635072
654313 206 951129
258961 792 37636
925719 22 755179
107750 181 862976
946957 990 102049
815349 916 425663
612974 288 51418
148018 248 234300
966800 613 711161
605190 640 421321
386484 442 580143
616731 140 235066
837933 523 666736
172686 490 125413
370746 453 174708
710850 817 687715
872557 25 604018
458730 902 433093
689178 366 134471
277401 15 961626
168139 582 50483
659853 517 429249
891245 157 165962
432444 70 804566
682216 575 132027
102605 179 566192
131901 296 610459
555050 349 350285
750462 432 754940
832776 606 438105
38745 887 691639
415291 606 13432
898305 86 577859
320114 284 933737
686504 904 154588
892720 167 256925
41767 383 711516
522781 636 423450
245926 210 327404
334241 977 899170
216408 870 325693
145087 154 999880
132864 275 278250
58382 802 706941
468725 530 954782
908938 773 642569
753387 117 625722
340548 533 423976
102688 134 460486
267370 418 640915
136714 154 493799
508603 950 193533
54157 928 993313
649713 824 939582
342854 422 104075
25156 769 318868
456594 292 112125
324463 876 656189
881896 988 301844
389314 106 531869
557785 736 647570
442932 269 784424
499346 261 260815
115937 612 493885
327252 231 802213
999806 167 488581
598235 87 336310
636276 36 702521
124786 369 676234
572680 875 525569
90284 897 894817
228212 829 673948
297020 168 953490
557572 691 558235
477248 42 271924
216702 492 484743
534222 730 642838
974334 159 337942
288377 209 810451
172150 524 854988
245295 788 865376
221442 37 495682
961770 772 312843
614074 921 698934
164968 147 729019
389225 35 593329
556470 20 650111
415741 326 490427
275141 842 373010
752643 85 187984
171147 253 518485
477181 401 270785
312631 177 83429
650389 635 885839
991068 784 692741
971410 388 233723
917489 666 330045
924703 850 494251
621631 563 578876
658591 276 793776
252756 901 494333
54760 849 170298
373567 734 125776
239729 4 982411
66770 867 75183
324746 539 117824
655687 773 797977
742917 137 469022
915577 140 559208
916904 825 522408
183256 555 271450
775251 806 28304
2727 403 666932
320424 919 543045
340261 195 913571
586247 935 529249
341665 743 302272
390318 44 171255
600272 863 439489
551269 927 120112
653338 314 1876
857480 837 813538
943328 771 84120
216693 372 234345
828790 435 838583
635820 929 458781
615038 225 541997
234788 152 108983
230759 926 346220
245144 404 697665
873954 100 514785
458273 264 710579
956981 929 647638
920654 398 350239
339360 463 976231
804406 407 447623
905856 735 719122
319098 835 72709
132365 678 206316
969123 258 474786
396453 31 552395
855775 170 129532
283324 354 731721
593301 339 640179
268308 732 272696
476458 232 508015
783030 287 883973
450425 944 343999
313525 300 435120
82440 773 815232
441922 815 77562
268354 339 856500
55105 419 184451
383789 156 75454
59914 358 189876
209484 978 636761
498255 391 835478
557142 421 611717
873821 518 722093
82654 207 126395
633549 436 21859
817864 45 613942
852481 243 895337
162386 847 703516
122280 687 227103
349811 690 219522
332379 534 744090
404860 549 707254
695692 541 544831
275855 345 594043
473626 44 742236
209784 749 49118
219596 859 502611
767411 882 583632
987110 670 319077
523006 316 35673
851966 654 372892
985828 633 769817
395590 544 653752
83378 909 669480
268609 395 483316
317184 549 889249
256951 212 45702
312232 539 49516
342983 557 430929
525827 795 588048
127932 111 468392
185380 804 941613
771703 516 522687
863809 321 410323
845140 505 124115
264337 737 200780
284406 10 534365
928545 701 77952
728481 351 91583
934598 33 978396
67661 926 551318
29349 782 31518
355880 962 812899
812431 38 894451
781205 940 207303
184065 712 623355
987237 751 23019
349876 228 23554
224005 665 361631
616921 730 213488
636910 959 915485
518313 479 464265
280114 129 402328
616669 833 945591
124091 55 285060
24663 172 926448
86483 170 678623
349683 740 248021
348912 935 992038
350965 37 554327
185039 225 566122
607463 552 500944
805155 693 130542
551457 664 518322
663548 898 466966
870348 364 437092
268852 481 114695
512632 6 31708
367830 546 35963
785100 357 111974
667121 240 801442
222212 238 93204
813253 335 517703
831194 193 249121
772855 580 58998
869072 946 657503
223539 524 639332
370987 565 107957
134443 896 766618
646030 31 88294
130687 808 779069
143954 241 807793
308019 150 504938
816088 622 321313
472460 717 832647
843891 208 905325
408531 267 695837
88127 767 228876
75487 3 286750
511955 739 156756
179424 479 210508
751123 307 306622
671708 957 43947
236066 605 331228
574230 896 506326
853982 936 993651
950988 609 120281
56776 623 896588
147030 94 992788
698874 647 638180
27291 779 23332
636759 955 461310
21582 727 198985
624919 639 341602
779160 160 456198
443585 283 55434
286353 34 948227
114301 137 212316
488798 869 106621
352398 930 828247
889524 966 619914
964397 44 881234
63005 272 977620
269619 63 749825
659189 202 513705
81552 329 714214
627708 67 838581
548222 503 441374
76366 156 580212
409784 606 172345
852427 630 462369
616541 921 499633
12715 700 695733
167005 28 776905
406679 195 587975
2389 626 224752
250178 265 827883
195740 523 813103
478821 178 949217
801954 896 4955
627261 801 502195
630259 995 513633
988472 909 807171
798870 969 847871
157424 802 549912
271504 931 315171
432842 907 205534
809615 404 152129
842988 822 514678
142807 484 976157
89413 312 876036
347438 997 358182
132133 337 200003
785454 565 730900
297842 353 282214
680770 12 777939
887835 395 207032
58940 590 502940
773436 810 279647
488374 12 48210
454270 994 465865
639826 71 18723
991965 977 205441
427545 454 610323
774546 839 633890
406945 337 597337
402763 946 415986
23792 861 653470
328170 262 235088
904398 337 649120
190458 972 964759
113086 441 374900
618656 513 10684
961511 378 623282
732257 441 567848
754687 703 561455
704759 979 452480
486295 362 120248
825412 816 393952
370748 429 580683
635001 7 922806
620742 762 934789
918483 76 769003
663521 344 168199
104672 321 682488
937413 825 539759
286283 659 906702
438530 440 731579
452883 298 677729
362530 767 180860
782838 802 121626
539487 113 240281
581211 478 171087
560728 900 727270
771508 998 528150
380310 674 831454
904869 895 295705
857916 304 998718
784803 707 784769
923843 128 774561
842007 209 908862
336421 515 575195
489088 487 13568
156778 729 571864
549602 870 747589
350719 581 134147
952684 245 64957
720252 595 957088
282075 890 657323
887523 324 368571
184371 325 939766
445934 301 760717
245117 174 19154
404719 707 994445
133172 481 667204
710837 323 972982
40499 703 10099
439845 168 65182
14063 911 16234
362343 644 957362
233646 213 5625
293284 291 451938
642828 635 473931
888996 397 716993
967172 935 916438
743286 204 859601
617620 308 578588
586375 974 696789
234058 268 25625
741172 67 643748
405140 629 897958
130085 610 401313
437652 537 723734
454146 160 119324
914977 195 33541
189466 145 591328
556048 280 847434
827495 43 872319
5543 732 452299
870368 223 949860
588597 357 808045
111495 554 891720
392182 420 906419
533189 676 446727
922173 313 206378
719296 360 668419
212762 807 896908
111654 676 373767
48324 809 128651
699743 178 933104
452027 972 645678
99785 447 223130
86003 782 448462
505693 907 648889
49916 870 586109
624681 889 72653
379197 973 690504
591071 87 334504
576670 148 789015
93228 633 286333
443484 654 522782
959791 449 635602
715244 816 214275
96361 51 678964
727950 431 810237
758679 952 940861
82343 641 807044
997857 103 580970
368929 896 762083
561519 643 742430
979036 715 266463
963607 546 88655
515393 870 946376
553819 675 971731
5348 596 353338
115048 915 744669
634659 202 834479
890046 464 891012
415023 175 827682
619754 469 39451
316137 65 105049
257341 912 749581
224379 138 635065
562173 473 847747
204254 420 100311
209651 629 921718
805245 378 721279
430195 395 383693
27149 928 972901
568747 878 315937
702492 612 501251
316299 347 687559
706546 710 332559
227376 187 36527
917839 852 708407
400334 651 3341
570508 489 816755
329622 227 825210
820687 768 454395
697979 813 892313
260418 53 540916
585102 96 498892
754394 547 738734
436217 892 33019
551030 444 456427
707646 111 856676
12026 637 64754
14457 816 640284
740498 40 201061
172120 683 571718
962551 167 571383
398799 621 401830
530884 935 341488
229352 633 803900
974016 522 931184
167551 163 114111
174901 136 730127
963542 315 858859
539098 207 425513
526832 733 793051
775409 713 118018
860608 919 760757
545359 366 19881
867567 476 961158
424184 58 625848
860273 280 895094
597181 465 376054
200993 835 634527
334539 441 822892
666684 185 788401
496896 160 25241
196004 978 340901
432370 663 553534
133332 471 624616
202784 429 731430
157820 558 494811
913069 655 404553
408665 230 670450
646061 767 528160
182233 341 703765
384714 356 514174
718511 433 431265
296170 722 6526
254372 605 525461
434061 137 194487
365339 989 46698
268700 459 916491
292230 532 971245
139634 441 793196
86970 388 395996
903305 117 828982
200328 142 264058
976969 687 838040
725823 492 66734
782366 977 406021
342640 413 990926
177146 668 338949
775237 71 673490
297526 808 407620
987265 306 489936
337191 766 140037
895376 307 93538
845343 217 526631
524642 111 386936
279302 406 649167
15655 666 642318
193005 424 67787
544685 279 550457
7328 280 720848
518167 873 912755
422264 723 311470
440929 426 7430
599662 140 767692
245364 955 276081
727352 645 89307
42701 363 561551
928781 729 949800
510302 372 701093
427681 141 280931
197742 124 765396
50725 991 919389
432101 152 906026
130449 541 380046
171716 175 696688
997748 218 306967
140357 861 529335
391741 837 770496
910759 76 23178
338677 972 304492
742932 547 921055
282399 368 193607
611216 840 331638
764892 833 985433
182284 48 256194
602598 812 531694
319209 42 673464
571112 691 115251
122692 504 679948
994103 340 742548
886332 135 119955
949414 77 78399
636164 255 54230
563850 512 541832
626700 101 477356
497660 330 719403
