528
43 20
20 76
76 95
95 97
97 18
18 71
71 41
41 58
58 94
94 82
82 19
19 54
54 33
33 75
75 31
31 91
91 74
74 3
3 75
75 83
83 44
44 18
18 65
65 91
91 95
95 85
85 51
51 86
86 80
80 47
47 31
31 72
72 69
69 59
59 61
61 17
17 97
97 99
99 17
17 29
29 7
7 100
100 27
27 55
55 8
8 28
28 85
85 48
48 85
85 7
7 3
3 60
60 63
63 23
23 99
99 24
24 96
96 71
71 53
53 18
18 5
5 41
41 8
8 79
79 45
45 68
68 77
77 8
8 89
89 67
67 12
12 75
75 72
72 17
17 70
70 78
78 3
3 75
75 16
16 18
18 17
17 53
53 15
15 71
71 99
99 20
20 78
78 36
36 76
76 48
48 8
8 45
45 39
39 31
31 81
81 10
10 37
37 100
100 71
71 61
61 22
22 1
1 26
26 15
15 82
82 29
29 82
82 55
55 38
38 71
71 62
62 16
16 90
90 23
23 50
50 69
69 1
1 3
3 39
39 47
47 42
42 67
67 16
16 46
46 26
26 63
63 6
6 14
14 81
81 21
21 6
6 74
74 32
32 64
64 39
39 8
8 60
60 25
25 33
33 69
69 83
83 34
34 41
41 96
96 65
65 4
4 70
70 91
91 52
52 26
26 25
25 13
13 6
6 87
87 77
77 6
6 85
85 31
31 80
80 33
33 49
49 99
99 16
16 93
93 76
76 38
38 4
4 58
58 26
26 19
19 5
5 87
87 81
81 28
28 85
85 64
64 76
76 33
33 35
35 54
54 99
99 46
46 32
32 16
16 78
78 80
80 73
73 48
48 27
27 31
31 31
31 6
6 83
83 23
23 8
8 95
95 45
45 62
62 46
46 94
94 83
83 40
40 92
92 18
18 51
51 57
57 37
37 97
97 93
93 61
61 38
38 29
29 74
74 19
19 79
79 91
91 34
34 1
1 23
23 20
20 66
66 75
75 91
91 56
56 99
99 15
15 26
26 56
56 52
52 58
58 46
46 32
32 84
84 73
73 34
34 87
87 78
78 48
48 53
53 86
86 36
36 94
94 38
38 40
40 50
50 82
82 54
54 50
50 76
76 85
85 12
12 56
56 26
26 11
11 56
56 87
87 17
17 41
41 50
50 71
71 100
100 1
1 70
70 58
58 11
11 91
91 94
94 88
88 90
90 11
11 96
96 77
77 95
95 60
60 31
31 65
65 51
51 77
77 36
36 63
63 36
36 27
27 56
56 72
72 44
44 50
50 82
82 16
16 41
41 43
43 43
43 97
97 32
32 14
14 41
41 50
50 52
52 1
1 39
39 12
12 49
49 72
72 66
66 72
72 15
15 35
35 59
59 25
25 47
47 16
16 55
55 62
62 29
29 4
4 84
84 93
93 57
57 14
14 42
42 40
40 8
8 74
74 54
54 56
56 76
76 1
1 6
6 29
29 80
80 82
82 95
95 29
29 53
53 62
62 79
79 75
75 80
80 37
37 95
95 41
41 71
71 31
31 32
32 87
87 55
55 65
65 63
63 51
51 20
20 70
70 9
9 44
44 15
15 52
52 99
99 81
81 69
69 41
41 31
31 70
70 89
89 95
95 8
8 56
56 58
58 72
72 52
52 66
66 79
79 74
74 89
89 77
77 97
97 66
66 50
50 53
53 62
62 75
75 74
74 50
50 46
46 25
25 1
1 12
12 55
55 29
29 24
24 9
9 84
84 41
41 44
44 7
7 8
8 62
62 7
7 81
81 88
88 60
60 36
36 23
23 33
33 65
65 67
67 82
82 77
77 78
78 29
29 55
55 12
12 37
37 42
42 41
41 21
21 81
81 74
74 14
14 72
72 66
66 100
100 40
40 23
23 11
11 8
8 41
41 83
83 27
27 42
42 20
20 66
66 58
58 75
75 28
28 64
64 73
73 19
19 43
43 23
23 50
50 94
94 69
69 12
12 78
78 86
86 1
1 38
38 54
54 26
26 28
28 74
74 92
92 18
18 28
28 51
51 18
18 29
29 98
98 46
46 40
40 86
86 72
72 58
58 94
94 54
54 87
87 95
95 51
51 22
22 16
16 78
78 36
36 63
63 10
10 4
4 48
48 8
8 23
23 87
87 59
59 5
5 48
48 99
99 82
82 40
40 74
74 70
70 61
61 15
15 4
4 55
55 66
66 22
22 45
45 63
63 67
67 93
93 49
49 84
84 99
99 60
60 31
31 37
37 47
47 72
72 36
36 70
70 76
76 83
83 19
19 38
38 57
57 93
93 92
92 7
7 7
7 96
96 80
80 80
80 96
96 97
97 52
52 5
5 21
21 95
95 76
76 40
40 21
21 58
58 52
