703
1 61
61 17
17 45
45 49
49 100
100 81
81 59
59 76
76 66
66 13
13 34
34 90
90 95
95 10
10 48
48 28
28 54
54 66
66 24
24 72
72 67
67 89
89 44
44 91
91 23
23 69
69 25
25 94
94 87
87 20
20 19
19 63
63 35
35 32
32 80
80 77
77 99
99 41
41 75
75 92
92 96
96 6
6 94
94 47
47 38
38 29
29 43
43 3
3 15
15 1
1 67
67 2
2 36
36 83
83 6
6 28
28 53
53 38
38 76
76 15
15 32
32 50
50 23
23 93
93 58
58 1
1 1
1 72
72 1
1 91
91 3
3 95
95 54
54 29
29 10
10 33
33 16
16 88
88 31
31 92
92 77
77 94
94 8
8 40
40 17
17 87
87 73
73 51
51 83
83 83
83 35
35 60
60 58
58 57
57 94
94 62
62 27
27 71
71 74
74 61
61 23
23 4
4 19
19 35
35 52
52 67
67 59
59 79
79 41
41 74
74 50
50 90
90 88
88 70
70 90
90 21
21 92
92 6
6 95
95 7
7 65
65 48
48 54
54 67
67 32
32 87
87 98
98 17
17 53
53 41
41 6
6 7
7 78
78 23
23 19
19 80
80 60
60 41
41 23
23 3
3 10
10 95
95 71
71 100
100 85
85 100
100 36
36 92
92 63
63 27
27 43
43 11
11 30
30 47
47 50
50 43
43 68
68 55
55 88
88 84
84 56
56 35
35 45
45 54
54 98
98 3
3 45
45 49
49 24
24 4
4 40
40 24
24 30
30 23
23 4
4 47
47 49
49 9
9 73
73 47
47 90
90 70
70 11
11 53
53 68
68 64
64 28
28 86
86 22
22 73
73 88
88 85
85 87
87 10
10 13
13 6
6 10
10 56
56 43
43 84
84 70
70 59
59 70
70 38
38 27
27 7
7 72
72 5
5 85
85 49
49 10
10 12
12 36
36 32
32 61
61 93
93 38
38 38
38 3
3 57
57 75
75 56
56 68
68 28
28 42
42 48
48 58
58 21
21 19
19 66
66 64
64 76
76 4
4 44
44 81
81 6
6 33
33 41
41 11
11 34
34 11
11 67
67 33
33 84
84 13
13 87
87 67
67 29
29 71
71 24
24 46
46 95
95 40
40 80
80 59
59 96
96 90
90 7
7 84
84 59
59 10
10 97
97 76
76 17
17 25
25 12
12 69
69 23
23 61
61 88
88 78
78 16
16 62
62 12
12 54
54 58
58 97
97 94
94 60
60 32
32 14
14 96
96 79
79 76
76 69
69 69
69 92
92 80
80 18
18 39
39 75
75 47
47 82
82 31
31 56
56 41
41 15
15 2
2 45
45 82
82 46
46 8
8 88
88 25
25 74
74 75
75 100
100 87
87 37
37 13
13 71
71 27
27 88
88 12
12 53
53 23
23 18
18 8
8 96
96 86
86 96
96 14
14 81
81 18
18 5
5 34
34 85
85 91
91 84
84 84
84 79
79 26
26 100
100 53
53 61
61 81
81 82
82 80
80 72
72 32
32 42
42 40
40 89
89 26
26 28
28 59
59 38
38 32
32 92
92 94
94 76
76 81
81 78
78 58
58 15
15 79
79 38
38 37
37 38
38 22
22 15
15 11
11 86
86 63
63 74
74 12
12 53
53 17
17 80
80 6
6 14
14 69
69 65
65 96
96 65
65 60
60 57
57 50
50 74
74 72
72 29
29 38
38 77
77 4
4 66
66 41
41 88
88 1
1 21
21 27
27 23
23 13
13 15
15 35
35 40
40 58
58 94
94 37
37 62
62 87
87 47
47 73
73 66
66 6
6 68
68 10
10 5
5 45
45 32
32 62
62 71
71 13
13 49
49 78
78 92
92 86
86 40
40 16
16 96
96 90
90 87
87 72
72 83
83 71
71 16
16 71
71 15
15 78
78 83
83 68
68 43
43 64
64 84
84 47
47 58
58 43
43 65
65 14
14 70
70 32
32 60
60 15
15 95
95 4
4 25
25 52
52 44
44 23
23 66
66 35
35 54
54 40
40 75
75 84
84 95
95 24
24 10
10 83
83 7
7 7
7 3
3 66
66 47
47 46
46 20
20 96
96 38
38 82
82 33
33 24
24 98
98 86
86 48
48 42
42 81
81 48
48 34
34 43
43 10
10 27
27 31
31 51
51 79
79 18
18 8
8 25
25 90
90 100
100 15
15 57
57 53
53 49
49 11
11 30
30 46
46 65
65 47
47 37
37 27
27 90
90 14
14 67
67 22
22 91
91 36
36 88
88 88
88 41
41 11
11 60
60 3
3 13
13 74
74 46
46 75
75 25
25 30
30 74
74 92
92 41
41 64
64 41
41 7
7 98
98 14
14 24
24 46
46 22
22 50
50 20
20 59
59 72
72 87
87 41
41 52
52 83
83 66
66 44
44 7
7 35
35 44
44 97
97 12
12 54
54 58
58 63
63 16
16 91
91 31
31 4
4 53
53 30
30 25
25 97
97 50
50 25
25 60
60 34
34 61
61 74
74 54
54 90
90 46
46 63
63 10
10 7
7 96
96 89
89 64
64 43
43 50
50 7
7 14
14 20
20 29
29 73
73 2
2 45
45 98
98 22
22 54
54 81
81 75
75 42
42 26
26 34
34 98
98 69
69 6
6 15
15 20
20 46
46 17
17 53
53 11
11 70
70 88
88 30
30 59
59 1
1 17
17 14
14 43
43 58
58 84
84 22
22 7
7 29
29 54
54 9
9 10
10 99
99 8
8 79
79 20
20 50
50 91
91 40
40 21
21 88
88 72
72 16
16 58
58 59
59 96
96 38
38 87
87 74
74 51
51 30
30 7
7 23
23 24
24 10
10 63
63 50
50 30
30 7
7 61
61 6
6 42
42 41
41 77
77 91
91 20
20 19
19 5
5 86
86 43
43 94
94 10
10 99
99 48
48 24
24 60
60 29
29 72
72 92
92 57
57 41
41 77
77 92
92 10
10 64
64 58
58 60
60 54
54 63
63 85
85 44
44 76
76 56
56 90
90 68
68 40
40 24
24 91
91 60
60 50
50 58
58 95
95 86
86 78
78 90
90 29
29 62
62 46
46 12
12 57
57 74
74 20
20 47
47 58
58 53
53 36
36 25
25 13
13 85
85 56
56 92
92 78
78 78
78 46
