614
12 8
8 84
84 41
41 33
33 64
64 27
27 51
51 67
67 25
25 36
36 55
55 57
57 23
23 30
30 25
25 62
62 83
83 56
56 24
24 33
33 56
56 72
72 77
77 81
81 41
41 31
31 64
64 60
60 96
96 69
69 59
59 90
90 16
16 78
78 16
16 4
4 93
93 70
70 94
94 48
48 65
65 40
40 78
78 71
71 66
66 83
83 68
68 55
55 51
51 12
12 5
5 30
30 71
71 45
45 2
2 26
26 28
28 66
66 81
81 25
25 97
97 3
3 7
7 76
76 59
59 9
9 79
79 95
95 94
94 46
46 34
34 33
33 25
25 94
94 93
93 5
5 37
37 86
86 80
80 66
66 50
50 74
74 25
25 62
62 36
36 39
39 8
8 35
35 79
79 87
87 40
40 90
90 52
52 22
22 32
32 84
84 22
22 45
45 71
71 63
63 34
34 38
38 44
44 20
20 37
37 33
33 50
50 4
4 57
57 14
14 11
11 37
37 23
23 73
73 44
44 73
73 96
96 37
37 18
18 82
82 100
100 86
86 96
96 10
10 9
9 89
89 82
82 68
68 32
32 100
100 45
45 27
27 34
34 79
79 21
21 53
53 2
2 45
45 60
60 24
24 47
47 49
49 49
49 60
60 14
14 94
94 35
35 28
28 53
53 4
4 59
59 49
49 80
80 88
88 73
73 68
68 17
17 14
14 13
13 88
88 96
96 36
36 70
70 50
50 55
55 17
17 31
31 4
4 1
1 52
52 51
51 33
33 36
36 83
83 2
2 32
32 45
45 14
14 90
90 45
45 81
81 37
37 53
53 48
48 35
35 50
50 87
87 51
51 44
44 55
55 41
41 94
94 97
97 91
91 45
45 41
41 34
34 77
77 68
68 82
82 88
88 35
35 52
52 6
6 17
17 63
63 15
15 95
95 6
6 81
81 45
45 43
43 51
51 21
21 97
97 15
15 100
100 86
86 95
95 23
23 27
27 47
47 87
87 26
26 3
3 70
70 49
49 86
86 60
60 24
24 65
65 69
69 14
14 35
35 41
41 62
62 12
12 4
4 90
90 1
1 60
60 57
57 5
5 16
16 80
80 8
8 43
43 51
51 86
86 33
33 11
11 2
2 37
37 95
95 71
71 83
83 39
39 89
89 67
67 41
41 11
11 60
60 17
17 79
79 26
26 10
10 26
26 96
96 47
47 96
96 44
44 25
25 88
88 74
74 40
40 86
86 8
8 61
61 2
2 14
14 2
2 56
56 52
52 99
99 19
19 22
22 45
45 27
27 95
95 61
61 49
49 86
86 70
70 64
64 3
3 35
35 84
84 36
36 26
26 51
51 99
99 27
27 84
84 19
19 85
85 13
13 78
78 90
90 4
4 35
35 71
71 10
10 19
19 61
61 36
36 29
29 66
66 82
82 70
70 77
77 65
65 49
49 59
59 57
57 83
83 11
11 82
82 33
33 82
82 97
97 90
90 65
65 58
58 79
79 80
80 16
16 6
6 29
29 28
28 27
27 13
13 16
16 77
77 47
47 89
89 3
3 72
72 82
82 26
26 42
42 61
61 70
70 73
73 90
90 60
60 79
79 43
43 80
80 77
77 39
39 2
2 78
78 31
31 76
76 10
10 5
5 55
55 15
15 73
73 2
2 70
70 81
81 39
39 12
12 67
67 81
81 42
42 38
38 85
85 2
2 31
31 82
82 81
81 64
64 9
9 3
3 88
88 42
42 59
59 63
63 97
97 30
30 16
16 39
39 46
46 66
66 29
29 17
17 40
40 19
19 58
58 81
81 24
24 46
46 26
26 84
84 92
92 74
74 47
47 44
44 57
57 7
7 63
63 87
87 23
23 54
54 48
48 94
94 95
95 82
82 7
7 13
13 7
7 79
79 57
57 11
11 93
93 100
100 40
40 98
98 76
76 100
100 17
17 88
88 5
5 19
19 19
19 80
80 38
38 8
8 59
59 37
37 92
92 39
39 2
2 73
73 58
58 14
14 42
42 4
4 90
90 5
5 77
77 83
83 13
13 46
46 22
22 24
24 68
68 18
18 8
8 8
8 66
66 79
79 92
92 36
36 59
59 90
90 56
56 93
93 8
8 61
61 31
31 93
93 9
9 48
48 9
9 8
8 34
34 96
96 1
1 99
99 92
92 99
99 92
92 63
63 25
25 57
57 100
100 62
62 68
68 65
65 100
100 80
80 96
96 92
92 77
77 89
89 80
80 44
44 43
43 85
85 19
19 34
34 3
3 44
44 3
3 35
35 44
44 95
95 26
26 41
41 71
71 81
81 79
79 3
3 11
11 13
13 55
55 83
83 22
22 93
93 11
11 11
11 23
23 22
22 9
9 40
40 22
22 24
24 36
36 82
82 72
72 87
87 99
99 28
28 75
75 97
97 50
50 1
1 9
9 8
8 99
99 21
21 53
53 22
22 77
77 76
76 58
58 36
36 32
32 22
22 81
81 35
35 72
72 90
90 66
66 57
57 88
88 87
87 57
57 45
45 68
68 9
9 98
98 84
84 61
61 89
89 5
5 92
92 37
37 37
37 32
32 27
27 47
47 69
69 9
9 34
34 73
73 53
53 26
26 67
67 53
53 74
74 31
31 1
1 49
49 65
65 46
46 10
10 39
39 77
77 77
77 19
19 18
18 6
6 47
47 14
14 87
87 100
100 70
70 34
34 49
49 40
40 26
26 9
9 30
30 12
12 48
48 41
41 23
23 80
80 75
75 53
