612
43 64
64 31
31 17
17 53
53 68
68 89
89 23
23 51
51 32
32 9
9 31
31 26
26 33
33 70
70 78
78 9
9 6
6 76
76 15
15 7
7 85
85 82
82 16
16 23
23 65
65 24
24 79
79 86
86 13
13 19
19 94
94 8
8 28
28 55
55 32
32 67
67 60
60 65
65 30
30 2
2 19
19 56
56 32
32 19
19 3
3 31
31 92
92 57
57 90
90 84
84 75
75 74
74 9
9 64
64 88
88 59
59 10
10 92
92 98
98 68
68 29
29 75
75 46
46 32
32 3
3 74
74 91
91 95
95 26
26 56
56 7
7 16
16 10
10 8
8 2
2 80
80 3
3 1
1 58
58 22
22 88
88 10
10 46
46 97
97 89
89 30
30 63
63 85
85 11
11 18
18 83
83 80
80 69
69 71
71 83
83 8
8 74
74 83
83 38
38 19
19 20
20 34
34 37
37 18
18 67
67 15
15 8
8 42
42 52
52 64
64 27
27 52
52 39
39 88
88 51
51 31
31 35
35 93
93 61
61 61
61 20
20 9
9 43
43 80
80 16
16 85
85 68
68 62
62 78
78 69
69 90
90 46
46 38
38 89
89 44
44 50
50 50
50 81
81 30
30 95
95 34
34 67
67 78
78 30
30 47
47 3
3 1
1 98
98 14
14 40
40 34
34 59
59 18
18 60
60 88
88 98
98 72
72 42
42 93
93 78
78 89
89 84
84 56
56 4
4 55
55 41
41 30
30 75
75 53
53 9
9 60
60 20
20 36
36 31
31 24
24 94
94 50
50 89
89 47
47 25
25 60
60 98
98 13
13 27
27 64
64 63
63 95
95 44
44 85
85 4
4 78
78 92
92 52
52 24
24 75
75 32
32 53
53 87
87 48
48 34
34 30
30 2
2 3
3 45
45 36
36 56
56 36
36 62
62 18
18 53
53 52
52 89
89 99
99 26
26 77
77 91
91 64
64 10
10 65
65 66
66 42
42 26
26 85
85 94
94 19
19 4
4 46
46 59
59 87
87 48
48 51
51 89
89 91
91 86
86 34
34 83
83 88
88 47
47 49
49 98
98 40
40 4
4 99
99 52
52 50
50 30
30 4
4 33
33 2
2 94
94 11
11 22
22 7
7 91
91 97
97 44
44 58
58 50
50 42
42 88
88 29
29 8
8 82
82 75
75 45
45 98
98 54
54 26
26 99
99 46
46 100
100 45
45 83
83 30
30 90
90 89
89 80
80 40
40 44
44 79
79 22
22 26
26 27
27 78
78 82
82 70
70 6
6 86
86 43
43 14
14 49
49 8
8 86
86 86
86 82
82 98
98 100
100 93
93 28
28 12
12 24
24 97
97 29
29 73
73 75
75 73
73 28
28 66
66 85
85 36
36 22
22 29
29 96
96 9
9 93
93 24
24 44
44 70
70 84
84 75
75 33
33 10
10 50
50 84
84 6
6 37
37 38
38 98
98 78
78 12
12 55
55 21
21 15
15 98
98 90
90 84
84 47
47 38
38 40
40 27
27 79
79 95
95 90
90 45
45 38
38 78
78 25
25 66
66 55
55 18
18 44
44 10
10 99
99 61
61 23
23 58
58 39
39 75
75 60
60 76
76 76
76 51
51 6
6 100
100 6
6 81
81 69
69 69
69 92
92 65
65 70
70 31
31 100
100 30
30 85
85 11
11 78
78 31
31 3
3 23
23 98
98 99
99 30
30 42
42 39
39 14
14 97
97 26
26 43
43 3
3 99
99 40
40 78
78 44
44 6
6 9
9 71
71 79
79 60
60 37
37 52
52 63
63 2
2 73
73 22
22 13
13 59
59 62
62 17
17 95
95 32
32 2
2 73
73 55
55 91
91 52
52 17
17 72
72 82
82 50
50 18
18 22
22 69
69 96
96 2
2 42
42 87
87 100
100 18
18 22
22 10
10 70
70 33
33 2
2 40
40 81
81 64
64 72
72 67
67 42
42 72
72 73
73 76
76 30
30 70
70 93
93 17
17 67
67 67
67 5
5 88
88 4
4 100
100 53
53 22
22 85
85 99
99 88
88 92
92 48
48 82
82 29
29 39
39 60
60 79
79 80
80 71
71 20
20 61
61 61
61 91
91 48
48 84
84 48
48 9
9 70
70 64
64 70
70 51
51 57
57 95
95 30
30 84
84 74
74 85
85 36
36 3
3 24
24 60
60 85
85 25
25 77
77 55
55 93
93 27
27 78
78 30
30 91
91 71
71 54
54 58
58 27
27 81
81 79
79 44
44 99
99 9
9 83
83 30
30 80
80 43
43 18
18 72
72 43
43 62
62 31
31 41
41 92
92 15
15 81
81 50
50 31
31 76
76 8
8 23
23 24
24 6
6 98
98 98
98 44
44 92
92 63
63 61
61 19
19 7
7 20
20 85
85 5
5 33
33 45
45 11
11 62
62 77
77 5
5 95
95 7
7 59
59 49
49 95
95 15
15 2
2 46
46 53
53 3
3 30
30 77
77 92
92 2
2 29
29 81
81 46
46 75
75 56
56 54
54 77
77 20
20 84
84 69
69 58
58 95
95 1
1 49
49 1
1 65
65 58
58 98
98 48
48 76
76 82
82 47
47 70
70 64
64 17
17 4
4 82
82 77
77 87
87 77
77 47
47 76
76 16
16 40
40 39
39 56
56 75
75 39
39 54
54 28
28 59
59 61
61 22
22 88
88 90
90 15
15 41
41 94
94 48
48 13
13 98
98 61
61 79
79 86
