720
59 61
61 32
32 72
72 26
26 22
22 38
38 79
79 31
31 73
73 43
43 10
10 12
12 21
21 76
76 47
47 68
68 39
39 89
89 5
5 32
32 7
7 8
8 73
73 25
25 62
62 47
47 35
35 17
17 61
61 10
10 23
23 57
57 46
46 41
41 21
21 57
57 91
91 35
35 90
90 11
11 63
63 37
37 12
12 24
24 94
94 15
15 81
81 49
49 49
49 77
77 23
23 37
37 12
12 10
10 100
100 50
50 63
63 26
26 50
50 2
2 27
27 24
24 93
93 95
95 35
35 17
17 100
100 61
61 93
93 33
33 74
74 4
4 28
28 15
15 84
84 69
69 58
58 1
1 48
48 71
71 19
19 55
55 91
91 87
87 1
1 57
57 73
73 65
65 14
14 29
29 2
2 80
80 63
63 5
5 95
95 5
5 59
59 92
92 70
70 13
13 62
62 89
89 92
92 27
27 99
99 17
17 86
86 99
99 16
16 71
71 23
23 27
27 19
19 9
9 82
82 95
95 6
6 54
54 20
20 79
79 79
79 28
28 30
30 35
35 6
6 77
77 86
86 44
44 39
39 12
12 18
18 13
13 59
59 11
11 32
32 95
95 37
37 81
81 61
61 59
59 16
16 78
78 100
100 12
12 23
23 64
64 88
88 17
17 78
78 59
59 69
69 47
47 91
91 61
61 64
64 24
24 75
75 80
80 31
31 88
88 50
50 17
17 61
61 10
10 39
39 31
31 48
48 23
23 42
42 63
63 10
10 37
37 89
89 91
91 1
1 55
55 55
55 57
57 23
23 84
84 89
89 18
18 82
82 30
30 96
96 1
1 7
7 8
8 80
80 67
67 27
27 65
65 55
55 46
46 77
77 92
92 62
62 45
45 66
66 56
56 58
58 87
87 5
5 1
1 89
89 95
95 75
75 97
97 2
2 21
21 6
6 82
82 27
27 60
60 16
16 49
49 94
94 13
13 35
35 36
36 38
38 34
34 35
35 75
75 83
83 44
44 96
96 7
7 65
65 16
16 20
20 95
95 25
25 20
20 70
70 95
95 98
98 38
38 40
40 94
94 1
1 79
79 98
98 23
23 32
32 57
57 28
28 1
1 81
81 90
90 94
94 19
19 70
70 47
47 53
53 9
9 73
73 94
94 21
21 50
50 32
32 27
27 56
56 20
20 75
75 99
99 47
47 36
36 25
25 93
93 92
92 73
73 76
76 38
38 28
28 94
94 87
87 61
61 25
25 62
62 45
45 24
24 69
69 38
38 48
48 19
19 29
29 61
61 40
40 24
24 72
72 10
10 52
52 64
64 88
88 2
2 21
21 80
80 26
26 52
52 68
68 45
45 90
90 16
16 88
88 28
28 50
50 53
53 16
16 10
10 85
85 68
68 7
7 35
35 54
54 59
59 27
27 2
2 46
46 96
96 71
71 18
18 8
8 49
49 86
86 5
5 5
5 11
11 37
37 98
98 76
76 86
86 97
97 87
87 89
89 44
44 99
99 17
17 46
46 100
100 2
2 69
69 81
81 51
51 1
1 51
51 7
7 78
78 58
58 22
22 63
63 17
17 62
62 11
11 86
86 13
13 13
13 50
50 44
44 88
88 82
82 41
41 83
83 19
19 59
59 64
64 1
1 94
94 76
76 10
10 59
59 18
18 40
40 97
97 15
15 23
23 3
3 7
7 11
11 43
43 48
48 13
13 60
60 49
49 55
55 10
10 43
43 55
55 69
69 83
83 77
77 86
86 57
57 86
86 43
43 27
27 28
28 15
15 14
14 41
41 53
53 86
86 62
62 53
53 69
69 15
15 46
46 29
29 94
94 71
71 67
67 27
27 20
20 1
1 58
58 19
19 23
23 7
7 44
44 90
90 40
40 88
88 33
33 26
26 28
28 11
11 70
70 78
78 66
66 39
39 11
11 23
23 69
69 46
46 82
82 20
20 74
74 27
27 31
31 32
32 27
27 73
73 88
88 37
37 88
88 60
60 5
5 21
21 22
22 2
2 95
95 51
51 24
24 38
38 97
97 61
61 70
70 32
32 68
68 11
11 24
24 43
43 28
28 1
1 57
57 31
31 1
1 50
50 97
97 44
44 32
32 5
5 67
67 2
2 17
17 18
18 6
6 89
89 96
96 24
24 18
18 1
1 14
14 13
13 29
29 1
1 56
56 39
39 1
1 84
84 34
34 3
3 18
18 73
73 43
43 34
34 17
17 37
37 49
49 34
34 25
25 98
98 81
81 79
79 81
81 64
64 39
39 34
34 79
79 86
86 82
82 94
94 45
45 90
90 44
44 46
46 52
52 79
79 66
66 64
64 76
76 57
57 24
24 50
50 21
21 60
60 46
46 61
61 54
54 8
8 62
62 97
97 68
68 18
18 54
54 73
73 9
9 82
82 86
86 48
48 67
67 32
32 24
24 94
94 42
42 74
74 96
96 63
63 43
43 59
59 75
75 86
86 12
12 27
27 6
6 27
27 14
14 81
81 25
25 95
95 39
39 16
16 79
79 68
68 99
99 82
82 79
79 95
95 5
5 13
13 20
20 41
41 2
2 58
58 83
83 48
48 66
66 97
97 20
20 37
37 92
92 59
59 5
5 74
74 41
41 22
22 81
81 3
3 27
27 75
75 1
1 87
87 31
31 15
15 93
93 70
70 32
32 32
32 29
29 96
96 44
44 76
76 63
63 34
34 35
35 16
16 92
92 51
51 82
82 79
79 68
68 17
17 59
59 87
87 84
84 27
27 71
71 75
75 60
60 81
81 61
61 22
22 69
69 38
38 75
75 19
19 42
42 58
58 2
2 16
16 76
76 70
70 67
67 31
31 89
89 47
47 88
88 20
20 29
29 87
87 97
97 45
45 17
17 70
70 33
33 10
10 44
44 12
12 52
52 46
46 48
48 27
27 45
45 45
45 64
64 2
2 85
85 77
77 14
14 14
14 22
22 98
98 38
38 20
20 23
23 59
59 14
14 30
30 95
95 79
79 91
91 92
92 7
7 75
75 21
21 4
4 39
39 16
16 44
44 63
63 27
27 49
49 64
64 34
34 97
97 91
91 48
48 20
20 86
86 53
53 12
12 12
12 68
68 97
97 97
97 45
45 44
44 4
4 86
86 56
56 23
23 14
14 34
34 83
83 87
87 48
48 27
27 77
77 39
39 11
11 78
78 64
64 14
14 6
6 82
82 54
54 16
16 65
65 39
39 81
