1500
1596
1577
922
1878
1398
621
927
1494
222
1586
1611
1351
481
3
1539
1046
1885
1585
854
946
785
1093
564
770
1570
258
731
1902
1277
1859
468
1201
722
778
1842
148
849
1692
268
368
86
888
1327
1253
1161
1881
139
1053
1164
354
1691
1744
991
59
521
269
1846
1919
1198
422
515
517
184
547
641
977
943
41
740
923
31
1031
936
1269
110
582
720
932
338
1748
1582
1695
1625
25
1266
60
918
171
1153
1963
318
348
1791
1400
211
738
990
1238
1617
1195
713
826
1874
1344
454
649
528
648
848
1113
1370
64
80
668
256
87
1591
907
1520
1444
916
1798
1980
1054
744
1732
1932
812
562
1484
1427
1032
1693
653
251
1648
1316
1856
1627
1554
1866
608
904
1017
1780
651
1250
1592
967
1440
1836
1385
350
709
280
217
1369
1087
1840
101
113
178
840
475
1795
984
361
1019
556
1278
28
37
1211
1147
331
1432
1734
735
1452
507
1333
1965
461
994
289
1782
157
1246
1976
357
879
615
1247
578
1180
276
90
925
881
1028
1185
1848
79
1272
576
1082
975
617
1098
1788
699
1593
612
367
1433
633
541
61
1442
1655
523
1857
1298
111
216
1901
136
789
99
805
663
381
286
1259
1141
883
865
632
297
1010
602
1799
1395
616
673
63
462
1482
1876
1651
1823
1178
1003
1134
1574
1599
1978
669
76
1712
1942
121
1531
441
1804
895
177
1675
1960
1660
1777
126
492
1383
1641
1726
1406
411
319
342
1396
73
1727
1237
421
1545
1062
1701
88
1529
67
140
1209
464
1483
987
1409
1949
1292
253
1674
687
793
1155
1939
1626
206
234
586
1729
1728
675
781
871
1123
719
1775
397
679
1688
407
182
604
1761
26
1300
1752
1358
375
506
974
328
1718
809
270
551
1041
516
1811
853
305
1005
491
790
1498
1532
1716
1126
1914
118
1962
1933
583
391
370
1456
1772
55
940
1173
23
1129
1715
1620
885
810
1970
1644
403
1072
431
898
252
981
459
1608
1125
689
1995
1139
1950
1743
1820
1501
1151
414
652
232
1721
330
772
21
623
802
1170
1172
335
1191
1061
1969
78
1343
72
1174
628
1367
1877
1162
1913
1549
850
1689
784
1418
959
450
458
554
688
736
1947
1847
1652
1496
637
1472
339
127
1564
1749
1918
712
388
1832
732
1745
1849
259
638
1948
1909
84
646
662
566
1067
1107
432
828
1270
671
831
1639
1075
501
1197
1285
1502
957
695
1677
613
884
1982
1449
1065
1606
195
1488
1458
1070
625
409
355
1426
1640
322
863
1120
1319
875
91
1291
359
347
1896
1979
443
1959
460
249
1985
332
1528
1342
1955
271
1808
1420
1926
299
1951
227
1787
1051
1381
1310
410
749
1633
420
346
1421
519
864
1036
1511
1171
302
1388
589
1119
154
465
8
345
1828
559
622
1507
1740
1263
1092
1422
1142
1280
349
935
1034
893
1101
108
567
1467
1480
298
212
336
1783
710
1329
1538
1751
1376
611
584
1265
1403
149
1801
1045
1165
489
532
52
1086
169
846
1117
1731
644
1074
606
1464
103
1603
1741
601
1663
874
818
412
96
162
250
1768
373
549
1537
189
1099
600
1451
746
1754
1476
1931
123
758
290
1861
423
534
1971
353
133
1594
1966
803
963
1245
1864
1676
1814
152
603
1500
498
1108
630
131
2
1817
230
486
1382
1150
1907
1361
1658
1604
729
739
1983
4
889
595
19
1295
1419
1073
389
1268
1898
301
1533
1961
1659
1203
1991
1232
263
1474
1934
642
1893
480
1805
833
39
670
1573
161
1038
1140
1945
999
607
806
1678
727
565
303
10
1015
405
909
953
1002
1883
1974
1443
768
1619
1710
908
1283
587
228
1121
1217
672
440
150
798
724
1587
313
156
730
1579
1454
1568
296
1301
851
1169
146
1090
839
262
273
702
1450
308
1384
267
11
640
585
1968
992
756
906
1684
1279
1446
1697
82
365
1439
1457
320
1818
160
1085
1623
1416
1930
1471
1221
1402
1202
1430
115
1628
208
116
704
1048
220
1558
631
857
1518
483
1588
145
130
750
1364
233
50
143
235
816
394
577
1037
965
1204
323
700
1407
1941
1448
571
1176
1766
896
596
944
163
725
1763
1839
1806
915
592
591
1431
1624
1112
1423
886
1470
192
283
1736
451
1335
1530
1287
545
311
588
494
257
1282
1006
1544
183
129
969
54
1397
1064
1707
172
921
1163
1762
1393
1244
477
40
912
1923
69
1880
474
938
1100
241
306
774
1014
1212
369
1337
860
1148
325
180
1131
376
499
1066
456
1535
618
1267
1394
509
1666
1363
1724
939
1612
1636
715
275
1915
1845
294
897
488
408
657
1021
1124
1104
1
444
1353
351
497
544
1841
343
1551
36
437
204
247
634
919
1371
27
548
495
1699
575
878
1540
804
1917
708
1796
590
1109
661
1374
30
1412
966
513
135
1255
872
200
970
572
1952
1434
1346
13
1824
1052
1632
70
304
1886
1514
1517
968
466
1208
1508
1122
455
1910
1063
29
1020
581
892
1415
945
1865
664
843
179
859
820
1895
202
1526
827
819
1977
1445
1831
1103
1837
1800
292
799
1089
1696
1536
844
1723
1187
457
1356
1987
1565
236
1541
1429
137
2000
1756
650
1935
1084
787
9
1318
379
1193
1334
281
1009
1789
435
1040
1023
71
112
533
372
543
1309
198
811
1059
835
1314
1252
910
490
33
1281
986
341
777
1311
1146
117
1230
1260
352
1548
692
1274
1812
246
147
134
16
1411
869
755
1634
635
1797
56
1972
619
842
240
344
1349
181
636
971
210
122
1854
1938
1561
834
676
100
609
17
555
1069
748
1717
1127
1487
1254
742
930
1850
167
743
797
1495
887
417
1152
1080
1326
954
62
1392
539
1765
476
1294
706
561
38
665
856
1322
436
1348
404
1224
593
1580
698
1835
1118
1227
1200
800
1167
1308
1637
1770
1661
1525
1175
522
658
274
1262
1957
261
1130
876
568
92
697
1183
1083
358
467
741
1903
570
1547
1257
207
1332
215
1276
1001
717
1984
168
85
188
1576
166
1179
1882
1094
980
53
1234
142
937
1345
771
1524
1377
472
1838
1242
1154
1210
173
1785
978
786
599
1271
762
1289
1679
1424
190
1168
976
1025
7
783
960
1940
751
1293
229
903
654
942
209
1649
707
237
830
1700
873
1144
1461
795
868
1493
1218
1998
1645
1778
536
83
1705
753
1192
1231
1853
1219
1241
1336
1822
1946
639
315
1317
1504
144
1702
383
941
245
1413
1630
1306
413
1050
1256
1815
66
1698
1468
610
426
279
815
1590
324
901
1575
1670
43
1437
1475
1819
1997
58
309
1872
807
430
1725
1489
1618
1182
962
1720
926
1190
1425
1899
1870
1769
1555
95
1891
14
326
288
1829
446
419
1767
1713
337
1497
1621
487
165
1029
1879
1410
1602
1160
1750
1953
1643
1243
504
1235
1390
1860
1601
65
380
1138
1078
243
1166
469
1672
1703
260
557
1711
882
773
1994
1937
511
107
1650
1213
20
1189
1510
950
425
838
1792
387
1136
836
114
1863
711
512
1892
989
917
1869
1024
503
429
1735
714
997
759
1506
1284
448
378
1251
1513
1097
1654
1249
1133
416
1629
449
1920
360
870
1286
1115
1214
1022
531
788
396
723
284
829
914
238
627
900
1900
1240
1220
1567
645
1813
1042
453
767
1746
1408
1313
321
1226
1459
1844
1304
1013
327
1851
1803
1008
1706
624
93
1315
924
546
1912
964
674
1714
905
12
1044
1159
1929
1904
22
1068
1157
1215
151
891
224
225
1320
1011
1481
282
1049
1000
242
199
1302
89
1143
1683
1553
867
1330
1438
605
574
1515
377
1447
1428
124
415
791
691
1566
264
1128
666
1894
312
983
847
529
317
1305
696
1737
219
138
526
1830
418
1357
1486
728
1347
1776
1867
995
1687
1380
858
35
1324
817
1321
1669
74
775
1145
1030
1479
560
757
794
1389
841
1261
1642
1341
1523
1694
1589
913
502
265
1826
1755
716
911
366
1993
49
1887
1662
877
1505
1610
1816
764
1181
747
505
1975
478
484
1026