100 989
310545275040
21565644100
77636318760
6469693230
38818159380
8626257640
4658179125600
431312882
215656441
258787729200
7763631876
4658179125600
431312882
232908956280
19409079690
3105452750400
155272637520
8626257640
10782822050
1552726375200
172525152800
19409079690
12939386460
77636318760
29113619535
372654330048
15527263752
23290895628
2329089562800
621090550080
582272390700
129393864600
3234846615
207030183360
23290895628
310545275040
258787729200
10351509168
46581791256
9316358251200
17252515280
517575458400
7763631876
621090550080
5822723907
29113619535
4658179125600
21565644100
5391411025
776363187600
1725251528
10782822050
19409079690
646969323
64696932300
776363187600
1035150916800
646969323
86262576400
372654330048
5175754584
2587877292
16174233075
51757545840
21565644100
1293938646
62109055008
86262576400
931635825120
776363187600
291136195350
1164544781400
155272637520
2587877292
16174233075
310545275040
46581791256
129393864600
58227239070
2329089562800
62109055008
232908956280
31054527504
6469693230
372654330048
13802012224
291136195350
20703018336
194090796900
3881815938
23290895628
186327165024
103515091680
1863271650240
1552726375200
1725251528
172525152800
776363187600
3881815938
69010061120
55730455058678400
46619056689004800
48240103024713600
48016510426684800
48351899323728000
34265565647913600
17272528197724800
51817584593174400
4024666764518400
43209269569065600
14142231825321600
33203500807276800
19396657878998400
26104435819862400
21576685709779200
33371195255798400
44159538110688000
11962203994540800
17663815244275200
6484185342835200
43209269569065600
17943305991811200
54724288367548800
41196936186806400
45053908502803200
40973343588777600
25489556175283200
29793713687337600
29067037743744000
12241694742076800
48016510426684800
10676546555875200
49861149360422400
34880445292492800
10956037303411200
38905112057011200
17384324496739200
51090908649580800
22359259802880000
2291824129795200
40190769495676800
20402824570128000
22247463503865600
33930176750870400
10341157658832000
12521185489612800
27054704361484800
29849611836844800
614879644579200
8496518725094400
7043166837907200
9670379864745600
391287046550400
51202704948595200
16098667058073600
44942112203788800
6763676090371200
19396657878998400
35383528638057600
39072806505532800
19228963430476800
47457528931612800
44047741811673600
950268541622400
34265565647913600
40693852841241600
55674556909171200
35383528638057600
11850407695526400
22806444998937600
3465685269446400
39967176897648000
48966778968307200
24259796886124800
9949870612281600
45165704801817600
1844638933737600
5589814950720000
25545454324790400
6763676090371200
30240898883395200
35886611983622400
38402028711446400
48463695622742400
47457528931612800
23812611690067200
52767853134796800
47122140034569600
17272528197724800
391287046550400
11682713247004800
49749353061408000
24986472829718400
27222398810006400
37843047216374400
36277899030172800
44439028858224000
12185796592569600
447185196057600
167694448521600
46115973343440000
19620250477027200
41420528784835200
40582056542227200
5422120502198400
28675750697193600
23533120942531200
49469862313872000
28675750697193600
22079769055344000
19676148626534400
26719315464441600
35215834189536000
45612889997875200
11850407695526400
3633379717968000
16937139300681600
17160731898710400
35104037890521600
42203102877936000
18893574533433600
12688879938134400
1117962990144000
12465287340105600
42929778821529600
21688482008793600
1565148186201600
39240500954054400
40414362093705600
1509250036694400
24427491334646400
7546250183472000
28060871052614400
16993037450188800
2683111176345600
48966778968307200
53326834629868800
44774417755267200
45556991848368000
25377759876268800
4863139007126400
38681519458982400
46563158539497600
16434055955116800
16434055955116800
55450964311142400
49749353061408000
23700815391052800
1117962990144000
20123333822592000
4471851960576000
28284463650643200
23197732045488000
20291028271113600
39128704655040000
31023472976496000
52320667938739200
36277899030172800
35495324937072000
9726278014252800
26104435819862400
16713546702652800
36501491628201600
55059677264592000
51202704948595200
35048139741014400
10173463210310400
46619056689004800
2459518578316800
9502685416224000
44606723306745600
27054704361484800
45221602951324800
21297194962243200
4248259362547200
26495722866412800
42314899176950400
5589814950720000
13080166984684800
21185398663228800
2235925980288000
42929778821529600
39240500954054400
391287046550400
19061268981955200
49749353061408000
53885816124940800
15092500366944000
23365426494009600
21856176457315200
7043166837907200
558981495072000
33986074900377600
12744778087641600
12409389190598400
7154963136921600
39967176897648000
26551621015920000
30185000733888000
9949870612281600
55003779115084800
9893972462774400
49972945659436800
13024268835177600
31023472976496000
48016510426684800
54947880965577600
35383528638057600
10173463210310400
31470658172553600
28563954398179200
43432862167094400
20067435673084800
55339168012128000
53494529078390400
14757111469900800
40749750990748800
31526556322060800
39016908356025600
50867316051552000
53494529078390400
54836084666563200
54333001320998400
5030833455648000
52544260536768000
36892778674752000
10508852107353600
5925203847763200
42370797326457600
5422120502198400
52041177191203200
36836880525244800
36222000880665600
223592598028800
46563158539497600
49358066014857600
24371593185139200
43321065868080000
38681519458982400
25265963577254400
12912472536163200
36054306432144000
40414362093705600
20346926420620800
48407797473235200
49302167865350400
19005370832448000
5589814950720000
50476029005001600
49190371566336000
52823751284304000
29122935893251200
21408991261257600
27501889557542400
48687288220771200
13080166984684800
49022677117814400
23141833895980800
55227371713113600
4304157512054400
34265565647913600
33818380451856000
24203898736617600
24651083932675200
13303759582713600
20682315317664000
11347324349961600
14086333675814400
52041177191203200
36222000880665600
12632981788627200
2291824129795200
31414760023046400
35830713834115200
25489556175283200
46283667791961600
54947880965577600
47233936333584000
14980704067929600
36836880525244800
31302963724032000
12800676237148800
23533120942531200
54277103171491200
41867713980892800
35774815684608000
30632185929945600
27445991408035200
53382732779376000
50140640107958400
10564750256860800
17440222646246400
33035806358755200
55115575414099200
39184602804547200
3018500073388800
23533120942531200
22694648699923200
27501889557542400
13247861433206400
25824945072326400
13639148479756800
47066241885062400
5757509399241600
31917843368611200
40526158392720000
17552018945260800
32476824863683200
28899343295222400
2012333382259200
11850407695526400
614879644579200
48072408576192000
40749750990748800
49805251210915200
27278296959513600
37116371272780800
50476029005001600
47513427081120000
52488362387260800
33091704508262400
42873880672022400
44662621456252800
5030833455648000
10229361359817600
1173861139651200
8272926127065600
9726278014252800
9390889117209600
13806842928278400
46842649287033600
48016510426684800
5422120502198400
38234334262924800
27725482155571200
23980306138588800
17775611543289600
2291824129795200
39855380598633600
7769842781500800
20123333822592000
47457528931612800
3242092671417600
614879644579200
34545056395449600
38457926860953600
23141833895980800
23141833895980800
5645713100227200
29905509986352000
25154167278240000
20011537523577600
47457528931612800
5030833455648000
14868907768915200
9782176163760000
49358066014857600
3130296372403200
9279092818195200
42538491774979200
39687686150112000
18949472682940800
39184602804547200
5030833455648000
46898547436540800
19843843075056000
51035010500073600
13303759582713600
7825740931008000
3745176016982400
38122537963910400
20011537523577600
20514620869142400
4974935306140800
7713944631993600
11962203994540800
5478018651705600
36222000880665600
37507658319331200
31694250770582400
12744778087641600
6819574239878400
13639148479756800
49805251210915200
36725084226230400
45445195549353600
51035010500073600
30911676677481600
12968370685670400
25545454324790400
43600556615616000
54165306872476800
50364232705987200
726675943593600
54891982816070400
279490747536000
14868907768915200
33259398956784000
34656852694464000
16545852254131200
5422120502198400
50084741958451200
36669186076723200
54724288367548800
8217027977558400
45109806652310400
20961806065200000
19787944925548800
26998806211977600
37004574973766400
16769444852160000
46451362240483200
10900139153904000
42594389924486400
34153769348899200
53774019825926400
43656454765123200
43265167718572800
52600158686275200
19843843075056000
44383130708716800
27613685856556800
18502287486883200
12465287340105600
447185196057600
34880445292492800
48072408576192000
34209667498406400
12688879938134400
52935547583318400
43600556615616000
20738213467171200
31806047069596800
11626815097497600
33371195255798400
29737815537830400
16993037450188800
40693852841241600
52879649433811200
5925203847763200
15875074460044800
54556593919027200
55618658759664000
52320667938739200
39687686150112000
13974537376800000
34600954544956800
41588223233356800
37284065721302400
33874278601363200
3130296372403200
48687288220771200
31023472976496000
44998010353296000
4304157512054400
25210065427747200
44942112203788800
42929778821529600
48296001174220800
3689277867475200
20291028271113600
32420926714176000
22750546849430400
46283667791961600
34600954544956800
30017306285366400
6428287193328000
2235925980288000
10508852107353600
35327630488550400
1565148186201600
2012333382259200
40358463944198400
38234334262924800
3577481568460800
12800676237148800
54277103171491200
726675943593600
7937537230022400
40470260243212800
32197334116147200
20346926420620800
48519593772249600
1062064840636800
16601750403638400
19955639374070400
21073602364214400
48184204875206400
39743584299619200
46451362240483200
30520389630931200
33035806358755200
503083345564800
39519991701590400
11067833602425600
44327232559209600
46283667791961600
11906305845033600
54221205021984000
11067833602425600
21520787560272000
32924010059740800
1397453737680000
33930176750870400
19396657878998400
33930176750870400
36277899030172800
28396259949657600
33482991554812800
31526556322060800
23030037596966400
11291426200454400
22750546849430400
16154565207580800
36110204581651200
51314501247609600
17160731898710400
38346130561939200
15148398516451200
18837676383926400
23197732045488000
27613685856556800
15875074460044800
19284861579984000
32420926714176000
30408593331916800
22694648699923200
24371593185139200
9614481715238400
37954843515388800
22694648699923200
11570916947990400
37451760169824000
2739009325852800
40078973196662400
1788740784230400
12744778087641600
37898945365881600
25489556175283200
21744380158300800
33035806358755200
48854982669292800
19284861579984000
31526556322060800
29458324790294400
10341157658832000
28955241444729600
30017306285366400
18166898589840000
25433658025776000
50811417902044800
30799880378467200
41308732485820800
279490747536000
32029639667625600
29011139594236800
15148398516451200
39911278748140800
53103242031840000
30688084079452800
37954843515388800
17663815244275200
47960612277177600
27222398810006400
33594787853827200
45612889997875200
13527352180742400
51314501247609600
52320667938739200
53047343882332800
13918639227292800
49525760463379200
54500695769520000
43935945512659200
45668788147382400
23030037596966400
23421324643516800
47848815978163200
46060075193932800
53606325377404800
38569723159968000
11403222499468800
12018102144048000
55898149507200
40023075047155200
45948278894918400
30799880378467200
13415555881728000
23868509839574400
27837278454585600
31973741518118400
22247463503865600
52711954985289600
6372389043820800
46339565941468800
18837676383926400
49693454911900800
35327630488550400
41196936186806400
38625621309475200
23365426494009600
51314501247609600
21017704214707200
43935945512659200
19452556028505600
27054704361484800
40023075047155200
42370797326457600
22359259802880000
43209269569065600
47122140034569600
49358066014857600
12912472536163200
26495722866412800
3633379717968000
48687288220771200
39631788000604800
52544260536768000
16042768908566400
21464889410764800
55395066161635200
1732842634723200
2068231531766400
29011139594236800
10956037303411200
46619056689004800
29514222939801600
28340361800150400
16434055955116800
23533120942531200
45277501100832000
4974935306140800
32700417461712000
55562760610156800
46004177044425600
5198527904169600
51761686443667200
4919037156633600
30855778527974400
42762084373008000
7658046482486400
18893574533433600
20850009766185600
35048139741014400
48407797473235200
33874278601363200
16434055955116800
38122537963910400
41923612130400000
50531927154508800
47960612277177600
3409787119939200
48463695622742400
39575889851097600
32979908209248000
48184204875206400
14757111469900800
1844638933737600
10508852107353600
2906703774374400
47737019679148800
2739009325852800
48910880818800000
31302963724032000
7210861286428800
45724686296889600
50252436406972800
29961408135859200
53885816124940800
6707777940864000
44718519605760000
30240898883395200
18390491187868800
10844241004396800
49749353061408000
7490352033964800
8328824276572800
39743584299619200
29737815537830400
40693852841241600
51538093845638400
3409787119939200
32868111910233600
4974935306140800
3242092671417600
17775611543289600
3633379717968000
2124129681273600
24092102437603200
35159936040028800
8720111323123200
15371991114480000
42203102877936000
9111398369673600
279490747536000
37507658319331200
2459518578316800
45333399250339200
52711954985289600
53047343882332800
894370392115200
38066639814403200
22359259802880000
3745176016982400
45724686296889600
28060871052614400
11515018798483200
44886214054281600
36892778674752000
47792917828656000
18837676383926400
25936741371340800
11347324349961600
47569325230627200
7266759435936000
4080564914025600
32868111910233600
24818778381196800
6875472389385600
48743186370278400
782574093100800
11403222499468800
20123333822592000
7825740931008000
46954445586048000
41755917681878400
36557389777708800
15539685563001600
53215038330854400
48240103024713600
48799084519785600
43880047363152000
8161129828051200
12018102144048000
50420130855494400
34656852694464000
40302565794691200
5701611249734400
4863139007126400
7266759435936000
40917445439270400
18558185636390400
18166898589840000
13024268835177600
25042370979225600
42091306578921600
1006166691129600
43097473270051200
1117962990144000
22471056101894400
46171871492947200
3968768615011200
43041575120544000
41252834336313600
18334593038361600
24427491334646400
10173463210310400
38234334262924800
6931370538892800
28675750697193600
44886214054281600
48296001174220800
40246667645184000
26048537670355200
23085935746473600
9223194668688000
2124129681273600
9893972462774400
40693852841241600
35048139741014400
1173861139651200
9670379864745600
6651879791356800
30799880378467200
16489954104624000
18558185636390400
45277501100832000
9726278014252800
13136065134192000
21464889410764800
24315695035632000
17663815244275200
1062064840636800
38905112057011200
5925203847763200
36389695329187200
55227371713113600
6428287193328000
33986074900377600
5533916801212800
32588621162697600
54724288367548800
52152973490217600
23421324643516800
37898945365881600
24203898736617600
15707380011523200
14701213320393600
2571314877331200
7881639080515200
27054704361484800
50811417902044800
9446787266716800
36836880525244800
42594389924486400
12074000293555200
19732046776041600
30129102584380800
43935945512659200
4807240857619200
38737417608489600
52823751284304000
38402028711446400
39687686150112000
27669584006064000
27893176604092800
23253630194995200
35383528638057600
21967972756329600
13136065134192000
9838074313267200
37675352767852800
34880445292492800
26887009912963200
16713546702652800
23253630194995200
28060871052614400
44439028858224000
14142231825321600
32756315611219200
55339168012128000
44718519605760000
44327232559209600
42035408429414400
44383130708716800
47904714127670400
19676148626534400
18446389337376000
15036602217436800
36054306432144000
44830315904774400
40023075047155200
6260592744806400
13639148479756800
27445991408035200
15204296665958400
28955241444729600
6819574239878400
19173065280969600
42091306578921600
44606723306745600
8384722426080000
17048935599696000
44327232559209600
8887805771644800
38513825010460800
19620250477027200
44383130708716800
46339565941468800
44327232559209600
3186194521910400
9334990967702400
4863139007126400
2180027830780800
7881639080515200
4863139007126400
37843047216374400
6540083492342400
50979112350566400
21297194962243200
32420926714176000
18893574533433600
12409389190598400
38961010206518400
26216232118876800
1173861139651200
9838074313267200
54891982816070400
52879649433811200
45165704801817600
43712352914630400
42817982522515200
50308334556480000
24706982082182400
44494927007731200
23421324643516800
47904714127670400
28563954398179200
36277899030172800
38402028711446400
18781778234419200
36669186076723200
9949870612281600
45053908502803200
17719713393782400
3801074166489600
12577083639120000
45612889997875200
48575491921756800
7825740931008000
43097473270051200
37228167571795200
15148398516451200
21017704214707200
34712750843971200
43488760316601600
4639546409097600
28787546996208000
38737417608489600
54500695769520000
53885816124940800
39967176897648000
54947880965577600
9055500220166400
27390093258528000
16042768908566400
15875074460044800
13750944778771200
27110602510992000
5701611249734400
15371991114480000
19228963430476800
38122537963910400
40023075047155200
34265565647913600
10341157658832000
37563556468838400
38290232412432000
35774815684608000
27613685856556800
29681917388323200
3745176016982400
39631788000604800
22918241297952000
48463695622742400
4304157512054400
16210463357088000
42370797326457600
46339565941468800
43768251064137600
29793713687337600
51035010500073600
42091306578921600
50699621603030400
43321065868080000
26216232118876800
42929778821529600
25210065427747200
35159936040028800
19173065280969600
17104833749203200
16154565207580800
48463695622742400
8049333529036800
4919037156633600
16210463357088000
31135269275510400
26216232118876800
25321861726761600
6875472389385600
35439426787564800
39296399103561600
16713546702652800
46451362240483200
28508056248672000
335388897043200
40526158392720000
21912074606822400
53606325377404800
15986870759059200
39799482449126400
3018500073388800
37731250917360000
8831907622137600
18111000440332800
53550427227897600
55618658759664000
25713148773312000
8776009472630400
51482195696131200
17663815244275200
44271334409702400
24706982082182400
7099064987414400
31750148920089600
30296797032902400
15204296665958400
28396259949657600
29849611836844800
38625621309475200
