1000 988
310545275040
34505030560
388181593800
6901006112
582272390700
17252515280
970453984500
621090550080
1164544781400
1078282205
345050305600
1455680976750
258787729200
64696932300
388181593800
86262576400
23290895628
13802012224
69010061120
2911361953500
931635825120
116454478140
15527263752
5175754584
207030183360
11645447814000
465817912560
582272390700
8626257640
242613496125
776363187600
46581791256
431312882000
215656441
3881815938000
7763631876
291136195350
11645447814
646969323000
19409079690
1035150916800
1725251528
21565644100
161742330750
2156564410
46581791256
21565644100
3881815938000
4313128820
64696932300
1552726375200
93163582512
48522699225
69010061120
21565644100
93163582512
1940907969
7763631876000
172525152800
10782822050
23290895628
80871165375
53914110250
124218110016
9704539845
69010061120
107828220500
431312882000
485226992250
291136195350
25878772920
1164544781400
5822723907000
931635825120
485226992250
3881815938000
31054527504
465817912560
646969323
970453984500
6901006112
31054527504
10351509168
155272637520
862625764
25878772920
232908956280
8626257640
485226992250
291136195350
62109055008
5822723907000
43131288200
291136195350
80871165375
323484661500
8626257640
15527263752000
3234846615
6469693230
86262576400
41406036672
53914110250
776363187600
25878772920
5175754584000
931635825120
80871165375
5175754584
431312882000
10782822050
46581791256000
215656441
1035150916800
646969323000
388181593800
862625764
51757545840
323484661500
1940907969000
29113619535
3234846615
1293938646000
116454478140
51757545840
31054527504
1035150916800
11645447814000
207030183360
16174233075
46581791256000
646969323
3450503056
1552726375200
145568097675
310545275040
3881815938
11645447814000
145568097675
7763631876000
388181593800
431312882
372654330048
862625764
38818159380
93163582512
862625764
53914110250
388181593800
32348466150
323484661500
93163582512
465817912560
323484661500
26957055125
646969323
51757545840
11645447814
77636318760
31054527504
215656441
64696932300
8626257640
931635825120
5175754584
186327165024
97045398450
34505030560
97045398450
3450503056
77636318760
7763631876
11645447814
242613496125
46581791256000
64696932300
621090550080
19409079690
5391411025
21565644100
323484661500
5822723907000
621090550080
2587877292
970453984500
46581791256000
970453984500
116454478140
97045398450
21565644100
15527263752
43131288200
3234846615
3881815938000
2587877292
32348466150
51757545840
388181593800
31054527504
15527263752000
93163582512
103515091680
1164544781400
465817912560
38818159380
15527263752000
3105452750400
161742330750
646969323
11645447814
34505030560
9704539845
23290895628
727840488375
12939386460
17252515280
48522699225
62109055008
97045398450
5822723907
3450503056
2587877292
186327165024
17252515280
207030183360
124218110016
345050305600
4313128820
107828220500
727840488375
12939386460
116454478140
862625764000
69010061120
517575458400
77636318760
34505030560
3105452750400
58227239070
1293938646000
23290895628000
3881815938000
2156564410
6469693230
1940907969
1863271650240
34505030560
1035150916800
26957055125
1455680976750
69010061120
1863271650240
1940907969000
48522699225
1164544781400
23290895628
1940907969000
172525152800
2587877292000
5175754584
64696932300
32348466150
15527263752000
10351509168
388181593800
11645447814
62109055008
9704539845
20703018336
5822723907
5391411025
1293938646000
242613496125
12939386460
207030183360
242613496125
215656441000
3881815938
646969323000
172525152800
1552726375200
1863271650240
15527263752
34505030560
232908956280
1940907969
41406036672
582272390700
161742330750
3881815938
388181593800
1552726375200
25878772920
64696932300
34505030560
53914110250
194090796900
1940907969
323484661500
6469693230
431312882000
3881815938
15527263752
2329089562800
232908956280
124218110016
46581791256
53914110250
621090550080
31054527504
323484661500
86262576400
4658179125600
3881815938
232908956280
6901006112
77636318760
310545275040
46581791256000
103515091680
12939386460
12939386460
1293938646
43131288200
6901006112
116454478140
26957055125
1455680976750
431312882000
12939386460
80871165375
1293938646
4313128820
3881815938
431312882
9316358251200
3450503056
862625764
372654330048
11645447814
2587877292
3234846615
9316358251200
1078282205
194090796900
1725251528
10782822050
3234846615
17252515280
1863271650240
2156564410
862625764000
215656441000
3881815938000
97045398450
5175754584000
3881815938000
291136195350
1455680976750
23290895628
4313128820
93163582512
26957055125
5822723907
517575458400
2587877292
3105452750400
582272390700
1863271650240
31054527504
646969323
582272390700
46581791256
5391411025
10351509168
291136195350
3881815938000
145568097675
6469693230
194090796900
145568097675
11645447814
1293938646
32348466150
310545275040
12939386460
86262576400
103515091680
3881815938000
1863271650240
1940907969
465817912560
62109055008
7763631876
116454478140
1293938646000
2911361953500
242613496125
1164544781400
3105452750400
86262576400
32348466150
116454478140
1455680976750
3105452750400
258787729200
53914110250
23290895628
29113619535
17252515280
9704539845
12939386460
582272390700
86262576400
7763631876000
1164544781400
1293938646000
21565644100
1293938646
64696932300
465817912560
215656441
1725251528000
727840488375
77636318760
23290895628
2587877292
2587877292000
1078282205
3105452750400
124218110016
5391411025
2911361953500
1725251528
242613496125
29113619535
1455680976750
323484661500
15527263752000
242613496125
3881815938000
10782822050
53914110250
5822723907
2911361953500
48522699225
13802012224
258787729200
5822723907000
970453984500
862625764
9704539845
10351509168
4313128820
20703018336
8626257640
215656441000
862625764
23290895628
64696932300
862625764
58227239070
931635825120
465817912560
77636318760
1863271650240
862625764000
2911361953500
155272637520
21565644100
2329089562800
1940907969000
7763631876
582272390700
64696932300
3234846615
4658179125600
25878772920
9704539845
1455680976750
1293938646
15527263752000
16174233075
1552726375200
93163582512
2911361953500
1725251528
1940907969000
931635825120
242613496125
77636318760
372654330048
1078282205
8626257640
69010061120
1725251528
1863271650240
48522699225
58227239070
26957055125
93163582512
6469693230
5175754584000
310545275040
291136195350
1293938646000
646969323000
7763631876
1455680976750
7763631876
69010061120
431312882000
145568097675
2587877292
1940907969
207030183360
1725251528
215656441
388181593800
80871165375
2156564410
646969323000
1552726375200
124218110016
34505030560
3234846615
9704539845
4658179125600
186327165024
13802012224
1940907969
12939386460
931635825120
582272390700
242613496125
431312882000
931635825120
8626257640
34505030560
48522699225
1552726375200
11645447814000
161742330750
2329089562800
26957055125
29113619535
242613496125
62109055008
5175754584000
862625764000
232908956280
86262576400
323484661500
3881815938
931635825120
19409079690
77636318760
5175754584
862625764000
1725251528
310545275040
3881815938
431312882
6469693230
32348466150
862625764
32348466150
29113619535
23290895628
194090796900
646969323000
3234846615
6901006112
485226992250
9704539845
21565644100
6469693230
3234846615
21565644100
2911361953500
2587877292000
21565644100
9316358251200
2587877292000
4658179125600
194090796900
58227239070
86262576400
17252515280
53914110250
10351509168
215656441
3881815938000
21565644100
34505030560
4658179125600
86262576400
16174233075
3105452750400
5175754584
310545275040
20703018336
465817912560
13802012224
129393864600
124218110016
215656441
86262576400
20703018336
4658179125600
242613496125
46581791256
41406036672
6901006112
1725251528000
10782822050
64696932300
86262576400
5175754584000
970453984500
155272637520
103515091680
32348466150
86262576400
5175754584000
5391411025
323484661500
48522699225
1940907969000
9704539845
2911361953500
7763631876
3105452750400
776363187600
862625764
1863271650240
20703018336
215656441
15527263752000
931635825120
145568097675
172525152800
5822723907
2329089562800
465817912560
2587877292000
43131288200
465817912560
970453984500
2911361953500
862625764
1455680976750
13802012224
207030183360
8626257640
6901006112
7763631876000
20703018336
2587877292
23290895628000
29113619535
1725251528
12939386460
1940907969000
41406036672
232908956280
5175754584
10782822050
124218110016
13802012224
86262576400
48522699225
1940907969
19409079690
291136195350
207030183360
258787729200
931635825120
646969323000
8626257640
1164544781400
1035150916800
43131288200
6469693230
1725251528
77636318760
41406036672
1725251528000
172525152800
116454478140
242613496125
1035150916800
345050305600
2587877292000
1940907969
776363187600
155272637520
727840488375
862625764
145568097675
129393864600
931635825120
1725251528000
1863271650240
3450503056
20703018336
232908956280
77636318760
1940907969
1293938646000
16174233075
161742330750
310545275040
215656441
3234846615
2911361953500
310545275040
310545275040
51757545840
46581791256000
1725251528000
4313128820
621090550080
9316358251200
1164544781400
3105452750400
43131288200
1552726375200
372654330048
58227239070
2156564410
310545275040
5822723907000
1293938646000
1940907969000
145568097675
517575458400
77636318760
38818159380
5822723907
7763631876000
1035150916800
323484661500
1940907969
9704539845
46581791256
2911361953500
145568097675
103515091680
7763631876000
4658179125600
69010061120
646969323000
258787729200
3881815938
48522699225
97045398450
23290895628
194090796900
2587877292000
258787729200
215656441000
1552726375200
58227239070
53914110250
64696932300
4658179125600
1078282205
103515091680
103515091680
485226992250
13802012224
9316358251200
29113619535
232908956280
2587877292
465817912560
7763631876
16174233075
310545275040
51757545840
215656441000
1455680976750
29113619535
1552726375200
41406036672
727840488375
11645447814
242613496125
29113619535
431312882
215656441
194090796900
69010061120
53914110250
38818159380
107828220500
931635825120
17252515280
258787729200
26957055125
517575458400
26957055125
129393864600
64696932300
93163582512
4313128820
186327165024
1078282205
345050305600
6901006112
1940907969
17252515280
51757545840
582272390700
3881815938
15527263752
9704539845
1035150916800
1725251528000
23290895628000
194090796900
7763631876000
41406036672
931635825120
1940907969000
582272390700
1725251528000
26957055125
64696932300
2587877292
310545275040
103515091680
4313128820
38818159380
1078282205
41406036672
582272390700
4313128820
23290895628000
1725251528
80871165375
621090550080
2587877292
77636318760
9316358251200
10782822050
3450503056
58227239070
155272637520
64696932300
86262576400
621090550080
3881815938000
517575458400
232908956280
58227239070
931635825120
77636318760
80871165375
232908956280
3881815938
161742330750
16174233075
3881815938
12939386460
621090550080
155272637520
77636318760
15527263752
34505030560
862625764
1552726375200
1078282205
465817912560
372654330048
43131288200
58227239070
3234846615
17252515280
582272390700
1293938646
5822723907
5175754584000
2587877292000
26957055125
64696932300
34505030560
4313128820
388181593800
5822723907000
970453984500
1293938646
776363187600
1035150916800
15527263752000
1078282205
77636318760
58227239070
727840488375
1940907969
7763631876000
29113619535
323484661500
19409079690
80871165375
232908956280
1078282205
34505030560
69010061120
5822723907
215656441
465817912560
3881815938
485226992250
93163582512
291136195350
3450503056
1940907969000
2156564410
77636318760
3881815938000
646969323
646969323
3881815938
310545275040
26957055125
6469693230
17252515280
3881815938
646969323
77636318760
46581791256
53914110250
13802012224
80871165375
43131288200
32348466150
69010061120
32348466150
2587877292000
13802012224
2587877292000
372654330048
931635825120
646969323000
291136195350
1940907969000
5175754584000
23290895628000
1035150916800
103515091680
29113619535
4313128820
931635825120
58227239070
5391411025
345050305600
12939386460
23290895628000
1078282205
4313128820
5175754584000
6901006112
6901006112
25878772920
38818159380
215656441
431312882000
1940907969000
97045398450
2329089562800
1293938646000
6901006112
58227239070
103515091680
21565644100
5822723907
291136195350
80871165375
372654330048
23290895628000
1455680976750
258787729200
53914110250
388181593800
11645447814000
2911361953500
129393864600
3881815938000
12939386460
77636318760
16174233075
242613496125
2587877292000
16174233075
8626257640
1725251528
970453984500
32348466150
46442045882232000
10387739450088000
42482593625472000
40060340480160000
45510410057112000
16303626939600000
25852894147080000
4052615839272000
27949074753600000
17980571424816000
27669584006064000
10341157658832000
2422253145312000
37125687631032000
11319375275208000
42482593625472000
46209136925952000
31489290889056000
23384059210512000
43414229450592000
12390756474096000
11738611396512000
20123333822592000
19051952623704000
40712485557744000
43647138406872000
35402161354560000
40619321975232000
43367647659336000
24967840113216000
21800278307808000
35169252398280000
13415555881728000
39967176897648000
20495988152640000
25899475938336000
5682978533232000
26225548477128000
25526821608288000
36147470014656000
35961142849632000
12018102144048000
34004707616880000
38336814203688000
10341157658832000
33678635078088000
5263742411928000
3167561805408000
17468171721000000
20542569943896000
34517107320696000
35402161354560000
19657515910032000
31396127306544000
279490747536000
45696737222136000
20449406361384000
15837809027040000
31582454471568000
7825740931008000
885054033864000
16629699478392000
12251011100328000
18958789041192000
5776142115744000
4611597334344000
19331443371240000
28321729083648000
18353225754864000
41411212426584000
1257708363912000
44765101397016000
34051289408136000
17933989633560000
32979908209248000
20728897108920000
24315695035632000
3167561805408000
39035541072528000
28927292369976000
13462137672984000
40153504062672000
26505039224664000
20309660987616000
15278827531968000
20169915613848000
22545586967904000
30697400437704000
652145077584000
37358596587312000
23803295331816000
11412538857720000
5450069576952000
2329089562800000
1630362693960000
27949074753600000
42668920790496000
7779159139752000
33864962243112000
22871659506696000
7033850479656000
40153504062672000
31070054767752000
8990285712408000
45324082892088000
6707777940864000
22871659506696000
10201412285064000
33632053286832000
35681652102096000
23057986671720000
9130031086176000
15465154696992000
16722863060904000
28508056248672000
23570386375536000
27017438928480000
16396790522112000
19378025162496000
34750016276976000
6381705402072000
43740301989384000
8477886008592000
16070717983320000
34144452990648000
17281844555976000
2329089562800000
36007724640888000
20635733526408000
30930309393984000
15278827531968000
36194051805912000
8943703921152000
11039884527672000
14160864541824000
37684669126104000
26505039224664000
4052615839272000
33259398956784000
1024799407632000
34703434485720000
42715502581752000
3260725387920000
37638087334848000
19797261283800000
10480903032600000
46255718717208000
18492971128632000
29812346403840000
36240633597168000
25293912652008000
14067700959312000
6940686897144000
24175949661864000
9828757955016000
8012068096032000
10993302736416000
15511736488248000
45510410057112000
33958125825624000
12111265726560000
14673264245640000
19424606953752000
38010741664896000
4099197630528000
33305980748040000
25247330860752000
44578774231992000
40759067349000000
39874013315136000
38336814203688000
21567369351528000
30417909690168000
25433658025776000
17188680973464000
21101551438968000
25573403399544000
36054306432144000
37079105839776000
11179629901440000
20822060691432000
8757376756128000
34051289408136000
838472242608000
33678635078088000
43507393033104000
33305980748040000
10387739450088000
37265433004800000
20868642482688000
13042901551680000
40432994810208000
23477222793024000
24828094739448000
5450069576952000
43041575120544000
6055632863280000
22778495924184000
43507393033104000
28088820127368000
8757376756128000
28228565501136000
42529175416728000
31629036262824000
43321065868080000
1444035528936000
46162555134696000
40898812722768000
32467508505432000
2189344189032000
41783866756632000
32746999252968000
11272793483952000
8058649887288000
9735594372504000
1071381198888000
24175949661864000
34330780155672000
8477886008592000
7825740931008000
36100888223400000
9176612877432000
17468171721000000
17188680973464000
14719846036896000
45510410057112000
28740965204952000
9362940042456000
9176612877432000
2841489266616000
35076088815768000
22405841594136000
43973210945664000
24828094739448000
9223194668688000
37218851213544000
35774815684608000
32979908209248000
31209800141520000
9502685416224000
19238279788728000
5915887489512000
32886744626736000
43926629154408000
34237616573160000
42156521086680000
3586797926712000
2515416727824000
14719846036896000
3120980014152000
12204429309072000
8338140634824000
14952754993176000
29952091777608000
46162555134696000
33305980748040000
3540216135456000
6754359732120000
29393110282536000
41690703174120000
21148133230224000
7406504809704000
21474205769016000
10900139153904000
32840162835480000
41877030339144000
42296266460448000
93163582512000
23197732045488000
40060340480160000
33864962243112000
40619321975232000
31768781636592000
6335123610816000
2515416727824000
32420926714176000
40759067349000000
43321065868080000
93163582512000
15558318279504000
34796598068232000
31582454471568000
38057323456152000
10247994076320000
29393110282536000
42296266460448000
3679961509224000
44112956319432000
40991976305280000
7965486304776000
5123997038160000
186327165024000
42016775712912000
15371991114480000
44578774231992000
44811683188272000
12903156177912000
44532192440736000
3120980014152000
31582454471568000
35681652102096000
32746999252968000
36799615092240000
26039221312104000
4565015543088000
8384722426080000
15278827531968000
32420926714176000
18260062172352000
42855247955520000
42715502581752000
29160201326256000
3493634344200000
42622338999240000
14626682454384000
29952091777608000
28414892666160000
33026490000504000
5450069576952000
3679961509224000
46581791256000
22918241297952000
42529175416728000
3447052552944000
5123997038160000
17188680973464000
5729560324488000
35122670607024000
3912870465504000
40852230931512000
14114282750568000
45370664683344000
5869305698256000
31489290889056000
21986605472832000
9269776459944000
7080432270912000
7825740931008000
22219514429112000
30743982228960000
13834792003032000
5030833455648000
8244977052312000
44206119901944000
35867979267120000
26272130268384000
24315695035632000
12251011100328000
25340494443264000
46348882299720000
7825740931008000
2608580310336000
24362276826888000
26505039224664000
8524467799848000
8012068096032000
19750679492544000
44485610649480000
8617631382360000
35262415980792000
8617631382360000
7313341227192000
15511736488248000
41085139887792000
10620648406368000
12204429309072000
7127014062168000
29719182821328000
3633379717968000
5403487785696000
8897122129896000
8198395261056000
37172269422288000
16350208730856000
12437338265352000
43181320494312000
28787546996208000
15325409323224000
12297592891584000
35122670607024000
10434321241344000
20263079196360000
186327165024000
22126350846600000
46395464090976000
39221868237552000
37544923752336000
37218851213544000
11831774979024000
29393110282536000
40619321975232000
29719182821328000
16722863060904000
28275147292392000
43600556615616000
41038558096536000
1770108067728000
11039884527672000
11598866022744000
42342848251704000
4332106586808000
27669584006064000
43926629154408000
43321065868080000
45929646178416000
32234599549152000
31908527010360000
6521450775840000
22312678011624000
3773125091736000
26505039224664000
19983588448824000
34656852694464000
21334460395248000
11412538857720000
6614614358352000
9362940042456000
28228565501136000
38616304951224000
30511073272680000
45836482595904000
19378025162496000
38290232412432000
6195378237048000
28834128787464000
17561335303512000
36333797179680000
15325409323224000
27995656544856000
33864962243112000
23337477419256000
24874676530704000
26505039224664000
6847523314632000
21194715021480000
16489954104624000
16909190225928000
29579437447560000
6241960028304000
36753033300984000
2701743892848000
8477886008592000
16303626939600000
7872322722264000
40898812722768000
28275147292392000
23710131749304000
10387739450088000
43693720198128000
45184337518320000
39035541072528000
28461474457416000
34191034781904000
42575757207984000
31908527010360000
19704097701288000
36473542553448000
3120980014152000
13042901551680000
23337477419256000
9316358251200000
22452423385392000
8105231678544000
29346528491280000
26458457433408000
16862608434672000
21660532934040000
13182646925448000
5356905994440000
33492307913064000
7685995557240000
28321729083648000
30185000733888000
4518433751832000
7546250183472000
41783866756632000
8244977052312000
2329089562800000
20030170240080000
6894105105888000
31489290889056000
27949074753600000
38849213907504000
29998673568864000
13136065134192000
26458457433408000
11365957066464000
8943703921152000
2468834936568000
39361613611320000
12949737969168000
17421589929744000
16210463357088000
19424606953752000
20868642482688000
43740301989384000
23849877123072000
11878356770280000
10108248702552000
41224885261560000
31442709097800000
10993302736416000
41970193921656000
3167561805408000
9782176163760000
7685995557240000
37358596587312000
19378025162496000
13089483342936000
4006034048016000
3120980014152000
39501358985088000
11505702440232000
40526158392720000
1304290155168000
42668920790496000
36287215388424000
19378025162496000
8524467799848000
14440355289360000
26505039224664000
32094854175384000
42156521086680000
35402161354560000
21567369351528000
12903156177912000
25946057729592000
24688349365680000
32234599549152000
21660532934040000
23616968166792000
43553974824360000
42482593625472000
25340494443264000
42109939295424000
10154830493808000
34330780155672000
10574066615112000
28414892666160000
5776142115744000
4238943004296000
21427623977760000
26225548477128000
30883727602728000
29905509986352000
26598202807176000
30324746107656000
31861945219104000
17188680973464000
45789900804648000
27576420423552000
2794907475360000
14114282750568000
36100888223400000
44951428562040000
29067037743744000
35308997772048000
4937669873136000
6614614358352000
6568032567096000
13741628420520000
2701743892848000
29765764612584000
35448743145816000
28647801622440000
29206783117512000
28834128787464000
9083449294920000
37079105839776000
11365957066464000
18958789041192000
26644784598432000
22312678011624000
36473542553448000
9130031086176000
24315695035632000
43460811241848000
1444035528936000
10061666911296000
43693720198128000
8710794964872000
33771798660600000
38988959281272000
31815363427848000
33259398956784000
1630362693960000
17328426347232000
45137755727064000
34004707616880000
19471188745008000
10434321241344000
44578774231992000
3959452256760000
36659869718472000
34144452990648000
186327165024000
23803295331816000
26318712059640000
18399807546120000
35728233893352000
13415555881728000
37731250917360000
372654330048000
21567369351528000
5170578829416000
13275810507960000
26737948180944000
30185000733888000
2561998519080000
13415555881728000
7453086600960000
2468834936568000
18027153216072000
10993302736416000
13415555881728000
26784529972200000
42948411538032000
37638087334848000
7685995557240000
1211126572656000
21054969647712000
4704760916856000
5543233159464000
10061666911296000
33259398956784000
34144452990648000
35169252398280000
38103905247408000
36194051805912000
18586134711144000
46255718717208000
22079769055344000
19983588448824000
5263742411928000
29532855656304000
1537199111448000
10015085120040000
4751342708112000
16722863060904000
25852894147080000
20449406361384000
20076752031336000
11086466318928000
22918241297952000
4984251664392000
17607917094768000
23616968166792000
27390093258528000
21381042186504000
1164544781400000
3679961509224000
12949737969168000
42249684669192000
19797261283800000
35448743145816000
38569723159968000
16676281269648000
24967840113216000
34750016276976000
1490617320192000
34517107320696000
3773125091736000
39594522567600000
13648464838008000
45463828265856000
28275147292392000
3400470761688000
4238943004296000
40665903766488000
465817912560000
42063357504168000
36659869718472000
19564352327520000
27623002214808000
29299946700024000
10108248702552000
32840162835480000
18586134711144000
37731250917360000
6009051072024000
11552284231488000
29626019238816000
1490617320192000
42855247955520000
2841489266616000
10434321241344000
14254028124336000
45184337518320000
6055632863280000
12251011100328000
42668920790496000
12297592891584000
21381042186504000
6661196149608000
31535872680312000
44671937814504000
23756713540560000
34563689111952000
24548603991912000
9316358251200000
16024136192064000
13881373794288000
45883064387160000
37265433004800000
9456103624968000
40898812722768000
25387076234520000
31675618054080000
4425270169320000
30464491481424000
1630362693960000
21148133230224000
44392447066968000
11412538857720000
8338140634824000
38429977786200000
16583117687136000
41318048844072000
21101551438968000
23616968166792000
42436011834216000
23616968166792000
23477222793024000
17980571424816000
18213480381096000
14393773498104000
32327763131664000
19983588448824000
10154830493808000
7592831974728000
7080432270912000
15185663949456000
22405841594136000
35076088815768000
28321729083648000
18399807546120000
25061003695728000
23384059210512000
32560672087944000
46255718717208000
10946720945160000
1117962990144000
44439028858224000
36287215388424000
29905509986352000
18725880084912000
2375671354056000
27623002214808000
15884390818296000
20961806065200000
14999336784432000
21753696516552000
4797924499368000
2235925980288000
17188680973464000
19797261283800000
31349545515288000
20915224273944000
35308997772048000
791890451352000
43088156911800000
33911544034368000
20868642482688000
22825077715440000
27296929676016000
45696737222136000
31302963724032000
36892778674752000
12996319760424000
37079105839776000
41085139887792000
45137755727064000
1164544781400000
38476559577456000
5263742411928000
838472242608000
33678635078088000
27855911171088000
24502022200656000
3260725387920000
2235925980288000
9689012581248000
31768781636592000
10993302736416000
30185000733888000
3074398222896000
12530501847864000
23290895628000000
21194715021480000
31861945219104000
32840162835480000
22592168759160000
42436011834216000
33585471495576000
21381042186504000
27436675049784000
1583780902704000
17980571424816000
14533518871872000
22638750550416000
43740301989384000
8198395261056000
33585471495576000
14766427828152000
16350208730856000
11272793483952000
36054306432144000
3447052552944000
38383395994944000
19424606953752000
41271467052816000
36659869718472000
21753696516552000
31815363427848000
465817912560000
27483256841040000
34237616573160000
3773125091736000
28368310874904000
38010741664896000
26132384894616000
43181320494312000
13881373794288000
11552284231488000
38103905247408000
23616968166792000
45929646178416000
33445726121808000
16676281269648000
24734931156936000
10201412285064000
43833465571896000
10527484823856000
30604236855192000
6568032567096000
9176612877432000
38942377490016000
10713811988880000
22685332341672000
25014421904472000
19471188745008000
2468834936568000
15744645444528000
6568032567096000
9316358251200000
34470525529440000
10387739450088000
16210463357088000
885054033864000
46395464090976000
3819706882992000
13042901551680000
31722199845336000
17235262764720000
14533518871872000
838472242608000
18679298293656000
1816689858984000
4425270169320000
36753033300984000
10154830493808000
35867979267120000
5263742411928000
13741628420520000
7453086600960000
14300609915592000
23384059210512000
3214143596664000
6009051072024000
43553974824360000
41877030339144000
27296929676016000
40526158392720000
37870996291128000
29206783117512000
42948411538032000
9130031086176000
14114282750568000
36147470014656000
7918904513520000
27436675049784000
21334460395248000
35215834189536000
2981234640384000
9362940042456000
17188680973464000
35495324937072000
34237616573160000
17933989633560000
19005370832448000
24967840113216000
279490747536000
27110602510992000
9083449294920000
20309660987616000
19657515910032000
34563689111952000
326072538792000
4611597334344000
17840826051048000
40712485557744000
35495324937072000
41224885261560000
23477222793024000
45976227969672000
8664213173616000
46162555134696000
46069391552184000
20356242778872000
25666566982056000
32281181340408000
20123333822592000
42203102877936000
19657515910032000
33212817165528000
38523141368712000
19657515910032000
16676281269648000
8431304217336000
2981234640384000
34656852694464000
8571049591104000
8338140634824000
28042238336112000
4797924499368000
18353225754864000
14254028124336000
39175286446296000
43786883780640000
31908527010360000
8664213173616000
33678635078088000
1117962990144000
16163881565832000
22685332341672000
45976227969672000
14347191706848000
20402824570128000
15651481862016000
22964823089208000
10806975571392000
11598866022744000
40619321975232000
4797924499368000
4704760916856000
33492307913064000
3866288674248000
6987268688400000
33585471495576000
43367647659336000
12111265726560000
36380378970936000
17887407842304000
34750016276976000
11598866022744000
21381042186504000
29299946700024000
31256381932776000
16536535895880000
43041575120544000
2375671354056000
15232245740712000
8524467799848000
45929646178416000
18120316798584000
7779159139752000
24082786079352000
15791227235784000
5310324203184000
9642430789992000
26225548477128000
7872322722264000
14580100663128000
26085803103360000
15791227235784000
40759067349000000
7406504809704000
16117299774576000
10108248702552000
42948411538032000
7220177644680000
3959452256760000
8617631382360000
10247994076320000
30278164316400000
4378688378064000
16816026643416000
43460811241848000
3633379717968000
