100 990
5822723907
69010061120
194090796900
116454478140
1117962990144
215656441
646969323
207030183360
129393864600
15527263752
27949074753600
16174233075
2156564410
172525152800
1035150916800
93163582512
69872686884
310545275040
2329089562800
69010061120
3493634344200
27949074753600
16174233075
2070301833600
13802012224
27604024448
436704293025
1940907969
291136195350
5589814950720
465817912560
12939386460
414060366720
698726868840
1293938646
32348466150
3493634344200
5175754584
6469693230
1725251528
86262576400
5589814950720
97045398450
41406036672
279490747536
11645447814
46581791256
215656441
1078282205
155272637520
6987268688400
27949074753600
194090796900
931635825120
431312882
2329089562800
6987268688400
194090796900
116454478140
23290895628
248436220032
6210905500800
15527263752
646969323
32348466150
5391411025
2329089562800
23290895628
82812073344
2329089562800
77636318760
27604024448
1035150916800
1552726375200
86262576400
465817912560
174681717210
6901006112
2329089562800
207030183360
232908956280
1397453737680
20703018336
103515091680
1397453737680
3726543300480
1397453737680
145568097675
46581791256
1117962990144
1552726375200
745308660096
41406036672
1117962990144
19409079690
103515091680
69872686884
4658179125600
10782822050
58227239070
55730455058678400
49078575267321600
1173861139651200
32085537817132800
12074000293555200
23868509839574400
53270936480361600
782574093100800
35439426787564800
50867316051552000
43488760316601600
28452158099164800
27445991408035200
37228167571795200
29122935893251200
10844241004396800
23477222793024000
42762084373008000
4080564914025600
11459120648976000
6763676090371200
111796299014400
38290232412432000
41252834336313600
9726278014252800
41644121382864000
12912472536163200
20626417168156800
10956037303411200
25713148773312000
32868111910233600
27501889557542400
27334195109020800
44718519605760000
42817982522515200
11962203994540800
43656454765123200
38178436113417600
12744778087641600
2235925980288000
54333001320998400
51035010500073600
6092898296284800
18781778234419200
28396259949657600
24762880231689600
12912472536163200
19452556028505600
46619056689004800
25154167278240000
33259398956784000
51761686443667200
37954843515388800
49861149360422400
4080564914025600
23924407989081600
33147602657769600
24539287633660800
41141038037299200
43880047363152000
37619454618345600
51090908649580800
16937139300681600
34097871199392000
34712750843971200
48184204875206400
26663417314934400
1844638933737600
2180027830780800
6819574239878400
19284861579984000
30855778527974400
17272528197724800
40470260243212800
50084741958451200
40023075047155200
26216232118876800
42594389924486400
13359657732220800
19508454178012800
7881639080515200
11123731751932800
43712352914630400
5478018651705600
8664213173616000
53159140181347200
54277103171491200
35607121236086400
15986870759059200
34600954544956800
54053510573462400
18837676383926400
5254426053676800
37619454618345600
23141833895980800
25042370979225600
15875074460044800
46954445586048000
39072806505532800
41811815831385600
52208871639724800
40302565794691200
32253232265654400
53047343882332800
32365028564668800
41755917681878400
950268541622400
10061666911296000
21912074606822400
2012333382259200
19396657878998400
26719315464441600
1509250036694400
12577083639120000
53606325377404800
45333399250339200
1509250036694400
17552018945260800
36110204581651200
28340361800150400
10732444705382400
55395066161635200
54165306872476800
2291824129795200
23141833895980800
54891982816070400
28228565501136000
48687288220771200
40190769495676800
5589814950720000
27334195109020800
17104833749203200
26831111763456000
49805251210915200
31358861873539200
21185398663228800
23085935746473600
21967972756329600
36780982375737600
11459120648976000
9558583565731200
54780186517056000
6763676090371200
1732842634723200
51817584593174400
18446389337376000
15316092964972800
47010343735555200
37395862020316800
49302167865350400
23309528344502400
35942510133129600
14198129974828800
18614083785897600
3297990820924800
18055102290825600
43432862167094400
15819176310537600
28899343295222400
15260194815465600
44103639961180800
5422120502198400
39464093552083200
25824945072326400
19228963430476800
5869305698256000
28172667351628800
5757509399241600
53774019825926400
36948676824259200
36557389777708800
54500695769520000
391287046550400
12074000293555200
26048537670355200
42035408429414400
27781380305078400
22359259802880000
42538491774979200
38346130561939200
14533518871872000
19899741224563200
51649890144652800
24930574680211200
23700815391052800
22638750550416000
35215834189536000
45724686296889600
5366222352691200
28675750697193600
44662621456252800
35886611983622400
27445991408035200
33315297106291200
782574093100800
13974537376800000
20011537523577600
35327630488550400
46619056689004800
6148796445792000
10117565060803200
28060871052614400
32756315611219200
14198129974828800
223592598028800
34153769348899200
36613287927216000
10341157658832000
6931370538892800
13695046629264000
12185796592569600
21464889410764800
6651879791356800
38402028711446400
27334195109020800
42538491774979200
42370797326457600
23141833895980800
50811417902044800
32588621162697600
44327232559209600
17999204141318400
33930176750870400
18949472682940800
16937139300681600
13080166984684800
52600158686275200
44103639961180800
51873482742681600
8161129828051200
40414362093705600
4527750110083200
28731648846700800
52991445732825600
30408593331916800
19787944925548800
52879649433811200
28228565501136000
4360055661561600
40190769495676800
17328426347232000
9279092818195200
8049333529036800
13583250330249600
40358463944198400
16881241151174400
30240898883395200
52711954985289600
31358861873539200
26104435819862400
15819176310537600
16042768908566400
7769842781500800
46730852988019200
43209269569065600
1565148186201600
31806047069596800
27054704361484800
6819574239878400
16042768908566400
8943703921152000
37284065721302400
11459120648976000
30743982228960000
31582454471568000
13471454031235200
43656454765123200
49525760463379200
55618658759664000
27501889557542400
11794509546019200
42314899176950400
46619056689004800
50923214201059200
25042370979225600
12465287340105600
30743982228960000
46451362240483200
52823751284304000
53382732779376000
24818778381196800
37563556468838400
49637556762393600
32924010059740800
24874676530704000
41308732485820800
32253232265654400
42538491774979200
19732046776041600
33706584152841600
40078973196662400
30520389630931200
42035408429414400
26998806211977600
52656056835782400
24315695035632000
49637556762393600
18222796739347200
37563556468838400
3018500073388800
22918241297952000
25769046922819200
28004972903107200
51761686443667200
12018102144048000
9334990967702400
18055102290825600
38178436113417600
54612492068534400
36725084226230400
21856176457315200
18111000440332800
44886214054281600
25321861726761600
29626019238816000
48407797473235200
38625621309475200
20682315317664000
12688879938134400
50531927154508800
40637954691734400
7210861286428800
41308732485820800
40582056542227200
20905907915692800
41029241738284800
48799084519785600
19899741224563200
7266759435936000
47178038184076800
1621046335708800
26160333969369600
2739009325852800
31917843368611200
19340759729491200
47960612277177600
19284861579984000
42985676971036800
10620648406368000
44998010353296000
15036602217436800
44606723306745600
40414362093705600
7043166837907200
47289834483091200
25880843221833600
17160731898710400
503083345564800
9726278014252800
38234334262924800
34600954544956800
48240103024713600
51817584593174400
17384324496739200
10452953957846400
37060473123273600
31470658172553600
20402824570128000
10508852107353600
13024268835177600
4807240857619200
1341555588172800
48575491921756800
11123731751932800
10117565060803200
18222796739347200
49749353061408000
10285259509324800
30408593331916800
0
26998806211977600
20794111616678400
42426695475964800
51929380892188800
17552018945260800
26216232118876800
5645713100227200
17999204141318400
27054704361484800
27781380305078400
31917843368611200
23924407989081600
6875472389385600
15036602217436800
44494927007731200
21576685709779200
9167296519180800
53606325377404800
14813009619408000
42259001027443200
38625621309475200
53438630928883200
2180027830780800
40023075047155200
20738213467171200
44718519605760000
34824547142985600
32476824863683200
21520787560272000
26495722866412800
19620250477027200
48463695622742400
12297592891584000
49917047509929600
24259796886124800
9446787266716800
6595981641849600
42147204728428800
7881639080515200
24762880231689600
28675750697193600
18278694888854400
46451362240483200
7602148332979200
40414362093705600
7713944631993600
23253630194995200
11626815097497600
43041575120544000
6763676090371200
50308334556480000
5981101997270400
14365824423350400
46339565941468800
8831907622137600
29067037743744000
31582454471568000
17831509692796800
42259001027443200
22415157952387200
11570916947990400
26328028417891200
53382732779376000
34321463797420800
21408991261257600
4415953811068800
47737019679148800
28452158099164800
15539685563001600
55506862460649600
39855380598633600
54724288367548800
32812213760726400
53606325377404800
34936343442000000
14421722572857600
6092898296284800
34097871199392000
27669584006064000
1062064840636800
4974935306140800
36557389777708800
19340759729491200
7490352033964800
3242092671417600
55283269862620800
31526556322060800
13303759582713600
18949472682940800
49861149360422400
23924407989081600
48854982669292800
53494529078390400
7658046482486400
5086731605155200
4919037156633600
6819574239878400
1006166691129600
18055102290825600
11906305845033600
26216232118876800
46283667791961600
45501093698860800
21017704214707200
42035408429414400
558981495072000
33371195255798400
29234732192265600
29234732192265600
18669981935404800
503083345564800
5757509399241600
23812611690067200
6372389043820800
22023870905836800
44215436260195200
22135667204851200
5142629754662400
48128306725699200
29849611836844800
34097871199392000
36389695329187200
950268541622400
558981495072000
27725482155571200
12129898443062400
53270936480361600
10620648406368000
13247861433206400
38346130561939200
279490747536000
48072408576192000
26831111763456000
41420528784835200
26439824716905600
28508056248672000
11067833602425600
33986074900377600
39743584299619200
9279092818195200
14589417021379200
49861149360422400
35663019385593600
27054704361484800
34433260096435200
20067435673084800
7099064987414400
19452556028505600
26439824716905600
44494927007731200
21912074606822400
23085935746473600
47681121529641600
33818380451856000
50476029005001600
3018500073388800
11403222499468800
7658046482486400
41364630635328000
11291426200454400
36557389777708800
48575491921756800
17663815244275200
3186194521910400
53047343882332800
40246667645184000
31358861873539200
3130296372403200
14254028124336000
34433260096435200
27669584006064000
4415953811068800
26719315464441600
36389695329187200
48519593772249600
47010343735555200
9223194668688000
36110204581651200
11291426200454400
54444797620012800
46339565941468800
10341157658832000
48184204875206400
49469862313872000
44662621456252800
25489556175283200
22750546849430400
22023870905836800
12577083639120000
50811417902044800
10900139153904000
49469862313872000
45277501100832000
4471851960576000
6428287193328000
3968768615011200
53997612423955200
35774815684608000
14868907768915200
52097075340710400
43656454765123200
5981101997270400
37898945365881600
44047741811673600
23085935746473600
54444797620012800
39240500954054400
39352297253068800
1844638933737600
21744380158300800
11962203994540800
11011935452918400
52432464237753600
55506862460649600
30240898883395200
48910880818800000
34824547142985600
9167296519180800
34489158245942400
33762482302348800
35439426787564800
13191963283699200
7043166837907200
42147204728428800
14309926273843200
48128306725699200
10900139153904000
31750148920089600
32476824863683200
12074000293555200
4136463063532800
51985279041696000
14701213320393600
15763278161030400
41420528784835200
10564750256860800
27725482155571200
2459518578316800
36836880525244800
50699621603030400
40526158392720000
5478018651705600
38010741664896000
14142231825321600
24986472829718400
5813407548748800
23477222793024000
14309926273843200
15707380011523200
34936343442000000
24818778381196800
11179629901440000
11459120648976000
30296797032902400
33538889704320000
52544260536768000
36613287927216000
3801074166489600
55339168012128000
27725482155571200
22191565354358400
2739009325852800
17216630048217600
38010741664896000
4974935306140800
23365426494009600
26328028417891200
3130296372403200
21073602364214400
12018102144048000
40190769495676800
30576287780438400
49917047509929600
4192361213040000
4136463063532800
43321065868080000
503083345564800
16154565207580800
726675943593600
22582852400908800
46060075193932800
48296001174220800
11011935452918400
36669186076723200
25433658025776000
42314899176950400
24818778381196800
41923612130400000
54612492068534400
31023472976496000
51873482742681600
8217027977558400
47681121529641600
16098667058073600
558981495072000
38513825010460800
18725880084912000
33874278601363200
29905509986352000
1173861139651200
18725880084912000
36445593478694400
32588621162697600
18111000440332800
46395464090976000
9223194668688000
31861945219104000
41141038037299200
47233936333584000
12241694742076800
27110602510992000
43935945512659200
49022677117814400
49078575267321600
19173065280969600
41979510279907200
18725880084912000
22191565354358400
39296399103561600
40358463944198400
35998408282636800
2347722279302400
11962203994540800
3521583418953600
35271732339043200
4863139007126400
34489158245942400
8664213173616000
29402426640787200
27893176604092800
22247463503865600
29234732192265600
24315695035632000
21632583859286400
17272528197724800
15819176310537600
27837278454585600
25265963577254400
26383926567398400
34153769348899200
1117962990144000
52600158686275200
40582056542227200
13527352180742400
28731648846700800
15260194815465600
52823751284304000
27166500660499200
27110602510992000
37451760169824000
30967574826988800
27949074753600000
35439426787564800
29849611836844800
41588223233356800
24371593185139200
21800278307808000
30352695182409600
49022677117814400
30129102584380800
47848815978163200
36054306432144000
18781778234419200
42091306578921600
12465287340105600
50252436406972800
38681519458982400
52991445732825600
28955241444729600
54724288367548800
43488760316601600
49413964164364800
1341555588172800
2515416727824000
52656056835782400
39352297253068800
51314501247609600
53662223526912000
47904714127670400
5757509399241600
42370797326457600
35551223086579200
35942510133129600
44494927007731200
33371195255798400
8552416874601600
26607519165427200
34545056395449600
22582852400908800
36557389777708800
20346926420620800
26048537670355200
14645315170886400
25769046922819200
30911676677481600
25154167278240000
24930574680211200
30240898883395200
34265565647913600
37619454618345600
20850009766185600
28228565501136000
23197732045488000
36445593478694400
53103242031840000
25992639520848000
28228565501136000
50084741958451200
30743982228960000
23085935746473600
4751342708112000
39464093552083200
44215436260195200
23085935746473600
32644519312204800
35886611983622400
54556593919027200
44886214054281600
34265565647913600
29514222939801600
53941714274448000
41700019532371200
23421324643516800
22079769055344000
14254028124336000
8831907622137600
26383926567398400
47513427081120000
36166102731158400
14813009619408000
30296797032902400
53438630928883200
34880445292492800
26383926567398400
35551223086579200
23197732045488000
10005768761788800
55674556909171200
38234334262924800
33259398956784000
23980306138588800
8440620575587200
18949472682940800
37731250917360000
46060075193932800
36222000880665600
41588223233356800
13695046629264000
31582454471568000
39799482449126400
24483389484153600
23197732045488000
18949472682940800
9558583565731200
55450964311142400
27110602510992000
16266361506595200
54277103171491200
37228167571795200
23309528344502400
36277899030172800
30352695182409600
43041575120544000
51258603098102400
29011139594236800
35383528638057600
24203898736617600
20961806065200000
22750546849430400
53159140181347200
4080564914025600
5254426053676800
40358463944198400
13191963283699200
37172269422288000
42203102877936000
6316490894313600
42817982522515200
37563556468838400
30464491481424000
42873880672022400
31023472976496000
18725880084912000
49413964164364800
6204694595299200
29178834042758400
7099064987414400
41252834336313600
40637954691734400
37731250917360000
46619056689004800
11123731751932800
2347722279302400
29737815537830400
13359657732220800
4583648259590400
33818380451856000
40917445439270400
15148398516451200
20905907915692800
24203898736617600
42259001027443200
7658046482486400
5701611249734400
36445593478694400
45445195549353600
6595981641849600
27110602510992000
25713148773312000
38346130561939200
53718121676419200
223592598028800
14365824423350400
25992639520848000
14589417021379200
50196538257465600
9279092818195200
14757111469900800
24818778381196800
24427491334646400
34489158245942400
10397055808339200
36557389777708800
52208871639724800
11291426200454400
279490747536000
15148398516451200
167694448521600
42929778821529600
52823751284304000
4807240857619200
24762880231689600
3018500073388800
12074000293555200
29849611836844800
9111398369673600
54053510573462400
4415953811068800
27501889557542400
10620648406368000
45892380745411200
33427093405305600
39743584299619200
15148398516451200
1229759289158400
46339565941468800
36110204581651200
52488362387260800
19732046776041600
14365824423350400
3186194521910400
45948278894918400
53941714274448000
44383130708716800
36836880525244800
2291824129795200
6707777940864000
35159936040028800
51817584593174400
1900537083244800
39016908356025600
4080564914025600
45333399250339200
12688879938134400
44047741811673600
1732842634723200
13527352180742400
25824945072326400
33986074900377600
11794509546019200
52208871639724800
29681917388323200
50140640107958400
42873880672022400
30296797032902400
9949870612281600
6651879791356800
53382732779376000
29122935893251200
50308334556480000
53382732779376000
13918639227292800
44606723306745600
50084741958451200
18558185636390400
20458722719635200
4919037156633600
3465685269446400
7658046482486400
39408195402576000
34321463797420800
49749353061408000
1341555588172800
43153371419558400
23812611690067200
11235528050947200
52711954985289600
19732046776041600
45612889997875200
39352297253068800
40861547289763200
15483787413494400
47625223380134400
2571314877331200
47737019679148800
54556593919027200
26551621015920000
54333001320998400
11906305845033600
6595981641849600
10676546555875200
27501889557542400
49972945659436800
16657648553145600
40637954691734400
33874278601363200
16713546702652800
49805251210915200
9223194668688000
14365824423350400
5254426053676800
