100 990
48307042784
40759067349
724605641760
289842256704
120767606960
21738169252800
203795336745
1630362693960
2173816925280
1449211283520
81518134698
483070427840
4075906734900
603838034800
241535213920
289842256704
1018976683725
27172711566
10869084626400
4528785261
905757052200
135863557830
27172711566
407590673490
1304290155168
869526770112
407590673490
12076760696
108690846264
24153521392
434763385056
603838034800
72460564176
1630362693960
45287852610
37739877175
652145077584
9057570522
2173816925280
226439263050
4347633850560
9057570522
150959508700
1086908462640
144921128352
905757052200
1449211283520
1086908462640
7246056417600
1811514104400
1630362693960
48307042784
13586355783
6521450775840
65214507758400
40759067349
108690846264
1304290155168
8151813469800
4075906734900
54345423132
543454231320
271727115660
2037953367450
905757052200
1304290155168
10869084626400
181151410440
6521450775840
9057570522
905757052200
108690846264
7246056417600
2173816925280
45287852610
2415352139200
60383803480
543454231320
108690846264
543454231320
1811514104400
869526770112
4528785261
113219631525
339658894575
217381692528
72460564176
905757052200
2037953367450
203795336745
72460564176
4528785261
241535213920
362302820880
108690846264
326072538792
16303626939600
869526770112
5434542313200
679317789150
9288409176447397
829155884356889
3251409029669149
3214143596664345
3288674462673953
7536933825221609
7210861286429574
5710927607986213
1947118874501009
5123997038160550
2012333382259416
121112657265613
8878489413394553
1881904366742602
3074398222896330
3046449148142727
9241827385191392
326072538792035
2412936787061059
2301140488046647
2273191413293044
7807108214506438
2403620428809858
7294708510690383
3335256253929958
4033983122770033
437868837806447
9185929235684186
959584899873703
2794907475360300
1136595706646522
7443770242709599
9232511026940191
1257708363912135
2999867356886722
4825873574122118
5990418355522243
726675943593678
4527750110083686
2617896668587481
3111663655901134
2953285565630717
1080697557139316
7704628273743227
7341290301946388
1909853441496205
7704628273743227
5962469280768640
1313606513419341
8785325830882543
4201677571291651
6167429162295062
6679828866111117
7536933825221609
3353888970432360
7630097407733619
2589947593833878
903686750366497
7220177644680775
2217293263785838
8189078902805679
1173861139651326
2049598815264220
2040282457013019
4919037156634128
9269776459944995
4797924499368515
1900537083245004
1518566394945763
8785325830882543
3670645150973194
5189211545918957
270174389284829
2543365802577873
18632716502402
8263609768815287
6325807252565479
8366089709578498
7276075794187981
149061732019216
5226476978923761
8785325830882543
2403620428809858
7378555734951192
5282375128430967
260858031033628
7294708510690383
6344439969067881
8151813469800875
4415953811069274
8207711619308081
1164544781400125
2384987712307456
9036867503664970
7872322722264845
6148796445792660
3810390524741209
8710794964872935
5263742411928565
7909588155269649
5086731605155746
8897122129896955
158378090270417
5515284084710992
7797791856255237
5673662174981409
6614614358352710
7769842781501634
1975067949254612
3242092671417948
3875605032499616
8198395261056880
7154963136922368
3176878163659541
3419103478190767
1211126572656130
8664213173616930
1546515469699366
3037132789891526
4881771723629324
4015350406267631
894370392115296
5254426053677364
7164279495173569
7984119021279257
8095915320293669
1471984603689758
1751475351225788
1583780902704170
1416086454182552
6130163729290258
1099330273641718
1145912064897723
1826006217235396
8151813469800875
2794907475360300
8598998665858523
6092898296285454
940952183371301
6046316505029449
642828719332869
8347456993076096
2096180606520225
931635825120100
7695311915492026
4453219244074078
3996717689765229
7127014062168765
4471851960576480
5804091190498223
2571314877331476
819839526105688
2152078756027431
5002884380894937
3037132789891526
3055765506393928
3530899777205179
2189344189032235
9046183861916171
8925071204650558
5431436860450183
1145912064897723
4388004736315671
8552416874602518
4155095780035646
5096047963406947
3297990820925154
7546250183472810
1760791709476989
2496784011321868
5617764025474203
111796299014412
7760526423250433
5580498592469399
8850540338640950
7900271797018448
4946986231387731
6558716208845504
8105231678544870
1369504662926547
1276341080414537
531032420318457
7071115912661559
447185196057648
875737675612894
6838206956381534
2114813323022627
6372389043821484
9269776459944995
4574331901339691
9316358251201
9064816578418573
7276075794187981
4024666764518832
186327165024020
5971785639019841
3419103478190767
4127146705282043
4248259362547656
5981101997271042
633512361081668
4639546409098098
2077547890017823
9055500220167372
1574464544452969
7844373647511242
7071115912661559
344705255294437
6316490894314278
3502950702451576
7835057289260041
5301007844933369
447185196057648
8244977052312885
8207711619308081
7788475498004036
7546250183472810
8198395261056880
8673529531868131
5151946112914153
8887805771645754
8077282603791267
2403620428809858
7872322722264845
1173861139651326
316756180540834
5468702293454987
7397188451453594
7611464691231217
5915887489512635
4248259362547656
3530899777205179
2757642042355496
8543100516351317
2422253145312260
4266892079050058
4760659066363711
2645845743341084
2785591117109099
4099197630528440
4974935306141334
3391154403437164
2748325684104295
5254426053677364
6847523314632735
3288674462673953
4471851960576480
3046449148142727
3204827238413144
1155228423148924
5431436860450183
6158112804043861
9092765653172176
5468702293454987
7350606660197589
4257575720798857
6568032567096705
2822856550113903
2217293263785838
3829023241243611
4853822648875721
7257443077685579
5748193040991017
5543233159464595
8170446186303277
4844506290624520
6838206956381534
8654896815365729
6745043373869524
5878622056507831
7322657585443986
4891088081880525
7900271797018448
1211126572656130
6856839672883936
6940686897144745
4360055661562068
4742026349861309
3381838045185963
4956302589638932
2617896668587481
1388137379428949
4592964617842093
735992301844879
5450069576952585
6922054180642343
8133180753298473
1434719170684954
7238810361183177
4881771723629324
6381705402072685
763941376598482
4033983122770033
2990550998635521
987533974627306
6251276386555871
5375538710942977
782574093100884
9157980160930583
7658046482487222
2384987712307456
1024799407632110
2496784011321868
1714209918220984
1993700665757014
1294973796916939
1239075647409733
3437736194693169
4108513988779641
5599131308971801
9204561952186588
232908956280025
7732577348496830
2636529385089883
1034115765883311
8738744039626538
2161395114278632
5515284084710992
8571049591104920
437868837806447
6595981641850308
3232776313166747
8776009472631342
8524467799848915
549665136820859
8617631382360925
2850805624867506
5543233159464595
6745043373869524
8300875201820091
8626947740612126
7071115912661559
6167429162295062
3447052552944370
4788608141117314
8272926127066488
1546515469699366
5505967726459791
409919763052844
875737675612894
2925336490877114
4620913692595696
6726410657367122
6530767134091901
5552549517715796
3698594225726797
6791625165125529
4658179125600500
5906571131261434
4686128200354103
1453351887187356
1164544781400125
4863139007126922
3512267060702777
1695577201718582
1369504662926547
8785325830882543
5291691486682168
2319773204549049
3447052552944370
1667628126964979
7490352033965604
475134270811251
3754492375234003
9008918428911367
8692162248370533
3074398222896330
959584899873703
5403487785696580
4667495483851701
3288674462673953
3158245447157139
5487335009957389
8058649887288865
3838339599494812
2608580310336280
1751475351225788
2860121983118707
8459253292090508
6614614358352710
2720376609350692
7378555734951192
3083714581147531
279490747536030
7816424572757639
4462535602325279
6651879791357514
7257443077685579
4229626646045254
5841356623503027
1835322575486597
8543100516351317
3875605032499616
1844638933737798
1621046335708974
4415953811069274
1835322575486597
5543233159464595
4518433751832485
6717094299115921
7210861286429574
195643523275221
4061932197523636
6717094299115921
307439822289633
4089881272277239
7760526423250433
3037132789891526
2589947593833878
3978084973262827
7946853588274453
8049333529037664
5785458473995821
4471851960576480
4164412138286847
7676679198989624
8002751737781659
3214143596664345
7909588155269649
223592598028824
8012068096032860
614879644579266
1751475351225788
2207976905534637
5226476978923761
2198660547283436
6195378237048665
2860121983118707
5981101997271042
6139480087541459
6037000146778248
344705255294437
8589682307607322
9008918428911367
8794642189133744
7276075794187981
5217160620672560
4592964617842093
7788475498004036
6512134417589499
5776142115744620
7499668392216805
6391021760323886
670777794086472
4956302589638932
6493501701087097
2422253145312260
633512361081668
4742026349861309
4089881272277239
1322922871670542
2021649740510617
661461435835271
2999867356886722
6092898296285454
6922054180642343
2040282457013019
7630097407733619
8356773351327297
2040282457013019
2384987712307456
232908956280025
847788600859291
7220177644680775
493766987313653
3819706882992410
4797924499368515
8626947740612126
3493634344200375
5962469280768640
6027683788527047
7201544928178373
1723526276472185
8058649887288865
1583780902704170
204959881526422
3251409029669149
866421317361693
8254293410564086
5226476978923761
4388004736315671
6977952330149549
3801074166490008
5999734713773444
5515284084710992
8487202366844111
8608315024109724
242225314531226
5962469280768640
5859989340005429
996850332878507
6549399850594303
3195510880161943
5813407548749424
8403355142583302
4397321094566872
8282242485317689
6297858177811876
745308660096080
484450629062452
8515151441597714
7397188451453594
4937669873136530
37265433004804
7080432270912760
5589814950720600
940952183371301
7602148332980016
2403620428809858
7825740931008840
5515284084710992
1770108067728190
8524467799848915
8310191560071292
5906571131261434
5487335009957389
5962469280768640
7844373647511242
6894105105888740
3409787119939566
4043299481021234
8571049591104920
4015350406267631
5692294891483811
7807108214506438
1117962990144120
5338273277938173
1555831827950567
1788740784230592
7583515616477614
2049598815264220
8636264098863327
3251409029669149
642828719332869
149061732019216
1313606513419341
5487335009957389
8114548036796071
903686750366497
8189078902805679
7779159139752835
4602280976093294
5170578829416555
6391021760323886
8282242485317689
3316623537427556
1406770095931351
1947118874501009
7248126719434378
6679828866111117
4145779421784445
6372389043821484
6819574239879132
1462668245438557
3316623537427556
931635825120100
5766825757493419
437868837806447
6968635971898348
5114680679909349
540348778569658
1285657438665738
8953020279404161
3316623537427556
8179762544554478
7583515616477614
605563286328065
2766958400606697
1127279348395321
2077547890017823
8310191560071292
7015217763154353
4415953811069274
5515284084710992
7015217763154353
2096180606520225
18632716502402
3866288674248415
409919763052844
5794774832247022
7620781049482418
1099330273641718
5804091190498223
484450629062452
5813407548749424
8338140634824895
130429015516814
3372521686934762
5245109695426163
9251143743442593
3726543300480400
3083714581147531
447185196057648
7052483196159157
885054033864095
2496784011321868
7648730124236021
493766987313653
7136330420419966
4099197630528440
1760791709476989
3102347297649933
2207976905534637
6977952330149549
2310456846297848
8319507918322493
2664478459843486
6083581938034253
3726543300480400
55898149507206
1937802516249808
6502818059338298
5198527904170158
3735859658731601
3754492375234003
8598998665858523
4397321094566872
8161129828052076
354021613545638
7779159139752835
1648995410462577
9223194668688990
2971918282133119
428552479555246
5114680679909349
6400338118575087
5338273277938173
2934652849128315
2021649740510617
857104959110492
4481168318827681
4462535602325279
7331973943695187
2058915173515421
3270041746171551
1257708363912135
3251409029669149
2114813323022627
2357038637553853
8897122129896955
8589682307607322
3344572612181159
8394038784332101
5245109695426163
3735859658731601
7061799554410358
7220177644680775
3903554107253219
6214010953551067
1667628126964979
2412936787061059
167694448521618
1695577201718582
9055500220167372
3996717689765229
3130296372403536
1406770095931351
7583515616477614
7853690005762443
5273058770179766
8999602070660166
8543100516351317
8654896815365729
1108646631892919
4276208437301259
6623930716603911
4816557215870917
7462402959212001
4732709991610108
6642563433106313
4332106586808465
5710927607986213
5859989340005429
5748193040991017
27949074753603
6717094299115921
8403355142583302
5524600442962193
1024799407632110
4117830347030842
3670645150973194
6437603551579891
5645713100227806
8217027977559282
7807108214506438
8766693114380141
3829023241243611
8636264098863327
2515416727824270
5682978533232610
177010806772819
1462668245438557
8272926127066488
4406637452818073
7732577348496830
3344572612181159
875737675612894
6651879791357514
5114680679909349
4639546409098098
251541672782427
5422120502198982
8692162248370533
1192493856153728
7108381345666363
978217616376105
186327165024020
9204561952186588
1341555588172944
335388897043236
391287046550442
2636529385089883
6605298000101509
5748193040991017
8403355142583302
726675943593678
5552549517715796
5627080383725404
7406504809704795
6940686897144745
6297858177811876
3447052552944370
503083345564854
7397188451453594
7611464691231217
7890955438767247
2813540191862702
8617631382360925
2655162101592285
4779291782866113
2822856550113903
4192361213040450
1704893559969783
8189078902805679
6735727015618323
5077415246904545
4611597334344495
6353756327319082
7490352033965604
9232511026940191
7443770242709599
5366222352691776
9111398369674578
6335123610816680
2832172908365104
2617896668587481
8887805771645754
1080697557139316
2943969207379516
4518433751832485
5887938414759032
4397321094566872
3093030939398732
9185929235684186
9260460101693794
2766958400606697
8710794964872935
1453351887187356
1220442930907331
2785591117109099
2440885861814662
2757642042355496
2841489266616305
3232776313166747
1052748482385713
1155228423148924
6064949221531851
8701478606621734
9195245593935387
6288541819560675
5245109695426163
996850332878507
2981234640384320
1676944485216180
4388004736315671
7946853588274453
6344439969067881
5962469280768640
6968635971898348
3428419836441968
838472242608090
2021649740510617
2384987712307456
6353756327319082
4164412138286847
6437603551579891
7937537230023252
2301140488046647
2934652849128315
3987401331514028
2897387416123511
7099064987415162
288807105787231
5412804143947781
3773125091736405
4024666764518832
5720243966237414
5664345816730208
2375671354056255
5878622056507831
2636529385089883
2990550998635521
773257734849683
6791625165125529
978217616376105
2086864248269024
1844638933737798
2254558696790642
8589682307607322
3894237749002018
6754359732120725
7713944631994428
1602413619206572
7387872093202393
9269776459944995
409919763052844
2235925980288240
111796299014412
3186194521910742
7918904513520850
8049333529037664
7015217763154353
2235925980288240
6968635971898348
6931370538893544
549665136820859
708043227091276
3652012434470792
2310456846297848
1993700665757014
7946853588274453
8738744039626538
4360055661562068
372654330048040
9148663802679382
3903554107253219
3111663655901134
5310324203184570
3176878163659541
3614747001465988
3167561805408340
5226476978923761
5785458473995821
7592831974728815
6605298000101509
819839526105688
1071381198888115
8095915320293669
2534049444326672
7453086600960800
419236121304045
1583780902704170
3875605032499616
4676811842102902
2003017024008215
9213878310437789
1527882753196964
7639413765984820
2003017024008215
5981101997271042
7341290301946388
121112657265613
1294973796916939
7890955438767247
8244977052312885
3419103478190767
3409787119939566
3176878163659541
9213878310437789
2617896668587481
3260725387920350
8617631382360925
6549399850594303
6102214654536655
6866156031135137
7210861286429574
3093030939398732
2161395114278632
4360055661562068
4555699184837289
7909588155269649
2412936787061059
9232511026940191
8310191560071292
6102214654536655
6391021760323886
3353888970432360
3297990820925154
5058782530402143
5002884380894937
7863006364013644
5189211545918957
6884788747637539
7443770242709599
931635825120100
1425402812433753
7508984750468006
5096047963406947
689410510588874
4388004736315671
6828890598130333
8505835083346513
2999867356886722
1192493856153728
7937537230023252
6912737822391142
2310456846297848
7639413765984820
158378090270417
270174389284829
381970688299241
773257734849683
242225314531226
4881771723629324
1518566394945763
2832172908365104
3176878163659541
568297853323261
754625018347281
791890451352085
437868837806447
7443770242709599
2319773204549049
2273191413293044
6717094299115921
9167296519181784
3745176016982802
5263742411928565
6866156031135137
1155228423148924
6344439969067881
9046183861916171
5235793337174962
5692294891483811
5776142115744620
7518301108719207
8207711619308081
2524733086075471
763941376598482
6344439969067881
7779159139752835
782574093100884
7359923018448790
5850672981754228
2040282457013019
2794907475360300
549665136820859
5962469280768640
149061732019216
5179895187667756
2860121983118707
7676679198989624
633512361081668
2357038637553853
6558716208845504
2189344189032235
3502950702451576
6046316505029449
5925203847763836
4080564914026038
7825740931008840
8692162248370533
4304157512054862
8151813469800875
4620913692595696
698726868840075
2962601923881918
7658046482487222
3558848851958782
4704760916856505
5533916801213394
9232511026940191
4658179125600500
5123997038160550
558981495072060
4844506290624520
6335123610816680
1723526276472185
2254558696790642
8366089709578498
8356773351327297
316756180540834
4881771723629324
6269909103058273
950268541622502
3363205328683561
4322790228557264
4769975424614912
7285392152439182
2757642042355496
4117830347030842
