100 990
22643926305
8151813469800
2898422567040
7547975435
244554404094
6113860102350
1739053540224
12227720204700
96614085568
1018976683725
2173816925280
3260725387920
1304290155168
18115141044
4891088081880
241535213920
2445544040940
60383803480
135863557830
78257409310080
15651481862016
815181346980
130429015516800
19564352327520
407590673490
18115141044
96614085568
339658894575
97821761637600
24153521392
97821761637600
203795336745
203795336745
869526770112
48910880818800
60383803480
1956435232752
4075906734900
724605641760
10869084626400
144921128352
81518134698
289842256704
163036269396
150959508700
150959508700
452878526100
10869084626400
869526770112
19564352327520
3056930051175
1304290155168
1739053540224
7547975435
43476338505600
407590673490
1207676069600
1956435232752
163036269396
5217160620672
489108808188
13586355783
3056930051175
48910880818800
12076760696
9782176163760
7547975435
9782176163760
8695267701120
652145077584
391287046550400
241535213920
81518134698
2717271156600
81518134698
13586355783
150959508700
966140855680
271727115660
241535213920
27172711566
4347633850560
32607253879200
7547975435
65214507758400
39128704655040
193228171136
24455440409400
603838034800
611386010235
7825740931008
7547975435
18115141044
12227720204700
130429015516800
1222772020470
679317789150
15651481862016
4075906734900
2173816925280
55730455058679397
45501093698861614
24651083932675641
18837676383926737
35383528638058233
17104833749203506
1229759289158422
43991843662167187
50979112350567312
30240898883395741
2068231531766437
31302963724032560
44606723306746398
8105231678544145
27837278454586098
3577481568460864
30576287780438947
24148000587110832
2683111176345648
11962203994541014
19564352327520350
12912472536163431
36725084226231057
43935945512659986
29234732192266123
39855380598634313
4024666764518472
33315297106291796
49917047509930493
6595981641849718
18334593038361928
4080564914025673
25713148773312460
15316092964973074
614879644579211
21297194962243581
30520389630931746
49861149360423292
22303361653373199
15539685563001878
39240500954055102
29849611836845334
23085935746474013
5030833455648090
52823751284304945
54947880965578583
1676944485216030
4248259362547276
10397055808339386
12521185489613024
40973343588778333
18781778234419536
28172667351629304
29793713687338133
48743186370279272
16042768908566687
46954445586048840
9893972462774577
1621046335708829
44271334409703192
52320667938740136
44718519605760800
25992639520848465
21856176457315591
51761686443668126
47233936333584845
45836482595904820
29737815537830932
54444797620013774
1453351887187226
49078575267322478
21800278307808390
27278296959514088
48016510426685659
13247861433206637
15763278161030682
13750944778771446
20346926420621164
15371991114480275
22862343148445209
34936343442000625
44998010353296805
50420130855495302
18725880084912335
35830713834115841
41755917681879147
41476426934343142
8943703921152160
36389695329187851
11123731751932999
30129102584381339
33706584152842203
2571314877331246
22694648699923606
12856574386656230
44271334409703192
3577481568460864
50867316051552910
20346926420621164
24762880231690043
11682713247005009
52935547583319347
9279092818195366
34880445292493424
5142629754662492
23030037596966812
279490747536005
6037000146777708
38122537963911082
8496518725094552
34992241591507826
23030037596966812
21129500513721978
22303361653373199
23756713540560425
6092898296284909
40749750990749529
25713148773312460
6707777940864120
15651481862016280
38234334262925484
25210065427747651
7210861286428929
21688482008793988
2124129681273638
25657250623805259
19508454178013149
44606723306746398
8943703921152160
47625223380135252
54444797620013774
38569723159968690
32924010059741389
23980306138589229
5142629754662492
48799084519786473
28004972903107701
50811417902045709
25321861726762053
42147204728429554
10676546555875391
18278694888854727
27893176604093299
40693852841242328
18446389337376330
8328824276572949
44494927007731996
43768251064138383
35830713834115841
24259796886125234
21520787560272385
44215436260195991
49581658612887287
25321861726762053
2180027830780839
51929380892189729
24706982082182842
24259796886125234
51370399397117719
25769046922819661
22638750550416405
47960612277178458
14757111469901064
39799482449127112
55618658759664995
6763676090371321
42762084373008765
45892380745412021
16098667058073888
24259796886125234
31302963724032560
29458324790294927
21353093111750782
391287046550407
16937139300681903
3633379717968065
15371991114480275
4639546409097683
8943703921152160
17607917094768315
48184204875207262
51593991995146523
31694250770582967
54165306872477769
782574093100814
15595583712509079
7378555734950532
15651481862016280
19340759729491546
55898149507201
6987268688400125
48128306725700061
9334990967702567
21073602364214777
25321861726762053
40582056542227926
39184602804547901
36277899030173449
55115575414100186
53941714274448965
54500695769520975
41532325083850343
22247463503865998
19284861579984345
37731250917360675
35327630488551032
40973343588778333
27390093258528490
23980306138589229
33259398956784595
8496518725094552
49972945659437694
38961010206519097
6540083492342517
28731648846701314
35942510133130243
24203898736618033
6540083492342517
13695046629264245
4192361213040075
31302963724032560
55171473563607387
41700019532371946
21073602364214777
46730852988020036
32253232265654977
26607519165427676
22079769055344395
22750546849430807
31079371126003756
44942112203789604
33650686003335002
24762880231690043
36557389777709454
30185000733888540
49525760463380086
48463695622743267
46842649287034438
24148000587110832
49413964164365684
4304157512054477
55339168012128990
15204296665958672
51873482742682528
35830713834115841
10397055808339386
48016510426685659
33147602657770193
33371195255798997
13136065134192235
34656852694464620
45668788147383217
50308334556480900
28619852547686912
18278694888854727
48799084519786473
23253630194995616
40693852841242328
52264769789232935
44383130708717594
24259796886125234
10508852107353788
25321861726762053
35886611983623042
33371195255798997
14924805918422667
26160333969370068
55283269862621789
37843047216375077
33594787853827801
50140640107959297
1453351887187226
26383926567398872
49302167865351282
6092898296284909
12297592891584220
42091306578922353
16489954104624295
6204694595299311
44494927007731996
44327232559210393
21800278307808390
34712750843971821
20458722719635566
16769444852160300
39855380598634313
1788740784230432
35271732339043831
53382732779376955
52488362387261739
32141435966640575
25489556175283656
4527750110083281
32588621162698183
23700815391053224
21241296812736380
54277103171492171
11738611396512210
42538491774979961
12074000293555416
21688482008793988
25601352474298058
8272926127065748
24818778381197244
34209667498407012
15651481862016280
4695444558604884
37843047216375077
53103242031840950
30464491481424545
31135269275510957
55059677264592985
21632583859286787
48072408576192860
1565148186201628
18390491187869129
6763676090371321
11123731751932999
47960612277178458
11906305845033813
7993435379529743
22359259802880400
7881639080515341
14813009619408265
21576685709779586
44998010353296805
29681917388323731
44159538110688790
30967574826989354
1956435232752035
335388897043206
37787149066867876
838472242608015
447185196057608
1341555588172824
14924805918422667
2180027830780839
19955639374070757
48519593772250468
17328426347232310
28675750697194113
3409787119939261
28563954398179711
27222398810006887
28172667351629304
45780584446397619
12018102144048215
3297990820924859
30017306285366937
16993037450189104
14645315170886662
30688084079453349
13415555881728240
48631390071264870
32924010059741389
54556593919028176
11682713247005009
1453351887187226
35159936040029429
43600556615616780
5086731605155291
17384324496739511
41364630635328740
49525760463380086
6540083492342517
32644519312205384
503083345564809
48687288220772071
47904714127671257
13862741077785848
54053510573463367
20626417168157169
9446787266716969
41252834336314338
24986472829718847
52152973490218533
11570916947990607
18446389337376330
23030037596966812
47792917828656855
51538093845639322
12409389190598622
10173463210310582
27725482155571696
20123333822592360
25713148773312460
3130296372403256
16825343001667501
50196538257466498
12744778087641828
52767853134797744
44830315904775202
53997612423956166
4136463063532874
8664213173616155
31079371126003756
45501093698861614
5589814950720100
9111398369673763
50867316051552910
52041177191204131
44047741811674388
49581658612887287
51314501247610518
38010741664896680
5310324203184095
32253232265654977
47848815978164056
43488760316602378
52041177191204131
43544658466109579
54109408722970568
47457528931613649
40470260243213524
11291426200454602
7099064987414527
503083345564809
30799880378467751
15707380011523481
13806842928278647
55395066161636191
19899741224563556
40637954691735127
45165704801818408
1397453737680025
8999602070659361
45948278894919222
38793315757997494
23644917241546023
2627213026838447
48240103024714463
25713148773312460
55283269862621789
51705788294160925
16489954104624295
1621046335708829
32868111910234188
5869305698256105
4863139007126487
3465685269446462
13080166984685034
25936741371341264
27949074753600500
8720111323123356
24706982082182842
42538491774979961
52991445732826548
23365426494010018
48016510426685659
20067435673085159
5981101997270507
15371991114480275
21744380158301189
6148796445792110
54333001320999372
3242092671417658
5086731605155291
45109806652311207
41364630635328740
52823751284304945
18222796739347526
51090908649581714
17552018945261114
31247065574525359
23197732045488415
3018500073388854
31470658172554163
9949870612281778
37004574973767062
34377361946928615
49581658612887287
4024666764518472
6148796445792110
55059677264592985
45724686296890418
2571314877331246
18669981935405134
7266759435936130
4919037156633688
23030037596966812
26048537670355666
2906703774374452
33427093405306198
51035010500074513
3633379717968065
12800676237149029
5366222352691296
28172667351629304
53047343882333749
42091306578922353
9614481715238572
52264769789232935
11011935452918597
38513825010461489
15260194815465873
55003779115085784
50979112350567312
19005370832448340
17272528197725109
41420528784835941
2180027830780839
30352695182410143
1397453737680025
47681121529642453
10900139153904195
47737019679149654
17328426347232310
50811417902045709
45668788147383217
20402824570128365
46060075193933624
11123731751932999
32812213760726987
36948676824259861
25545454324790857
49190371566336880
16489954104624295
23421324643517219
15316092964973074
13024268835177833
31470658172554163
45948278894919222
19899741224563556
51705788294160925
21744380158301189
26495722866413274
20626417168157169
31135269275510957
47401630782106448
51873482742682528
7490352033964934
47345732632599247
13695046629264245
38010741664896680
1062064840636819
46395464090976830
8608315024108954
782574093100814
19899741224563556
31470658172554163
41755917681879147
20458722719635566
4695444558604884
27110602510992485
38178436113418283
34433260096435816
24874676530704445
18558185636390732
39408195402576705
6595981641849718
25880843221834063
25154167278240450
5254426053676894
25601352474298058
21017704214707576
51538093845639322
2962601923881653
26998806211978083
49022677117815277
39967176897648715
39687686150112710
44047741811674388
15260194815465873
2962601923881653
55339168012128990
49302167865351282
55562760610157794
14757111469901064
48072408576192860
1621046335708829
11067833602425798
29905509986352535
18055102290825923
18502287486883531
46395464090976830
4080564914025673
10061666911296180
9782176163760175
21520787560272385
17607917094768315
47681121529642453
26439824716906073
1565148186201628
30855778527974952
50587825304016905
42650288073994363
17607917094768315
28843445145715716
9502685416224170
34153769348899811
53550427227898558
32924010059741389
49581658612887287
13136065134192235
31135269275510957
49022677117815277
28452158099165309
50699621603031307
3130296372403256
51146806799088915
15260194815465873
17328426347232310
15371991114480275
19173065280969943
23812611690067626
16825343001667501
34824547142986223
38569723159968690
4863139007126487
42482593625472760
54333001320999372
4583648259590482
23868509839574827
2459518578316844
26663417314934877
7769842781500939
9782176163760175
14701213320393863
42762084373008765
45668788147383217
20458722719635566
44159538110688790
19452556028505948
33482991554813399
27725482155571696
38010741664896680
1676944485216030
41029241738285534
41588223233357544
5254426053676894
23868509839574827
21241296812736380
51538093845639322
17440222646246712
22582852400909204
28619852547686912
19899741224563556
5813407548748904
11626815097497808
34880445292493424
1732842634723231
46954445586048840
26328028417891671
46954445586048840
34489158245943017
50531927154509704
18222796739347526
35383528638058233
31526556322061364
17775611543289918
32253232265654977
34656852694464620
19452556028505948
12465287340105823
27278296959514088
46730852988020036
18837676383926737
24427491334646837
17328426347232310
10620648406368190
36557389777709454
53885816124941764
16545852254131496
37843047216375077
25657250623805259
1844638933737633
14533518871872260
12185796592569818
15092500366944270
38513825010461489
39296399103562303
9055500220166562
45221602951325609
10285259509324984
50811417902045709
11459120648976205
2571314877331246
17831509692797119
11850407695526612
26663417314934877
51929380892189729
25042370979226048
54612492068535377
27334195109021289
10173463210310582
3856972315996869
48966778968308076
42873880672023167
55395066161636191
30073204434874138
43656454765123981
13750944778771446
111796299014402
20682315317664370
35215834189536630
46227769642455227
40358463944199122
25545454324790857
25321861726762053
39464093552083906
22191565354358797
24483389484154038
42873880672023167
29570121089309329
31414760023046962
25210065427747651
35383528638058233
47513427081120850
16769444852160300
6260592744806512
48128306725700061
47904714127671257
51817584593175327
53941714274448965
41196936186807137
22247463503865998
49190371566336880
48296001174221664
16713546702653099
55898149507201
55115575414100186
46004177044426423
16657648553145898
30129102584381339
28004972903107701
32420926714176580
24874676530704445
26663417314934877
5757509399241703
49525760463380086
49525760463380086
29681917388323731
42762084373008765
44439028858224795
35942510133130243
12297592891584220
24706982082182842
18949472682941139
43376964017587976
22247463503865998
2627213026838447
1509250036694427
53997612423956166
16154565207581089
9055500220166562
22303361653373199
35271732339043831
46563158539498433
18558185636390732
1732842634723231
44159538110688790
46507260389991232
53550427227898558
19452556028505948
51649890144653724
44159538110688790
51705788294160925
10788342854889793
5086731605155291
13527352180742642
6428287193328115
52656056835783342
25545454324790857
5701611249734502
21129500513721978
1509250036694427
51035010500074513
31638352621075766
17831509692797119
20458722719635566
33594787853827801
53047343882333749
27390093258528490
26160333969370068
48575491921757669
52376566088247337
15148398516451471
48072408576192860
6092898296284909
9111398369673763
19564352327520350
19396657878998747
10676546555875391
14254028124336255
26272130268384470
31135269275510957
35439426787565434
12744778087641828
670777794086412
48854982669293674
27893176604093299
35830713834115841
5589814950720100
838472242608015
40078973196663117
55115575414100186
25489556175283656
35830713834115841
49525760463380086
47066241885063242
7210861286428929
31302963724032560
37619454618346273
31414760023046962
15651481862016280
15595583712509079
51202704948596116
3745176016982467
50587825304016905
21073602364214777
31470658172554163
41588223233357544
39743584299619911
44215436260195991
29514222939802128
39352297253069504
20905907915693174
37787149066867876
5422120502198497
13583250330249843
41979510279907951
4360055661561678
36836880525245459
7769842781500939
16154565207581089
6204694595299311
54444797620013774
30743982228960550
22694648699923606
53829917975434563
29737815537830932
4360055661561678
29849611836845334
45109806652311207
18558185636390732
18446389337376330
12632981788627426
16657648553145898
9223194668688165
34041973049885409
39016908356026298
34433260096435816
23421324643517219
15316092964973074
47513427081120850
3409787119939261
48296001174221664
3689277867475266
5478018651705698
15371991114480275
19005370832448340
53382732779376955
3130296372403256
25657250623805259
55171473563607387
22918241297952410
3130296372403256
54780186517056980
1062064840636819
13583250330249843
2347722279302442
55003779115085784
24315695035632435
9055500220166562
28060871052614902
35495324937072635
23700815391053224
44606723306746398
15148398516451471
35718917535101439
3130296372403256
26831111763456480
34041973049885409
43991843662167187
50867316051552910
1788740784230432
53270936480362553
49022677117815277
28955241444730118
55562760610157794
614879644579211
18893574533433938
50252436406973699
36222000880666248
24259796886125234
39519991701591107
25824945072326862
54612492068535377
10732444705382592
36166102731159047
25489556175283656
17719713393782717
49246269715844081
34824547142986223
31973741518118972
17552018945261114
16489954104624295
20346926420621164
26328028417891671
25713148773312460
28675750697194113
17887407842304320
45165704801818408
55674556909172196
6707777940864120
31526556322061364
53550427227898558
36557389777709454
31247065574525359
36222000880666248
15371991114480275
2739009325852849
5645713100227301
40078973196663117
49917047509930493
42147204728429554
21297194962243581
24651083932675641
17719713393782717
3074398222896055
51538093845639322
42594389924487162
54333001320999372
23589019092038822
43880047363152785
52208871639725734
45445195549354413
29849611836845334
34712750843971821
22974139447459611
35886611983623042
53606325377405759
5925203847763306
41141038037299936
25824945072326862
9223194668688165
4695444558604884
27110602510992485
16154565207581089
18837676383926737
25154167278240450
6595981641849718
43712352914631182
16322259656102692
44439028858224795
42370797326458358
16937139300681903
894370392115216
50420130855495302
9782176163760175
15819176310537883
14533518871872260
27334195109021289
23700815391053224
50923214201060111
40302565794691921
53159140181348151
1117962990144020
12912472536163431
34433260096435816
39967176897648715
40693852841242328
26942908062470882
35886611983623042
22303361653373199
48743186370279272
23141833895981214
32253232265654977
4248259362547276
26551621015920475
3186194521910457
2683111176345648
41644121382864745
37843047216375077
35439426787565434
15427889263987476
48184204875207262
30520389630931746
8887805771644959
40470260243213524
46619056689005634
27781380305078897
18446389337376330
17216630048217908
5422120502198497
30352695182410143
5645713100227301
4583648259590482
21017704214707576
18725880084912335
35327630488551032
