100 990
241535213920
566098157625
679317789150
120767606960
67931778915
326072538792
13042901551680
27172711566000
1698294472875
603838034800
30191901740
4528785261
135863557830
96614085568
108690846264000
16303626939600
67931778915
2717271156600
1018976683725
326072538792
27172711566000
869526770112
9057570522000
869526770112
96614085568
16303626939600
1358635578300
326072538792000
36230282088000
4528785261000
217381692528
13042901551680
1086908462640
120767606960
217381692528
18115141044000
2037953367450
6038380348000
3019190174000
150959508700
54345423132
27172711566000
32607253879200
679317789150
120767606960
48307042784
339658894575
217381692528
407590673490
12076760696
226439263050
2717271156600
905757052200
1018976683725
3396588945750
905757052200
869526770112
241535213920
65214507758400
150959508700
2264392630500
96614085568
7246056417600
326072538792
20379533674500
37739877175
869526770112
13586355783000
67931778915
2608580310336
163036269396
18115141044000
905757052200
905757052200
13042901551680
6521450775840
7547975435
135863557830
163036269396000
72460564176
40759067349000
1811514104400
815181346980
326072538792000
67931778915
407590673490
24153521392
22643926305
3019190174
9057570522000
65214507758400
6038380348
163036269396000
54345423132000
2037953367450
18115141044
90575705220
377398771750
12076760696
9057570522000
46442045882232997
11319375275208243
34703434485720745
30371327898912652
745308660096016
605563286328013
46115973343440990
32560672087944699
5170578829416111
4332106586808093
11924938561536256
22545586967904484
20542569943896441
16676281269648358
45883064387160985
8477886008592182
33166235374272712
30930309393984664
8943703921152192
6894105105888148
15511736488248333
10341157658832222
15558318279504334
15185663949456326
1164544781400025
21800278307808468
30790564020216661
15465154696992332
17142099182208368
20402824570128438
1676944485216036
34703434485720745
33911544034368728
44206119901944949
10341157658832222
9269776459944199
24967840113216536
3447052552944074
42575757207984914
41178303470304884
45277501100832972
11179629901440240
31535872680312677
44066374528176946
39547940776344849
5077415246904109
15325409323224329
23151150254232497
40712485557744874
31302963724032672
30511073272680655
558981495072012
24036204288096516
33305980748040715
45277501100832972
14813009619408318
26831111763456576
34423943738184739
5915887489512127
44485610649480955
42342848251704909
20216497405104434
29113619535000625
21194715021480455
30976891185240665
8757376756128188
4425270169320095
46581791256001
23011404880464494
30371327898912652
5170578829416111
34656852694464744
37638087334848808
7732577348496166
23989622496840515
5776142115744124
6102214654536131
16583117687136356
28880710578720620
42109939295424904
4052615839272087
885054033864019
3540216135456076
20682315317664444
20915224273944449
21054969647712452
26877693554712577
4984251664392107
6428287193328138
13834792003032297
16117299774576346
21707114725296466
29905509986352642
41550957800352892
6009051072024129
45976227969672987
40293249436440865
37777832708616811
37358596587312802
28042238336112602
28554638039928613
5915887489512127
8477886008592182
6707777940864144
46395464090976996
34191034781904734
9362940042456201
18399807546120395
5403487785696116
9456103624968203
21474205769016461
32420926714176696
42529175416728913
28275147292392607
4145779421784089
6148796445792132
24175949661864519
7220177644680155
18353225754864394
14021119168056301
7825740931008168
39641104358856851
17794244259792382
31070054767752667
26505039224664569
34703434485720745
7359923018448158
8338140634824179
43041575120544924
23151150254232497
22266096220368478
9036867503664194
12157847517816261
32979908209248708
15139082158200325
5403487785696116
15465154696992332
40386413018952867
18492971128632397
15232245740712327
27576420423552592
42016775712912902
3027816431640065
38616304951224829
27017438928480580
42016775712912902
4332106586808093
6148796445792132
16676281269648358
36659869718472787
1863271650240040
37032524048520795
5356905994440115
43041575120544924
8431304217336181
40386413018952867
22871659506696491
186327165024004
4658179125600100
4518433751832097
23803295331816511
11645447814000250
25526821608288548
12856574386656276
17328426347232372
13927955585544299
13368974090472287
27949074753600600
1583780902704034
18912207249936406
30883727602728663
42109939295424904
18073735007328388
4984251664392107
21474205769016461
32327763131664694
17421589929744374
22638750550416486
6521450775840140
16257045148344349
23197732045488498
9036867503664194
32840162835480705
4704760916856101
42296266460448908
11692029605256251
27995656544856601
33771798660600725
558981495072012
22312678011624479
31908527010360685
27017438928480580
30417909690168653
38336814203688823
4518433751832097
14580100663128313
37125687631032797
35821397475864769
46115973343440990
43693720198128938
37451760169824804
42203102877936906
7266759435936156
17281844555976371
20216497405104434
25061003695728538
15139082158200325
42389430042960910
1444035528936031
20868642482688448
15977554400808343
18912207249936406
16070717983320345
5263742411928113
21427623977760460
29905509986352642
13741628420520295
37777832708616811
7965486304776171
32607253879200700
18446389337376396
23570386375536506
13182646925448283
6614614358352142
9968503328784214
978217616376021
22685332341672487
21194715021480455
34982925233256751
14859591410664319
37405178378568803
38569723159968828
18260062172352392
17048935599696366
41411212426584889
41504376009096891
39035541072528838
12949737969168278
36380378970936781
36985942257264794
21940023681576471
37917578082384814
10154830493808218
17188680973464369
38942377490016836
22592168759160485
21241296812736456
25713148773312552
42389430042960910
14626682454384314
8990285712408193
19331443371240415
26877693554712577
4006034048016086
19145116206216411
32048272384128688
35029507024512752
7359923018448158
9968503328784214
23943040705584514
43553974824360935
24408858618144524
16862608434672362
10247994076320220
17281844555976371
19564352327520420
19331443371240415
9782176163760210
15278827531968328
37544923752336806
10946720945160235
41271467052816886
32374344922920695
24315695035632522
13508719464240290
43880047363152942
31675618054080680
23570386375536506
43088156911800925
8244977052312177
12949737969168278
31629036262824679
4937669873136106
41318048844072887
7406504809704159
10434321241344224
37870996291128813
14859591410664319
3959452256760085
37638087334848808
28508056248672612
34191034781904734
44718519605760960
18166898589840390
13042901551680280
40945394514024879
186327165024004
2655162101592057
36520124344704784
8943703921152192
31955108801616686
22033187264088473
41923612130400900
43973210945664944
31535872680312677
30045255360120645
4891088081880105
45091173935808968
40106922271416861
2934652849128063
5450069576952117
39594522567600850
27064020719736581
13788210211776296
11831774979024254
11086466318928238
29579437447560635
30697400437704659
41923612130400900
11505702440232247
16396790522112352
12297592891584264
9735594372504209
28321729083648608
33632053286832722
23197732045488498
42296266460448908
17468171721000375
3959452256760085
31023472976496666
29486273865048633
26039221312104559
5962469280768128
37731250917360810
3726543300480080
35262415980792757
19704097701288423
17561335303512377
40013758688904859
3260725387920070
41597539591608893
34750016276976746
39780849732624854
24222531453120520
32746999252968703
41131721679048883
22359259802880480
23710131749304509
15744645444528338
26737948180944574
27576420423552592
30138418942632647
4378688378064094
44439028858224954
39408195402576846
6428287193328138
34843179859488748
43134738703056926
16676281269648358
35728233893352767
43041575120544924
36892778674752792
26598202807176571
43088156911800925
42575757207984914
34796598068232747
14999336784432322
12809992595400275
1350871946424029
9875339746272212
14813009619408318
41504376009096891
25619985190800550
23337477419256501
3773125091736081
29952091777608643
39874013315136856
30883727602728663
20635733526408443
45556991848368978
28834128787464619
38849213907504834
38849213907504834
7359923018448158
14393773498104309
10760393780136231
22126350846600475
40712485557744874
45277501100832972
9362940042456201
5729560324488123
45696737222136981
30464491481424654
20449406361384439
43973210945664944
37265433004800800
21008387856456451
43786883780640940
45743319013392982
30324746107656651
37172269422288798
21567369351528463
28601219831184614
8151813469800175
39361613611320845
35495324937072762
22964823089208493
4425270169320095
40200085853928863
19517770536264419
39315031820064844
2235925980288048
7965486304776171
13974537376800300
24315695035632522
33352562539296716
17840826051048383
5217160620672112
465817912560010
25293912652008543
34656852694464744
30790564020216661
2235925980288048
931635825120020
23616968166792507
31023472976496666
25247330860752542
3120980014152067
3447052552944074
16862608434672362
43507393033104934
23290895628000500
9595848998736206
29253364908768628
10806975571392232
21148133230224454
13136065134192282
20868642482688448
45976227969672987
17095517390952367
17794244259792382
17840826051048383
14626682454384314
23337477419256501
31722199845336681
1863271650240040
42156521086680905
37591505543592807
4378688378064094
31582454471568678
25014421904472537
44998010353296966
35961142849632772
2142762397776046
4471851960576096
2934652849128063
46302300508464994
4052615839272087
14719846036896316
25713148773312552
11086466318928238
12809992595400275
19098534414960410
30091837151376646
24828094739448533
33119653583016711
10294575867576221
29160201326256626
38942377490016836
14859591410664319
4471851960576096
19424606953752417
32420926714176696
42529175416728913
9316358251200200
3726543300480080
4471851960576096
34051289408136731
24175949661864519
12856574386656276
18399807546120395
12670247221632272
35914561058376771
6335123610816136
20822060691432447
45277501100832972
7825740931008168
8524467799848183
42156521086680905
17933989633560385
19424606953752417
28694383413696616
23989622496840515
33725216869344724
11785193187768253
41457794217840890
26411875642152567
15930972609552342
35215834189536756
27343511467272587
9502685416224204
5496651368208118
19704097701288423
7033850479656151
3819706882992082
37032524048520795
44811683188272962
24362276826888523
18958789041192407
12437338265352267
38662886742480830
34237616573160735
38290232412432822
20822060691432447
19890424866312427
13508719464240290
27017438928480580
10154830493808218
19378025162496416
33585471495576721
38756050324992832
8664213173616186
23943040705584514
40479576601464869
25293912652008543
12856574386656276
10247994076320220
38057323456152817
13834792003032297
4704760916856101
931635825120020
21334460395248458
46581791256001
42342848251704909
45137755727064969
30045255360120645
17002353808440365
3586797926712077
46348882299720995
22266096220368478
32793581044224704
19937006657568428
25340494443264544
31908527010360685
3260725387920070
38709468533736831
21846860099064469
32094854175384689
29579437447560635
4006034048016086
45510410057112977
34470525529440740
3353888970432072
26505039224664569
34191034781904734
14393773498104309
38709468533736831
36054306432144774
7453086600960160
27157184302248583
23989622496840515
40665903766488873
36753033300984789
18865625458680405
26132384894616561
9456103624968203
1024799407632022
36753033300984789
35122670607024754
6847523314632147
11878356770280255
17840826051048383
13881373794288298
39687686150112852
42529175416728913
16629699478392357
35961142849632772
1350871946424029
37638087334848808
41271467052816886
16909190225928363
15837809027040340
1071381198888023
40060340480160860
7918904513520170
13368974090472287
21520787560272462
38243650621176821
23011404880464494
20682315317664444
5403487785696116
9083449294920195
22452423385392482
20682315317664444
31629036262824679
41224885261560885
26551621015920570
35262415980792757
558981495072012
1537199111448033
24781512948192532
8617631382360185
7639413765984164
23011404880464494
21427623977760460
35914561058376771
21520787560272462
1444035528936031
41830448547888898
17561335303512377
15977554400808343
30837145811472662
14952754993176321
12297592891584264
45091173935808968
28973874161232622
19890424866312427
19378025162496416
9130031086176196
558981495072012
27855911171088598
22452423385392482
24175949661864519
13555301255496291
186327165024004
2608580310336056
5170578829416111
13229228716704284
21800278307808468
24548603991912527
12903156177912277
4704760916856101
29765764612584639
6661196149608143
17701080677280380
26085803103360560
558981495072012
25247330860752542
8477886008592182
22964823089208493
29020455952488623
28181983709880605
15371991114480330
40386413018952867
43134738703056926
16443372313368353
33538889704320720
41923612130400900
2888071057872062
38383395994944824
4937669873136106
40060340480160860
26644784598432572
31861945219104684
1257708363912027
21846860099064469
40200085853928863
27203766093504584
45370664683344974
36520124344704784
40339831227696866
46255718717208993
38569723159968828
40945394514024879
17514753512256376
29812346403840640
9223194668688198
16350208730856351
19610934118776421
35169252398280755
25200749069496541
20076752031336431
3819706882992082
41504376009096891
17607917094768378
16024136192064344
1583780902704034
10108248702552217
45324082892088973
14533518871872312
13042901551680280
12390756474096266
5496651368208118
38476559577456826
28321729083648608
11412538857720245
15558318279504334
41457794217840890
39128704655040840
31722199845336681
745308660096016
43740301989384939
33632053286832722
35029507024512752
13089483342936281
45510410057112977
33445726121808718
9968503328784214
1956435232752042
37172269422288798
5636396741976121
45091173935808968
43740301989384939
6009051072024129
6521450775840140
42203102877936906
36054306432144774
1024799407632022
36892778674752792
25340494443264544
39641104358856851
41970193921656901
30231582525144649
17887407842304384
22219514429112477
40805649140256876
46209136925952992
30743982228960660
16396790522112352
372654330048008
19890424866312427
12577083639120270
23756713540560510
25480239817032547
44532192440736956
16629699478392357
32560672087944699
8291558843568178
17235262764720370
31815363427848683
36473542553448783
6568032567096141
31768781636592682
25247330860752542
40805649140256876
26458457433408568
20682315317664444
8244977052312177
5356905994440115
14207446333080305
43600556615616936
22918241297952492
45510410057112977
39035541072528838
10620648406368228
23477222793024504
39874013315136856
6055632863280130
36659869718472787
33073071791760710
18492971128632397
42948411538032922
5822723907000125
32700417461712702
33725216869344724
33073071791760710
20402824570128438
12344174682840265
11924938561536256
11086466318928238
34610270903208743
41970193921656901
43786883780640940
20402824570128438
7359923018448158
3307307179176071
37265433004800800
7313341227192157
12018102144048258
605563286328013
20495988152640440
31722199845336681
40852230931512877
9130031086176196
15930972609552342
10900139153904234
18213480381096391
16210463357088348
232908956280005
40991976305280880
20868642482688448
5543233159464119
14673264245640315
37405178378568803
23244313836744499
2329089562800050
9176612877432197
13368974090472287
40013758688904859
26132384894616561
28042238336112602
30091837151376646
29253364908768628
27809329379832597
13834792003032297
18492971128632397
25946057729592557
16163881565832347
36240633597168778
38010741664896816
26225548477128563
33958125825624729
23430641001768503
43460811241848933
41457794217840890
44066374528176946
29439692073792632
4378688378064094
30883727602728663
24362276826888523
1490617320192032
41038558096536881
20309660987616436
29626019238816636
16583117687136356
36380378970936781
9130031086176196
18027153216072387
16769444852160360
19983588448824429
32048272384128688
11272793483952242
34889761650744749
38756050324992832
27855911171088598
40945394514024879
3773125091736081
19890424866312427
26178966685872562
43414229450592932
8244977052312177
17188680973464369
32188017757896691
17701080677280380
7220177644680155
2934652849128063
26085803103360560
21008387856456451
7499668392216161
465817912560010
12344174682840265
8058649887288173
5030833455648108
45277501100832972
13788210211776296
33725216869344724
22918241297952492
13695046629264294
43647138406872937
29626019238816636
10108248702552217
7080432270912152
28321729083648608
32048272384128688
37684669126104809
38010741664896816
33352562539296716
16257045148344349
13555301255496291
34097871199392732
10341157658832222
29253364908768628
37125687631032797
22172932637856476
42901829746776921
15371991114480330
30511073272680655
139745373768003
9735594372504209
37125687631032797
7406504809704159
17701080677280380
10480903032600225
2329089562800050
35262415980792757
10527484823856226
38942377490016836
6661196149608143
45044592144552967
2561998519080055
38197068829920820
19517770536264419
34051289408136731
28135401918624604
23710131749304509
23057986671720495
21287878603992457
5915887489512127
16862608434672362
31955108801616686
43786883780640940
1863271650240040
11831774979024254
34656852694464744
35914561058376771
44578774231992957
41970193921656901
28787546996208618
45277501100832972
21474205769016461
32793581044224704
18725880084912402
9782176163760210
27017438928480580
37265433004800800
37638087334848808
12949737969168278
14859591410664319
512399703816011
10620648406368228
30185000733888648
20682315317664444
25480239817032547
4984251664392107
28880710578720620
11086466318928238
9689012581248208
34284198364416736
9549267207480205
5682978533232122
13834792003032297
22312678011624479
2655162101592057
40386413018952867
43321065868080930
31582454471568678
45044592144552967
42948411538032922
44998010353296966
39827431523880855
8477886008592182
28834128787464619
37731250917360810
11086466318928238
20495988152640440
9456103624968203
23011404880464494
42109939295424904
28694383413696616
20169915613848433
21660532934040465
8012068096032172
37265433004800800
42296266460448908
16909190225928363
605563286328013
11831774979024254
35821397475864769
18120316798584389
27483256841040590
44578774231992957
13648464838008293
29346528491280630
29952091777608643
19191697997472412
39268450028808843
4099197630528088
44066374528176946
12577083639120270
39594522567600850
34004707616880730
885054033864019
18166898589840390
14952754993176321
13462137672984289
20868642482688448
8384722426080180
9036867503664194
3214143596664069
14673264245640315
44066374528176946
7592831974728163
22638750550416486
13136065134192282
15371991114480330
1723526276472037
14766427828152317
32094854175384689
26551621015920570
12204429309072262
24595185783168528
37964159873640815
29067037743744624
33119653583016711
6661196149608143
16769444852160360
43181320494312927
13695046629264294
3819706882992082
34843179859488748
44206119901944949
