100 990
905757052200
181151410440
12227720204700
5434542313200
4075906734900
339658894575
8151813469800
48910880818800
181151410440
2037953367450
4528785261
48910880818800
27172711566
407590673490
2445544040940
67931778915
301919017400
271727115660
1811514104400
135863557830
1509595087
81518134698
6113860102350
603838034800
163036269396
36230282088
217381692528
90575705220
1222772020470
1509595087
3260725387920
1304290155168
724605641760
144921128352
543454231320
652145077584
9782176163760
1630362693960
90575705220
217381692528
36230282088
22643926305
226439263050
1358635578300
30191901740
1509595087
150959508700
217381692528
7547975435
13586355783
24455440409400
81518134698
3912870465504
1207676069600
679317789150
339658894575
10869084626400
54345423132
6521450775840
4528785261
15095950870
652145077584
122277202047
1207676069600
40759067349
2445544040940
2037953367450
60383803480
4528785261
40759067349
12227720204700
22643926305
150959508700
6521450775840
244554404094
489108808188
108690846264
1509595087
48910880818800
4075906734900
6521450775840
339658894575
1358635578300
60383803480
489108808188
32607253879200
434763385056
72460564176
48910880818800
452878526100
271727115660
18115141044
905757052200
67931778915
3623028208800
6038380348
339658894575
652145077584
203795336745
1509595087
390113185410748800
320072804078227200
171383726389075200
177253032087331200
140863336758144000
42259001027443200
286813405121443200
186252634157990400
238293811349193600
99386909823801600
354897351221212800
215599162649270400
284074395795590400
33259398956784000
334550424800592000
115038391685817600
230859357464736000
104864928475507200
99778196870352000
50084741958451200
73561964751475200
259423311862915200
319681517031676800
241424107721596800
348636758476406400
118951262151321600
162775411364966400
114255817592716800
89604733660041600
160818976132214400
208555995811363200
174514022761478400
347854184383305600
325159535683382400
22303361653372800
183122337785587200
323985674543731200
275074793724931200
370940120129779200
117386113965120000
79431270449731200
179992041413184000
55171473563606400
229685496325084800
384243879712492800
148297790642601600
122081558523724800
334159137754041600
13303759582713600
365070814431523200
21520787560272000
266075191654272000
73953251798025600
280944099423187200
72388103611824000
97821761637600000
289943701493846400
63388501541164800
110342947127212800
185470060064889600
235554802023340800
182731050739036800
16434055955116800
205425699438960000
111516808266864000
214425301509619200
27390093258528000
235163514976790400
329072406148886400
111516808266864000
123646706709926400
346680323243654400
237119950209542400
151819374061555200
61040779261862400
293856571959350400
125994428989228800
92343742985894400
111125521220313600
185861347111440000
217555597882022400
377591999921136000
378374574014236800
371722694222880000
212077579230316800
309116766774816000
59866918122211200
264118756421520000
254336580257760000
6651879791356800
121690271477174400
15651481862016000
145558781316748800
289161127400745600
317725081798924800
352549628941910400
242206681814697600
233989653837139200
80996418635932800
310681914961017600
249641135699155200
216773023788921600
61432066308412800
24259796886124800
181165902552835200
343550026871251200
386982889038345600
245728265233651200
372896555362531200
128342151268531200
6651879791356800
202295403066556800
40302565794691200
210512431044115200
225772625859580800
93517604125545600
356462499407414400
248467274559504000
108777798941011200
327898545009235200
192121939856246400
118168688058220800
218338171975123200
222642329487177600
201904116020006400
159645114992563200
107603937801360000
6651879791356800
91169881846243200
188209069390742400
60649492215312000
186252634157990400
307551618588614400
257466876630163200
171383726389075200
88822159566940800
17999204141318400
129124725361632000
53997612423955200
241424107721596800
389721898364198400
221468468347526400
152993235201206400
40693852841241600
322029239310979200
294639146052451200
214425301509619200
179600754366633600
318116368845475200
273118358492179200
254336580257760000
3521583418953600
287204692167993600
271944497352528000
93908891172096000
140472049711593600
219903320161324800
332593989567840000
25433658025776000
310681914961017600
279770238283536000
340811017545398400
146732642456400000
253554006164659200
235163514976790400
375244277641833600
80213844542832000
265292617561171200
186643921204540800
143993633130547200
281335386469737600
170209865249424000
273900932585280000
127950864221980800
244163117047449600
84909289101436800
74344538844576000
255901728443961600
165905707737369600
135385318106438400
128733438315081600
290334988540396800
334159137754041600
351767054848809600
111125521220313600
239076385442294400
232815792697488000
191339365763145600
351375767802259200
161992837271865600
353332203035011200
70822955425622400
334550424800592000
139298188571942400
226946486999232000
143602346083996800
97039187544499200
269205488026675200
127559577175430400
280944099423187200
119733836244422400
120516410337523200
355288638267763200
278205090097334400
34041973049884800
342376165731600000
356071212360864000
129516012408182400
264901330514620800
134602744013337600
782574093100800
204643125345859200
269988062119776000
82170279775584000
315768646566172800
95865326404848000
199165106694153600
102908493242755200
273509645538729600
240641533628496000
88430872520390400
189382930530393600
67692659053219200
131472447640934400
21912074606822400
87648298427289600
274292219631830400
203860551252758400
42259001027443200
25824945072326400
300508451750707200
109169085987561600
155732244527059200
298552016517955200
292291423773148800
291117562633497600
153775809294307200
148297790642601600
229294209278534400
71214242472172800
66910084960118400
336506860033344000
143602346083996800
21129500513721600
2347722279302400
151036799968454400
299725877657606400
275466080771481600
63779788587715200
239076385442294400
374461703548732800
224990051766480000
352940915988460800
195643523275200000
91952455939344000
364288240338422400
110734234173763200
23868509839574400
301682312890358400
14868907768915200
248858561606054400
319681517031676800
18781778234419200
44215436260195200
7825740931008000
161601550225315200
291508849680048000
333376563660940800
151036799968454400
287595979214544000
242206681814697600
156123531573609600
277031228957683200
369766258990128000
181948476645936000
350984480755708800
360375369872918400
367809823757376000
280161525330086400
48128306725699200
136950466292640000
275074793724931200
306377757448963200
307942905635164800
18781778234419200
7043166837907200
207382134671712000
45389297399846400
329463693195436800
80213844542832000
143602346083996800
164340559551168000
155732244527059200
18781778234419200
102517206196204800
300117164704156800
241032820675046400
223816190626828800
111908095313414400
16434055955116800
128342151268531200
151428087015004800
62605927448064000
28955241444729600
33259398956784000
152993235201206400
93908891172096000
215599162649270400
70431668379072000
387374176084896000
13303759582713600
374461703548732800
383852592665942400
235946089069891200
311855776100668800
350984480755708800
383852592665942400
342767452778150400
269596775073225600
79039983403180800
386200314945244800
217164310835472000
74735825891126400
366244675571174400
214034014463068800
354506064174662400
118559975104771200
190165504623494400
151428087015004800
271553210305977600
299725877657606400
56736621749808000
25042370979225600
314594785426521600
277813803050784000
143211059037446400
384243879712492800
315377359519622400
327507257962684800
225772625859580800
179992041413184000
364679527384972800
360375369872918400
181948476645936000
38346130561939200
222251042440627200
381896157433190400
384635166759043200
319290229985126400
61432066308412800
110734234173763200
53215038330854400
244163117047449600
142819771990896000
375244277641833600
16825343001667200
191339365763145600
30129102584380800
135776605152988800
55954047656707200
310290627914467200
13695046629264000
192513226902796800
355679925314313600
302856174030009600
160427689085664000
164731846597718400
54388899470505600
106038789615158400
262162321188768000
43824149213644800
382678731526291200
86865724334188800
156123531573609600
316159933612723200
142428484944345600
368592397850476800
342767452778150400
279378951236985600
265683904607721600
201904116020006400
201512828973456000
64562362680816000
24651083932675200
55954047656707200
323985674543731200
292682710819699200
77474835216979200
313420924286870400
301291025843808000
316942507705824000
23085935746473600
50867316051552000
141254623804694400
302073599936908800
369374971943577600
175687883901129600
221859755394076800
216381736742371200
218729459021673600
201121541926905600
313420924286870400
62214640401513600
64171075634265600
276639941911132800
289161127400745600
86474437287638400
72779390658374400
29346528491280000
156906105666710400
260205885956016000
191339365763145600
278205090097334400
174514022761478400
86083150241088000
125603141942678400
370548833083228800
305595183355862400
199165106694153600
235554802023340800
266466478700822400
158862540899462400
107603937801360000
199165106694153600
159645114992563200
185861347111440000
380722296293539200
99386909823801600
107995224847910400
372505268315980800
280161525330086400
383852592665942400
334941711847142400
9782176163760000
360375369872918400
87257011380739200
95474039358297600
214034014463068800
90778594799692800
88430872520390400
350593193709158400
8608315024108800
139298188571942400
782574093100800
376026851734934400
170601152295974400
285639543981792000
88430872520390400
149862938828803200
301682312890358400
345897749150553600
130689873547833600
261379747095667200
195643523275200000
198773819647603200
52041177191203200
362723092152220800
234772227930240000
178035606180432000
380331009246988800
90778594799692800
369374971943577600
271553210305977600
25433658025776000
86474437287638400
271553210305977600
253554006164659200
327507257962684800
297378155378304000
264118756421520000
287204692167993600
362331805105670400
149862938828803200
271553210305977600
162384124318416000
209729856951014400
385417740852144000
235163514976790400
112690669406515200
57519195842908800
216381736742371200
16434055955116800
309899340867916800
195643523275200000
172166300482176000
116603539872019200
191339365763145600
43432862167094400
137733040385740800
386982889038345600
246119552280201600
244163117047449600
184687485971788800
341984878685049600
348245471429856000
10173463210310400
210903718090665600
151036799968454400
147515216549500800
235554802023340800
337680721172995200
116212252825468800
264118756421520000
350593193709158400
206208273532060800
51649890144652800
198382532601052800
32085537817132800
275074793724931200
372896555362531200
95082752311747200
122472845570275200
314203498379971200
278596377143884800
367418536710825600
179600754366633600
133428882873686400
382678731526291200
134602744013337600
12521185489612800
126385716035779200
144776207223648000
60258205168761600
147123929502950400
338463295266096000
292682710819699200
363896953291872000
230859357464736000
323203100450630400
132255021734035200
5478018651705600
78648696356630400
285639543981792000
217946884928572800
279770238283536000
266857765747372800
54780186517056000
325159535683382400
180774615506284800
320855378171328000
163949272504617600
62214640401513600
207773421718262400
259423311862915200
44998010353296000
361549231012569600
190556791670044800
239467672488844800
377983286967686400
357636360547065600
169818578202873600
62605927448064000
370157546036678400
253162719118108800
191339365763145600
194469662135548800
51649890144652800
347854184383305600
136559179246089600
319681517031676800
380331009246988800
102517206196204800
2739009325852800
349028045522956800
175296596854579200
302856174030009600
200730254880355200
39911278748140800
314986072473072000
173731448668377600
388548037224547200
17999204141318400
255119154350860800
215599162649270400
97430474591049600
128342151268531200
187035208251091200
40693852841241600
124820567849577600
278205090097334400
325942109776483200
359984082826368000
113081956453065600
388939324271097600
329072406148886400
256684302537062400
243771830000899200
163949272504617600
378765861060787200
271553210305977600
49302167865350400
311464489054118400
158471253852912000
17999204141318400
268031626887024000
129907299454732800
302856174030009600
346680323243654400
152210661108105600
182731050739036800
212077579230316800
179209467320083200
251597570931907200
368983684897027200
93908891172096000
381113583340089600
248467274559504000
113473243499616000
32476824863683200
185078773018339200
247293413419852800
59866918122211200
162775411364966400
20346926420620800
8217027977558400
218338171975123200
118559975104771200
117386113965120000
232424505650937600
232424505650937600
148689077689152000
88822159566940800
217946884928572800
104082354382406400
308725479728265600
109169085987561600
275466080771481600
219903320161324800
315768646566172800
254336580257760000
244163117047449600
44998010353296000
44215436260195200
319290229985126400
143211059037446400
283683108749040000
78257409310080000
233598366790588800
160036402039113600
149862938828803200
20738213467171200
174122735714928000
379157148107337600
126777003082329600
101343345056553600
164731846597718400
314203498379971200
35215834189536000
12129898443062400
104082354382406400
207773421718262400
359984082826368000
149471651782252800
291117562633497600
145950068363299200
349810619616057600
170992439342524800
377200712874585600
354506064174662400
64171075634265600
115820965778918400
372113981269430400
104864928475507200
358027647593616000
175687883901129600
256293015490512000
290726275586947200
351767054848809600
64171075634265600
93908891172096000
309116766774816000
82170279775584000
175687883901129600
316551220659273600
273509645538729600
199165106694153600
25433658025776000
310681914961017600
75127112937676800
336898147079894400
113081956453065600
162775411364966400
24259796886124800
64171075634265600
371722694222880000
366635962617724800
42259001027443200
253162719118108800
57910482889459200
145558781316748800
222642329487177600
285248256935241600
380331009246988800
125211854896128000
77474835216979200
336115572986793600
255901728443961600
127168290128880000
158471253852912000
75127112937676800
263336182328419200
46954445586048000
99778196870352000
344723888010902400
226946486999232000
8608315024108800
45389297399846400
248858561606054400
377591999921136000
113081956453065600
351375767802259200
167470855923571200
166296994783920000
203860551252758400
315768646566172800
107603937801360000
241424107721596800
306377757448963200
203077977159657600
18781778234419200
202686690113107200
18390491187868800
76300974077328000
191339365763145600
222642329487177600
219512033114774400
296595581285203200
277031228957683200
53997612423955200
42650288073993600
313812211333420800
133428882873686400
241032820675046400
76692261123878400
259814598909465600
250423709792256000
82952853868684800
297769442424854400
170209865249424000
136950466292640000
76300974077328000
32476824863683200
153384522247756800
295421720145552000
368983684897027200
125603141942678400
313420924286870400
190556791670044800
264901330514620800
73561964751475200
178426893226982400
358418934640166400
118168688058220800
302073599936908800
176470457994230400
330246267288537600
294247859005900800
132646308780585600
16042768908566400
173731448668377600
303638748123110400
66518797913568000
195252236228649600
7434453884457600
156514818620160000
274292219631830400
219903320161324800
93517604125545600
137733040385740800
349419332569507200
178426893226982400
183904911878688000
196817384414851200
386200314945244800
109951660080662400
101734632103104000
361940518059120000
309508053821366400
198382532601052800
373287842409081600
366244675571174400
266075191654272000
83735427961785600
54780186517056000
273509645538729600
209729856951014400
296986868331753600
48910880818800000
196426097368300800
105647502568608000
95865326404848000
177644319133881600
56345334703257600
48519593772249600
21912074606822400
214425301509619200
220294607207875200
59084344029110400
290334988540396800
339245869359196800
27390093258528000
295030433099001600
48910880818800000
89604733660041600
318116368845475200
6260592744806400
87257011380739200
340419730498848000
248075987512953600
60649492215312000
358418934640166400
136559179246089600
58693056982560000
92343742985894400
148297790642601600
78648696356630400
219903320161324800
307160331542064000
29737815537830400
159253827946012800
366244675571174400
199947680787254400
341202304591948800
3130296372403200
259423311862915200
367418536710825600
329072406148886400
134602744013337600
98995622777251200
332202702521289600
309116766774816000
193687088042448000
79822557496281600
388156750177996800
61432066308412800
169427291156323200
77083548170428800
47345732632598400
174905309808028800
230076783371635200
78648696356630400
72779390658374400
368592397850476800
93908891172096000
22694648699923200
16434055955116800
107995224847910400
351767054848809600
177253032087331200
190165504623494400
257858163676713600
90387307753142400
254727867304310400
302856174030009600
324376961590281600
208947282857913600
194469662135548800
101734632103104000
364679527384972800
171383726389075200
362331805105670400
300508451750707200
92343742985894400
213642727416518400
356462499407414400
102517206196204800
140863336758144000
257075589583612800
156123531573609600
44998010353296000
42259001027443200
338463295266096000
68083946099769600
346289036197104000
318116368845475200
37954843515388800
50084741958451200
13695046629264000
383070018572841600
345897749150553600
30911676677481600
167079568877020800
184296198925238400
381113583340089600
3521583418953600
295030433099001600
215599162649270400
261379747095667200
257858163676713600
48128306725699200
21520787560272000
96256613451398400
346680323243654400
376026851734934400
195252236228649600
129907299454732800
370548833083228800
39519991701590400
131863734687484800
374070416502182400
269205488026675200
285248256935241600
313029637240320000
379548435153888000
132646308780585600
98604335730700800
115038391685817600
187426495297641600
324376961590281600
222251042440627200
186643921204540800
262944895281868800
131472447640934400
125603141942678400
294247859005900800
311464489054118400
158079966806361600
368983684897027200
306769044495513600
39911278748140800
155732244527059200
109169085987561600
354897351221212800
52823751284304000
257858163676713600
252380145025008000
361157943966019200
100560770963452800
146341355409849600
782574093100800
230468070418185600
121690271477174400
313029637240320000
331420128428188800
2739009325852800
81778992729033600
53215038330854400
296986868331753600
79822557496281600
195643523275200000
389330611317648000
342767452778150400
36780982375737600
234380940883689600
331811415474739200
363896953291872000
292291423773148800
365462101478073600
188600356437292800
155732244527059200
191339365763145600
276248654864582400
82561566822134400
115429678732368000
243380542954348800
190556791670044800
95082752311747200
120516410337523200
352158341895360000
61823353354963200
304030035169660800
124820567849577600
286030831028342400
264901330514620800
75518399984227200
187817782344192000
51649890144652800
205425699438960000
365462101478073600
93517604125545600
298552016517955200
28955241444729600
75127112937676800
272727071445628800
346289036197104000
1173861139651200
32085537817132800
74735825891126400
120516410337523200
57910482889459200
75518399984227200
321637952264428800
130298586501283200
257075589583612800
318116368845475200
374070416502182400
261379747095667200
352158341895360000
304421322216211200
231641931557836800
170209865249424000
