28
212950401 258522057 421578220 433388289 577872794 633090144 649009496 665248419 676041986 682316074 746611231 751875125 771586795 830878182 870251586 908354349 929329003 943512857 943627638 959602103 960569996 961688296 964802221 972028078 979773487 993224355 995742008 999210691
210725743 214652480 419937106 425311184 536248309 626986335 647828470 649471797 659686927 680100650 738766343 747310452 765817380 828446082 867717968 891318390 910458862 917166684 918553339 953151716 954145535 959243883 959606547 966903462 978919786 988593551 992262576 992762409
204329345 204436206 403177867 406338272 509065725 581991761 621132999 633452709 658822159 677639930 734705053 744283583 755205520 825182262 862267115 880841868 883712632 894492857 917593561 928144609 939971356 950249067 955281165 966585782 977588943 986953998 988072171 991655937
194393051 197329028 338530006 342127349 447147263 471695341 608015445 628686939 642677030 660316049 718085474 740690543 747238159 820635535 828157182 830961264 856101766 865267022 876463384 909367134 915646533 923800243 941374738 956064306 957208284 980030449 984872840 990749589
174047876 196581641 300570277 334182871 438698730 458892911 592045101 607982635 623845501 658443877 714971102 735361424 742860891 792427203 797090333 805599068 808600099 849600886 875656470 902361543 906331145 915003472 934925481 945494812 953994929 977823493 981432598 989901088
170817032 179276445 300059165 331991854 436145888 447526099 553103619 574135582 606613968 658042647 705351039 713543338 740011501 785016174 785127814 791899194 794307379 847970878 866033806 867174708 898864499 910997047 923577953 927329492 947090346 974165778 976848799 983895819
167845282 173889577 279347087 327413135 414927733 421206341 529037668 559845283 582280251 655174755 689273434 707821685 731573007 774636718 782418552 790082144 791385848 825040758 843598156 855517167 885370826 908546215 921148040 922020293 947011471 950959402 971518074 973096877
98753314 167344468 273555736 307856998 377276611 382638027 516730038 546924697 576942871 649643278 670557938 680317801 695339106 767399806 775084238 787619742 790708044 824467889 841607829 849046685 868240808 889531655 891836346 912401053 931904270 933145529 967197933 968332316
91102683 166544440 251520350 301960485 374318425 380402898 480569182 542748553 564010134 605340912 663109021 676047481 682808325 765273111 765610466 771652976 774230724 813162837 827517151 843509547 857215652 885040346 890407786 910914018 913064242 916468648 963887546 966234621
85721744 162211877 251364059 280018693 369172522 377127685 462691528 505479235 543429155 592495273 659643658 666465687 669387333 752016633 759351292 769379067 773055540 802570248 821846846 843361914 857067258 871127570 884744312 897808200 905104724 910719276 943423745 945429326
77407141 105268823 247127462 270119933 325406738 343210592 441615470 477644213 514311213 589330563 650719631 665322715 667949364 696805068 725761540 735660028 765234449 799226141 811129286 813297946 826326522 862791438 879857772 894401564 900285402 908144812 928653162 943181729
67426503 97185284 237600702 268512673 323001514 341928529 432142568 448853928 498863626 579648051 584035518 632810967 647883578 683750275 715153508 723980528 753552829 782852437 783864205 786479566 823513002 835843262 843218054 864897924 884656871 902034530 918630963 929822739
60216333 93879113 163122789 266066099 281738485 323476864 400370501 405583916 486855186 512585352 536597919 600186530 645089367 682606282 709880069 718416365 748442804 778166307 780045149 783830025 813555870 813570093 815928835 859658726 879917380 882869952 892466579 903646195
52858428 91016336 144959590 224261564 261373157 293579030 393302641 398630741 485173335 504162884 512987885 599047503 644085884 677653199 694215496 701636120 735751148 759693320 779799902 783042395 792361314 795355181 800902037 804371203 806726415 818938638 823216838 847977606
38312307 88386221 140713221 220624199 244653111 276996370 358953181 389083590 463361584 477552912 495534236 523454291 540430355 556659650 582303304 585759933 612236855 628090162 660629502 675848089 684889443 710245900 725345442 743707262 765096881 771456522 799368857 817132975
30227318 71422270 96086717 196654756 206211761 262404332 308921648 380038692 459000084 462092574 484398516 498938857 503901090 524029351 564106288 582869332 588272368 595914339 597742302 600881503 628561798 652675122 656791384 710489093 752443829 769291176 795489302 811758225
24978122 69982470 86815699 195611936 205695015 241643547 292251040 342137983 422384576 434605887 475101100 490050283 494072013 521527374 553529410 575008005 575078252 582282751 588388773 592193147 628180220 649942532 650378211 704622130 752308236 769133454 778183461 801839036
22699549 65854434 86711496 175784804 181962901 240524563 280015101 326670281 391081288 391296604 412253098 426875071 444497948 468655706 471729775 504128172 531581831 540814389 544415071 564484792 626538973 628832602 647115211 681591264 699057198 724629146 734247183 761688283
20698072 54332228 80675932 168789070 181736865 234469819 268126870 325304883 326775909 369971975 378991949 384414692 404185342 411134187 422181416 444407466 469803450 470418866 503814926 507026245 598078879 600541197 629097775 641444020 661085578 690064609 712882954 755093251
16253337 24555176 74416707 151476361 171962939 228990868 266766604 285080922 303528268 307566024 310684112 370156206 390693412 402208785 416597473 435843259 461585097 467671950 472935609 494323673 517734663 527819410 599754625 624726077 626843226 678033009 690040628 713665525
11601430 19838175 60078486 126314568 157062404 222690058 265707974 279053205 290731459 301009847 303596698 347507874 387995424 396534977 409548368 421828885 423483002 425649515 431300935 447873635 468462331 496299364 578093581 609949638 613287584 665151930 665495070 674243784
10736924 17908196 52458158 115741991 137560178 222389916 261112509 272844891 283511533 288511352 290074627 325664848 338467529 348952739 355879389 386201380 392861848 402087519 427210656 441845620 444375435 456005389 545981093 551077407 585538928 637174393 654445310 668634957
9248275 12115425 42445482 90500983 104566670 123753953 143022578 164430217 167842991 203481505 218412078 239463873 241500412 265462849 297789305 309669130 374758186 391559904 414986389 415067979 416767308 424726425 488661738 517139204 540150652 629383834 630578598 630847522
6319030 11885213 40827507 76630479 96333383 117763709 121519732 122002628 153397324 201514236 216017033 224958480 227935973 256023538 283048634 295775586 352237823 356778164 385335279 390654700 391919509 420115476 459161483 487729235 539317371 583244807 618743266 628486807
5616358 10146896 28194950 65524256 71376736 86547846 89108198 113210227 137271240 190777139 213174920 213391221 213839397 255370576 281624798 290709039 315798418 321542502 331480670 352694260 391472242 402883635 439513354 470075440 538103977 567207658 603478448 622950248
1843096 10011649 24612451 52463785 65214093 78737324 86979122 104034316 137094807 137215556 171133457 187029191 200965087 214987159 279475022 279649878 301616136 316710615 325898067 326026174 336483925 347243929 388512962 401736323 410784221 426585030 431952512 434034881
878005 4892441 19850695 38909688 63619883 76282487 78578542 102653510 125715481 133511637 139695209 141692597 166766943 166820826 175620192 183613927 187651893 198882107 201922600 224647224 245837437 246510347 267933833 269846804 315587765 324371018 332845631 378291808
668258 1151385 12971859 14291692 18150451 19855375 25614372 33029566 35113646 53601424 75538590 90624979 95833075 100685057 111137813 114127394 134220549 142436518 145677712 145989796 148757612 151547873 154060319 166075240 173116227 193308340 202039396 233872499
