59
200751029 260052455 346307223 377461878 413794138 457499015 491160559 509130240 560331839 579659946 589195353 611949132 620400866 685380100 719525774 721239548 726644279 740245534 751752413 785303284 793693323 796496582 796808940 800386849 802210896 811941102 823624591 860796725 871464101 875453441 875901154 895736442 896281252 898871915 907035240 927142280 928637544 928833151 945922362 962785868 967796489 973816947 976320991 976479846 976983603 977500536 977717288 982069481 985745792 986708295 987378171 988330359 991305382 995088803 995603672 995705442 996516717 998321982 999913663
187922374 254663086 340838585 360418518 412009767 457409917 482126882 498233183 534678138 575605250 586107443 604861798 617651806 673572168 715830653 719221177 725132190 725611683 729137402 752875808 757000442 763443079 765262549 784705880 792313118 801895037 811872646 840184457 846096487 849588355 856419727 885615782 889026987 889939163 906001721 925633082 927307170 928121620 938258428 940733800 946239975 952122559 954695489 967240668 968188080 970394102 972866802 978101098 978695277 978902607 981960106 986162159 990065641 993122802 993765900 995063267 996283085 997039677 999434123
182539926 254206944 336241409 353542403 409643954 451218343 480534968 494665157 531471166 571994989 585015742 602941388 614542130 672190762 705344196 710634989 714725421 721221044 725973553 735369792 747067129 763089018 763577446 782852451 787758786 800725280 809592699 815380462 840791524 845973871 853759120 877846989 884179612 889471691 902618885 915398434 916023432 922251204 933329248 937313229 945012440 948295502 949443287 950895561 952399047 961629201 967994771 971874361 973243534 974176334 981218662 985143294 985180014 987955837 992779932 995028719 995887284 996327937 999368833
169138187 254000390 335509992 351672644 408847164 448680654 458215343 489814436 525231842 569331143 572228066 581352867 597862890 666643056 690661795 706862511 709947321 717045186 720498193 732671045 737922765 760600819 760713427 774970583 785352345 790711950 809382535 815221280 836948339 845176634 852350408 853830233 874909061 882472042 893039329 911340236 914246599 920774895 929280361 935042738 937633095 944967413 945485279 947435570 951948414 959143810 960423041 962479220 970148745 971986310 977702842 982804383 983273468 987118633 991640863 994577311 995298338 995629878 998773017
167097071 247722258 331626963 350503730 403093857 407158457 441522633 485893775 523250394 565748969 571800057 574970474 592383021 656936654 670945424 682579766 695190285 704395059 707529936 721243890 736209817 750336835 760193404 767550017 780402733 788917603 793227313 810597923 835596994 844404302 850161769 853418668 856535785 880043853 892510311 908788396 912309831 920543898 922670619 930933222 934611809 938362380 939060872 944453741 951597627 956386692 958053121 962046175 965218091 971166529 975130458 978784434 980180539 984518335 988110491 991072265 992309415 993687578 998727687
164345385 241352699 321139403 335083279 388031893 403089998 439879259 483159063 521644612 560973675 564270770 564490126 587779230 648709537 662908287 674107132 686244355 688927941 695165401 715270857 730900381 742102748 742222016 748270162 776198341 785325973 791286466 803761211 822544279 831352643 835357287 843407151 844425466 879106491 883285210 904579555 910830069 911194428 911788972 914430097 922731749 935553340 937626004 941640331 948938138 953983648 956146110 957484918 959646685 969521535 970148076 972590594 977955358 981485681 984992181 986990902 989212158 993110397 997525496
163385469 235245323 320332438 334240994 386565437 391848069 439282944 477650031 521087324 554294327 560391143 561250540 585150393 636376166 659929466 672299126 681570027 688081922 690422631 712711840 725301258 727733897 736556712 741514903 772293612 783950642 786893490 787479324 819393085 826669634 832609368 834427048 835332557 859382442 882798553 900412588 901843467 902351129 904115168 907262115 914624226 925630473 936294585 940252719 946707283 947675598 952001524 952979677 959480131 966476616 967837552 968258951 972795065 973514319 977356540 982316925 987626352 991121686 995775918
158368317 230783977 316070435 320383509 381672769 382317643 435150014 460316009 517972366 550162013 556498531 557421542 584171613 627614838 659148460 662124391 662332854 676945374 682514124 710243731 714404993 726017161 730988788 735377198 770038800 776176742 779216250 779229443 807055434 808521523 824606232 833940706 834587365 853682523 867929302 889938569 890166247 892981497 903720629 905050995 911479264 921293444 929083154 939475580 940005232 940589229 949492018 951510083 956842789 958512773 958792330 968256573 972273999 972842873 973116944 982229803 984703091 990014158 990110719
157831948 228920744 310798866 320255588 375548512 376719444 428611865 457638181 515044501 541122243 552759936 552937258 573106553 626240359 635301199 636933938 640407942 657480625 671252547 690418450 694629831 725017622 725591103 735050103 759048199 759577246 760665524 772601952 790160418 801713476 822975764 824650435 834580703 847733041 856304364 865774742 873763832 885206744 888805390 900616056 908448262 917035538 927670258 933895945 937506751 939196758 947500740 948138141 956102823 956587472 958113074 964999489 966816139 967966404 971614782 976627264 983207827 987444509 987718550
149723491 224925673 310435768 314191011 350010194 368040411 424609460 453101723 511340840 522095607 526152007 541218228 571717972 618772637 631469847 632758964 637965300 651062643 651122922 685346076 692052138 715580818 718299555 733588190 745633975 754265971 757444698 770160474 785658641 793918449 820185844 824253151 827156623 828058048 842124925 858201770 866577117 884819251 887879574 900100160 908331018 915448971 927033223 928176338 931171262 935093115 938758468 945111464 945900742 955192909 955835088 962385011 962746321 962951065 969910890 975761795 982083590 985491662 987332803
149412067 220621447 307115094 307912212 341890436 367568169 411372099 451414632 510868146 520943516 524060161 537672244 570929585 606009552 611378942 616431916 619166811 636596933 644085802 665951629 682053226 690481761 700790224 733152188 740936425 751941479 756039862 765661092 779536788 793413274 801030815 805499855 816074997 822713667 836540539 855851373 863258504 883403811 887055399 895206568 906547283 908918610 926183016 927524241 929719611 934976257 937047139 940477203 940894445 945240716 952049205 952365061 953641186 953985917 960632337 967652167 980478294 983619133 986885156
137077299 210997143 303946337 307005220 340899522 361005219 407976382 444223351 495377892 511394100 519087561 532583008 565860315 598429760 599540055 605787339 617874132 634838059 639129499 659625755 672834628 680220374 699761499 731417262 737927409 748637759 753821179 761149565 770355784 783534019 796589498 802018737 814385664 817952937 827630202 849063210 855570844 883084944 885238712 893281631 893803644 901720513 914870797 921320821 922745487 930730040 930874991 931253653 934317612 940109084 942431920 944534825 949758385 952700318 958879927 963649962 978928358 979803282 982133029
131323790 206528083 285625724 301669913 333196207 360653132 406026008 435551735 488628889 494380454 506625321 531882741 552657346 561938091 589648424 601152535 615692870 621914688 638050509 643068488 651026011 653848865 666868588 722405563 729655675 741948326 753474468 759562704 760523605 782736382 788769695 795777345 798115771 800245633 822548455 847859721 853147053 865737460 875124892 879131451 889948263 897555464 914452712 916427535 918619242 922981548 928899009 930032586 932096475 937589546 938338604 938801897 948873754 949069927 958315729 962810702 970322953 970865997 978246356
131262916 204596641 279784826 288945880 331542848 357560087 390226750 422512728 480551194 485715234 501416006 528148446 551140547 560656798 562171493 586176268 613870010 615430469 625659664 642591082 645942152 646757437 666621526 718726013 723076884 734705902 747243185 754988796 759789270 773164446 787558893 791616746 795838782 796172489 820031434 846978803 851768816 860832435 874985976 875594853 889906054 895286890 910784648 912799413 912990039 918018815 918810068 924156427 930974443 934047775 936880403 937676826 939910363 946582681 957710733 958847320 959365299 962211492 964205321
119730856 189406505 267588695 288728834 319720601 355424506 372331458 414100999 477408092 484176749 496489998 525643290 540561537 551484744 560268109 577685676 590651966 597251017 603269011 603358291 608614739 632180679 652962623 697012801 702189039 706662116 716444053 717859494 726517874 727361123 750509944 756690289 757495313 786533768 816796698 845941094 849604447 851856485 868732355 871514040 880377455 884199802 907226110 908412139 911706414 916462539 918132374 923542496 923962013 925220851 932474852 934758141 938470824 941186527 954480584 955993661 958334245 960014957 960044857
112756039 184882377 266426977 285950006 306518657 353217861 364349148 411039502 457722398 460505618 495112997 500398273 530260312 534993161 540955508 546903343 571906045 576301058 591472865 591886278 600963924 631003297 638770360 691389031 695849087 699132524 708465441 715037670 720935768 725881266 749690109 754793746 756673325 781370368 805787604 845223876 846996076 850473324 855352297 856441107 865749996 876563059 895118891 901948562 902948430 906587480 909902116 910145750 910633431 913310806 916941170 920356386 920886741 926093512 932254917 935596789 935666929 936301521 940041069
111279190 181300387 265378657 285740269 304984485 317920974 363880873 408724374 432166212 447254717 490855296 498529305 521515164 530369410 534230504 539663000 569642054 570410368 581280074 581818375 589321609 624011784 637857078 686714316 691172962 697690625 699661281 707342560 709913268 724038303 737400117 751448629 754324074 774685903 801673468 836123067 837154623 837980137 841045646 851428308 851490137 855203218 862733207 867233394 874708779 880804944 881959331 897362585 900906667 901552701 901634618 902818879 906063700 907803793 910003212 911411096 923238570 924182101 932490881
110155589 180928434 260083534 277278872 301345836 316606999 348769791 403932900 423120654 435176982 487343511 488786012 491759969 498730690 517205489 532884629 550749735 567275451 570028235 577164487 589310078 606831431 609088137 682538528 683298680 688064427 688948802 701989729 706667219 715156481 724573988 731177425 734625489 761954861 800888117 826340395 827917704 836717588 840634445 841426968 843159199 851235257 857151785 863247194 872500510 878095118 880835237 881332243 881631665 881833195 885760139 888622120 890095939 894605060 897333101 901228110 902169772 907895911 925903447
106496656 175119063 259345220 270231176 281933350 307728291 344257229 402329175 414505680 432041975 466669670 473277720 479711698 498433370 515453352 526396105 533033336 555201905 557191251 573046585 578982062 598151382 600325007 639785647 647565003 659705917 659876747 662694693 667036090 681972615 695010075 707112457 715768344 758431630 790700123 791754996 804660238 819011649 832017995 837529319 838347114 841368313 846592122 849662163 852553940 858255931 859695919 862285027 866489119 881517141 885628465 888267448 889406446 892947240 897330372 898880513 899356642 905965700 924760168
106338618 167559467 246860645 268910942 278084704 296767159 337385639 390985157 397497984 415784288 439603538 459159987 476348122 494339623 500858390 508294898 516071342 520697070 535064139 537617923 559061832 594328418 596590846 619491834 628203633 630092245 635016260 639411580 657226382 663485242 694283940 702844221 715169579 731871680 763220034 779149255 800425416 812670109 818582159 819905218 828806548 831388833 832503836 834895405 851071709 851280216 855933879 855994465 861035483 861084382 871758643 873068989 885216344 885926504 892541725 893229537 893838480 905395987 922301480
102764669 157488111 235895496 250690079 254453297 281656972 335601171 388436097 395165089 414884943 439229748 445215540 473061919 483150564 496934154 499105367 515399506 520485227 533985996 535355637 542130673 548392502 550222587 565953450 570530941 594085394 603710926 624015214 646683891 652697929 680307699 693850309 713152552 727717721 759849828 772789033 794866004 795681119 801226796 802637250 807021025 809635390 812005438 814655184 839160442 845344979 850715235 850830674 852999033 860603477 863605844 870213907 884781367 885317214 885338192 886572564 892552332 905165337 914419660
95383585 155193841 234858010 248805681 254189739 278268931 334044980 380907502 389660705 408359987 432280416 442304907 456170208 473026709 484295720 485255729 488155719 492752048 494256287 503693793 512539819 514332917 539618116 541876967 566816449 572335278 593667812 619772615 638817398 649133724 652007517 668019553 700203931 727149276 737143118 738806113 748270224 755761067 764394071 771856768 771954958 773869796 781423666 788613357 813635420 828149510 838531639 848331461 850136046 853826586 854455445 866169547 877903603 880137062 881578349 885515432 891762255 904215329 913034311
91317724 153303155 231081974 232017576 238812646 277708569 331125424 362830530 385909278 398811226 418387500 422264691 422737840 432631987 439355661 439564375 441112511 456697006 473050646 501881429 501881591 512847013 516182962 522734593 535892853 564657629 576058641 605651476 617428179 618251466 632664426 635835655 697606284 721582176 728845703 738772595 740659236 743058149 745677205 753559335 753874600 755465634 772447100 779357154 813173236 825896793 829110132 837504208 838403262 846739632 853258869 863337476 876169637 879265646 879778766 880026357 887216845 889170903 908875461
88132119 146452118 208571547 227445129 228266220 273750150 324340724 326074940 383181269 387154624 388048397 391795944 402896438 411146595 414443177 418921483 438545833 438772290 470192560 491883523 500161582 507105072 512013856 522125961 529974206 562656351 575452746 603733118 609342390 617047072 618539840 630492893 697145078 709986897 726681662 730695752 732654160 739081537 740209706 746405186 748895809 752993921 757089081 758608206 808734584 816419520 828942133 834343870 835566534 844068058 852144736 860432103 862625906 869027132 877869763 879856684 885795068 886625711 898346162
85077841 144291397 190904473 224397110 226192299 273337987 301062743 308628606 342929763 347892988 349627270 376167782 400118885 402768192 406635002 411018368 423145601 435388570 444816443 445117164 448646724 478373177 505483356 511220904 526892482 543495887 573621125 576030390 590123404 601967523 610226606 622476135 694389161 702758435 706992980 712303846 723205857 736278133 736868273 741056530 744809973 750156005 753828844 754545398 804866398 815242148 824117681 827696310 832621765 833462834 836248892 845328585 847096379 868562536 872357444 875859238 877258818 877418331 880229907
84286849 133089370 157528718 195948793 204727019 267495453 300901292 301706407 329812957 331016796 342858922 372082390 374542695 378516393 387977826 388589973 404730073 407790020 423725414 433169043 436759134 470008310 498507926 507641488 526568190 536038109 569695863 570126636 584102636 600932879 607767463 615951989 661832905 668652520 693607068 708410857 716379066 719557752 720646138 731211952 732746594 740970206 741095255 746017075 795584348 804648401 814920850 819421238 820122255 824217557 830522399 844486947 845036519 849157102 850674631 851184103 859173032 863303802 876269348
82789113 122146458 156346548 187344262 201837493 259240104 294839473 297580616 323074462 329822365 339991038 370863954 373825043 377288144 377495214 378223870 403370114 407593898 411322308 414553906 423770236 466817349 498434159 500098122 524780156 529685334 546395823 553234976 581556229 600077766 600418535 601987149 656934413 666874732 693136727 707642129 716223437 717176120 717779069 729092726 731954662 733590578 737354869 745234863 783568624 787202306 809566033 816483680 816561609 823287777 828095696 837036930 837916999 838919402 841269423 843583562 852240569 853084110 868233900
80920579 120708856 151592731 178511735 178970939 257519891 286234789 290081036 298259838 302489298 315682427 320511358 329971445 334089182 347408964 361645574 368654002 372505620 377571976 401563609 416423837 464002089 464736073 476342276 477614028 507963479 522614226 528714462 579422453 585203321 587355365 588499654 651442456 664484861 670612313 674085173 678759333 679871562 688138932 707594299 723238365 724346362 735786647 739349104 773403287 786126392 804621930 805839080 811549667 819556261 827884095 828171830 830364682 830437425 832459642 833416353 835573182 840980599 850071132
79480071 107163493 143124402 175427406 177822086 257179552 284754187 289901231 294047616 296247196 298167379 300363143 303410105 306939749 323417032 325983469 341521134 346526155 363364766 397471729 404167669 451796918 453719826 461994002 465961779 482902934 497314258 527265690 571315410 577040192 584945936 586440588 630669873 636040681 641204664 653759167 658487275 659533422 681468461 692755988 719997736 720341260 734019924 738560472 749226155 753265355 769063271 771182478 775593804 781937879 783773766 784482865 797322143 800337277 809259516 829863814 833847787 840295095 841052281
75314435 105749303 142277254 172293691 176870610 235332240 247489781 254931148 261258489 273346606 277199277 279849878 283249631 293341161 299788417 320570886 333972525 340271605 361398659 366515588 394567155 451589590 453078219 456630891 460478814 479185004 480102625 526811560 557103506 571610372 572046529 586166856 599333046 601985253 616726076 617404367 630463603 639185542 677827844 692253539 699452503 700101863 704621452 727621758 749097331 752942616 756966768 761244171 767717881 769532795 776117983 776501986 794703080 799894722 805936912 811650457 815712088 819158883 840381138
74422291 100685125 141859085 159490511 168008481 234379217 244748343 251977175 253144087 262270384 272301583 274938389 275677949 288991759 297067638 319753578 326146334 332178898 361272942 364748631 393951727 434514342 439484082 440641479 453899466 477204816 478157053 524374193 533846893 536109384 539889751 554954962 590403632 590770061 591261114 599691875 629875232 636435098 668123222 672488589 691489830 692377842 694944099 698309255 698909525 701880837 702714966 711634912 715983646 720258023 721714989 772215505 778266538 791804368 795266243 798912634 807962555 814872906 824447996
70990273 100576172 138132721 149045908 164963145 215139303 215872287 228132267 242748058 250368711 269241191 270466082 272887011 288920337 297028679 317632218 325421779 327563573 334194061 339457329 389473730 397672143 402817845 416949900 440212529 440895121 477891070 498034372 507221337 531459447 531571148 550793326 574536179 578878728 589345741 593592096 607368227 611324749 625981483 630621593 641373523 646696689 654991104 659592018 665749472 670455347 685683748 696497276 697469861 706824274 709294678 751433878 755783762 770708361 781078339 792613483 807577717 814443669 821417598
63927144 98358936 137526981 137554584 161100076 189182232 212302525 225192488 237825339 241665879 264785456 265543045 271808507 287261377 295362079 313991805 315823151 326062903 328340324 337949122 374968735 380608899 389275887 397465154 412167397 431101013 464150327 467622451 475481525 522570450 524019779 549188555 569399454 572618790 572735751 586149494 589409079 590158057 590216595 602256020 610634819 611161716 618455978 626828877 635961738 653347805 678023879 694841495 697279068 705840091 706663282 750911417 752946315 762804187 765897445 792175386 800862765 811917382 821259023
62773708 96795669 123779310 129778292 157203946 176667046 208212508 210626135 222357492 233029832 237716801 240808165 245286125 283640894 288848742 307134460 311656099 325730678 327364922 332207224 363741265 377716133 383016032 394552437 410620017 428937338 457426232 463075892 474889688 501760956 520674837 534513846 548420946 560245563 560597519 562807719 577311405 581354834 585895909 600674259 602538670 606670363 609169804 622757700 634420142 647448364 670375531 671709419 677251524 697953224 698140647 741341980 747965679 757818316 759592741 790350221 799265993 803827546 817256370
60004846 96117582 115941761 128440304 156657805 169161924 200501910 205950954 219917430 226743844 229216388 231115013 240095405 278742313 283713971 301277568 305435601 323335720 324819683 325940924 362882892 368601237 369914335 391469530 398457095 409661053 451155963 458606510 469087414 482946346 519033800 528213190 538767313 547048450 547343715 551706880 558750021 570865173 578018094 584804889 586812405 590255682 590495245 617468203 620573811 627114201 667152577 670519471 675390749 693140654 697855480 740424613 742979261 751838975 757666328 774826869 787336478 799837143 808086720
56938249 94079767 107943711 124734717 135716981 149245594 196376029 200751039 211028114 212685640 214377095 227924459 239745138 268167593 268733349 294232822 301317176 315197794 323462561 323952548 340256085 364434431 369180076 386337992 396345874 396951654 435439753 451028783 452847199 467701241 495821070 498298637 502757844 516194055 519782573 520360864 521175197 542385919 545605670 551628937 555873137 562282618 574559045 604892014 613716892 625202891 658903674 659175006 659441135 684534011 696203121 713707940 733337861 737152861 754763723 766303386 780673234 799589003 806603931
51479758 92459780 106292692 119667465 135436967 136804910 184385366 187974780 206611367 210451075 211472192 221225186 236532957 265397238 265660390 290686383 297585626 305033924 306273276 314071959 339428866 360222935 365963331 370930042 387168816 392837769 425751760 446060812 446888215 448619631 484497128 493282163 500702266 512086773 513796545 517285910 519682650 535474797 539766204 550692942 552812264 553639207 558726853 598541501 605692316 609092969 630556335 632320077 658684559 674529907 696185589 712767370 720755462 721388119 751278823 765699515 776784008 793947045 805295585
46565142 90243224 102942733 115391534 115559172 130671938 151130174 158087886 197574019 200772124 202605075 220956019 232785210 239820794 254351345 290147374 297001042 300084755 305884382 307702039 332711061 354489505 356325698 366453557 369127957 390674755 414788261 434615937 435872450 438512173 459924043 461942285 465747463 478692781 481735061 493106466 494307257 494452216 495275362 496839717 526724208 543197057 555786806 595970266 605235155 607278076 615233851 627868851 657286635 669951005 681760286 690391326 709117435 717792936 749485866 763962620 772100203 793458501 795800707
43435894 87300199 100881933 108768769 113136080 124957435 144896548 147514877 180999257 181319240 181558687 206735136 207737861 239734729 250595661 281551670 289116906 290724029 291210849 296943711 323842722 349945871 355787185 359317375 360614577 385415014 394030528 406872173 408239577 429948205 434123240 435102945 435193501 466871106 472777488 473567991 473891895 483399747 483570723 495530186 524342682 532639191 537559003 568776533 603905688 606445794 607803058 621568472 649238991 662944066 678606585 688085313 690769510 713748052 748212809 759903668 764242584 767309708 781721216
37993048 80870044 97706494 106662335 110090840 112984491 120273032 141277043 148659411 167797789 169183646 201066674 206765753 233627099 248768432 251788143 254617036 266652577 274171857 290155892 321812558 343281240 353450480 359040244 359526384 380707143 384287811 392761745 393744942 399551419 408545307 422636868 427579282 456557925 460647636 463328481 465999883 477886708 480901108 495274728 511150291 527834799 532940856 567156298 574579240 574851348 597100188 612753607 613615336 654096540 665359289 665493647 690735679 708731631 739641007 740856931 745289969 758079360 780608067
34133434 75149580 95640753 96190668 98731102 100071565 100998036 101400740 135920626 138694796 163832644 195110209 205781425 233230530 234821785 246153256 249095615 261114715 267610153 284013092 312798304 318157817 320181770 333135477 335242507 338129454 340992420 367448505 367952639 382143489 390646678 391996945 402166689 418366144 425366983 432261891 463620834 476291560 477140450 488438939 510604446 516867227 521533283 543849757 561756369 568952797 596071476 599865355 602296924 638865446 639955011 645928698 687322761 708480113 724038153 726746840 734511205 734800078 764000162
34057286 70775917 73601378 78667491 84423589 86181634 86321242 87798487 134304222 137808166 161305722 188446524 203433534 225223776 234718696 242510299 246370692 255975515 263119470 277596189 308409541 310747580 313716691 326490322 328032994 328793145 331398279 331779300 341887136 346505238 358590521 366343501 393379989 415566412 423848264 424438737 450508186 452080010 459562092 487871345 494780993 506690980 515968385 534787987 551760355 551959816 572199782 577790546 599301109 616178922 622530425 644894791 660245973 669720430 676098628 684405902 690372050 702758042 759469648
29206710 70629211 73421331 75979758 78505509 81662881 85691619 85879429 131974218 137582596 145226980 150069084 161377624 173645617 189067823 192111005 195299935 224679960 232059704 241453371 243450151 244773813 252740389 268162003 277950920 289845563 296776119 298817503 299421732 329551469 350611430 350668443 386707148 402805355 420535569 422004462 432390945 451093534 454849137 483997831 486553952 501191938 515560133 533276061 545980324 547972662 565538554 573990280 592843951 611472897 616027345 617467742 626045352 645030723 658865317 659000786 672657864 700701660 743815011
28867842 60582527 65858046 68016147 68228895 77078647 84210879 84631786 116916624 117339527 117394745 127980029 141348388 173179222 186529639 191563743 195127796 214648205 216752586 217220744 229300752 233572990 241742024 254760450 276883228 289442297 290910343 292808983 298797962 328933159 341147713 341805706 381352804 398311206 403271156 407922317 414610187 434939364 450145364 464529794 465710212 492620416 512220485 532644619 537419045 544414911 563251652 572917353 585977049 587146547 594110468 605661154 612273156 642258690 652108398 656133412 669705821 688922780 731703087
26774868 50052317 55537923 64651242 65682675 68407046 74214562 74906547 108770228 111931328 114382058 122312202 133280905 162215877 177057750 188703676 190045590 195844246 207713873 213123523 227616341 229143827 232245270 232812215 240891035 250023529 257251894 278077476 282450844 285663481 289812279 295227736 301788664 308064657 326684161 337044204 365054423 386745410 422608761 434504078 464279162 473320033 482906491 498448529 520049642 526626047 533318722 554814940 561208837 564520923 590172562 590460349 594524319 641759282 650732842 654928215 662636671 679551311 729684163
22200559 47800801 54434450 56156647 57738873 62686115 67737439 70652585 101395886 104225161 105991063 119821772 131675822 146066212 176251084 178637471 181134534 191481047 200887568 211556903 211701401 218067558 222468859 222885142 238376657 246459270 252742432 267517463 276717462 281168247 281643503 283327165 287100510 287673919 325270848 336372721 364350016 383624499 416501945 433738985 462254677 463846074 471484557 492157767 502050190 505153111 516724402 524340125 531483282 561047852 574132314 574672240 581184362 624452547 643057876 644004853 646805469 676903786 715853925
19744140 42586935 54343779 54802705 56156358 62182384 65659168 69589355 95434525 99551659 99583435 119771500 128465590 141464704 163306989 174364424 180983646 186270428 189757462 196670585 200576978 203712498 210254609 210279116 214490285 243063063 243545836 255949506 265228013 266903924 270374066 276779582 277218712 280736988 322079895 336009429 360699068 379735280 411589468 420085532 451433868 457558223 466815955 471639338 484895099 503112983 511971409 512790296 522634260 560698890 571361353 572235362 581044257 618830127 635660698 643647044 645803038 675376942 714730864
16195620 41311239 49811647 51601872 55151141 57541275 65300056 68824837 89777849 96789693 99455422 115202588 124301775 131725528 140028971 141515769 155852919 173124414 174932388 177646478 183378651 189460120 192030168 200276568 205366849 207808352 223604887 251102463 252947183 256230708 256513310 261277946 271030829 276206098 312571682 330390285 359359786 379693780 393509199 399646345 421467404 433411406 460103800 460158510 463289742 476767597 480873065 501045524 522408141 543433016 549455008 564454768 579286859 618756796 634957633 639858949 640927447 654000316 673381560
11021178 29682121 33791897 47216827 55150958 57441710 60235764 68200987 86425699 86988031 88324466 88934590 90464465 96154468 96878171 105190060 110629850 116538753 125156340 128374819 146050416 169163823 184779361 189216746 196346149 197959500 203598692 208265360 214417978 227795023 232657016 244204540 253987007 256794329 300987486 330303421 345669301 347941695 358153058 362425380 387516570 397542630 427151469 446398478 459505355 475323098 477296901 494467663 517955929 535268577 546925162 561748767 562232528 603316109 604354193 609551214 623487365 645302727 647218813
10772765 27522862 33422762 45119148 45186098 51976909 59955426 63777706 69378327 72989364 75369746 76987084 84432339 86865382 88285160 93281314 106656037 113773552 119006956 121103838 143224179 166785909 173797396 178755663 194162180 197786761 199247102 200219481 200329318 201996767 210403747 218563549 236816677 242906989 296759451 318186562 320769759 330047814 355417669 358827236 383952583 396049886 426394168 442972512 446698773 458898424 467817194 489248250 493703713 501927075 508600473 523515306 526228095 527233134 553848405 554092043 559177462 563720806 566844768
9772451 23265408 29552106 41334710 43677390 48163593 49417400 51716986 53976113 61644453 62736873 73330355 81680589 82947458 86196629 90894516 103742215 111959136 116387543 118110382 140791157 155515090 163429672 163774870 164351574 168731065 170060497 193200298 194795452 198001970 209685058 218128363 232981210 236446310 289325748 316428180 320670125 326437607 348455150 351611950 377171707 394936056 398379749 402468827 432852779 434053614 444950164 462057929 478245957 479707049 491683438 501052084 518624589 524337054 552731325 553780553 555052276 556666520 564386149
9213677 19373873 29030530 36632164 37621454 40250380 40594076 41798925 42734644 56371977 61438995 69937970 80081629 80772558 82347344 87711650 96692563 104423902 106815412 109080824 110138571 113745760 123478001 134147095 146747056 157159416 166222221 172674020 187072861 192531064 206178938 212493606 231789477 236005975 277839152 286849681 286945613 287621491 297886544 299717658 316988482 389394936 392568778 401874557 421348716 421959788 440829188 458356532 469051190 472210929 483379273 495060177 509523676 520073004 541331868 544929171 549453120 550545778 551719019
8565580 18467630 28877501 29624360 31394281 33036043 34395759 39550543 39627354 54109950 56125529 59545654 60416233 66658420 67585863 71281039 78611255 81647250 92841773 96385145 102864205 104954302 121078796 133591445 144001987 154274021 160418075 161176712 179507169 192321298 205561030 205867677 223162978 224761818 268038210 271791003 275591133 280951617 295971272 299614095 302899953 386700401 386858912 396942624 398778445 411801960 429710869 450438669 460165377 471404148 477101991 488514169 502581317 509863658 510160975 510389495 528968896 530113728 531575539
8025483 16815511 26093551 26414855 27653658 29301141 31209131 34128912 38117667 50260920 53775903 54290645 54516503 65494613 66857679 69393334 69622655 71070670 92477328 95638203 98999491 101881391 117368044 127533522 143337264 149045762 159284760 160079767 167515481 174246056 176836965 187981708 191547275 205665928 257916863 270672991 271371688 279287681 295306185 297692308 299660163 373682890 377363385 387090303 395295826 407927264 408226663 413751058 415710941 416328417 423781054 439922172 444219579 444345370 477059389 484631643 485728626 489476458 496226148
7161650 15911029 18945448 20042476 20733818 21402637 29780093 33879072 34581768 48317655 49027192 52044217 53960234 58913417 59089558 59391772 61478421 70438236 88462934 92393186 94909815 96495538 109472646 117523760 133224601 139840423 141506562 143611924 149800432 171992482 172619904 180511795 182148543 186063855 256071669 260325615 261637243 279167003 282561904 288945230 297117285 302613458 306765845 318732592 320336841 320968113 323650029 329863469 343366382 349058677 359292658 361257236 369319661 375772382 397716624 411134928 425131788 425350864 426559823
5638860 11998068 12919101 14231581 15052855 17033289 21747266 25398328 28757657 39428733 40788538 41647065 41955604 45402370 50009611 53089255 60473612 69020903 77034795 85113533 90747993 93880739 107961793 115261054 129002888 129298511 129315698 134255070 134697742 150363896 152370744 178738725 179946821 182871001 192686752 193420244 193966785 197867704 206444130 208910360 213898888 216884793 217365856 222728110 227018273 227899002 233116279 245988909 259049543 274452739 276257813 288155493 312684282 338754376 339386760 349109996 354698436 358019500 392180372
730059 2849621 3431852 4031262 4232797 9251524 13873778 17965540 28364056 37412892 40107944 41212780 41267533 41606605 46819547 48124074 50851719 67788433 75245954 82515609 82890073 91443197 104848040 105301765 105647156 107038707 113415116 123939391 128990793 133458537 142118021 147639150 150662841 158167681 161074172 161560572 169739089 170798815 185339267 191223468 195296003 201044967 202823375 212602893 223068863 225696634 226163997 226826675 238210668 260529118 271500471 285811741 305831007 315877776 325833173 343771675 348147372 348413780 350692905
79351 2221468 2774159 3654922 3969014 8777271 12879315 15602189 19958108 21602090 22013997 26996613 33664132 40020587 46541800 46651974 48540336 66565210 67069842 72662777 78401281 79574452 80460064 85047309 86956898 89006432 91374025 92412663 99311411 114168689 120590783 126768554 129593585 129887175 132564842 144616635 151630693 169877464 171708436 174784057 177098144 177688104 180094635 186300201 201862158 206953761 208405709 224535267 226403244 228984609 233082866 248672833 250653597 256908429 260466528 263357284 277353185 280989916 285156734
2214 1123885 2226543 3525349 3756612 6527114 8011364 8771744 8922629 9411446 9440588 10399133 13245165 14544393 15645098 22597449 24508663 26617177 26875717 27849373 31680813 32301253 37855805 37981616 39810297 41415239 50617419 50741259 52122030 52322447 61800750 63399879 65609396 73855496 81795886 82499095 83761709 85494274 88091790 88309323 124458763 140317981 162319171 172406190 174309621 179683772 189122923 212709323 215281662 216026398 217437244 220522319 234043034 252640220 254715563 262670791 274981553 280363986 281730478
