21
998397902 997342370 976813075 963444576 945529786 934168255 929827619 902603692 893111295 778012280 743003048 717432417 688020891 671686085 668632917 656016957 569836615 560223615 530407575 528834197 317967969
980719170 978718767 962157844 954826263 921982817 920621974 919420621 875889388 866195406 775559521 731838228 708814696 683898990 668203534 646227991 601962505 561270954 553701982 510300931 501509945 302761796
977936273 967127795 941597426 928999625 915657768 913070237 912789719 872338225 857686618 759709301 729611927 688290101 666665568 638308114 637002146 564484348 547051669 543984317 497155923 424086150 255203419
953057660 949333954 934317552 926246778 914835880 903387219 901264027 866270952 828591380 734915055 711573460 662496334 661205457 633619857 631454175 542163842 537288977 527661544 489705673 419299258 173911475
917950380 914913371 911727623 904230398 897663102 890523619 850232946 841337719 801135878 728719402 628991032 617970898 610260117 599310312 584129615 542024274 523848094 508957987 473943872 402845559 167893226
902127764 892243096 890903968 845530938 826213177 820576659 817751912 784643349 751937786 723946155 615194560 605405040 564582504 524664892 459492109 438952470 408321741 390206092 371834713 358532905 160845787
889814978 878379526 875515225 845182124 814866197 804066083 789104505 774845046 750792721 722014377 604939389 600669753 557842834 514417633 451055792 411572912 375901300 372528537 364869295 336612268 155709328
865628583 863394996 847793391 832704173 784862796 783103291 781269096 761852314 743291047 716691946 598769659 577113605 554679775 506209522 439279565 402889759 358308747 344449009 339024690 329259000 154731496
862788754 850316477 791799227 747371520 741630068 739728310 724655281 703641516 703439236 692680222 579960728 532598630 504293766 470563497 433798427 347763400 345592255 327561835 292997384 271956287 149903967
847500546 826957131 770720728 747108914 734558558 709448420 699720276 698171744 695825815 691067843 579330014 518762900 497292396 466943729 417555268 343562552 342407379 325407411 250571679 244032590 149695420
846542022 791263042 763035765 737889717 717242341 700903225 690208691 688523155 656160901 643213050 574375455 517050889 477937904 449918037 397685438 321396868 305263573 288575789 248671164 200276517 136341030
846235744 778601807 759163400 717703594 712534555 690558673 683424115 676310270 638387735 546950563 537007215 506911900 472426850 437710883 378932993 286957501 282391161 268180220 224434475 196592013 121072222
764723569 760332675 754175086 714322233 687012425 647445508 639712511 611159440 557233652 538192743 535710806 479820784 465687883 422246906 378102202 266614821 265644604 252093324 223063759 189943401 113844634
706892659 705242487 681655649 666229641 656154370 620864271 611785020 583957881 537883038 530630882 529104794 443278460 403757636 403051584 360521297 262252782 252067327 238286056 184400532 176630717 107335975
679729139 621346495 619703047 601449214 585451565 584898575 560048826 558452510 532083547 515264945 496680464 432999024 381235535 375688030 357266462 261863081 223434331 211154098 163820815 154757681 104049062
560377937 536125893 473145250 465524122 449859599 417168992 403210042 396590486 379021915 378156156 325306727 312045319 255492324 245207900 202039900 187358453 183147346 183002707 142791100 141141172 87093871
407174816 353633170 338013939 335673132 333824626 283740882 254379725 252162372 248871791 248347366 244336224 235351684 215282651 208848318 175547882 174451715 172779620 164603018 125302054 114575483 83825594
373547778 309812271 298522839 275211684 274572560 271995343 232671235 212642118 197655535 158194630 141142212 139570570 137502974 127574806 125564668 124838078 122775468 118713496 98481907 88529589 79275155
319272536 289823671 269268178 268837809 249931311 214006982 207492512 206128926 176392627 136538726 102570182 98329866 93641356 93337921 88399091 60191690 55953448 48715698 48315413 41258577 34564028
284235076 194570161 187715502 164038705 163141947 161271187 148210077 147420078 144866904 130564522 92713697 84134453 66789801 64313197 61608009 49908501 49444559 43654009 37961593 31255164 12589961
276281706 191739998 175147592 162383650 156099437 115882050 106954288 96343066 69415994 67913596 64456426 60093898 56592166 40522318 38391115 25966236 13362952 12537838 11213579 5807653 3893568
