54
247196344 404516090 406611502 435715533 443794705 456508991 469391818 475995838 494143801 496454647 628594646 634771749 655361815 677053860 682258382 687101684 690827300 696142612 739464405 746817560 751833280 787379758 792923912 796211298 821620956 840207015 852201460 857566517 858199574 871621430 884834217 888085021 889246263 913645953 922450947 926345848 927600849 930189651 947100851 950096900 950677335 953315306 960530245 969260209 973280954 977365517 984635214 985297562 986954971 989871140 996605640 997850049 998866713 999884437
245242938 333353938 344474653 388321033 390702456 398252826 432642645 460690600 486228384 489161870 621319012 631822621 636573767 642585121 656428163 659620572 687560521 695843357 725013745 733192863 750823281 763326642 768639943 793392219 814204898 832104959 832339555 838099912 853070619 868346066 869597482 877859292 883580456 910494075 921339920 922433316 926643542 928245031 936216839 936709521 936948987 952936539 959789424 965743066 966175905 976841953 982872847 983124664 986808676 987493495 991892246 995182811 998092267 999835050
232976289 307860044 333599322 352054576 358475983 362486019 415698338 456066595 477932574 486511020 591357529 591556403 597289607 633426616 645557899 649337579 686457134 695775233 720369584 731705110 750127642 760046624 766997811 788624885 812848422 821184382 830596611 836901446 847822943 849523862 863811538 864295757 866550997 901375235 902369555 909411261 909866301 912913756 913386531 917854416 933325451 945919218 952745261 965280518 965725537 972336663 976429600 982202175 985909637 987230843 990662331 991995071 995955934 998962357
223185615 299308043 319192774 350427820 352737975 358889433 408689939 453981666 477906551 483564641 590704728 590942504 594446974 628957370 642855027 647777828 677976049 679952913 713832781 716134622 738426702 759887612 766784119 786836273 805665537 821072567 827245596 830699437 845787598 848033341 856325964 858305637 866213882 896886016 899232989 900706321 906284340 911340819 912822464 913930355 930218599 940597531 949533696 961366431 964926377 972042465 974360628 980658474 985461268 985505302 990482777 990720699 995876324 998900182
206000105 298822799 310360894 326728857 352336253 358875580 407216802 434774358 448840672 469821739 553172865 557817403 564533433 613939455 634213770 634245345 674910202 678423003 710841127 715258289 738127847 759784548 760207678 785626502 805234644 809708956 810139935 810969318 843625252 847588416 849654741 856313832 862754751 883524161 888499084 893391528 899048036 909312222 910129954 913376744 927299419 938535127 948649595 959148481 959333000 964922675 973883182 976513456 984637711 984940550 988697881 989068448 995152082 998867799
193538945 298764198 304874172 325995299 348662943 357741478 397374154 428489952 442119087 467559330 542079098 543348871 563471639 597085059 605431752 628386580 661824734 663993202 708033985 714804421 730823695 757046880 757717979 780823291 789451423 793343269 797244778 804279646 825436784 830876166 838780601 854225755 862372621 870202222 871979429 872094970 876128993 899023335 906591302 910636561 925464602 932002822 936181376 951933730 953218326 962332295 972897654 976207295 980835148 984338274 987711889 988315641 993989182 998762287
193497013 289584990 289877258 325607377 348252859 351075372 397249901 418477097 424034560 464193017 532646101 533467101 563064985 591936190 601983789 624389683 660246943 663711946 707586464 713404458 726348228 745273301 748501751 774009826 788693737 792379156 797072659 798954046 820949994 822871233 831239101 831493726 837443670 841957387 843064851 843488443 845049358 894264067 905967739 906718025 918559699 929487879 934825529 944817197 945746645 961178306 971512223 974788052 975392466 979845757 983163435 986487131 992829160 997562525
192257406 287706918 288489061 302128933 346841766 348161363 371833458 381191403 384738262 461092719 512451354 513954485 561380741 585597814 598737133 619309150 652605221 657085944 704760165 710596390 724964577 741849245 745262661 771658959 784067340 789963330 796980243 797206256 819687244 819990825 827090481 827911836 831406408 831568056 831874716 832642414 842614707 889322752 901008114 903577845 914778124 928587276 929772999 942072991 942245418 957985754 958793083 972192783 973464336 977282366 977400631 984263579 992797178 994936693
183379963 286578061 287068053 297589435 343496329 347018675 366610596 379774525 384291818 450863219 494998638 503500790 549405849 584641038 585584144 618289540 637707504 651503258 696507087 702926055 723590430 727424041 737903200 763266881 763835570 764947579 767504130 773029462 778986723 791307366 810989814 817283282 822560225 823817270 828049662 828644520 840716664 887996982 897813682 903448694 911501942 922140019 924357569 930630670 941420231 957030899 957462661 966380948 970603052 972471140 976757054 980876906 991581449 992279374
171809778 240733655 281637434 295984345 340961233 342798279 343355712 367837484 371186022 450691343 490142367 492048279 542474636 570449429 572400321 617095463 627632103 632010228 690034361 693648446 702135408 724725330 737699465 752672897 758719795 759226155 760761398 769931409 776118675 789336281 806218514 806349803 807826428 810226545 823012883 824846477 837958017 880626934 895174058 900691762 906249743 921649313 922124682 929892598 939094316 955605718 957385891 965711380 967540898 971820508 975129103 976898791 990531241 991098649
168924207 237277638 278446935 295048584 323332506 334613629 340703451 367607028 370251923 435862077 482016102 486453693 541421204 564169073 569031980 601912898 614329496 622273559 687019139 692914638 700937778 713818322 724591756 747543768 753547689 758199059 758930093 768912580 774060960 784896401 791064777 796677306 801667886 802298780 816263219 817211058 832671775 870453221 891126874 898057512 905697142 918466047 920816537 922645272 938905246 955446648 957309657 965077512 965854403 966590689 973979580 976444006 989464069 989573566
157320452 228888218 249258399 289834718 319929820 332943484 337453872 364103907 364710282 430470399 471296913 479814151 540487140 552962829 567917067 587683320 601413941 617521130 674196914 691361027 697187821 711880053 722580611 746103322 751902998 757127267 758170598 762779300 769880619 780111089 784652346 784929323 785351825 788779594 805582844 814594586 828957728 869073853 885713911 896493198 903843873 912357902 915503722 920961509 934164531 949446466 957010280 963738288 965249458 966187311 972912631 974322089 984523244 987259115
153170778 220907924 247882105 280024281 319763116 321976342 325368542 357970334 359094550 418412177 462174208 474159699 514499065 549021158 566506128 580403182 594644855 617258569 668965010 689693537 692664517 706345333 719377172 739776757 751471218 756295014 757888255 760459305 763670457 764327160 772417249 777423079 784925452 788363449 800617695 812016000 826203014 866226554 880884677 894494985 902798223 908867246 915004861 919962881 933909328 947646532 954898278 959660254 960507224 961106130 962369313 968965319 970846335 973407114
143861264 210667999 247730912 268130700 301947111 308029056 308255075 352364622 355953248 410370311 454219255 464881411 511043197 541537904 564625076 578616638 591591795 603547477 659817599 674077308 683766603 705603235 718833284 738455153 746486946 749965629 750965403 751722448 753925760 754378104 763526868 773373556 774392868 787521682 794834501 811538862 817560951 863341762 877508837 886617692 902737862 904246847 913239263 916005097 931484413 946512804 947615188 949639819 950550095 960842355 960921094 967028920 968968212 969385740
143676932 189722974 228549721 254927445 290736712 291559687 308032619 325585791 327866930 396632266 453110132 462897451 510762918 541355038 555700324 562052570 586840806 600968280 648542377 657203888 683483126 697636231 717574676 724961467 727227452 737083438 737150816 741512805 745483924 754212009 762686370 768408064 769162461 775621192 794335628 809336947 810052713 858989733 873165234 882461327 901830478 902661862 911689316 913219977 918230172 929662779 938389916 940850235 942803767 957605346 958673417 965261328 966346586 966678574
137011437 185171224 214112790 238218712 242038715 249504611 306986926 322185602 323797182 385795443 435204221 439050820 498006904 535385556 545621164 554533179 574336330 594586546 645183508 649745516 651542017 659416858 677217874 680124113 696787973 698934828 699362785 701500251 701842505 709480269 712600884 717958641 725522067 729526278 785005808 801909908 809065619 854290001 870519040 881893006 893048356 897236956 911272037 912219779 917218572 928030787 930903797 938839172 942366632 943775749 949025179 950017531 950451325 958701109
129404194 182919885 211490099 235304993 240939844 245785678 305613580 316625317 323175180 376975458 430892455 436923930 492007721 530128102 537226050 554254549 566966956 583554079 617774064 636129895 638994690 648152064 666128901 668964329 669323917 672152029 675972534 686583023 697470073 705625744 706711937 717312470 724900834 729491870 782078877 801701816 807896597 851645614 862759340 880599177 885108028 891352718 906243208 906782494 908362451 908729867 925480452 927923731 935692814 938662871 943004030 946460094 947098384 954460022
128354740 182329700 198978494 224873617 228026394 242855414 301832358 305325777 315765520 370542058 427380800 435149048 485489127 512383252 513691740 519715233 532604772 560982589 616280447 633147732 633458679 647275737 664477748 665255046 667513036 667995493 670684440 682012773 691146133 697278793 697319485 711379683 723162040 724170531 769628361 801293204 805860787 848067424 855214129 874521701 883965856 890193080 896476292 903755534 904780074 907851962 925182077 926888947 932724492 934072508 939331943 940404346 941753737 951475737
121963824 178784249 197894802 215495757 218044171 239070503 294359257 298575597 299090342 367757247 415624714 432920154 481979790 511288418 513275913 514653617 519770556 557671225 593889683 611661139 611886847 643672494 644182170 644776223 660295124 661537046 664053090 670469182 674602423 687278800 687451199 689514531 700638581 710194885 769510618 800344047 803439655 844333887 850363152 865636072 878024439 887240719 896413498 902220923 904464014 905710900 916258486 924827231 928984665 929006628 929399338 929904585 936849086 944376971
112769758 178348422 194349668 212937089 214984374 238069279 288709997 294410926 295555262 366888808 412605816 430212731 466225049 467130681 473845372 481435071 491666208 509204898 533694022 538849989 548089545 568155182 590771212 600929710 607819809 616102279 638742695 644840586 661600724 663729265 669188222 674840169 692051335 706644459 759723937 794470395 798512571 844124830 845596300 855903824 856927027 862737664 864480779 866127541 872429169 874861365 878231047 884342477 886187747 888251404 891941089 892718831 903726908 906839836
106106364 176551530 192145884 206680527 210049233 236339420 285814891 287887726 288492323 323487770 405484485 419532553 442273919 448589727 454220498 467529681 481109499 500892903 524617683 535009417 539772471 543786268 544036854 549162593 575119090 597611356 599534772 630019027 638008040 639597183 666137041 670586885 686918706 703915936 755979361 792399270 794714299 827036758 827630937 829469326 835252758 837707582 852220274 852512314 855593891 861086563 866350565 872980026 883722483 885461012 886094267 889271180 899481568 905074138
104378028 165393683 190357256 194600100 199277208 230985152 251917416 270185648 284466786 313241942 391548173 395547644 401644848 422697654 438783576 439342898 478358621 500221829 504489873 506731875 517880938 520599955 537326389 544836788 553605586 582531650 597224105 618700710 618857067 628098064 634127394 653992508 682966669 701891516 749424672 774523164 791421459 820486734 821680819 823744050 825867984 830466513 833492719 837551468 843934622 860560430 862839191 865229175 866275654 874292910 875230750 884007913 885410631 887220915
91668141 156901387 186565825 190849724 193663221 230900426 249016087 266028303 267495591 312180321 367414625 395544408 399566897 406136040 408294887 425918474 443011376 473139325 489166958 489408895 492814477 495373314 536451238 543483667 553546022 560339336 566191097 613281029 615199599 619117169 633238277 642835430 647757274 700534060 744662795 758381034 788539496 812640974 812902604 820729212 820828603 822604227 826904336 836865664 839276330 849891251 853805961 856256166 857102654 860388213 874036608 874869866 879618447 881107468
88629108 153815636 174358299 183087611 190935666 218779127 246831285 249832047 266550033 300709944 362843480 391374068 397778516 400016665 401327869 421276885 438599441 448409101 450618433 466838041 476188220 481652868 522199495 525484640 529421802 531568575 538018869 593896390 601008405 608407168 629276523 633675820 635027519 698617778 738045812 752328074 776247936 802072495 802214800 803948495 807968399 808884063 823338039 828632910 833525683 844681090 845199508 846552628 852498815 858223947 870579695 874346093 876945943 880547179
76901770 150727806 170614177 178883608 185273320 207890665 224032723 237919595 258033150 296791094 308948977 316861873 325359606 355429722 390995763 408868307 412189857 415751011 438801048 453291274 473547617 479725611 511279720 515885906 518546082 530010409 534940633 578388677 583356520 603375113 612863086 614256588 623828706 676900776 730142197 750563936 767846685 779416563 791159311 794201802 798254948 808318647 811178234 813544325 821917841 826245390 840183518 840283734 843348148 846533784 856405619 858968306 860159373 860303480
74057350 137462427 165203205 176047765 182128715 200562911 222223941 237325666 251894805 294382237 306767337 315618444 323052190 348397160 387096148 406016613 406065471 414506521 438511425 451471515 468846132 476199126 504740264 515641204 516512809 522504493 524648487 573670768 578909050 602214453 610290616 610398477 610793811 676560277 726797596 748974997 762134731 778383805 783780169 787870800 796978071 802762296 802801823 810568892 812801549 816740933 817069872 817363747 819271422 822785413 824431588 827680374 833798785 835555413
71862566 136016328 160225768 171337892 179863426 190465826 200428085 223525419 239041269 291810934 305026055 309090643 322624651 339390891 348116294 369926012 391123973 401234110 437783701 446273151 450097459 473957037 493877341 501163465 504139790 513130067 517687105 567154211 575148613 583920001 591281346 591965828 609972461 664105440 723576863 727701741 731582806 740230916 746459784 758328335 759429024 767637714 777088858 780350736 781114283 782896108 783357270 789221761 799765431 801634822 803613000 804159613 815160027 823348660
70225501 130678008 149600339 168152217 174576748 185555199 197937535 219808043 229587679 289390711 290902912 295792561 296813533 309817549 331929669 362508174 385575006 400557576 435650036 435706192 439705893 453307595 483374707 485990609 490381639 510995890 516373140 558567876 564793355 581088043 582035360 591006088 598785064 660782869 694401777 694414989 698094584 698271428 703270087 704184758 714919966 728089400 731195114 737333568 738211183 758479479 759315245 785192269 794949323 795328037 796999632 798056924 799186067 805955420
69218826 121550555 140379405 144314755 146766247 160254882 184160361 216543873 223204830 288996646 289415702 291125869 293388286 304496899 321679891 359206109 384075544 396281722 410110707 425298592 431282274 450783434 472001622 476759207 488777550 497415530 510684955 552682307 552731354 555844407 579335750 583134668 586331156 659847139 677043100 688070513 692628554 693498093 700462062 702310883 714119734 721609908 726243683 727034630 736170006 742838277 743723594 747188452 749567997 767258506 770101033 779078698 788574661 789450780
64375607 112049273 131842544 143889454 146284514 154302037 184058264 209702891 214655560 260898500 264807575 283413732 287514663 301859983 321452204 357210485 381481757 391201556 402230407 422721829 431263784 449688831 455138948 471637314 479992424 482404668 492772794 502317733 534034095 544843277 566395962 578511594 582214537 659518041 668023296 672145891 685942297 686304913 686485695 697856948 713841845 717605687 720656023 725829413 726639223 739931030 741094027 744852314 745253667 764887072 768980377 773780552 782156894 785079543
62901481 98694647 119101798 134824513 143303306 149202264 169791706 201034831 211118284 253916010 261317638 281990223 284254338 300972363 316496448 340941439 381271061 389468359 399885262 411625788 413986719 431815937 441778198 448975036 473164175 476975323 492175648 495361392 511776436 526036691 552222731 568051647 577948518 624642227 637681592 645746761 645799555 670676369 678852240 681052929 685723895 687253683 693213783 693568108 704113501 716862174 722814135 729656440 737377099 746799423 754508912 769486633 776148250 782237968
60791838 88767414 114922774 134762467 141222108 146027805 167253666 187878530 206007027 252329638 258619514 276041340 280252372 300516352 304510702 340540748 373060276 386308092 389199442 394705195 399614247 417622835 420595105 423645488 429779276 440634521 475856343 478758351 482704428 517123605 539314923 555321559 559597079 616227050 616600838 618721639 621932729 641946340 651956926 655840971 667022680 677471299 685617903 686721650 702531238 704802805 706037695 716435609 718709249 720901562 723362808 747685676 748753536 758082226
59299290 85774390 114331049 121197480 136836613 145621708 154661424 185229970 186369340 233713586 234077088 254104110 272903597 296697482 301563551 336706295 367650914 369086506 370891994 379657573 381927028 386861945 387076114 390078329 417487105 431080975 431212753 462069794 478134742 505466887 513557801 544115108 553624654 575287263 580173088 589661165 608059372 619229353 628383464 630836329 655278971 664315627 666585371 674138585 691208021 697319773 701047214 701792820 701992175 715584497 722055685 740367887 744070737 757448298
57637571 81399405 100085379 107030257 111825013 118497741 120451843 137743227 179122150 232345902 233561191 237791137 251693390 296677670 301061688 316956647 330878618 333046097 359230372 364367362 366596860 372687720 381024276 385779504 415922056 423823458 428857572 455815432 477949305 495822989 501476691 541642271 550801100 571870889 578471499 582602931 583740211 584401845 591856204 599617139 629638413 639437324 651437749 657599452 664808866 667305223 675202279 687410212 696001535 697643702 706986680 729165531 730897739 752889773
55723898 74278738 99931502 103440321 105720331 117469373 117659869 130209473 178326792 201105996 208046985 219190066 225390965 243267468 257754948 267853353 277131881 286752402 310218511 322055229 325884650 328201445 360241181 380876825 391696801 394982504 413126367 442123110 477378862 492797051 493038593 530617734 542842595 558320652 564904304 575567577 576097818 576756894 584783696 594631095 619827133 636706209 644743852 648627068 655818094 664941245 673315008 681841040 682251729 686424620 706256349 718538642 724886490 730616703
52603402 71536275 92651421 94314691 95646409 112938263 113453729 123744140 173097097 199147781 199639484 210225365 223861139 243228927 256557316 260899659 261479693 271312181 299625055 309058990 312834196 317186323 343437516 359829346 384120846 393545464 407946947 434350396 454557075 484428387 486143159 514929197 520943738 530682483 538544293 550952354 570354626 570741122 576496904 580979160 596725498 616191741 616584780 621060339 621997411 647133923 661458972 674634197 680445278 684937652 704577869 714404592 717995802 729625830
50935245 61637219 84602625 91568570 95052701 108843736 109927093 121910106 160622154 198510595 199174072 209251141 216873028 237852285 247347799 252310249 253598950 257053513 290168484 300636821 301170726 316424074 342417360 358640543 363751499 392420102 404866378 433650277 451345517 463337148 464746321 471177783 472829679 482527447 495371630 497101999 497783562 501626920 533040080 543718689 572419796 602905229 608293687 611755746 616650080 636908505 657179092 671841380 676758582 684557843 689519733 690125675 698824641 702778684
42896593 59144126 83588875 90017396 91338441 99915017 105603383 109218254 157492224 174999407 186660078 187030578 203049093 209203882 238303384 239899747 240125131 240609478 289901370 291132531 298091750 308539211 323159042 328130002 336136293 337704745 338501562 356238963 369851159 370728206 380801821 422859659 430198378 430350136 431848723 478536425 482738739 488586468 531034764 542862760 567241721 592287705 600148036 609793467 610748907 630348855 636703439 641894568 642235387 644190687 653360157 668987381 689919456 697986687
42558340 56739867 75203775 79574287 91034343 95113369 101448057 102424529 137227759 148871450 157468426 165088634 199295546 199993498 209087010 216425107 218831943 240384687 285469151 285769947 298016006 298166888 320606667 320973640 322686417 328646958 336078084 349416285 363971324 365862325 377048036 387764233 404967863 413747411 417605248 453536007 456064622 484965934 504824696 535093085 561800372 565168092 568149547 576725565 597672825 603865142 613602664 633548260 637611997 642219683 650398529 665875397 669010088 681359156
39577241 43826319 74261994 77873491 81826851 91287436 101241324 102173501 135089143 136697989 137621273 155254960 196854251 198119799 203946834 207044622 218306322 236723518 258902922 270064598 287185911 297515342 312935704 313910625 321434679 327614226 335285579 340078935 362040864 364015078 375723702 385463912 395988763 396720503 402019264 425406723 433472271 483622347 500595431 503402972 520370168 520446816 549677002 562162352 588093875 592097390 602714297 605590416 626531813 626717923 649698900 660433314 661742979 679012462
33260079 41147339 63620384 71302336 71312542 74231082 97516205 99094584 126927241 128361655 128416377 153558614 180053886 187116498 189959707 191259289 192216735 196695179 206863382 260368313 285426614 292894089 294408055 294589197 308822865 314644577 331756730 332725946 335894947 349755938 370001622 380998055 381946860 389696772 390383469 419775551 432628644 480000792 490080394 501451534 512706609 518464225 519515803 529157477 536378181 559151494 577223813 579377035 621596045 626238024 629797774 651983110 656223510 673358488
33200164 38992083 53575030 54464088 65613433 72843500 95220191 97300991 123203293 125902444 126594621 147448063 178045507 178142147 179047556 189390470 191573940 196040583 199207602 258905876 280145999 285200224 292446217 293954089 308345783 314490298 327799817 331921991 333922081 346461849 346643425 361656351 375293123 377258504 386174802 415577939 417449317 472327615 485829716 493961692 495358878 505881872 509831313 520525957 521791511 550305493 556202118 558009465 605538258 605547173 628609461 640393279 643582887 661423052
32608105 37641315 51227963 52923214 65314687 72597829 81526906 88955794 108349387 114556764 115762406 115837676 121388495 140492088 150301432 165057798 184408754 193302757 195239170 249773264 251636340 265587610 266988528 272701303 272752397 282897585 286065937 296267069 296345439 322177343 334819246 360511992 368658958 374179415 381518093 407673586 415229854 460401075 461930864 471897526 478601817 481859171 493709676 507410012 513135254 519177839 532610674 539090695 581001362 582971579 586187197 588554648 600960156 614701614
32348300 37638310 49848246 50879728 61580208 62099595 76447004 82496269 87116825 108384092 111227728 112337999 114065132 138638521 149967962 152364760 164210084 169488574 191051111 208970774 211662074 211870456 235985192 236200754 246879551 252516820 263738894 273440871 280586530 281117260 304899251 309624266 343948920 350009639 368662566 404521394 410168866 433771977 441156593 443272523 449232852 464385026 485630214 504355940 505534081 507691712 512216234 512311466 513587002 516412955 529933649 536855815 547830713 569743419
27337572 32725651 46164754 48565253 54538713 61945638 73379178 75957356 84294380 99504150 100539704 109672263 110435080 119678471 137540901 142280956 142486988 153825068 177956736 183580625 191312179 200742438 205788321 211394565 214808327 234646173 242789020 245449533 269622332 278330271 300238934 304382620 342933839 348957607 367403513 403775341 405880616 431556770 438558133 439402403 445284720 462272278 478191360 481322223 481945211 491248992 496847655 499439295 503922188 509689104 510269610 511546335 520972822 524422110
24810337 32162205 45690686 48320819 53776607 58877152 67937786 73984848 77219831 99397629 99861416 105184599 107781445 117341451 122417387 132422664 139289454 140197822 146628728 179966046 182374831 183452125 185598963 198052528 214621274 220061147 224412854 229419415 265084779 273055091 296982899 298091655 334092975 335056707 343716969 356255739 378530383 379393551 381654323 383953379 392022469 393006872 409340655 417941753 422450904 427433034 432433110 448900390 453616793 468411983 471807139 492459269 492852682 523456155
22452072 29619690 41994814 42340948 48850912 56182117 65800728 73084890 77077048 91781104 92116271 101530329 106844566 107143892 108785187 116828847 127478417 132923523 140068075 141283992 152564184 154421479 170540911 186768182 195422370 203524295 209083442 226931439 254869079 266232705 294729746 294814682 324479391 325706115 333927541 344389900 350170447 359065973 361017601 362559698 363399100 370360877 375539380 402019880 402466938 424012093 432233617 434608655 436734697 451305800 451770115 485965002 486284930 489576396
19565377 27699757 40073190 40091432 41050156 41133206 41266824 48754889 74670656 82993837 84725057 87512479 96165280 102945627 107714885 112302493 112326041 131815406 133555708 138101818 150594985 153154715 169946399 183019425 188919111 199286915 203634886 219726767 253916639 265359113 281096091 287728867 291673367 294649787 300565254 302698283 309348077 310558395 310687716 324558659 326166712 328242066 328795809 357981991 363443297 366191848 382197476 415223366 432153875 439542898 443887390 464858593 476784079 486982860
15319233 19594915 27053536 28863970 30348990 30903074 33794751 45697044 53299343 57099207 57510398 61131840 63064275 74828497 91380980 91965047 103611009 128464033 130089449 137403508 141985128 144156073 169261057 171254753 175807925 196935914 197091707 217142174 234164269 235512384 245742605 253380202 255763652 262199773 269630370 271710443 272403664 274550910 275550729 287804493 289351404 293156505 324368637 345485153 351968458 364747604 374078067 400824161 416825040 423905386 428479980 453063399 470411174 470551054
9842210 15429788 25674768 26677674 28442654 30681471 33351341 43993275 50288347 54996566 55578068 58749342 59518782 59613362 82030590 82827818 86666140 103754881 103814650 122713396 124548143 142807379 145427881 157552878 160448926 173934115 181151278 193170852 201074956 223717684 225975627 230536486 241239559 241643076 251696253 252938709 254016846 266881512 272422898 283315877 284544034 292999603 310036117 340914538 341359679 352709074 371265127 373106367 374971277 375091534 379400020 385670628 391468528 397061164
7621820 9202793 9767563 10048516 13243450 14821871 15101668 19624497 25284481 40804077 45423060 47508182 48143181 58737274 73538070 75597370 80106341 91841425 96775077 96855625 104136139 107529041 115390949 155393820 159130727 159448824 161618303 167190126 188820344 200269953 208069664 226713092 231350093 240644024 242721724 243798326 250970969 259183519 262558093 277131128 278302794 290083941 308572186 318290620 323526165 324219127 325210072 328427324 339228944 347715884 348362616 351810993 354070671 356163234
2222210 7587591 9396286 9438823 11009749 13421535 14049737 18219788 25048578 27477084 32849439 38283080 46776047 56109960 58157413 64513928 70902012 73299066 80502694 94123419 97403381 104345061 107600906 118821401 118870503 120585921 125649821 129926283 134738700 152359099 152705972 154303797 157847932 160551363 171654169 176201423 179776557 200294051 206093311 208306593 210531858 213255853 213658993 215327203 215602227 238340355 241297818 243757828 252372632 260652440 267705062 273027967 290784524 292195707
1858311 3018687 5064279 6602333 9435417 11767737 13428802 15412797 16375506 16531593 17535087 21693391 21853436 25392893 26980273 30572937 31392889 32694395 35975873 37211884 38526894 43840206 48127511 48383365 49943058 50381944 50471181 56136303 60754837 74461086 75707144 84762336 94778115 96415445 102575657 106243953 123528760 127944547 129920064 131815000 138947959 145970010 149615510 153733761 160975713 171334117 180437637 193728890 204624934 207472383 211405712 212313262 216582313 222986674
18602 1568820 1833174 2222766 4488691 4556648 6985942 7571098 8199169 8766135 12061602 12535433 14490261 17116496 17854145 17988130 18921217 20722683 21488719 22104541 24399587 25152721 25319413 26079009 31000437 33751885 35739699 38349791 42082941 44856151 48478682 59974917 60291944 68504051 73916989 79539731 82779480 89545634 90087515 118627709 135430841 145754257 148100608 151465635 159802878 163049407 164924959 166627292 174241845 180924828 187080137 191305525 196390905 198497908
