55
999996877 999949377 997726477 995216020 994823791 993141522 987585430 985736775 982168723 980069082 977740602 977472121 968655201 967281193 964220510 962444667 959857675 957285015 948109177 944894600 920996458 917614969 917008408 914845301 911605562 905399895 904466171 875657894 873821845 859757566 847581768 836776594 836352897 832360323 811686806 803809260 802963607 742002060 736985265 632616171 631515325 625685671 606191405 602546872 584437420 578398234 569782996 566724035 515916712 498745358 434562760 400903776 307967113 305853285 250162382
999887803 997984398 996699046 995174612 993807817 992977490 986468903 984176809 976021897 975880670 975001293 974905711 963086759 962714879 959850337 955946753 947247285 945605447 938114080 934840469 920037317 915876003 912520211 902745063 900811070 895748149 893489388 866385529 860715524 841882039 826687656 825983592 814209164 798246571 786235480 782365534 759181198 728420274 728144177 624568287 616909561 611633137 597008941 597007557 580597777 560994565 558269988 555490340 501736261 486467673 420125439 395240532 306927090 303313295 247307337
999484538 997887898 994939261 994132398 993747209 991821218 986393819 983937991 975483981 974416218 973814795 973740706 953159150 949809894 947090606 944276853 938554739 937184876 935546987 931419225 919689842 915571585 912280859 895626002 885405407 879004350 878218400 865219590 856362236 840093838 816255381 816203417 810693367 796433216 779012943 771808829 755330644 716538081 715910506 620269953 600614753 596788634 596293652 575771063 573013858 553800663 553599479 549891402 499003557 485221505 409930607 385137942 303711698 301883754 241241229
998443203 996926435 993578497 992501717 991342259 990637123 983610384 979844627 975444512 969589991 964242719 961492619 950380787 947636076 946441730 935412444 932881703 930823368 923389325 923135840 917839816 912309925 908591653 886906468 870598378 863660165 863102725 861598142 848250672 838895089 802542470 799320764 798401378 794203235 759896762 750125178 739445924 710140043 707094420 609104876 596882555 596062482 586648256 563084277 548424741 545148198 523635856 516415701 478348843 430257307 404984152 376749821 302994713 301658954 241043828
997899190 996351209 991929319 991362464 990423079 988764414 981830710 978098705 973825162 969076598 963102079 957319057 949451895 946159351 941116593 933077835 924200192 922526903 922513116 909841345 908162843 904430344 902062953 886561893 869961441 859737691 857808378 853551404 839090704 835329639 799147685 798220460 797012354 793618975 757636999 737604474 730647072 702280172 684176810 604812694 595326125 587635897 586443894 545634300 533595054 523471696 517029613 510429533 469193494 419169540 403622212 372591508 301971460 283637327 233801254
997852638 995802764 991756675 989433775 988874203 984577725 981751414 978025696 972175439 967120385 953969287 953641970 948885962 941094692 940339187 928474117 920584320 916525487 916469319 909627441 905201867 891622693 890113119 885649520 868959511 858308469 857584903 847361821 838660659 832543496 794076205 775752870 772661725 766262434 756166803 730420789 724281718 689516306 682326891 596881871 593979212 583530670 581483640 542135568 529031282 523218872 515347729 504798951 464684350 409843713 387095880 370955137 297336042 282665500 210938678
997510265 995469194 990928262 987290396 987227365 984166161 981206345 977043656 970886762 966602166 951913154 951104309 944143469 939615804 935944591 925687161 909823465 909409509 904814557 894769030 880506727 869804647 868303320 867536776 863960138 855749711 853972114 836933147 828369991 824188388 791423339 766102357 763993466 763173131 754417250 726173265 722203747 675599661 670343636 591779400 586581516 583375433 571827133 539516540 525096181 518084431 512447840 492125173 458575399 406696962 386398203 366914898 283353844 280751075 205755760
990164427 988638711 987959802 983878955 973925728 973859474 972242613 970883925 970344742 966489587 951177597 935978097 935763803 932362747 927758313 911327326 906154250 905396962 903982265 893353527 876709864 868255434 859738868 855352648 854405731 848946871 845263237 825597817 806725759 804626734 790557158 748933150 737789432 720473385 719354406 697831929 694052013 666394382 660941193 581002086 576948193 573400972 571104436 530101488 522133760 514769132 506563301 491700753 458565715 405718735 352138974 346937919 282157182 275056106 199881552
987767461 986326017 981123994 975109259 973697569 973591017 971059629 964579316 962262583 960416711 946622018 932231191 930155051 923925431 922945893 909922238 902871521 899818546 890905926 890161924 874170153 856935856 852277436 845106603 842172785 831827434 825963062 822842709 806441889 788216594 767016410 743849733 736194370 715375342 713473074 696561471 667370019 656421526 647973203 574698222 573915374 556621032 547189528 526940449 520127432 500937354 480720201 478474927 441985645 395464272 350980177 343590350 280657032 264709554 183540974
987004395 983573088 977429245 968471238 964781156 964042160 961652457 959105813 958944341 958633198 946030794 929855026 925709991 923890058 919691896 909532977 900908906 899158606 888314212 883885760 864932383 842927474 834921503 830006482 828327053 828199869 822947133 819845681 801162101 787018827 763986698 724298320 722346024 711803776 709785027 685824356 664736508 648702057 645022341 562126883 554224056 536997413 535851609 514447473 512298397 471615640 442729471 438876850 430893969 383670111 348207490 334894472 269215372 260808151 183258625
986410291 983086945 970711255 967243515 963497226 957679061 936084079 935543605 929920014 929445703 929357353 925849363 925149301 922479008 906006033 899280508 886723510 881436979 879039669 870853990 862125278 838166431 832130050 818653660 816312084 805308838 769505774 760930844 742547600 741491616 739247682 719948081 715721138 685490484 679305680 673418457 652121003 644903245 640997515 560260957 538682456 528763010 524446320 507691953 506080199 464855807 426062173 401616610 385745178 383633283 340058265 326509844 267936691 255945144 177986464
985895959 982315202 970654779 962242200 955400601 954522412 932401433 927215168 924469349 917437550 911659355 903896329 901098434 900405411 888595866 887394488 885224177 877819088 877342797 870171257 852790776 836993456 824208918 810858966 792626618 767996192 765894972 760289191 741983531 739368266 733495143 711181764 687763080 679803585 663960769 646331205 637424439 637137445 634834244 552020724 532913909 519975565 519036797 505516291 502272130 464431393 425170730 401528856 372730423 343125744 339347467 326479481 267714716 248186991 174138536
973579684 973227509 962289922 956093161 954043756 953524459 928224281 926141085 919994598 915968557 903358365 898138490 890018781 887121984 860184836 849670638 845453536 837799359 837032672 835541291 830695418 827693029 823788240 807935699 767957994 765315568 758188247 756378121 741702950 732401038 715913108 704657560 679334236 654575834 652282327 644705022 629961031 629003021 627878107 549709257 526487694 515621799 502459488 501511438 496358642 461306478 420304254 395213355 371076934 336015148 334402327 315503242 262038644 242213302 172581515
970415920 968218935 954755479 953205799 953141015 951355840 927382757 925921118 919866360 911313120 896744338 886174607 885113563 881191626 853142226 839596312 833248450 830607977 811662726 798194765 789782184 789090678 778883326 774252419 760693664 746000716 742584548 741625469 733986952 730712362 715629317 680472152 672771653 653736162 650140287 639586847 626257318 621662602 620688033 548544912 515932854 512716527 474085929 473123695 458082649 455178292 415597671 392173600 370045507 317494559 316033979 314523204 261592670 240353575 171588630
970012982 963643573 946095558 944185750 941350298 941102805 926510951 925411668 916154069 910848247 889911046 883725356 881130625 880419608 851834551 837355086 821973841 818876419 799209368 793661010 789101912 784101085 766871850 764566810 735067796 711540036 709823171 700273627 677655439 673614045 671635549 642522018 621574910 620572415 602754947 597538922 580773485 577634310 557852183 545570690 497305023 487168207 473286782 471521167 439369451 434068312 409104043 391702964 364272637 316610844 310923977 310322205 258556331 237748778 151904988
962832077 962523757 944473721 942993813 938212204 936836593 925320816 923012976 911751663 910594741 887921682 881273017 880270298 879794295 849323332 830869981 821450155 817834962 799036661 789277522 784588077 778447445 766136470 755700001 724893332 706574162 703188304 699006636 674044823 673576163 670558350 639097834 616762580 614131695 596312165 593685813 580158078 576167676 548046807 541848924 494855981 483048007 463208154 461811461 439010993 433289040 406636659 381872040 360830843 308477138 307315266 305716603 242173318 232369845 148192904
960328021 959011557 943994451 941963680 932878218 927046189 924528684 916547676 908217764 895953392 882552657 881017263 874858679 874606407 830522907 826250766 818554978 777938195 769644127 762042930 758325374 750189712 746727354 731674767 716053476 704637216 702640737 690948844 671600277 665169238 657091554 637903089 612123779 611868676 595552417 584292735 560565211 553792537 545618316 529479488 492425534 469967249 439539401 437840066 432874718 427463492 403602585 369308066 344003216 306190293 304984546 296823463 239504283 227365606 135832927
957945044 957256750 943933910 940360282 927342210 926386023 923044465 913703229 903068590 892958615 881401914 877128738 867705658 865502860 826827943 823328564 811175769 774156602 757848384 742889095 727097263 720776898 719530146 718178068 714331502 703986967 697869272 689131887 668545055 661052555 646488598 635674722 606756872 588577030 576960557 571156154 552143792 521288491 520187046 507621889 492259483 464862269 435595018 426585867 424415996 401091792 400177315 363415791 338478696 303934962 298764519 289890121 238419380 218428455 131049678
956108517 950013146 940962110 936612044 918166642 917590872 916428590 905354942 898083099 889860776 856044224 850633719 849980880 838022138 819521646 816922114 786664136 774078852 755473618 740011780 724923265 720300639 717401284 706647235 703741879 703085093 684368921 684240202 653221522 648870785 645305930 630756745 604820254 588371933 566512995 550822804 539569064 514237000 508051451 495325148 491484770 463025688 432209209 422058653 415299244 386163277 381541990 350825921 338403440 299999438 297080817 286282352 218825720 191412635 127371865
934084931 925073310 924350507 916397339 916101926 914196015 912812689 897746943 896981914 875122862 852356591 847681837 846108802 836344283 811715191 807283123 785487872 763583915 751252167 737548893 711482054 705416674 699782733 699104199 684215075 683193881 680495459 675113944 650238873 642561347 641132406 625310457 600402042 586101820 536302901 535803373 533793071 513226923 507149796 490460366 489868580 462021218 431404390 419603841 410338553 371726171 363040226 348959500 333543568 297181543 296917689 273671062 218370265 171266313 117977204
933215603 910913930 895790050 894442725 892268359 889513374 888446422 885626961 884276258 871813858 819740721 818522606 816527980 810602258 807519606 804988707 782759260 750809271 748561519 735933038 708324906 704849116 699339663 673494195 671394636 668967776 657592090 654324009 650190119 640327705 637495722 622435300 589255197 585546795 534358180 520348341 514331717 502269228 478883948 468197058 462254810 440797855 429628903 415877778 408681742 351739642 348712197 342697261 324035701 280884169 273437651 264008333 216862309 171101814 107085139
929856968 909127788 893843078 890647728 890543946 887988899 883630697 883507895 880107435 871381782 812373981 808458115 808289356 800819417 799341675 780137183 777836418 745944535 739438035 731702331 707218984 690741160 687884455 653144730 646201189 638386293 628514693 621922888 589758888 583262589 582918612 563167621 548706034 539427309 532962999 514167852 513166116 490951134 473364191 463106123 441498146 433969837 417368418 411346620 397126928 329408585 324888291 311915975 311696484 274694368 260551385 238571185 190255004 170020661 102459243
928110066 903582304 889919971 874350187 870783620 861323533 860481278 849133380 838428484 812193369 811850310 788910815 784534389 759910806 745024171 739414472 736226013 736000202 730097665 722129177 704819714 687592796 675063531 651884564 643028706 638050429 623801796 620916423 562404818 547837528 537312712 534624959 533211229 523293769 511899881 510544648 509060091 439669611 437017644 428802844 423538119 416563017 406738372 405146447 379349571 304359682 293910026 287927015 285610549 270971547 253377173 221292783 175961948 161301768 101998595
925904734 902747266 886942365 865535717 856328403 844444505 843397308 840254124 822405857 792926629 787645209 770821696 769352633 747805457 731170068 731074232 730372825 711163223 705294659 680606836 679142542 678088704 664364101 650430020 638548704 629710638 623792819 617287993 546985321 545868541 535012119 531584422 530049456 518249916 510022288 505637585 502799178 430873331 426355229 426071528 411036833 394127851 378003283 374126941 358243908 300672949 293323316 278954351 271168824 265755472 252720712 197731881 173682157 161131505 101589086
917479663 896543289 886676217 858457328 849411704 843309542 838544351 836263413 819696541 792239170 777370740 770146528 769179543 745160572 729746836 728930913 724889489 703700320 701482527 678753257 669060592 658789166 658549903 644119501 620122574 618250481 609093731 607759837 530849087 529487359 524495014 491022611 490793494 479143771 472218138 468450903 468113067 427392331 422772621 415729920 371096498 358471052 346864466 346290242 346044709 291862680 279254294 271876552 265666999 252384261 246331476 196392121 173265663 149607322 98244900
896910949 896390633 880892607 848389127 843079735 835691546 824670554 823131486 816079526 786739182 762412310 757828037 756046077 744088294 725535395 721158799 718016908 700067083 682539434 668326077 663680335 653521013 647247845 640193723 619327635 616669536 601014546 585125452 529351009 509349597 490488667 474290414 459542510 454654149 446504435 436806388 433337913 426985575 408016023 402560383 363081392 332270871 330649796 329546796 328674677 279477508 263843892 254187652 250093654 248588648 236468216 193658700 171381364 140533098 91553432
895487824 884656998 879878542 845959027 839793534 815306693 803862031 800197585 785962723 777880519 760269762 757404166 750703124 729211899 714366058 706699255 706480675 694903097 678308972 645476837 634219390 632965183 614034604 612886003 606493664 595107482 585541624 584808166 529191970 507804392 482854468 457539504 442165287 430919382 422308821 419547343 417772928 390771020 383531308 372841521 359102646 321023533 313540845 311108364 310293909 275643722 262950224 251586268 232985809 230166812 227265939 193584748 162814300 138871739 91324354
891882955 880975873 876206250 842829056 836619828 814207362 802503180 799039665 774082944 766557269 754601745 753417155 750504586 722065431 712717103 703884757 695913747 694253506 670905469 643642474 633914794 630390425 612181649 599590135 598573457 589381935 579960731 564476783 524757790 507790812 474803187 454013957 441276377 422899084 409309447 408580521 375586327 374051422 368908323 363848643 356982215 309925119 297285377 291167447 288124802 269296862 262043848 243926229 232574717 219560502 219460075 185124031 157717425 134932529 79508799
891452979 877251547 871585828 840215636 835363740 801855173 789614073 785607215 772998913 765536021 743171760 743022063 742618855 712609123 706825063 679348628 679247396 675587975 667787974 642533661 620764008 617227635 603298678 589288947 584506591 580703855 547176234 507320431 506359373 492304122 474582540 448645401 438188870 419003555 404059524 402701850 372040346 371507089 364926165 363447311 353022630 309643962 297191699 274595776 263377077 259974493 254372435 232234205 209870303 203840969 203166068 172120239 155360650 125667206 74864909
861795671 856547138 846963093 837796779 834289774 793746235 787305543 783993752 770789717 745776697 739301695 726953078 724368968 712193293 704245248 679040113 676740284 668201745 654402761 639643290 618610338 614547026 601827115 567638118 555119269 546233698 539326540 501664904 492702662 486454185 461754915 443352297 431817443 408468213 390634056 376053325 366701900 353775180 353655281 348335380 311698833 305251485 292619617 272315245 250323690 231660091 227099375 224529192 208650534 193550044 189017441 166627398 154181160 112135051 73248122
855531505 851377674 845962565 835413733 831860411 792026637 783356556 782773113 762206739 728580746 719823114 712861771 700547308 698732327 656754556 652136518 651086942 649757218 638302480 627922561 592868907 584807898 579189297 566773416 548786771 541909454 528678401 489910884 489229998 484311627 451750454 440474323 430138980 396621011 362685260 361243365 352491880 351548738 349413367 347572693 289517198 270284948 254336300 239778083 237994471 229706255 205327138 202242142 196969675 191881352 181625104 160271198 138913738 107694092 69929710
853537881 842106025 841522759 832065572 828322040 788964027 751725206 742879055 741224393 722550116 719301319 702548049 699721700 692448568 655947114 651662793 650346278 643897912 635817213 615487280 592564190 583535074 569325558 550062377 539064375 532825737 518018006 488017318 483153173 479264818 449423216 432801122 417096745 388395830 350327181 347936510 346703646 344258609 342728280 341457973 287117149 268643440 234192295 218878354 217682948 214329592 203307098 196202213 194247726 173086907 165334636 149664962 123036720 94499234 63547529
816981224 816390883 814384186 813675341 809106941 778733054 748878515 738381939 735863142 708153532 707834632 695930386 679662868 676271079 655443839 647995847 641265610 635191779 622226579 615468425 588706122 580411594 563473802 547443413 537364773 518157770 500892360 484338370 480374876 478822471 448282019 414535765 403693791 372609592 344809784 340827645 329318845 306953719 303737461 302344266 265109992 263019301 233043637 212493640 204935510 193157648 183935287 183465081 160131788 151675823 148127201 136352159 101412201 94394906 55210130
792742644 790696673 787900919 785709439 772716660 771451924 745456754 737000316 730107987 706015030 690733922 685331236 677775460 673187010 650034115 627773940 622090812 617703857 617073236 603598373 570760481 562315313 556837960 540265496 531174628 510395525 491060734 481897690 476041086 474548602 443374391 401732151 399095767 365816809 337514656 318992345 309692961 301285482 295551322 285561434 256165725 243859905 231729747 207672106 192418912 190052848 182171273 180096265 154936395 139047893 133348554 133159004 94733316 85200034 49929809
781608446 775021782 773345885 768125247 765667555 755162331 737865931 728919691 721653157 687396648 682997565 670770733 667505545 666525824 647531980 613174471 611418840 607073012 606923180 603219537 560099621 559422875 543869334 536209670 527317496 495560201 485868512 470750393 460745086 443588938 435431925 400996972 395861942 343859352 327604933 318865235 308887486 298241132 282782870 271314307 253404123 242412071 229112674 194112783 187403670 185680807 180780348 179505723 126754271 120778522 120194028 114726162 94379170 74859626 44880755
763619652 754391893 753438685 753043142 752389329 751348480 695918165 694502772 692365476 686698814 674697039 664487774 656967375 654691457 617750149 607370816 555812302 545200865 531355500 522857104 511370586 502795945 502081657 500972891 490965968 487644813 473436509 469500833 455617374 434760623 406776100 392624596 385780943 338059457 321026448 306099220 303014765 292824338 280012414 258803824 252662854 239733294 226181886 188124523 178308524 171768238 153998263 149295636 125018647 118391285 108777835 101930608 92086852 71481621 40633086
761563764 754262199 749159068 749070925 746588682 741354946 691468368 686595331 674384034 672000026 656373784 649816291 645675545 640966378 617496189 604256386 547365825 541879804 519055117 512735930 505187237 483598750 480649111 471373235 463849844 456284920 442289046 433425797 386773322 374777038 368246051 365900511 362707197 337907914 312954670 299531669 298659710 275152301 273849871 256842765 244139472 238956616 222817247 187129401 173634565 168992119 153823483 145298904 123248532 103118751 101958496 95541475 83187122 70716704 35068841
745530428 743366230 725552321 721266714 715957188 715317307 686445111 684493714 670242445 669532354 650132365 645544360 644824448 629190970 614474897 599171023 530891241 501025570 489688879 485775153 481569658 463558238 459815322 447531255 426307766 425987930 415430631 409351077 382730899 360872689 343075875 341676659 334441625 331224876 293864386 291135463 259324748 258702118 253394555 243095182 240436655 238432436 203896055 178498698 173341664 159240347 150591348 142868471 118552273 102171270 82397954 76077424 67302535 66636530 33751261
727403063 727355740 719307295 712800751 701214230 700870133 681875416 680865811 666023611 661499197 649949040 645473628 644161096 628941018 609856471 596332739 515832383 499166734 477134831 472182563 470993051 422784954 416400684 415139319 408233633 407647354 398926242 388136642 380584468 348719831 333890012 329409958 311844584 298178353 290352822 285073218 253886876 243107233 228516387 227042189 210070213 209813758 175042878 157788610 147148612 146665865 136900371 117862651 117655655 101752677 80748290 72401351 65434058 62481242 32058166
683193136 680587649 675543176 662506081 651809294 651021349 645746098 639437035 630504373 628875604 620322277 611321818 610782535 609215775 595298047 569513998 512836272 495487287 474218702 471110837 464889503 419718830 416340419 414463382 396409130 378473514 377801511 362666730 353759601 343459861 332826022 326174208 309328732 293359913 289527292 284459558 234495591 232779084 227731957 226229314 195739067 174802912 172083088 155027080 127338809 126092561 114264795 109518504 105598823 96890186 70660165 69211850 64856719 61731069 30606449
645802739 638152201 637497077 634822082 632905076 625874181 620907738 616092252 611702535 610880478 579892077 577011374 567926304 555081949 554570905 550751959 500468899 489157006 473151981 469168379 452410770 411408987 402563407 391751544 387589076 357614577 342341906 335815568 332479523 330472250 318656923 315225107 307970389 285257044 283890434 275295327 232838019 216129946 209123823 208692744 189799830 164326034 160483211 152333661 122107081 120886296 97910766 96971805 96869780 96017680 68560376 67294227 60590136 58314308 29199209
635188199 634129847 630255994 622821446 622106728 622083115 618063273 614396450 609007808 598256954 578296130 575851970 557102018 541237582 538697860 532068672 500079969 488190231 468490636 451397493 447669205 405741138 396591025 375019341 374142890 351229483 336948079 334421905 328208016 326916706 317837419 297537629 286472799 284150525 273887214 272076435 221590808 197097915 195137489 184528770 181703705 161491671 151210941 144271276 114511021 112374378 88236864 85815359 84186965 83445383 68212637 61760041 57052414 55814164 28225505
612498985 592749675 578832646 578581034 576412107 572462606 558959691 548654898 542463143 540897732 540663338 538087625 523951790 522865089 519194088 518099249 498905006 478110594 451974215 445925303 436300901 404644116 395320626 370752247 368148735 349750002 336315294 332248111 321116187 313722387 311251892 290616953 277992026 256573316 253677755 244067377 216827582 192649451 190125385 182853796 180220153 148493958 147624791 144264746 104313096 95774762 86912917 85351074 83890422 80101550 65773212 58442909 52161033 51760193 27030973
607071392 584758296 561250648 556972839 545604604 520901594 514791348 492185366 489915256 462631591 460307295 448595583 443894257 443726211 436608872 431513927 429595308 400727574 393347302 374446613 369745722 368091670 362902047 357939187 355026436 348385591 330804365 323107605 305012959 303675096 300052738 289721460 276354048 250404002 242654163 240912143 208345595 183716283 173872919 159093378 147707142 143609668 131584906 114930588 100191956 94698677 83217482 73593922 69307774 64109569 64094005 55815975 44286548 35552336 25646445
566734721 554205964 552684092 521767565 517474252 516612936 508667614 487832758 477368981 437468368 436027856 425277811 413392358 390535037 388102992 385809601 384686491 380120277 378191661 373366714 364628890 361783652 332928635 329150334 324341802 321162761 312767016 308950421 299099648 286390769 286279189 281287950 266074413 230011578 227939319 220885335 196082575 158584940 158293042 155108950 143311358 139215898 123443504 111423360 86423147 74548152 63857141 61383485 55702367 54416420 49036558 48229320 41091121 33222245 24926595
519991673 509825188 492484237 483223060 481915807 475441563 475118884 474968289 470137459 434798563 432467136 412824390 409072752 375255921 359918487 354074453 353411242 352324363 351967795 348516014 317622136 309109143 301897429 291407243 285852238 284263743 279089359 278480887 241353838 229959593 220408458 209508173 198106430 177584316 176556574 169088428 167777986 149380363 141493209 124337485 116908450 110715673 108038503 93010770 71279708 68136992 63491762 61233661 46812845 43346915 42307642 41738753 33226460 30402077 21045269
515913673 506757443 492396397 476945739 459961670 455868769 433498365 423033953 414615768 413377011 400509709 391669956 385805912 367107006 359345936 351981468 347694802 347037638 345322551 339398657 316370138 304912242 278509279 260795177 254847950 245959962 238619458 227304381 210254274 208748985 195246490 170795672 170732200 169249405 157493027 146300554 141683591 137836815 135645202 110986156 109817991 106652152 104794262 92455763 69067433 67687347 61973687 57745138 44268121 39624494 34220519 30324989 29081901 28881737 19969653
512247185 480756948 475461978 474554024 456056550 441837003 410218790 396636643 394263583 387960020 379664118 373143637 351225940 345149610 341258522 332388078 306774958 301219022 286434851 283731841 268633106 261617090 261337274 218292751 202294683 196578401 189575695 181619795 175368596 172968122 168116183 164032293 157984043 151177620 144835531 140840064 137078518 132152666 110663074 110163315 107061108 89336316 89172749 86848048 68799558 63747038 59687275 56365100 40190860 36535939 34134935 29769173 28471661 28157279 19613787
510160269 455420036 445296782 441279726 417923069 407398971 398431071 390755855 370890167 367413913 366497008 354041204 347297440 344825786 341141232 331267541 305780578 294538535 264059774 259065295 257849224 233967247 233657744 212281072 199610545 195417473 187133324 173571676 169632759 169382282 161055604 142598261 136062829 127436682 118708878 111743394 109659358 107885861 100694124 89362815 87263081 75715947 72011593 69473952 65969862 62721136 57571869 51027877 33817941 31496204 29314864 28871053 27622360 22601595 15943833
443600796 411211474 397963898 387668531 352978272 346149639 345168793 334315815 325595140 313307906 312112388 302027319 301619635 298387791 294191516 288551178 273094325 272454435 260586055 258098040 255652578 232203419 231992324 209833987 193735157 163229793 143648198 134817561 125131016 117062522 106840928 96843230 95490282 88640437 85703047 84399742 83530638 79799975 78570184 74978194 70709264 70410629 66299680 66271797 65843012 54158792 48330576 44120371 33563169 30829546 29135886 27023243 21976968 21327555 15638995
423136697 409698306 380875655 368816560 343893975 341234276 335068549 328035080 319082487 312283181 311966089 293996238 280078865 279007017 277013456 275906804 265657720 250951704 230943587 230437727 222752763 204374702 185649357 182356080 176203702 155339588 129008625 120793917 117606760 109729194 99344123 85340987 85271390 82121554 78275318 73932973 73129212 70446773 68032776 65719724 65408905 62047052 57806727 57337071 56947184 53347351 45034729 41956860 30793158 25721863 25536077 22767105 20179436 19652388 13618307
339041926 338775373 333338567 332577454 331077717 320074321 310045698 308762598 306934501 306447745 295182697 293912812 279624941 276723574 273498773 270443039 263767583 250656933 224010643 214050387 203860852 201091117 164306185 160027216 159619262 147961368 111583647 111386410 107655918 106061716 89560452 68175943 65764188 64801081 61938191 61028111 59449721 55844011 54916155 54470919 47203460 46214224 41237028 39059060 34062229 34057131 33281596 31152100 27869865 21991778 21013384 16809326 16066803 15949662 13164081
282009147 276502306 271975981 270697722 269258297 268913725 265275049 259194344 254121782 254006157 248024171 247749831 245130873 240961493 238045634 233623072 228280036 222070848 175434185 171622741 166858606 165386738 152843210 146332978 122277251 119220996 111348907 102220979 96819398 92276418 85894108 66145890 62039732 58678798 55653075 44775633 43795452 37844707 35914815 35804871 33226474 32103523 31136455 27411785 25699077 23318803 21495266 18807304 13269708 11699586 10161133 7102626 5705641 5449385 4430599
251818253 244775470 244187819 234109799 232661704 231492188 230708154 222782623 220263848 213761420 200094731 193366032 192277155 184611383 168801546 160749647 153430329 146447153 133297445 113763094 107590667 98685454 98659844 96134668 90642103 87361839 82174988 80208548 74355537 70343522 64197862 60440688 53946224 44383844 42136238 34769241 31788043 23636500 23595727 21164535 20691846 20232107 19945536 19707444 18474290 18370691 17080996 10442798 8207906 6681605 6507241 4469563 4266319 3084549 694308
215647276 209926439 190631259 186218460 178798677 177873800 174294663 166753127 162095037 161219504 159555828 155429370 140812146 140199136 138023009 133080284 131366669 130458314 127178562 108187870 104607147 92157486 90627487 82361274 69408592 61395970 60746885 58963286 50224989 49893375 46412188 39061975 38948907 37879432 34242915 29134226 27354824 18043025 17197367 14505504 13174407 12933206 11611011 10573601 8807449 7917931 7350498 7327873 5933278 5669231 4707728 3698975 1893005 913209 640701
