70
247355971 244785171 230259266 198212495 197279180 191080881 184117923 183896885 172637243 168643091 162182959 159027367 150924757 149185413 148922181 144438486 133450729 119934145 119671611 105287345 99011821 98637202 95568378 89852863 86165423 86038731 85119720 83794899 83323271 79912383 73321862 70972244 70863946 69964613 62385743 61372481 60985328 60518820 60309999 59730273 59174184 58543607 58128109 57916345 52607115 45778617 43651224 42456218 41688218 34923821 33125376 30990203 27448783 24903769 18544672 16813058 14006969 13908981 9081173 8911196 8358808 7374643 6596725 3738891 2919317 2466616 2086306 1301973 1084067 154309
255577392 253393523 252567934 249800780 246940018 245229462 244876154 230294345 220795604 212365412 211004243 208060471 188568247 186926943 176038335 173206139 168403320 166347039 165906103 160413577 151453742 150162382 149647644 144976470 144369009 141542936 140727414 131453971 129340833 124275187 123680450 115807668 114350990 101024579 96488013 89860925 88997139 86152119 84456697 80502262 73403677 65308327 65027797 64887817 59806301 59414443 59026512 54462347 42352325 35741998 33179516 32057184 31657357 25708843 23252636 21454374 19916382 17758567 17065693 14975288 14205639 13463761 6891111 6185089 6004586 3384547 2634555 1374505 1118931 363887
283829498 283371757 282594862 278791663 275971548 273282704 271414129 268324592 268118415 263062005 258488980 254685421 254334428 251515854 249476564 244544892 240547121 235869746 227512978 217889817 206708312 201922109 189864357 187466295 183706861 177726555 169514770 163140495 160447683 158906824 150703831 147587311 133924474 131570437 129858782 125563195 121880057 116883875 112223382 106423944 96873128 91419608 89741838 86748639 78853940 76133352 68730092 56016545 55931011 49986327 49439253 49258301 38330034 37069096 33774653 31896145 30269118 23561278 21025031 18564446 17656041 14402749 9995288 6938389 6202172 4559747 3311213 1683179 1417088 680620
357141249 350953719 348037991 344352078 338917238 333843879 332782472 322577130 320989388 319331474 311824815 306756413 305991452 299174803 291048587 271461235 262195528 249375521 247073892 242419528 236752671 233444827 226588841 198322292 185531605 182052824 179790353 179755337 177925148 168055612 165170321 163823470 158620861 146435673 137046429 126682086 125946773 118818578 117320768 115492628 101053505 94520244 92897548 92280776 81556708 77236693 71868823 62649160 61169687 57588536 53551105 50425207 50349446 47473708 46771636 39249004 30378250 25030472 21724295 21392896 21302751 15131870 10488024 8019127 6983866 5273333 3726672 1852201 1527690 874010
461968025 446023771 435078497 432676425 417991364 406480761 399483452 386365919 381776866 362111529 349016221 335861855 317013133 315699623 293606539 279016476 268374980 261940690 259670220 259190863 257425072 253992200 236996422 233939340 230608172 212195536 204829773 198583348 196905180 180180516 176936306 169953666 162211244 152263681 151264204 140447894 133066799 122582476 119346172 117614222 103904378 99681664 95757021 95058751 87617995 87354894 84543794 83489811 77479120 68994242 64845173 62308270 59775754 58593339 46818360 41336601 30918979 27931466 26467195 23597988 23083488 15414242 11506039 11139670 9791766 6801293 6519425 5456508 3858868 875876
464211583 452160744 449557146 443901522 435164890 428282220 420511895 387223593 383503756 370445956 359956228 351452948 321632609 318687372 294479100 290355341 287066887 285190817 279828646 272277297 267350931 266113033 246421971 238228992 232723580 217666830 209815360 200567970 200302652 181714451 179584437 176779617 170955842 164151948 155212132 153097401 148804800 125716834 121736795 120100624 113066355 108321257 107668128 105074002 103970673 101260188 92790375 87653974 78128360 75235828 72292200 65396335 64139190 63413578 47712536 44873215 39113603 35492828 33311708 28926239 25596096 23586105 21855020 19455202 10160877 7739882 7631091 6025138 5818721 1534197
484527986 482759976 461690323 454743325 443677343 435435552 422498078 399998223 388580175 379284656 364133126 358844929 358097942 351672839 350587041 341420962 332639713 319682893 301458429 287251698 286023776 277453442 274805310 272876242 265713594 253356958 246935551 231207025 200496861 194990577 193920010 189666271 184263953 182910042 180825650 166527919 161550101 154364114 144820169 144665743 139467838 127526353 119281258 119007984 113974652 113125106 108495718 105021660 100231346 96696606 90102098 74683889 74019722 67948708 48818221 47331931 41752386 39479698 33729264 33207521 25824806 23998139 23181804 21171551 14439596 12309271 11551768 10132272 6102390 1660650
494592739 483784685 475887492 456002317 455073121 450502017 428796657 406872278 395403560 388148001 379820151 375671000 360610199 354335221 350622404 344974458 336952291 319712571 314466126 294814940 291607110 278122158 277891357 275832088 270747395 270569036 267708865 253796747 214404223 212195764 211188067 203628763 192342433 188214408 183697251 170314141 163826765 154757257 153830783 145250045 142183027 136245032 129243167 127055336 123576428 119088699 119085345 118421664 109308500 101522591 97706407 83738895 77894324 68139120 53842450 47993865 44958797 40260750 37512682 35065849 28502583 24593998 23352506 22293801 15111290 12915274 12324882 10681448 6541150 1831501
500225664 483866262 477086119 458024594 456086607 453444118 434139197 412423764 412382844 405855441 403095297 401123441 372053217 365151931 363075329 358268793 341451896 337567523 337063149 323108942 319590454 309566529 299251234 298143602 291578752 286765779 276622517 261162697 223262641 216311356 213418903 213119106 212817682 208544799 207595960 205271247 199855035 185587146 185543323 163404602 143769090 141590442 135537336 131525835 129215261 126719598 125506394 119815603 115003883 102461348 99948773 89665412 89621824 72706642 59610898 58940503 57908762 56952534 47469391 46330671 31013618 27162052 24961565 22297491 16812929 14056447 12912224 11519113 6975722 4284393
505252275 495353515 494292148 485277095 483967416 479088146 467941378 465697225 458838918 449771392 422439255 405420273 391681657 381132543 371630135 361930284 361481484 350979147 348400490 346069381 332315682 331188963 310416525 306866501 300005596 299777567 299611525 262113881 244584525 243927541 239752265 239003440 238278287 218721233 215419402 208902314 200272442 199002842 195513792 193692432 167621655 161778484 156576295 152979036 151084596 145989846 137918301 123450035 117415346 112296126 106626384 101858729 91555605 79122783 75201663 72762614 67953529 58493451 57157992 49467894 32541896 32308663 30295653 23953938 21012765 17556048 16363853 14517052 8145389 4623993
506513933 496934281 495717008 487240023 487155720 479297253 473695453 468202651 467052843 465145812 430698624 405646507 400680429 392236505 381578967 370804412 365641747 351344500 350143549 347211858 342552082 341805017 338783116 331100682 325868598 320928759 315648467 270904371 259277489 258469644 258233216 257029795 249035907 226406681 218265264 213752845 200694169 199877930 198740569 195853477 179651024 177894278 174128184 166928008 165458610 163365823 149899124 147919809 132824511 121690837 121497751 119722566 95548674 87126059 81145719 73141075 71171910 64034298 62673710 61392766 36321750 36286941 31758916 26200415 24889766 23429528 17823663 14699334 9456140 5089222
533349590 527796773 524272534 506624156 502422198 496211867 478881138 476673825 472983217 469412231 438312238 425266473 425171481 417765656 412413102 387639301 383744432 370829898 368851137 362565211 352986933 345249311 340054765 335109722 331691296 322443134 322009659 318533367 274337924 270627980 263459935 259864660 252367998 248625232 235555473 229031742 207822946 201664578 199909940 195927825 192660148 191840682 184076025 182670769 175127811 169761419 157558656 156401902 148999719 128735689 123787450 121096675 98514522 90652277 88606770 82638072 75944918 71998472 71690611 62187312 37730250 36880468 36856528 35916713 34230193 28687144 19360851 15908095 10274964 5145476
556593122 547350038 535057210 530838673 530366623 520930541 513275768 486258373 476528855 472666189 442199049 438332329 428490756 420229241 412581097 399935861 396455799 392878185 389737065 386681190 368269599 367715628 363254658 359888823 348665491 328175487 327320844 324806472 277832997 277737596 274296401 270504294 267774987 248763263 246020578 229750802 224303920 215425134 213027817 211745494 211641890 193238656 187742336 187091299 185033751 176429720 165948712 163602005 153265911 151201838 125801792 122618823 101127935 96762348 91104993 83597299 80729403 80398600 74096496 67498527 48355715 46945387 44282099 41952330 37440043 31197515 29661968 17357237 12253265 5688231
559487430 558520774 558156759 556855142 542555697 541346345 540947495 506363038 496650657 491720787 452481290 446170742 443164585 432171925 422190880 404720307 402710225 400889571 392244151 389087203 384016136 374351994 371904183 365432610 357664189 345563688 339766646 332540440 287732951 283579560 279296617 273261768 269224757 263669806 246667586 232667120 230583207 226872444 223494541 213948398 213655901 205752132 197777592 194833891 194075007 188091036 168185420 166939147 163343287 154089380 131801568 130233216 107209270 100207692 99613355 97290494 94135791 86208639 84780930 78646088 55046322 49454996 45209869 45112444 37966703 36146958 33564977 17393648 13165359 7105965
612121022 603275648 595397920 562111099 546112544 541739210 541077288 511316595 498430072 493242518 485080407 472122504 471299231 452094016 448273839 431653473 428192336 411130580 403553865 402427987 399601960 390430787 382377021 378299818 377940818 377827989 361188341 343050351 310126119 309975646 306455731 302821394 302492645 301888718 296082544 282106102 281535593 280508530 273641739 265771208 233493216 232699397 220605716 217960530 213527708 211218361 206948359 195452605 186305335 172376891 131937986 130748201 111378290 100615159 99805866 97551543 94630338 93909861 91379266 89747467 56343367 54371615 46823461 45340223 40784235 36576139 33859805 17490508 17172664 10694831
614869185 613041264 601107022 571239559 562843654 557522146 550856776 548104481 525972705 496572479 487236855 474549999 472086007 466187585 464124758 463149639 448147545 435249046 430849312 428714302 422786144 421991272 418427837 397717115 397042299 387816699 387531049 384424967 384282555 370852531 353207207 349530787 335755317 335630592 324140971 322603978 310811742 291149040 282330007 267834548 234406647 232757279 228777905 224913489 216804858 212213540 209648827 195512255 193419526 181908055 135166818 133597506 116721660 112359915 111594636 107882135 107269054 100206161 95274834 93161176 61759506 60917592 48427767 47300089 44154479 40462346 37389112 21873324 18419066 13795356
622251835 621929998 607120754 577746541 563743013 560873050 558784587 548813920 526199249 505723825 500526331 498184057 478494714 475014537 471340889 467229383 465781566 462139052 460505683 438061486 436323656 425944371 419262720 415982611 415509033 413822853 412354015 390436289 387346910 376491637 355441721 353211762 346490501 340490192 330437825 329058824 315261995 302922406 289853727 276412616 258777536 254938162 254849682 251012922 248553753 226351425 213696872 204771561 194390239 182546769 136347330 133755430 129149719 127831924 120067056 109000429 108795360 103717816 99882982 93837339 64329356 62534830 54915144 47880650 46906821 42238205 38210988 22629526 19224905 19073050
636971978 636174099 620137750 583647101 574917318 573154559 571177122 552813184 536028622 534753992 523137633 517495159 514670514 513493801 494889129 475200324 467168192 463142671 462000511 448585073 442329710 431993026 420335016 419445320 418460240 418129638 415590028 394027290 390948756 384878407 371615174 360313880 351811856 340832430 337991925 336747339 315966384 309968440 298969604 280403241 277600779 275364285 261686963 258232018 249364521 231417721 219560702 205615957 197605448 182891292 145160485 145090341 143940603 135440371 124092238 120495514 119104081 110733115 105255960 103986497 77856809 74716764 57245882 49722725 49586868 43608200 38323897 27072554 23715810 19390755
644013232 642936097 622588190 603222816 598976025 598591720 584251558 582272559 581916154 580043642 561220807 557882386 555291727 542857863 540660580 535176425 513803007 508291400 502830185 496356824 490912960 483548618 472457544 468825916 447428904 438800101 417284336 407303694 405812036 396798063 380585640 372083546 366967159 363262188 362213446 339814493 325715697 324725030 318911655 282537599 281274542 277173722 264954399 261033438 257981425 242160744 220265801 206479401 200163178 187412451 150898517 148031852 144890755 139338560 125828778 123046642 123017461 115690605 106346013 105315418 83816053 81010543 57738422 52488907 51486345 43781330 43237963 27785497 25813142 19448007
644890244 643681205 631545714 620367229 618112190 609335241 608035144 607746073 602308555 593708380 591045202 585342100 581017550 569340180 562482759 549482953 546632197 540240045 534858677 527329409 520664052 511412727 475631837 471873932 457970059 452493833 433884818 425420540 424280446 418559636 397248010 385543876 375746524 371114119 366095360 346894482 339588810 331273626 321264775 284965578 283676214 280946445 269225906 266046484 260030299 247639866 221672479 208972955 202794069 194768853 167560100 159610085 153991080 145779672 144933931 139220938 126448738 123511214 121213717 120500226 85792874 82797147 58517624 55139963 54802115 49660039 49009377 28855613 26069694 19520986
657446598 657359560 653042326 649786167 633651899 626307317 619663289 615017298 606959352 605319932 600306109 591002750 583010672 582695133 575836043 574477320 570365936 569733537 539838306 530151092 527623957 523320243 479769761 474453462 472543158 468834900 462884891 452666211 448915604 445365267 438350888 433998393 426306696 408855664 371377427 358773635 352931284 331274645 326819671 314716080 295130359 289100130 278128631 271522873 267419936 250840156 226693410 218483068 204148593 196612345 191802443 188185540 182850435 182493651 176873903 163963867 162194578 161448781 159189568 127749370 87886467 83625966 62640925 57489795 56737937 50313103 49527840 36145720 36061795 22359178
670492553 666779470 656437734 652210393 634010615 628326285 622101943 619347990 617202849 614219425 612050943 611249964 609952392 607125806 586322421 579015586 572097013 569927154 551489107 546930841 535789827 532449132 488042182 484097965 482767957 479997111 471854476 464103136 458183998 448140025 446223999 440509499 427233852 416526224 389792097 375157669 353933492 334088046 328119719 315311091 301327217 294235479 294114448 291308190 288352622 280565747 278185989 263527824 246935129 233814595 226876734 212394132 207954006 203747463 185551392 184570685 184489032 165697330 159323416 130467456 94585978 89470960 66066298 62486554 62453526 60051940 50876366 40476389 38472369 23954389
676818597 676410766 671964133 667302404 656539899 642197467 638587962 637528793 636047275 630106631 625545055 612986691 610889217 607528981 590585214 584328848 584082505 577875619 562973346 547029057 541053053 540413227 494847508 492701878 490062257 482274927 479406329 479136030 458826937 448439967 448116650 446753322 444636063 434318357 402104554 399398610 357731854 344393440 341566108 330050719 325143247 315005990 313974804 305530558 299473987 285867048 284894998 265145669 248125631 243688135 232299769 231123373 223819821 215036966 187717675 186162292 185647720 178460424 166836275 149873330 98881574 92572184 70273168 66358876 66202618 64881415 51423297 41840711 41785367 29808980
686401408 683977029 682930087 673676344 673266662 656549571 652830829 651724080 649508322 646170794 645877924 625026951 616500775 612466880 592655237 588647478 587148724 584055290 572020972 561411273 555273259 553298111 510833443 508810498 498248406 497161175 496659082 488816826 467929347 465762030 464731622 462862139 451339870 436988262 415039378 411949362 358061674 356448172 345519503 339503534 339091043 336245323 331968517 313163849 302687324 289789348 285858409 267361351 253030333 243689633 237059510 236707468 234395782 232688810 193508952 187773295 186230974 179203740 172209500 153504909 99934187 98392990 77071558 76983599 72840114 71405097 51664556 50364263 42473433 30857833
720421961 704204934 694605194 693190960 692676465 683576057 679379410 678978102 678650344 674761829 658777982 658169190 656581581 618565302 595194667 590170364 589898024 589639331 587964033 581424930 565211761 555459987 524225827 518872373 515469967 506879124 499763733 493826480 481415901 481045083 471844217 468755355 460011371 437518432 422846730 413055920 374285276 360617103 345664101 342559360 339277763 337044913 334777154 321644737 320937087 320887037 315317103 275590676 269160177 264726809 261924088 255956739 244345734 233193019 194595966 189982805 188004389 184805927 172987552 167487218 111665446 108193406 101920218 97358299 96543534 88722941 56914282 55229715 45737222 35420244
725836593 710790409 710288046 709340138 703464906 701685111 696668504 691995889 688584929 688292812 662753621 661530381 658205380 618752030 611300899 603288644 601743522 598337302 589755001 584679492 570788579 570364727 542372618 541730572 531711669 508775797 506682861 497884866 489916863 485316819 479358774 475822999 462399854 451167883 439978284 429349833 427233134 419742109 408791849 399165719 392187164 381170213 368387390 362429775 334488491 330601937 316764865 279874110 278162155 274999288 271527720 265571036 256165730 234153839 207614064 203918933 198079484 196689628 176890905 168440556 115274421 114108541 101962243 101439854 96921545 89577725 59123348 56622764 47459481 41033765
777237840 772996858 767557354 757718410 756568778 724513618 709453578 698152420 693217090 693062989 668130697 662798188 662624462 639844720 629959386 624046214 614789191 603636811 602749710 586218946 574080912 572011339 559683293 558359726 550218298 513090678 509732284 508937247 497412948 496036874 481537576 478463904 468291073 456272762 453919700 449614575 442028122 436623759 409190533 408499599 393863251 387272832 376077508 364412457 346721999 333605284 319018658 297812952 294271609 287938093 281399679 280425966 263196852 240155802 219050682 213001904 210803748 209480030 190326657 173266607 128614243 123349782 105612724 102388144 101579902 94927153 62364500 61472635 51076257 41459379
798350179 792434482 785834373 761869826 758605159 725845935 712980485 698595850 698372687 695096034 682869429 679640361 669657269 640251801 640229734 633258091 619807666 617248344 616223682 598196369 591022423 583933484 579747765 577600223 552804811 544678293 542411682 529576666 528612851 511773134 502096623 501515681 497472781 480150184 469461003 452997895 444752632 441236330 415831328 411369685 404672810 398371124 379561417 373478067 354071467 337288818 331924249 327777100 301092475 300791199 298258404 296130436 263788555 245755385 227094244 214987819 214466100 213498259 206581751 177176286 128694506 123394074 117328320 116286162 109062265 103776200 64276415 62052334 58214520 44510352
806791788 797364416 790594470 767396737 763375628 729548314 722369183 719220057 717623780 713509334 711977811 701306810 700663516 694868196 685529464 682187808 679523234 678428783 665434226 663137420 661780532 625155531 600458855 594616873 553799098 552019186 542985183 531049471 529309381 520967223 520467160 509820331 508662870 488461032 470144800 454873543 451172773 446189662 420194097 417743584 406343655 404483122 385847158 380896478 359671425 353010272 350074792 340964604 309460401 307980135 301190778 298630867 263983217 258325774 236273394 234718699 227759940 226804036 214744293 182616898 144885272 132168493 117351170 116675739 114268104 107821505 70718375 67220089 58381768 44962236
814459332 804728580 803913433 773711989 763468692 761589211 759153525 749587568 749074897 748198570 744888721 744322773 727532158 719241224 717755670 717133757 696516037 684514353 669593963 669483809 662101862 634835897 610369497 606328955 556221035 555873970 550583709 537406578 534982714 525617588 523620985 515284034 514512815 490460429 475352200 465592016 458372812 448995438 439039824 438514497 433156075 425230206 392077093 391573865 390996069 367809768 365434514 358943048 342316883 322844920 309634638 305487053 273444833 265309328 246912538 243652533 232907895 227785457 216294969 186856072 148048651 146151902 144049936 142223599 138460511 121627077 75162237 73290013 60671453 45264552
824886697 816614744 807485576 784381015 783713259 780656539 775435347 774409798 772180201 771062376 763016113 753896160 740600225 737724543 737308404 730138991 696784613 689524776 689444760 670896053 664525224 640933734 617933205 615249321 576981517 575601676 572233178 563928394 554031865 548620545 536826883 527481501 516227014 491707964 478851542 475412297 463405224 462467236 455703614 450346613 448665903 431681387 399167673 395032040 393309172 376352441 372672192 359769752 342710652 324879149 322007265 305503651 298468225 273737781 248239359 245821215 239793002 231852217 223276918 191167553 158773237 158350561 144683597 142895606 138633387 126709924 78508279 76465940 62410625 56950505
827060032 818190026 813176889 797760368 797190486 796117469 793705825 792890728 776727008 775823736 764874787 762944925 761295164 753986028 746287248 732462560 705679901 693489302 691869228 672028210 666716071 654864472 623624205 621139574 610968926 607962149 607521364 602438799 598483664 596324454 595412918 594830335 516353728 514511507 511051669 505241228 504730227 501992614 501882225 495982084 485119476 432937669 404409871 401809717 395567560 383419007 377936798 372330346 358495108 328866016 327634092 306817404 300885768 278556037 266992087 265519412 255732611 238053014 229325302 191808368 160367018 159930824 154839064 153799734 146639965 129652932 88688788 80095601 68091137 59506533
828353647 819792822 817209831 814041496 805828887 805267222 797066418 793055352 787810107 782841692 776574325 775362292 772674462 758717371 754710679 744932936 708598800 705835190 692120065 674430271 669934819 663097965 626359461 623739686 623737071 622719789 621679960 617262893 615345994 610974341 600814111 598431663 548678863 546190887 539943753 537513564 534525294 517809123 506258578 505170020 490239667 436739425 434645004 428084301 418501751 384320159 378280832 378074712 361229311 339483420 334299415 329593726 301126670 278798927 267087692 266102562 257070435 245645691 233822980 192699654 191600099 179197591 174317862 154063710 149423879 131827859 112212004 103277581 68327473 61248259
843009820 835369864 828887953 827807604 825488999 819047044 813779587 813192504 809733944 806913522 801965537 776294618 776003345 767610625 760939843 746355516 720126599 713312044 703081894 679717427 678502818 664703147 660984982 657046901 650458586 650062514 645456243 622946201 619001022 618558521 618183955 613443483 561980327 557497994 553248511 547750903 539041226 526905719 525639157 514235752 494136158 459021624 456181877 437382405 421752889 397661313 397267791 397256952 363450271 347784667 342899071 332357796 317272648 281461247 268327242 268170006 260294871 250530918 234850990 200667208 197675027 186531458 179900462 162388852 160698808 131977684 117945255 104827683 70805340 67929315
843237785 842036667 836961554 836910998 826546342 825906669 818383527 817303337 813094597 811741096 804989436 786765341 782163854 775645945 766969478 757751083 726139295 716033130 707571132 698776189 685603692 684614670 683014067 682941539 667914488 659386935 657759510 657412798 655981745 646159015 624609802 617009021 592666615 589059590 587645964 577276668 570988562 564008124 542917141 515710192 495074823 489581457 477069559 440351461 430062325 423868438 423096232 410306848 375437099 358919627 347938171 339512139 325795850 283503738 281304937 273774478 261263851 251782013 241213561 202290693 198845346 194154161 181174098 171031115 169110925 132611326 123457415 106402014 72944032 72686621
851617877 847154399 845841112 841629967 834949192 834648616 829622459 823895507 822182546 819052282 810142878 789888299 783148943 776585194 776468295 758587990 730490813 716441703 716081172 715334934 709970417 699185870 692900822 687314012 667930012 662926679 660158108 659177428 659122089 647139991 626810501 622008773 595039262 592467132 591035475 581995185 573696321 568966800 559382070 515787744 496550377 493757453 477087349 451873055 450060550 428832185 424341595 422287210 384475157 359147131 350759490 348021513 342082780 293570657 293014737 274739571 264447026 253446431 248471299 245756501 245559978 230482754 204833484 190014233 171910691 135708189 127240132 116547483 76348108 76179847
873232964 865162501 862920595 860647130 851402699 845372756 843447675 831693887 828922596 828909639 824361056 820060653 810064497 790460931 783681297 783273797 754907062 744707658 731990604 730138194 714416604 713568073 704059055 699463724 683331987 677677831 676787354 672339551 662407608 653487908 645100100 644217780 635129889 627153437 624735682 590540950 578298383 570755203 565420393 517316365 507678909 503906338 490341488 470773903 459849050 446710241 431143560 425512381 393624297 383561653 372489393 353818990 352128233 328519888 310386198 304545846 295305028 287066460 280552445 266397188 255548835 251144580 213622979 190208330 176540278 147236245 145959235 121319760 79681133 79497409
873557344 870230240 866606792 865870907 853558446 853158910 850708717 842374553 841461761 841336698 836729603 827953459 810366597 792402542 790595319 788681640 763102302 748276440 740111467 735113186 724554732 722048656 721477579 700394160 687690847 682646610 677242782 673540868 663364687 658786052 652618084 644586133 639071797 633535398 628948021 622386126 610145556 572332172 569917586 535147762 519987099 515237142 494394753 471252761 467076072 449572211 431308393 427207325 424145022 416107741 387447214 359110259 354577094 332992525 316582490 309988758 307396773 287518496 283972553 273466016 266467209 260016888 221044467 211902702 196016192 148955879 147656613 125481161 87188873 81677265
874142787 872938483 867142057 866450020 865410253 854744042 853971886 845941915 845843325 842190732 841238748 830067459 825266927 822495973 813917922 806316100 766566199 749409395 741530613 737183573 730720033 728805330 725294168 711223323 688965771 685324510 680985159 673557344 673411251 667614032 665220076 660747522 652376419 644898274 642080302 635064887 612701932 580834480 577808610 543259244 529951728 522300830 503015365 474962409 471245184 451723622 451311182 443627784 439491798 436727924 389353372 362919442 356278307 335288735 325112382 324707576 312609362 302234918 284947273 276161482 271815815 265078392 222545744 214861525 198595676 171584969 150370925 127210808 91064202 82622412
891272144 886511017 884218418 879454415 872981877 855154616 854418579 848838292 847484450 843164708 842771503 830319557 825814866 824783070 820364617 807329150 779016924 757486753 744887022 740013001 733887424 731989847 729832228 713519145 704207636 699321171 693075214 688763896 683980075 678399414 673410183 670667071 670207602 650430916 649406376 639576185 618928229 583873526 579351965 544769089 538401319 525543048 522874102 482847438 479959123 457449184 455782062 443910160 442661032 439002279 392022648 371755360 367030311 338751452 331504005 328280369 326770070 307056453 305612226 291506836 287715929 272026237 248853534 222664496 200952515 176402931 161592715 128817201 102723655 85956925
896786365 895816421 892593826 889447229 889229769 888763620 886511543 878120003 869002875 852072310 847898543 845391669 843183614 837194814 834544190 808001289 785635867 777768985 756165784 750304850 749974438 742452151 731620801 731577912 729808097 728829846 711992267 706819617 691960461 691693153 687598404 684765292 671878998 654022913 653243119 644538992 619859452 587351701 584868231 545129207 538672109 526993599 523225777 512696253 500020181 498680773 475265525 474703685 463990089 454306147 418833755 392634620 367826164 346015216 338744620 336687508 334849094 333722299 332379323 299666359 298987163 276440485 264074342 225138892 214324813 182325330 169505666 128849664 112278009 86499951
910708551 908017630 902253279 901742271 901264216 898310887 889604807 879948102 871502748 866725910 862129650 851339083 847993053 842153067 842134909 812715891 798262690 797498472 793602021 792118353 785812146 779336705 765212385 760162834 759510778 753183618 736772805 725281225 721820202 711129578 691754456 685254866 671898408 671173002 665789497 650264331 632646659 593852301 589206950 569424908 565498943 542374041 523439463 522150697 508874612 506931109 483680068 476527889 469930074 457700891 428555193 394465652 387358942 374993025 371985126 367996539 367842656 343114413 334076702 314760700 309666981 282326016 274800625 238739938 215276887 183967045 172526068 130018468 113690346 92116271
913259810 910274007 910022353 904681684 902331100 898982692 898775485 880631785 871531867 868311119 863615338 854684479 848657857 846293941 843336444 814456715 809391129 808301386 804723285 803408737 798718457 787758315 781779442 778281511 773315980 759274219 749552310 732728742 724450367 712291598 693571268 689678996 676895375 671420639 670705340 653325415 639259063 611054822 598235254 578643694 567751138 545313628 543992138 532365569 528378887 525762428 487231700 483880272 470685279 461183641 430580112 399461246 393372054 388773464 385365299 384722401 383420657 356957949 340006085 319207520 316556789 296919038 286268274 275266869 219468694 186795610 173744390 144400920 116819440 106240549
917770590 914900900 912691669 909595797 906669128 904382247 903580601 893074285 891355502 868955026 863712162 856495409 855409419 855025188 845129261 825909151 823059324 815107812 807829035 805564549 798882652 790984448 782175048 780023254 775213523 766273270 751728907 741947951 740747582 735936035 709911253 709567380 704969764 700737996 685190757 658387711 646999169 612023929 600892241 589993451 570394790 552188682 544936026 534682264 533832600 532811905 508989743 503010230 480437507 477281846 476799673 403611689 393437511 391487262 386742712 386483088 386054721 359924058 343644930 328323557 322629522 303782360 289178029 275982519 229911211 191172299 179667571 149886895 118134833 107775229
933032937 927191738 922829755 919359750 917537863 910298168 906920929 897204394 892759078 879272665 877021398 871136484 869931818 858240610 848129748 827293451 824528953 816303045 809843638 806247994 802704705 801819453 784635079 780084747 778014397 775669085 754683827 749450162 742736216 736628139 724896893 717442387 709463603 705589799 687160004 659981524 651140637 620661121 604888265 590803922 576134735 563559952 557178987 546105570 541133778 536192184 513644845 510709790 491858039 488253313 482440117 411552466 409835121 399028804 397433876 397329429 393506301 364328464 345765494 330142640 327754520 305332675 292800585 280205475 237568369 200967395 180246904 150147667 119898156 114972003
936953669 930323491 928616769 925946655 925501164 916280019 909104893 899096232 897845572 879295321 877708240 875103551 874919900 862329128 858972845 840069715 832512242 830600634 827330953 826901159 822393433 808699314 802468626 794927420 788438877 782827047 757361133 749655621 748043286 739420322 730320993 725325946 714778185 713470894 696946495 667982923 657632150 622556706 609907058 595119294 577614716 576401949 562082948 559598683 549491331 544174150 533786282 529572789 524482888 523676369 512606805 428655499 428466987 417796970 406926789 401364543 394500731 365794236 348666945 337873171 328609613 319273047 304154599 280536304 240991525 208080999 194236190 151726429 126409394 116518793
952389135 950860681 947330120 928792552 927750250 926892915 925610776 914119834 911368942 884568312 880409888 876917586 876828454 875494921 875035353 842206848 838635390 837923439 836771109 834048341 830400926 825469779 822507955 810722757 789163948 784617193 758533329 751890884 751537168 740980436 736163988 731709491 719783306 714807284 700605553 671967520 669492723 643254130 612536001 599823870 599185463 595976857 593094363 582438187 581854502 574302353 572704518 556294253 529954813 523680094 518254512 469415280 468334912 446871126 407348977 401579193 396131017 376651834 353669297 353279017 350890423 350372142 305061244 286599216 241736577 211743168 196045701 152553426 128541331 117390725
955740367 953928504 950004545 941420563 939115622 936244943 935185208 916456518 914067821 898372362 897340413 890781260 887578094 879726399 879139217 854923898 847701235 846224437 840838115 839739668 830778384 830130131 826296839 810781532 789584442 784718772 759205718 757604898 753709142 753491265 740164434 734237668 722696404 716945997 701093172 672338053 669569610 652415260 638100651 632258977 627545126 626886230 604245861 600802473 595437396 587370341 582461169 561201636 546489033 537535749 527088075 480347135 472387223 450716088 408890242 408820348 404267984 376928170 366482385 364804942 362237812 351415366 309276251 286806362 242962160 211831022 198801338 166754288 132081204 120636444
957048074 955287744 950393134 943385261 941975020 939928323 937262953 919284825 917125223 904048330 898238555 892932624 890665014 883150692 879239196 855765762 850044530 846580534 843071974 840581582 835254357 834236101 827264874 825622715 805045198 798437322 762499138 757706467 756524321 755704407 743136325 737292659 731977489 726325962 724366035 681164999 671138179 653833761 643851794 638813308 635586883 629972581 609681160 601563050 596620855 590719315 583807264 562997118 546739793 546668625 531005677 483247387 476643156 464706302 416472730 409786767 406661385 397115145 367270612 365331039 364251734 351812231 310798728 294239531 245953760 221814355 211927994 167326079 142537255 135330857
959309582 959009788 958571302 955528970 953226153 950959512 939970966 922235974 921374663 907171579 905008707 898623455 894630486 883393034 879393780 857516689 851523401 849944659 848091274 841861759 841558073 840664497 830500581 829388632 808250116 800608415 765926003 759928785 759700641 756551111 746641042 745971762 745643700 736542005 726168804 684141334 677033978 658477861 648113628 647966441 642456635 635018002 621302679 603619595 602713642 595078200 585748751 567630754 566141050 557937386 532861691 503019367 495499645 491662695 486569080 482788198 480747163 412609982 387723870 376169534 373000000 370591632 325014711 316725988 248687161 222846593 219681080 167454923 147088989 139489488
965790086 964080608 961422820 956745316 954075423 953079673 940340143 924777119 923601294 913898374 912461805 905038960 903470633 886976041 879476330 865058542 864703624 852348002 851020914 850785081 850531133 848949407 832639946 830054366 811806807 801107281 776343663 765348195 762789274 760719398 752709245 751921084 745869939 742395636 734456854 692510762 689289788 674550349 674124883 667683814 645512589 638188522 624656188 619673670 614149213 598839397 588183682 570867522 570771629 561412586 534598780 531168608 528714946 527119987 509452947 486530310 483253471 413262163 410532715 401104113 399243653 376714786 330506247 318842900 256373392 222898425 219952037 168779394 151058693 140690286
968938137 964274353 962212323 960472265 956244327 953150242 943239046 932644312 928863724 914894180 914292892 909646053 904409091 890065843 881136209 867723052 867695799 867428333 863755424 860486498 858231366 850811408 833819292 832931208 816385567 803277047 776528497 775266137 771384643 768385613 764994178 760740581 748408053 746707954 736032951 697573494 695933414 690745054 675228125 670637123 658152577 652703177 646853624 630844270 618854976 613655176 610808964 588556048 587580446 581443843 579739886 578046152 560152109 535325322 512164427 504727013 494999032 441211672 427202662 417837361 414494013 381436624 333487586 329817213 258644216 224095635 220877951 168966701 152305500 141226847
971352374 971297087 970522495 964322407 959988755 958144097 947567109 937496714 930270669 916471005 914298354 911943194 906802026 890822998 887254696 870396548 869077148 868541450 866108475 863979233 859431971 855033098 844002470 835460860 817029541 807014395 789346834 788811855 783534015 782188515 770107092 762075061 756510346 752030775 740301457 709962025 702726994 692917086 679822565 678084944 668432761 655650039 654696901 637197097 634808336 633808574 621852793 620498263 603992777 596174038 590644554 584241011 568877888 551062188 516120752 506214573 498733004 446199320 431732349 430242237 427564259 393451139 349894373 340195101 275153300 243852094 221672822 169549548 162412910 143939788
978137139 976785841 976517645 969823965 967317034 962596910 951210948 939438027 934303141 925601491 925330314 919898282 918502811 897945653 892097773 875638938 874611679 874057868 866469473 865118152 859802992 855346356 845309595 843069985 818106279 810931439 800451725 799197482 786513230 786504370 770969981 770907521 756718242 753329692 743212096 721312938 719885862 698708750 691359526 685918741 669907333 656988393 654729146 641089556 641025952 635636576 632026357 630722166 626358318 620882655 590723081 584878217 576491398 551447015 521211800 514786452 503518435 481207866 477732512 471818127 440536176 398189504 349957053 342477554 277923948 244256101 226548946 185399336 176201828 146680924
979427096 977389217 977277475 971252281 968523502 963181975 953427614 945994029 938940218 932716740 929088640 926156408 923310376 900397315 894121506 883298520 881425014 878018177 869136718 868110030 861215702 861120555 861056187 860243949 820474738 818381600 808232574 800007606 792908504 789999624 772792522 771555173 769904187 767974911 745081835 727863860 724956372 704452802 697643301 695310639 693210353 687944179 675763973 643376842 642674617 638805061 638070280 632016288 630088335 623816909 594306763 588889693 582421389 552192743 540968657 536395261 516382753 510091216 498869865 474090401 441090997 407733706 355394066 344406523 298182667 250108054 237829958 194086726 181547686 151728000
986492100 982240738 978183700 977649267 970422537 968442235 956720785 953699543 939144401 934311614 932005680 929002901 926075305 900550997 897584250 888069905 883529473 879943622 878706039 877099497 876393511 873491704 871896783 864112645 831575210 830512084 810416196 808883075 794168896 792651481 783083381 776842728 774629818 772957364 748377985 732045092 731821832 726146134 724674268 709758901 706125965 705620676 678023343 674884169 668589762 662274858 659062484 658724806 638531751 636124725 610059674 597621152 597169243 558274024 547367116 542682101 519671173 514427734 501930726 475844282 448760404 416437836 359902557 356345528 298219600 256917293 242071211 195465383 185422376 153486923
987447234 983032875 979408145 978295208 976018438 972911956 963978620 961068170 947426617 946415870 938098398 932640493 926778657 904644472 903719385 900419719 885350250 883771188 882138761 877901977 876605880 874017892 873944613 868470772 840202902 834461948 833970446 833107095 806383252 802013081 800945669 800009903 797460298 792549120 783662096 777273188 777151289 769207941 759920838 733127147 725592661 721775376 692246068 686406246 682659852 680125957 664771032 664213516 643489141 642126677 613268190 599585521 598792340 562606911 562208498 554431168 524674951 517443933 510489553 475864037 460723532 428021040 362033757 356864572 301227008 257448535 249768585 196958957 190005709 154371615
989839954 984950343 984097081 983415196 977241813 976350159 964461736 963447014 949736290 949258601 945744800 937028671 928328921 910507970 906238886 901003154 895411730 893927654 892438265 886151206 881470357 875848343 874394172 868517513 848672060 842965946 839040983 836393363 822973840 817902187 814197432 808489991 797543085 795550443 794912615 786809567 784203332 773068676 770535886 742490718 730466356 723673226 709651014 702001005 695476938 687221449 671492936 670527160 645932525 642616172 642005849 632658631 627755766 577137124 572220294 564754270 526036253 519624939 512578623 477606165 465247583 439040524 367507769 361656496 307660775 259995021 252001063 207455206 198768928 155435162
990271860 987881725 987217722 984097284 983039636 976514090 966041495 963612018 950262686 950190653 945750523 937089750 932146379 914254265 908435355 901620537 899560081 898945625 892647159 889896858 887836800 883890718 881259822 872142226 862536454 851884854 843361136 836728969 825069513 819044680 819039190 810829077 801610523 801161133 795778834 790590071 784818487 779527432 770932822 744514176 742735577 724877099 722434844 713161358 709890139 687501750 679767161 670914117 655958776 642728226 642607829 638851928 629138400 577198394 576958599 567690098 531626269 524393917 516700294 478057717 468437630 445846192 378401453 364162668 326955752 260448139 258117738 207656332 202256242 162443740
990792620 988291868 988275940 986306610 983919063 978932442 970900714 967171556 953007033 952274290 948045911 937828991 932264799 928170755 922420641 918965719 916412610 912505544 900720305 896077755 889543580 885636092 881919544 879615893 876348248 859255551 857226955 851144979 847460970 846589252 835630296 810904005 808406258 806167995 804030406 796122269 788105506 787995480 774342195 749088223 744008578 732184618 729778304 718317834 713128148 691398121 686943960 675164908 656341118 646126156 645852928 641849294 629464967 614706653 608088605 569821001 546130137 527071888 519449344 480040754 470624999 451931046 383041969 365672996 357536691 272954611 267068843 222339871 203350445 164045363
992629420 989379989 988527992 987003601 985068997 980619740 972569251 967241379 961421663 955442286 950834836 938562950 933077744 931596233 923899727 919662986 917237848 912668100 911928618 906650400 902744216 902113101 893132976 882263749 880493524 877780405 871424430 867041908 861693997 856342140 836068860 818852275 818687706 817976359 814861433 810073462 802337373 798595968 776913989 759061492 746605631 740877300 737219038 729134719 714668217 696975802 695203709 676142784 660841518 653523137 649391876 643817843 633700540 616692931 610987005 571318564 550926651 528736032 525670570 496245385 482890684 461496717 395214648 386708900 358433833 276014201 269219776 227616156 207426067 166996484
993712176 993702019 993046900 993001290 992863704 984614594 973880663 969423287 962843962 957357878 953854143 939521235 933580535 932973986 924293949 922679178 918716265 917280368 917094258 910285576 905711506 903677478 903229149 886510028 885844480 878573363 875061181 872533022 870897849 868629032 838506061 831948786 829536665 827594554 825204891 820779225 808904538 803214318 784862641 777940551 776742238 768253518 758371187 744266287 721494404 720502422 701995181 689826488 682471371 675675823 668994676 646638281 634133543 629018742 627525964 572206887 558231283 529323948 526838179 497497803 495086179 462210774 398828238 388313948 371777812 277398796 271528760 238064838 220015714 172531588
994453608 994352919 993688334 993534120 992914576 984768533 975125801 969774297 963977235 957450689 954395603 939715118 934160371 933420941 925477479 925089022 921964235 920970815 919443191 919431394 916972591 907121560 905811718 899658488 897632147 894800604 890793359 887831972 882088340 868884666 848797028 844986290 844865597 834283644 832661530 823066167 810690351 806781915 789058468 786948321 777064592 768740725 760014359 747404876 730583588 723509011 703346131 701454298 691578464 675959140 674600351 661920522 638671657 634751986 632653133 580727685 571001239 564058588 549080469 514755793 512043910 467579837 401043618 393955963 372883829 282320688 272869809 245840050 221130809 175022808
995176892 994669409 994660979 994586994 993721047 986154404 975493906 971320768 964101188 959739506 956538656 952995381 946714165 937608250 933994612 932774810 930842080 929770874 929520505 926192552 923418926 915406890 912915604 901227643 898154939 895387282 891656081 888945764 883368282 869952215 855456901 852956847 851323361 839887684 838392298 825988524 818852086 815300103 791433427 790309054 781140264 774859296 761132375 752714165 736374599 729126105 719227162 714014790 699877159 693565765 691279186 663142150 659230681 646617386 635700126 582327240 581973029 567194119 556155565 515946741 513252730 470304778 410061656 403101917 375723440 283976043 278697077 260265985 222345698 175254179
995558024 995442158 994809647 994696518 994663253 986170657 978415862 972972688 965545499 964876168 957642869 955714442 955593078 954920062 947684413 947450906 941637266 936057197 934307717 929424506 924550359 921358918 920271749 917156944 917082413 910027091 901029552 900119047 884680515 870736757 859965660 856116903 852571696 852313108 840799752 831651149 821076760 818024668 803033403 798007978 784105975 780554287 761237242 753363164 745414618 745367449 739935179 736617495 730762625 724560974 704621336 671093312 670910228 648894142 642924470 585468053 583320961 572320188 563830111 524753001 516381498 471677853 415923401 408069414 380955404 284895177 279589683 262619730 226325290 175475548
998657678 997151779 996587100 995563076 995458049 988107993 981464663 980714289 968438980 967200267 960131183 959678664 956741479 956206773 955489184 952964855 951744176 947191933 946189978 936605924 936576204 934611276 933547485 928212255 925953825 925740518 923651151 921996424 912599432 875117161 870026976 864811926 858196563 852630306 849360691 847769272 838160076 833629907 806523828 805067852 796789863 795143246 762860933 757410862 753439510 749001395 741567067 738544257 733006489 727994761 725455017 701768739 690830235 661457322 644435847 599421915 589675303 574917581 564223290 535800285 517960568 478271557 420404029 408331170 399704622 298604209 288443041 272634503 229632978 185075395
998781459 998592659 996986275 995655103 995629587 988823168 986926249 986834210 985371223 983257961 980722516 980270393 979122204 972686093 971863143 967392898 965886332 953933702 951646504 950419336 946329763 941976398 941618554 938994642 934188928 929737984 924803820 922269681 916031274 875814980 870791976 870163149 863417243 858766809 857894409 853224303 843303461 834022440 818083681 814509860 798572449 796468622 769373518 759118469 755407868 750771463 748445659 743610979 738244771 732411895 726453834 707936968 697518811 671471436 646093696 607665313 591289218 580002172 573609527 538030837 518864710 479493166 426106209 410163362 406915520 310065624 292181127 272814137 231930696 195565096
999665745 999272079 997320659 995815950 995744443 991509579 990317662 989876224 989246799 983662455 981468374 980599106 979409649 973307988 972409383 969754894 968877303 955014621 954629527 954299023 948548900 948201261 944580717 942277759 939745109 937993541 924924510 922666057 916553757 886839982 880177547 879338306 874770720 873308724 859463581 855663486 846429533 838382284 828999731 815292702 800569524 797173318 778096605 777391412 776368703 773669301 753039719 744584768 744481687 735579790 730063935 719743244 706646496 675531001 646527273 610726794 599154742 581927617 576588967 547998108 521853959 480128217 427987523 425242805 417669247 311117604 301384827 273409966 235567817 199385411
999699152 999290857 997385607 997098068 995801648 992335859 992286140 991961864 990124745 984914405 982090020 981765075 981117142 973804353 972712460 971767169 970931951 960697239 958363306 958262516 951940351 951392975 948667683 944415009 944130566 941736136 930957402 926047290 924304948 889754672 885648670 883220370 881810683 875751533 864293359 857337973 850151999 840589773 832424445 816199001 809551895 800637639 789626001 787677471 785761371 778719969 754458683 750422384 746264197 740274773 733013608 723212160 715067727 679860453 649679102 612090713 599973914 590625458 589575883 556350130 522556870 480391520 457629110 447303321 429404507 318274813 308556292 275851022 240665010 202160953
999974083 999502840 998567300 998377901 996717123 993489626 992849187 992676373 990573420 988910951 985434604 984630556 981792132 975813811 974310360 972267193 972170201 963161772 962520279 960935285 955157816 951428383 950970835 949353933 944695487 942446681 934905228 927567222 924316200 901669583 895069276 892770928 891673510 877547194 866648154 865130703 853326145 845800152 845285210 825340852 811639974 806544024 792914418 791340989 787888134 780561243 767265698 765227204 750289221 749938341 736807115 732015021 718058118 683301225 658308992 620063971 607489372 596114322 591039336 562513790 527842781 491894790 461551653 450275886 433082541 328405124 310601848 276061692 246614632 211579129
