58
1 39 3 4 5 7 8 9 10 11 12 15 17 19 20 21 23 24 26 27 28 29 30 32 36 38 40 41 42 44 45 46 47 48 49 50 51 52 55 56 58
2 36 1 6 8 10 11 13 17 18 21 22 23 24 25 26 28 31 32 33 36 38 39 41 42 43 44 45 46 47 49 50 51 53 54 55 56 58
3 38 1 2 4 6 7 10 12 14 15 17 19 20 22 24 25 26 29 30 32 33 34 35 36 37 39 41 42 44 45 46 50 51 53 54 55 56 57 58
4 40 2 3 5 6 7 8 9 10 11 12 13 15 17 18 20 21 22 23 24 26 27 30 32 33 34 35 36 38 39 40 43 44 45 47 49 50 51 53 54 58
5 56 1 2 4 6 7 8 9 10 11 12 13 14 15 16 17 18 19 20 21 22 23 24 25 26 27 28 29 30 31 32 33 34 35 36 37 38 39 40 41 42 43 44 45 46 47 48 49 50 51 52 53 54 55 56 57 58
6 56 1 2 3 4 5 7 8 9 10 11 12 13 14 15 16 17 18 19 20 22 23 24 25 26 27 28 29 30 31 32 33 34 35 36 37 38 39 40 41 42 43 44 45 46 47 48 49 50 51 52 53 54 55 56 57 58
7 44 1 2 4 5 9 10 11 12 13 14 15 17 18 19 20 21 23 24 26 27 28 29 30 31 32 33 34 35 36 37 40 43 45 46 48 49 50 51 52 53 54 55 56 58
8 38 1 2 3 6 7 9 11 12 13 15 16 17 18 20 21 22 24 25 26 27 28 29 30 33 37 38 40 41 42 45 46 47 48 49 51 52 54 56
9 56 1 2 3 4 5 6 7 8 10 11 12 13 14 15 16 18 19 20 21 22 23 24 25 26 27 28 29 30 31 32 33 34 35 36 37 38 39 40 41 42 43 44 45 46 47 48 49 50 51 52 53 54 55 56 57 58
10 53 1 2 3 4 5 6 7 8 9 11 12 13 14 15 16 17 18 19 20 21 24 25 26 27 28 29 30 31 32 33 34 35 36 37 38 39 41 42 43 45 46 47 48 49 50 51 52 53 54 55 56 57 58
11 53 1 2 4 5 6 7 8 9 10 12 13 14 16 17 18 19 20 21 22 23 24 25 26 28 29 30 31 32 33 34 35 36 37 38 39 40 41 42 43 44 45 46 47 48 49 50 51 52 53 54 55 57 58
12 44 2 3 4 5 6 7 8 9 10 13 14 16 17 18 19 20 22 23 24 25 26 27 29 30 31 33 34 36 39 40 42 43 44 45 46 47 48 49 50 51 52 54 55 57
13 31 5 7 8 10 14 18 19 20 22 23 24 26 27 28 30 32 34 35 37 38 43 44 46 49 50 51 52 53 55 56 57
14 30 3 4 5 8 9 10 11 13 15 17 19 20 21 22 25 28 30 34 37 39 41 42 43 44 46 48 53 55 56 57
15 57 1 2 3 4 5 6 7 8 9 10 11 12 13 14 16 17 18 19 20 21 22 23 24 25 26 27 28 29 30 31 32 33 34 35 36 37 38 39 40 41 42 43 44 45 46 47 48 49 50 51 52 53 54 55 56 57 58
16 53 1 2 3 4 5 6 7 8 9 10 11 12 13 14 17 18 19 20 21 22 23 24 25 26 27 29 30 31 32 33 34 35 36 37 38 39 40 41 42 44 45 47 48 49 50 51 52 53 54 55 56 57 58
17 30 1 2 4 7 10 16 19 21 22 24 25 28 29 30 31 32 33 34 35 37 41 43 45 47 48 49 50 51 55 58
18 29 1 2 5 6 7 9 12 15 21 24 25 26 27 28 30 32 33 34 35 36 37 42 43 44 45 51 52 54 56
19 35 2 3 4 5 7 8 9 11 15 20 21 24 25 26 27 29 31 32 34 35 37 38 40 41 42 45 46 47 49 50 52 54 55 57 58
20 35 1 3 4 7 8 9 10 11 12 13 16 17 18 19 26 27 28 29 30 33 34 36 39 41 42 43 44 45 46 49 51 53 54 56 57
21 34 3 4 5 7 9 10 11 13 14 15 17 18 19 22 25 27 28 29 30 32 35 36 37 40 42 44 45 46 48 50 51 52 56 58
22 42 1 2 3 6 7 9 10 12 13 14 15 16 18 19 25 26 27 28 29 30 31 33 34 35 36 37 38 41 42 43 44 45 46 48 50 51 52 53 54 55 56 57
23 45 1 2 3 4 5 6 7 8 9 10 11 12 14 15 17 20 21 22 24 25 26 29 30 32 33 34 35 36 37 38 39 40 41 42 45 47 49 50 51 52 53 54 55 56 57
24 52 1 2 3 4 5 6 7 8 9 10 12 13 14 15 16 17 18 19 20 21 22 23 25 26 27 28 29 31 32 33 34 35 37 38 39 40 41 42 43 44 46 47 48 50 51 52 53 54 55 56 57 58
25 36 1 2 3 5 6 7 10 11 13 16 17 19 20 21 22 23 24 26 27 29 30 35 37 38 39 41 42 43 44 45 46 51 52 53 55 58
26 34 1 3 4 6 7 8 11 13 14 19 20 24 25 27 29 32 34 35 36 37 38 40 41 42 43 44 45 49 50 51 52 55 56 58
27 53 1 2 3 5 6 7 8 9 10 11 12 14 15 16 17 18 19 20 21 22 23 24 25 26 28 29 30 31 32 33 34 35 36 37 38 39 40 41 42 43 44 45 46 47 48 49 50 51 52 53 54 55 58
28 55 2 3 4 5 6 7 8 9 10 11 12 13 14 15 16 17 18 19 20 21 22 23 24 25 26 27 29 30 31 32 33 34 35 36 37 38 39 40 41 42 43 44 45 46 47 49 50 51 52 53 54 55 56 57 58
29 40 1 3 4 6 8 9 10 11 12 13 15 16 18 19 20 22 23 26 27 28 32 33 34 36 38 39 41 42 43 44 45 46 48 49 52 54 55 56 57 58
30 49 1 2 3 4 5 6 7 8 9 11 12 13 14 15 16 17 18 19 20 21 22 23 24 25 28 29 31 32 33 34 35 36 37 38 39 40 41 42 43 44 46 47 48 49 51 53 54 55 56
31 33 2 4 7 9 11 12 13 16 19 20 21 22 23 27 28 32 34 36 38 39 40 41 44 47 48 49 50 53 54 55 56 57 58
32 32 3 4 7 8 9 10 11 12 13 15 16 17 18 20 21 24 27 28 29 30 33 34 35 36 40 42 44 48 49 50 51 55
33 32 1 2 4 7 9 11 17 18 22 23 24 27 29 30 31 32 36 37 38 39 41 42 43 44 47 48 53 54 55 56 57 58
34 43 1 2 3 4 5 6 7 8 10 11 12 13 15 18 20 21 22 23 25 26 27 28 30 31 32 33 35 36 37 39 40 41 42 44 45 46 47 48 49 51 53 54 55
35 50 2 3 4 5 6 7 9 11 12 13 14 15 16 17 18 20 21 22 23 24 25 26 27 28 29 30 31 32 34 36 37 38 39 40 41 42 43 44 46 47 48 49 50 51 53 54 55 56 57 58
36 57 1 2 3 4 5 6 7 8 9 10 11 12 13 14 15 16 17 18 19 20 21 22 23 24 25 26 27 28 29 30 31 32 33 34 35 37 38 39 40 41 42 43 44 45 46 47 48 49 50 51 52 53 54 55 56 57 58
37 48 1 2 4 5 6 7 8 9 10 11 12 13 14 15 16 17 18 19 20 21 22 23 24 25 26 27 29 31 34 35 38 39 40 41 42 44 45 46 47 48 49 50 51 53 54 55 56 58
38 30 1 2 4 6 8 10 11 13 14 19 23 24 27 28 30 31 33 34 36 39 40 43 45 49 50 52 53 54 56 57
39 35 1 2 4 8 9 10 13 15 16 17 19 22 23 24 25 26 27 28 31 33 35 36 40 41 43 44 46 47 48 51 54 55 56 57 58
40 32 1 5 6 8 11 15 16 17 20 21 22 24 27 28 30 32 34 35 37 38 43 45 46 49 50 51 52 53 54 56 57 58
41 32 2 3 6 7 9 10 11 13 15 17 18 19 20 25 26 29 30 32 34 36 37 43 44 45 46 47 51 53 54 55 57 58
42 52 1 2 3 5 6 7 8 9 10 11 12 13 14 15 16 17 18 19 20 21 22 23 24 25 26 27 28 29 30 32 34 35 36 37 38 39 40 41 43 44 45 46 47 48 49 50 51 53 54 55 56 58
43 50 1 2 3 4 5 6 7 8 10 12 13 15 16 17 18 19 20 21 22 23 24 25 27 28 29 31 32 33 34 35 36 37 38 39 40 41 42 44 45 47 49 50 51 52 53 54 55 56 57 58
44 55 1 2 3 4 5 6 7 8 10 11 12 13 14 15 16 17 18 19 20 22 23 24 25 26 27 28 29 30 31 32 33 34 35 36 37 38 39 40 41 42 43 45 46 47 48 49 50 51 52 53 54 55 56 57 58
45 34 2 3 4 6 7 8 11 14 16 17 18 20 21 22 24 26 27 28 29 30 31 32 33 35 39 41 44 46 47 49 50 53 54 58
46 35 2 4 5 6 8 11 12 13 14 17 18 19 20 23 24 25 26 29 32 33 34 35 36 43 45 47 48 49 51 52 53 54 55 56 57
47 47 3 4 5 6 7 8 9 11 12 13 14 15 16 17 18 19 20 23 24 25 26 27 28 29 30 31 35 36 37 38 39 40 41 42 43 45 46 48 49 50 51 52 53 54 55 56 58
48 49 1 2 3 4 5 6 7 8 9 10 11 13 15 16 18 19 20 21 22 23 24 25 26 29 30 32 33 34 35 36 37 38 39 40 41 42 44 45 46 47 49 50 51 52 53 54 56 57 58
49 38 1 2 3 4 5 8 11 12 15 17 19 20 21 22 24 25 27 28 30 31 32 35 37 38 39 42 43 44 45 46 48 50 51 52 53 56 57 58
50 32 1 2 3 4 5 7 8 9 11 13 17 18 20 22 25 26 27 32 34 35 38 40 41 46 47 48 49 51 52 53 54 55
51 52 1 2 3 4 5 6 8 9 10 11 12 13 14 15 17 18 19 20 21 22 23 24 26 27 28 29 30 31 32 33 34 36 37 38 39 40 42 43 44 45 46 47 48 49 50 52 53 54 55 56 57 58
52 39 2 3 4 5 8 9 11 12 13 14 15 16 17 18 19 20 21 25 28 29 30 31 32 34 37 39 41 42 43 44 45 46 47 48 49 50 54 55 56
53 48 1 2 3 4 5 6 7 8 11 12 13 15 16 17 18 19 21 22 23 24 25 26 27 28 29 30 31 32 33 34 35 36 37 39 40 41 43 44 46 47 48 49 51 52 54 55 57 58
54 42 1 2 4 5 8 12 13 14 15 16 17 18 19 20 21 22 23 24 25 26 27 28 29 30 32 33 35 36 37 39 40 44 45 47 48 50 51 52 55 56 57 58
55 48 1 2 3 4 5 6 7 9 10 11 13 14 16 17 18 20 21 23 24 25 27 28 29 30 31 32 33 34 35 36 37 38 39 40 41 43 44 45 46 48 49 50 51 53 54 56 57 58
56 40 1 3 4 9 10 14 15 16 17 19 22 23 24 25 26 27 29 30 31 32 33 34 35 36 37 38 39 40 41 42 43 45 46 47 49 50 52 53 54 55
57 49 1 2 3 4 5 7 8 9 10 12 13 14 15 16 17 18 19 20 21 22 24 25 26 27 28 29 30 31 32 33 34 35 36 37 38 39 40 41 42 43 44 49 50 51 52 53 54 55 58
58 41 2 3 4 5 7 10 11 12 13 15 17 18 19 20 21 22 23 24 26 27 29 30 31 32 33 35 36 37 38 39 41 43 44 45 47 49 51 52 54 56 57
