17
1 11 2 4 7 8 9 10 11 12 14 15 17
2 10 1 5 6 7 8 10 11 13 16 17
3 14 1 2 4 5 6 7 8 9 10 11 12 15 16 17
4 13 1 2 3 5 6 7 8 10 11 12 13 14 16
5 10 1 2 4 6 7 9 10 11 12 15
6 10 1 4 8 9 10 11 12 13 15 16
7 12 2 3 4 5 8 9 10 11 12 13 16 17
8 15 1 2 3 4 5 6 9 10 11 12 13 14 15 16 17
9 14 1 2 3 4 6 7 8 10 11 12 13 14 15 17
10 9 1 2 4 6 7 8 11 12 17
11 11 2 4 5 6 7 9 10 12 13 15 16
12 8 4 6 7 9 11 13 14 17
13 13 2 3 4 5 6 7 8 9 11 12 14 16 17
14 9 1 3 4 8 9 11 12 13 16
15 9 2 4 5 8 9 11 12 13 14
16 14 1 2 3 4 6 7 8 9 10 11 12 13 14 17
17 11 1 3 4 5 6 8 9 10 11 14 15
