33
1 24 2 3 4 5 7 8 11 12 14 16 17 18 19 21 22 23 24 25 26 27 28 30 32 33
2 30 1 3 4 6 7 8 9 10 11 13 14 15 16 17 18 19 20 21 22 23 24 25 26 27 28 29 30 31 32 33
3 29 4 5 6 7 8 9 10 11 12 13 14 15 16 17 18 20 21 22 23 24 25 26 27 28 29 30 31 32 33
4 23 1 2 3 5 6 8 11 12 13 15 16 17 18 19 20 21 22 23 25 26 28 29 32
5 27 1 2 4 6 7 8 9 10 11 12 15 16 17 18 19 20 21 22 24 25 26 27 28 29 30 32 33
6 28 1 2 3 4 5 7 9 10 11 13 14 15 16 17 18 19 20 22 23 24 25 26 27 28 29 30 32 33
7 18 1 3 6 8 9 12 13 15 17 18 20 21 27 28 29 30 31 33
8 25 1 2 3 4 5 6 7 10 12 13 14 17 19 20 21 22 23 24 25 27 29 30 31 32 33
9 16 1 7 8 10 11 12 13 15 16 17 19 20 23 25 29 31
10 17 1 5 6 8 11 14 16 20 21 22 23 24 25 28 31 32 33
11 23 1 2 3 6 7 8 9 12 14 15 16 17 18 19 20 21 23 25 26 27 28 29 32
12 20 3 4 5 7 11 13 15 16 17 19 21 22 24 25 26 27 29 30 31 32
13 22 1 4 5 6 7 9 11 12 14 15 17 18 19 20 21 22 24 25 27 29 30 32
14 17 4 5 7 8 9 10 11 12 15 16 17 18 19 21 23 24 31
15 17 4 6 7 11 13 14 17 18 20 21 22 23 25 26 27 28 32
16 25 3 4 5 7 8 10 11 12 13 14 15 19 20 21 23 24 25 26 27 28 29 30 31 32 33
17 25 1 2 3 4 5 6 10 11 12 13 15 18 19 21 22 23 24 25 26 27 28 30 31 32 33
18 24 1 2 3 4 5 6 7 10 11 13 14 15 17 19 21 23 24 25 26 27 28 29 30 33
19 22 2 3 4 7 8 9 10 12 13 14 15 18 20 21 22 23 24 25 28 30 31 33
20 18 2 3 5 8 10 12 14 15 16 17 18 24 25 26 27 28 32 33
21 20 1 3 4 5 6 7 10 13 14 15 17 19 22 23 26 27 28 29 31 32
22 23 1 2 3 5 7 8 11 12 14 17 18 19 20 21 23 24 25 26 27 28 29 31 33
23 32 1 2 3 4 5 6 7 8 9 10 11 12 13 14 15 16 17 18 19 20 21 22 24 25 26 27 28 29 30 31 32 33
24 20 1 2 4 5 6 9 11 13 14 15 18 19 20 25 27 28 29 30 32 33
25 27 1 3 4 6 7 8 9 10 11 12 13 14 15 16 17 18 19 20 21 22 24 26 27 29 31 32 33
26 29 3 5 6 7 8 9 10 11 12 13 14 15 16 17 18 19 20 21 22 23 24 25 27 28 29 30 31 32 33
27 21 1 3 4 5 7 8 9 10 11 12 13 14 15 18 19 21 25 28 31 32 33
28 28 1 2 3 4 5 6 7 8 9 11 12 13 14 16 17 18 19 21 22 24 25 26 27 29 30 31 32 33
29 26 1 2 3 4 5 7 8 10 11 14 16 17 18 19 20 21 22 23 24 26 27 28 30 31 32 33
30 32 1 2 3 4 5 6 7 8 9 10 11 12 13 14 15 16 17 18 19 20 21 22 23 24 25 26 27 28 29 31 32 33
31 18 1 2 3 5 6 7 9 10 11 16 17 19 21 22 27 29 30 32
32 21 4 5 7 8 9 11 12 13 14 15 19 20 23 24 25 26 27 28 29 31 33
33 32 1 2 3 4 5 6 7 8 9 10 11 12 13 14 15 16 17 18 19 20 21 22 23 24 25 26 27 28 29 30 31 32
