100
1 79 2 4 5 7 9 10 11 13 15 17 18 19 20 21 22 23 24 25 27 28 29 30 31 32 33 34 35 36 37 38 39 40 41 42 44 45 46 48 50 51 52 53 55 56 57 58 61 64 65 66 68 70 71 72 73 74 75 76 77 78 80 81 82 83 84 85 86 87 88 89 91 92 94 95 96 97 98 99 100
2 67 6 7 8 9 10 11 12 13 14 18 20 23 24 27 28 29 30 31 32 33 35 37 39 40 41 43 44 45 46 47 49 51 52 53 54 55 56 59 60 63 64 65 66 67 68 69 70 71 76 77 78 79 80 81 82 83 84 85 86 87 91 93 94 96 97 99 100
3 57 1 6 11 12 14 15 16 17 18 20 23 25 26 28 29 30 32 35 36 39 40 42 44 46 47 48 49 51 53 54 55 56 57 59 61 62 64 65 69 70 71 72 73 74 76 77 80 81 82 83 86 89 94 96 97 98 99
4 87 1 2 3 5 6 7 8 9 10 11 12 14 15 16 17 18 19 20 21 22 23 24 25 26 27 29 30 31 32 34 35 36 37 38 40 41 42 43 46 47 48 49 50 51 52 53 55 56 57 58 59 60 61 62 63 64 65 66 67 68 69 70 71 72 73 74 75 76 78 79 81 82 83 84 85 86 87 88 89 90 91 92 93 95 96 98 99
5 74 1 2 4 6 7 8 10 11 14 15 18 19 21 22 23 24 27 28 29 30 31 33 34 35 36 38 40 41 42 43 44 45 46 47 49 50 51 52 54 55 56 57 58 61 62 63 64 65 67 69 70 73 74 75 76 77 79 80 82 83 86 87 88 89 90 91 92 93 95 96 97 98 99 100
6 77 1 2 3 7 8 10 11 12 13 15 16 17 18 19 20 21 22 23 25 26 28 29 30 31 32 33 34 35 36 37 39 40 43 44 45 46 48 49 51 52 53 54 55 56 57 58 59 60 61 63 64 66 67 68 69 70 71 72 73 74 75 76 77 81 82 83 84 85 86 88 91 92 93 97 98 99 100
7 73 1 3 5 8 9 10 11 12 13 15 16 17 18 19 20 22 24 25 26 27 28 29 30 31 32 33 34 35 38 40 41 42 43 44 45 46 47 48 50 51 52 53 55 56 57 58 59 61 62 64 65 66 68 69 72 75 76 77 78 79 81 83 84 85 87 90 92 94 96 97 98 99 100
8 58 5 6 9 10 11 13 15 17 22 25 26 27 28 29 30 33 34 36 38 41 45 46 47 48 49 54 55 57 58 59 60 61 62 63 66 67 68 69 70 71 72 73 74 79 81 83 84 85 86 88 89 90 91 94 96 97 98 99
9 94 1 2 3 4 5 6 8 10 11 12 13 14 15 16 17 18 19 20 21 22 23 24 25 26 27 28 29 30 31 32 33 34 35 36 37 38 39 41 42 43 44 45 46 47 48 49 50 51 52 53 54 55 56 57 59 60 61 62 63 64 65 66 67 68 69 70 71 73 74 75 76 77 78 79 80 81 82 83 84 85 86 87 88 89 90 91 93 94 95 96 97 98 99 100
10 96 1 2 3 4 5 6 7 8 9 11 12 13 14 15 16 17 18 19 20 21 22 23 24 25 27 28 29 30 31 32 33 34 35 36 37 38 39 40 41 42 43 44 45 46 47 48 49 50 51 52 53 54 55 56 57 58 59 60 61 63 64 65 66 67 68 69 70 71 72 73 74 75 76 77 78 79 80 81 82 83 84 85 86 87 88 89 90 91 92 93 95 96 97 98 99 100
11 72 1 2 3 4 5 6 7 12 13 14 15 18 19 20 22 23 24 25 26 27 28 29 31 35 36 37 38 39 40 41 43 44 45 46 47 49 56 57 58 59 60 62 63 64 65 66 67 68 70 71 72 73 74 75 76 77 78 79 81 82 83 84 85 86 87 88 91 92 93 97 98 99
12 63 1 2 3 4 6 7 8 9 10 13 15 16 18 19 20 22 23 24 25 29 30 31 33 34 36 37 38 39 40 43 44 47 48 49 50 51 52 54 58 62 64 66 67 68 70 71 73 77 78 79 80 82 84 86 87 88 89 90 93 97 98 99 100
13 73 2 3 4 5 6 7 8 10 12 16 17 18 19 21 23 25 26 27 28 29 31 32 33 36 38 39 41 43 44 45 46 47 49 50 51 52 53 54 55 57 59 60 61 62 63 64 65 66 67 68 69 71 74 76 77 78 79 80 81 83 84 85 86 87 88 90 91 92 95 96 97 98 99
14 95 1 2 3 4 5 6 7 8 9 10 11 12 13 15 16 17 18 19 20 21 22 23 24 25 26 27 28 29 30 31 32 33 34 35 36 37 38 39 40 42 43 44 45 46 47 48 50 51 53 54 55 56 57 58 59 60 61 62 63 64 65 66 67 68 69 70 71 72 73 74 75 76 77 78 79 80 81 83 84 85 86 87 88 89 90 91 92 93 94 95 96 97 98 99 100
15 73 1 2 3 4 8 9 11 12 13 14 16 17 18 19 20 21 23 24 25 26 27 28 29 30 32 33 34 35 36 37 39 40 41 42 43 44 45 47 48 49 53 54 56 57 58 59 63 65 66 67 69 70 72 73 74 75 76 78 79 82 84 85 86 88 90 91 92 93 95 96 97 98 99
16 63 3 4 6 7 9 11 12 13 15 17 21 22 23 28 29 30 32 34 35 36 39 40 41 42 44 46 47 48 50 52 53 55 58 59 60 61 62 63 64 68 69 70 72 74 75 76 77 79 80 81 82 83 84 85 88 90 91 92 93 96 98 99 100
17 82 1 2 3 4 5 6 8 9 13 14 16 19 20 21 22 23 24 25 26 27 28 29 30 31 32 33 34 35 36 37 39 41 42 44 45 46 47 48 49 50 51 53 54 56 57 58 60 61 63 64 65 66 68 69 70 71 72 73 75 76 77 78 80 81 82 83 84 85 86 87 88 89 90 91 92 93 94 95 96 98 99 100
18 64 2 5 6 8 12 13 14 15 16 17 19 23 24 25 26 28 29 31 32 33 34 35 36 37 38 41 45 47 48 49 51 52 53 54 55 58 59 60 61 64 65 66 67 68 74 75 77 79 80 81 83 85 86 89 90 91 92 93 94 95 97 98 99 100
19 58 1 2 4 6 10 11 13 14 15 16 17 20 22 24 29 30 31 34 35 36 39 40 41 42 43 44 45 49 51 52 53 54 56 57 58 59 61 63 65 66 67 68 69 70 72 76 78 80 81 82 85 88 89 90 96 98 99 100
20 90 1 2 3 4 5 6 7 8 9 10 11 12 13 14 15 16 17 18 19 21 22 23 24 25 26 27 28 29 30 31 32 33 34 35 36 37 38 39 40 43 44 45 46 47 48 49 50 51 52 53 54 55 57 58 59 62 63 64 65 66 67 68 69 70 71 72 73 74 75 76 78 79 80 81 82 84 85 86 87 88 89 90 92 93 94 95 97 98 99 100
21 75 1 2 5 6 8 9 10 11 12 13 14 16 17 18 19 20 22 24 25 26 27 28 29 30 31 32 33 35 36 37 38 39 40 41 42 43 44 45 46 48 52 53 54 55 56 57 58 62 63 64 66 68 70 71 72 74 75 77 78 79 80 81 82 84 85 86 87 88 89 93 95 96 97 98 100
22 57 1 2 3 5 6 7 8 9 10 13 14 20 21 23 24 26 27 28 31 34 35 36 37 38 45 46 47 49 51 52 55 56 59 61 62 63 64 66 67 68 70 71 72 75 76 79 80 85 86 87 89 93 95 96 97 98 99
23 90 2 3 4 5 6 7 8 9 10 11 12 13 14 15 16 17 18 19 21 22 24 25 27 28 29 30 31 32 33 34 35 36 37 38 39 40 41 42 43 44 45 46 47 48 49 50 51 53 54 55 56 57 58 59 60 61 62 63 64 65 66 67 68 69 70 72 74 75 76 77 78 79 80 81 82 83 84 86 87 88 89 90 91 92 93 95 96 98 99 100
24 95 1 2 3 4 5 6 7 8 9 10 11 13 14 15 16 17 18 19 20 21 22 23 25 26 29 30 31 32 33 34 35 36 37 38 39 40 41 42 43 44 45 46 47 48 49 50 51 52 53 54 55 56 57 58 59 60 61 62 63 64 65 66 67 68 69 70 71 72 73 74 75 76 77 78 79 80 81 82 84 85 86 87 88 89 90 91 92 93 94 95 96 97 98 99 100
25 50 1 2 3 5 8 10 11 13 18 19 23 24 26 29 30 32 33 34 35 36 39 40 42 44 46 49 50 51 55 57 59 61 62 64 65 72 74 75 77 78 80 84 86 87 89 90 92 94 95 97
26 68 1 3 4 5 6 7 8 10 11 13 14 16 17 19 21 23 25 28 29 30 34 35 39 41 42 43 44 45 46 47 48 50 52 54 56 58 60 61 62 63 64 65 67 70 71 72 73 74 75 76 77 78 81 82 84 86 87 88 90 91 92 93 94 95 96 97 99 100
27 85 1 2 4 6 7 9 10 11 12 13 14 15 16 17 18 19 20 21 23 24 26 28 29 30 31 32 33 34 35 36 37 38 40 42 43 44 45 46 47 49 50 51 52 53 55 56 57 58 59 60 61 62 65 67 68 69 70 72 73 74 75 76 77 78 79 80 81 82 83 84 85 86 87 88 89 90 91 92 94 95 96 97 98 99 100
28 70 1 2 3 4 5 6 7 8 9 11 12 14 17 19 20 21 22 23 24 25 26 27 31 35 37 38 41 42 43 44 46 47 48 49 50 51 52 54 56 58 59 60 61 62 63 65 67 68 69 70 71 72 76 78 79 80 81 85 86 87 88 89 90 91 93 94 96 98 99 100
29 73 1 2 3 5 6 9 10 12 13 14 15 16 17 19 20 21 22 24 25 26 28 31 32 33 35 37 38 39 40 41 42 44 45 46 47 50 52 53 54 55 56 57 58 59 60 61 62 63 64 67 68 69 70 71 73 75 76 77 80 81 83 85 86 88 89 90 91 94 95 97 98 99 100
30 97 1 2 3 4 6 7 8 9 10 11 12 13 14 15 16 17 18 19 20 21 22 23 24 25 26 27 28 29 31 32 33 34 35 36 37 38 39 40 41 42 43 44 45 46 47 48 49 50 51 52 53 54 55 56 57 59 60 61 62 63 64 65 66 67 68 69 70 71 72 73 74 75 76 77 78 79 80 81 82 83 84 85 86 87 88 89 90 91 92 93 94 95 96 97 98 99 100
31 82 1 3 4 5 6 7 8 9 10 11 12 13 14 15 16 17 18 19 22 23 24 27 30 32 33 34 35 36 37 38 41 42 43 45 46 47 48 49 50 51 52 53 54 55 56 57 58 59 61 62 63 64 65 66 67 68 69 71 72 75 76 77 78 79 80 82 83 84 85 86 87 88 89 90 91 92 93 94 95 96 97 100
32 66 1 2 4 5 7 9 10 11 12 13 14 16 17 18 21 22 23 24 25 26 27 29 30 31 33 34 35 38 39 40 41 42 43 44 46 47 48 50 52 53 59 60 61 62 63 65 68 71 73 74 75 78 80 81 85 86 88 89 90 91 93 94 95 96 97 100
33 87 1 2 3 4 5 6 8 9 10 11 12 13 14 15 16 17 18 19 20 22 23 24 25 26 27 30 31 32 34 36 37 38 39 40 41 42 43 44 45 46 47 49 50 51 52 53 54 55 56 57 58 59 60 61 62 63 64 65 66 67 68 69 70 71 72 73 74 76 77 78 79 80 82 83 86 87 88 90 91 92 93 94 95 97 98 99 100
34 57 3 4 7 8 9 12 13 15 16 17 22 24 26 27 28 29 31 32 33 39 40 41 43 44 45 46 47 48 49 50 51 52 54 55 56 60 62 63 64 66 68 69 71 73 75 78 81 82 83 84 85 86 87 91 93 94 95
35 52 1 2 4 5 6 9 10 16 17 20 23 24 25 26 28 29 30 34 36 37 38 39 40 42 43 44 48 49 50 51 52 53 65 66 67 68 70 75 79 81 82 83 84 85 86 87 88 92 93 94 98 100
36 86 1 2 3 4 5 6 7 8 9 10 11 13 14 15 16 17 19 20 22 24 25 26 27 29 30 32 33 34 35 37 38 39 40 42 43 44 45 46 47 48 49 50 51 53 54 55 56 57 58 59 60 61 62 64 65 66 68 69 70 71 72 73 75 77 78 79 80 82 83 84 85 86 87 88 89 90 91 92 93 94 95 96 97 98 99 100
37 86 1 2 3 4 5 6 7 9 11 12 13 14 15 16 17 18 19 20 21 22 23 25 26 27 30 31 33 34 35 36 38 39 40 41 42 43 44 46 47 48 49 50 51 52 53 54 55 56 57 59 60 61 63 65 66 67 68 70 71 72 73 74 75 76 77 78 79 81 82 83 84 85 86 87 88 89 90 91 92 93 94 95 96 98 99 100
38 93 1 2 3 4 5 6 7 8 9 10 11 12 13 14 15 16 17 18 19 20 21 22 23 24 25 26 27 28 29 30 31 32 33 34 35 37 39 40 41 42 43 44 45 46 47 48 49 51 52 53 54 55 58 59 60 61 62 63 65 66 67 68 70 71 72 73 74 75 76 77 78 79 80 81 82 83 84 85 86 87 88 89 90 91 92 93 94 95 96 97 98 99 100
39 51 1 3 5 8 9 10 11 15 16 17 18 20 21 23 24 28 30 31 36 37 42 46 48 51 55 56 59 60 61 62 63 67 68 71 73 74 75 78 80 82 84 85 88 89 92 93 94 95 96 99 100
40 84 1 2 3 5 6 7 8 9 10 11 12 13 14 15 16 17 18 19 20 23 24 26 27 28 29 30 31 32 34 35 36 38 39 41 42 43 44 45 46 47 48 50 52 53 54 55 56 57 58 59 61 62 64 65 66 67 69 70 71 72 73 74 75 76 77 78 79 82 83 85 86 87 88 89 90 91 92 93 94 95 96 98 99 100
41 54 1 6 7 8 11 13 15 16 19 20 21 22 23 24 27 28 30 35 37 38 44 45 46 49 50 52 53 54 55 56 57 60 61 62 63 64 66 69 70 72 74 76 78 80 81 83 84 85 91 93 95 96 98 100
42 71 1 3 5 6 7 8 9 10 11 12 13 15 16 17 20 21 23 24 26 27 29 30 31 32 33 36 38 39 40 41 43 45 46 47 48 49 50 51 52 53 54 55 56 57 58 61 62 65 68 69 71 72 75 76 77 78 79 80 82 83 84 85 87 88 91 94 95 96 97 98 99
43 61 2 4 5 6 7 9 10 17 18 19 20 21 22 23 24 25 26 28 30 33 36 37 38 39 40 42 45 46 47 52 53 54 56 60 61 62 64 65 66 70 71 72 73 74 76 77 78 79 80 85 86 87 89 90 91 92 93 94 96 97 98
44 96 1 2 3 4 5 6 7 8 9 10 11 12 13 14 15 16 17 18 19 20 21 22 23 24 25 26 27 28 29 30 31 32 33 34 35 36 37 38 39 40 41 42 43 45 46 47 48 49 50 51 52 53 54 55 56 57 59 60 61 62 63 64 65 66 67 68 69 70 71 72 73 74 76 77 78 79 80 81 82 83 84 85 87 88 89 90 91 92 93 94 95 96 97 98 99 100
45 54 3 5 6 7 9 10 12 16 19 20 21 23 26 27 29 30 31 33 34 40 41 42 43 46 48 50 53 54 55 57 59 60 61 62 65 66 67 69 70 74 76 79 81 83 85 86 87 91 94 95 96 97 98 99
46 77 1 4 5 8 9 10 11 12 13 14 15 17 19 20 21 23 24 25 26 27 28 29 32 33 34 35 37 38 40 41 42 43 44 45 47 48 52 53 54 55 56 57 58 60 61 62 63 64 65 67 68 69 71 72 73 74 75 77 78 79 80 81 83 84 85 86 87 88 89 90 91 93 94 95 97 98 99
47 60 1 3 5 6 7 8 11 14 15 17 19 20 21 22 23 24 25 27 28 29 30 31 32 33 35 36 37 41 44 45 48 49 53 55 56 60 61 63 65 66 68 69 72 73 74 75 76 80 81 82 84 85 87 88 90 91 93 96 98 100
48 80 1 2 3 5 6 8 9 10 11 12 13 14 15 17 18 20 21 22 24 25 28 29 31 33 34 35 36 37 38 39 40 41 44 46 47 49 50 51 52 53 54 55 56 59 61 62 63 64 65 66 67 69 70 72 73 74 75 77 78 79 80 81 82 83 84 85 86 87 88 89 90 91 92 93 94 95 96 98 99 100
49 70 2 4 5 7 8 9 10 11 14 15 16 17 19 20 22 24 27 28 29 30 31 33 35 36 37 38 39 40 41 42 43 44 45 46 47 50 51 53 55 56 58 59 62 63 64 67 68 69 70 71 72 73 74 75 76 79 80 81 82 83 87 89 90 91 93 95 97 98 99 100
50 64 1 2 3 5 8 10 13 15 16 17 21 23 25 26 27 28 32 34 36 37 38 40 41 42 43 45 46 47 48 49 51 52 54 55 56 57 60 61 63 65 67 68 69 70 72 75 77 79 80 82 84 86 87 88 89 90 91 92 93 94 95 96 98 100
51 60 1 5 8 11 12 13 14 15 17 18 20 21 22 23 25 26 30 32 33 34 35 36 37 39 40 42 43 44 47 52 56 57 58 59 60 65 68 69 70 72 73 74 76 77 78 80 81 82 83 85 87 88 90 91 92 94 95 96 99 100
52 82 1 2 3 4 5 7 8 10 11 12 13 15 16 17 18 20 21 23 25 27 28 29 30 31 32 33 34 36 37 38 39 41 42 43 44 45 46 47 48 49 50 51 53 54 55 56 57 60 62 63 64 65 66 68 69 71 72 73 75 76 77 78 79 80 81 82 83 84 85 86 87 89 90 91 92 93 95 96 97 98 99 100
53 72 1 2 3 4 5 7 8 9 10 11 12 13 15 18 19 21 22 23 24 25 26 27 28 29 30 32 33 34 36 37 39 41 42 43 44 45 46 48 49 50 51 52 56 57 58 60 61 62 63 65 66 68 70 71 72 74 75 78 79 82 83 86 88 89 90 91 93 94 95 97 98 100
54 78 1 3 4 5 7 11 14 15 17 18 19 20 21 23 25 26 27 28 29 30 31 33 35 36 37 39 40 41 42 43 44 45 46 47 48 49 50 51 52 53 55 56 57 58 59 60 61 62 63 64 66 67 68 69 70 72 73 74 75 77 78 79 82 84 85 86 87 88 89 90 91 92 93 95 96 97 98 99
55 69 1 2 3 4 5 6 7 8 9 10 11 13 14 17 19 20 21 22 23 25 26 29 32 33 34 36 37 39 40 44 46 47 48 49 51 53 54 56 58 59 60 61 62 63 66 67 68 69 72 73 74 75 77 78 79 80 84 85 86 87 88 89 92 93 94 95 97 98 99
56 54 2 3 4 5 6 7 13 15 16 19 20 23 26 31 36 40 41 42 43 49 53 55 58 59 60 61 62 63 64 65 66 67 69 70 71 72 73 74 75 76 79 80 81 82 83 85 87 91 92 94 95 97 99 100
57 74 2 3 4 5 6 9 10 13 14 15 16 17 18 19 20 21 24 25 27 29 30 32 34 36 37 39 40 41 43 44 45 46 48 49 50 51 52 53 56 58 59 60 62 63 65 67 68 69 70 71 72 74 75 76 77 78 79 80 82 83 84 85 86 88 90 91 92 93 95 96 97 98 99 100
58 71 1 3 6 7 8 9 11 13 14 15 16 18 19 20 21 22 23 24 25 26 27 28 29 30 32 34 35 37 38 39 41 42 43 44 45 46 47 48 49 51 52 53 55 59 60 63 64 66 68 69 70 71 72 73 74 77 79 81 83 84 85 87 88 89 90 91 92 94 98 99 100
59 97 1 2 3 4 5 6 7 8 9 10 11 12 13 14 15 16 17 18 19 20 21 22 23 24 25 26 27 28 29 30 31 32 33 34 35 36 37 38 39 40 41 42 44 45 46 47 48 49 50 51 52 53 54 55 56 57 58 60 61 62 63 64 65 66 67 68 69 70 71 72 73 75 76 77 78 79 80 81 82 83 84 85 86 87 88 89 90 91 92 93 94 95 96 97 98 99 100
60 99 1 2 3 4 5 6 7 8 9 10 11 12 13 14 15 16 17 18 19 20 21 22 23 24 25 26 27 28 29 30 31 32 33 34 35 36 37 38 39 40 41 42 43 44 45 46 47 48 49 50 51 52 53 54 55 56 57 58 59 61 62 63 64 65 66 67 68 69 70 71 72 73 74 75 76 77 78 79 80 81 82 83 84 85 86 87 88 89 90 91 92 93 94 95 96 97 98 99 100
61 52 2 6 7 9 12 14 15 17 19 22 23 24 27 29 31 32 35 38 42 43 44 45 47 48 51 52 53 56 57 58 59 60 64 65 68 69 71 73 75 76 77 79 81 83 84 85 92 93 94 96 98 100
62 98 1 2 3 4 5 6 7 8 9 10 11 12 13 14 15 16 17 18 19 20 21 22 23 24 25 26 27 28 29 30 31 32 33 34 35 36 37 38 39 40 41 42 43 44 45 46 47 48 49 50 51 52 53 54 55 56 57 58 59 60 61 63 64 65 66 68 69 70 71 72 73 74 75 76 77 78 79 80 81 82 83 84 85 86 87 88 89 90 91 92 93 94 95 96 97 98 99 100
63 87 1 2 3 4 5 6 7 8 9 10 11 12 13 14 16 18 19 20 21 22 23 24 25 26 27 28 29 31 32 33 35 36 37 38 40 41 42 43 44 45 46 47 48 49 50 52 53 54 55 57 58 59 60 61 62 64 65 66 67 68 69 70 71 72 73 74 75 76 77 78 79 80 81 82 83 84 85 87 89 90 91 93 94 95 97 99 100
64 93 1 2 4 5 6 7 8 9 10 11 12 14 15 16 17 18 20 22 23 24 25 26 27 28 29 30 31 32 33 34 35 36 37 38 39 40 41 42 43 44 45 46 47 48 50 51 52 53 54 55 56 57 58 60 61 62 63 65 66 67 68 69 70 71 72 73 74 75 76 77 78 79 80 81 82 83 84 85 86 87 88 89 90 91 92 93 94 95 96 97 98 99 100
65 87 1 2 3 4 5 6 7 8 9 11 12 13 14 15 17 18 19 20 21 22 23 24 25 26 27 29 30 31 32 33 35 37 38 39 40 41 42 44 45 46 47 48 49 51 52 53 54 55 56 57 59 62 63 64 66 67 68 70 71 72 73 74 75 76 77 78 79 80 81 82 83 84 85 86 87 88 89 90 91 92 93 94 95 97 98 99 100
66 78 3 4 5 6 7 11 12 13 14 15 16 17 19 20 21 23 24 25 27 28 29 31 32 33 34 35 36 37 38 39 41 42 43 44 45 46 47 48 49 50 51 52 53 54 55 58 59 60 64 65 68 71 72 73 74 75 76 77 78 79 80 81 83 85 86 87 89 90 91 92 93 94 95 96 97 98 99 100
67 60 3 4 5 7 8 9 10 11 12 13 15 17 20 22 23 24 27 29 30 31 33 34 35 36 37 38 39 42 45 47 49 50 51 52 53 54 56 57 58 59 62 63 65 66 69 71 73 75 78 80 81 85 89 91 93 96 97 98 99 100
68 77 1 3 5 7 8 9 10 11 12 13 14 15 16 17 18 20 21 22 23 28 30 32 33 34 35 36 37 39 40 42 44 47 48 49 50 51 52 53 54 55 56 57 58 59 60 61 62 63 64 65 66 67 69 70 71 72 73 75 77 78 80 81 84 85 86 87 88 89 90 92 93 94 95 96 98 99 100
69 73 2 3 4 5 6 7 8 10 12 13 17 18 19 20 21 22 25 26 28 29 30 32 33 34 36 37 38 39 40 42 43 45 46 47 48 49 53 55 56 57 58 60 61 63 64 65 66 68 70 71 72 73 74 75 76 77 80 81 85 86 87 88 90 91 92 93 94 95 96 97 98 99 100
70 83 1 2 3 4 6 7 8 9 10 12 13 15 16 17 18 19 21 22 23 26 27 28 29 30 31 32 33 35 36 38 40 41 42 43 44 45 46 47 49 50 51 52 53 54 55 57 58 59 60 61 63 64 65 67 68 69 71 72 73 74 75 76 77 78 79 80 82 83 84 85 86 87 88 89 90 91 92 93 94 96 97 98 99
71 75 1 2 3 4 6 7 8 11 13 14 16 17 18 19 20 21 22 23 24 25 27 29 30 31 33 34 36 37 41 42 43 44 45 46 48 50 51 52 54 55 57 58 59 60 61 62 63 64 65 66 67 68 69 70 72 75 76 77 79 80 81 82 83 85 86 87 88 89 90 91 93 94 95 96 97
72 61 1 2 5 7 10 12 13 17 20 21 22 23 27 28 29 31 34 35 36 37 38 39 40 42 43 44 45 47 48 49 52 54 55 57 58 61 62 64 65 66 68 70 73 74 75 76 78 79 82 83 84 87 88 89 91 92 93 94 95 96 100
73 68 2 3 4 5 6 7 12 13 14 16 17 18 19 20 21 22 24 28 29 31 32 33 35 36 37 38 39 40 41 42 43 45 46 47 48 50 52 53 54 55 56 57 58 60 61 62 64 66 67 70 72 74 75 77 78 79 80 82 83 84 85 86 87 89 91 93 98 100
74 88 1 2 3 4 5 6 7 9 10 11 13 14 15 16 19 20 21 22 23 24 25 27 28 29 30 31 32 33 34 35 36 37 38 39 41 42 43 44 45 46 47 49 50 51 52 53 55 56 57 58 59 60 61 62 63 64 65 66 67 68 69 70 72 73 75 77 78 79 81 82 83 84 85 86 87 88 89 90 91 92 93 94 95 96 97 98 99 100
75 95 1 2 3 4 5 6 7 8 9 10 11 12 13 14 15 17 18 19 20 21 22 23 24 25 26 27 28 29 30 31 32 33 34 35 37 38 39 40 41 42 43 44 45 46 47 48 50 51 52 54 55 56 57 58 59 60 61 62 63 64 65 66 67 68 69 70 71 72 73 74 76 77 78 79 80 81 82 83 84 85 86 87 88 89 90 91 92 93 94 95 96 97 98 99 100
76 55 3 4 5 6 8 9 10 11 13 19 20 21 22 24 25 26 28 30 31 33 34 35 40 42 43 46 47 48 51 56 60 61 63 66 67 70 71 72 74 77 78 79 81 82 83 85 86 90 91 93 94 95 97 99 100
77 91 1 2 3 4 5 6 7 8 9 10 11 13 14 15 16 17 18 19 20 21 22 23 24 25 26 27 28 29 30 31 32 33 34 35 37 38 39 40 41 42 43 44 45 46 47 48 49 50 51 53 54 56 57 58 59 60 61 62 63 64 65 67 68 69 70 71 72 73 74 75 76 78 79 80 81 82 83 84 85 86 87 89 90 92 93 94 96 97 98 99 100
78 69 2 3 4 5 6 7 8 9 10 12 13 14 15 17 19 21 22 23 24 25 26 27 29 30 31 33 34 36 38 41 42 43 44 45 46 48 49 51 53 54 55 58 60 61 62 63 64 66 68 69 70 71 72 73 74 75 76 80 81 83 88 90 91 92 93 95 96 97 99
79 74 1 3 7 8 13 14 17 18 19 20 22 23 24 25 26 27 28 29 30 31 32 33 34 35 36 37 39 40 41 42 43 45 46 48 49 54 55 56 57 58 61 62 63 64 65 66 67 69 70 71 72 74 75 76 77 78 80 81 82 83 84 86 87 88 89 90 91 92 93 95 96 97 98 99
80 92 1 2 3 4 5 6 7 8 9 10 11 12 13 15 16 17 18 19 20 21 22 23 24 25 26 27 28 29 30 31 32 33 34 35 36 37 39 40 41 43 44 45 46 47 48 49 50 51 52 54 56 57 58 59 60 61 62 63 64 65 66 67 68 69 70 71 72 73 74 75 76 77 78 79 81 83 84 85 86 87 88 89 90 91 93 94 95 96 97 98 99 100
81 51 2 6 10 11 13 15 16 17 20 21 23 24 25 29 32 33 34 41 44 45 46 47 48 49 50 51 52 53 56 59 60 61 64 65 66 67 68 71 75 77 82 84 85 87 90 92 93 94 95 99 100
82 94 1 2 3 4 5 6 7 8 9 10 11 12 13 14 15 16 17 18 19 20 21 22 23 24 25 26 27 28 29 30 31 33 34 35 36 37 38 39 40 41 42 43 44 46 47 49 50 51 52 53 54 55 56 57 58 59 61 62 63 64 65 66 67 68 69 70 71 72 73 74 75 76 77 78 80 81 83 84 85 86 87 88 89 90 91 92 93 94 95 96 97 98 99 100
83 64 1 3 4 5 10 12 18 21 25 26 29 30 31 32 33 34 36 38 39 40 41 42 44 45 47 49 50 51 52 53 54 55 57 58 60 61 64 65 67 68 70 71 72 73 74 75 77 78 79 82 84 85 87 88 89 90 91 92 94 95 96 97 98 99
84 83 1 2 3 4 5 6 7 8 9 10 11 12 13 14 16 18 19 20 22 23 24 25 26 27 28 29 30 32 33 34 35 37 38 39 40 41 43 44 47 49 50 51 52 54 55 56 57 58 59 60 61 62 63 64 66 67 69 70 71 73 74 75 76 77 78 79 80 81 82 83 85 86 87 88 89 90 91 92 95 96 97 98 100
85 50 2 5 8 9 10 15 17 19 21 22 24 25 26 27 28 29 35 38 39 40 41 42 44 46 50 51 52 54 58 61 67 68 69 70 71 72 73 77 79 80 82 83 84 86 89 90 93 94 97 98
86 67 2 5 6 8 9 13 14 15 18 21 22 23 24 25 27 28 30 32 33 34 35 36 37 38 39 40 42 44 47 48 49 50 52 54 55 57 58 59 60 61 62 63 64 66 67 68 70 71 73 74 75 77 78 79 80 81 84 85 88 90 91 92 94 95 96 98 99
87 69 1 3 4 6 7 9 10 12 13 14 15 16 17 19 20 22 24 25 26 27 29 30 34 35 36 39 40 42 43 44 46 47 48 49 52 53 54 56 58 59 61 64 65 67 68 69 70 71 73 75 76 78 79 81 82 83 84 85 86 89 90 91 92 93 94 95 97 99 100
88 96 1 2 3 4 6 7 8 9 10 11 12 13 14 15 16 17 18 19 20 21 22 23 24 25 26 27 28 29 30 31 32 33 34 35 36 37 38 39 40 41 42 43 44 45 46 47 48 49 50 51 52 53 54 55 56 57 58 59 60 61 62 63 64 65 66 67 68 69 70 71 72 74 75 76 77 78 79 80 81 82 83 84 85 86 87 89 90 91 92 94 95 96 97 98 99 100
89 96 1 2 3 4 5 6 7 8 9 10 11 12 13 14 15 16 18 19 20 21 22 23 24 25 26 27 28 29 30 31 32 33 34 35 36 37 38 39 40 41 42 43 44 45 46 47 48 49 50 51 52 53 54 55 56 57 58 59 60 61 62 63 64 66 67 68 69 70 71 72 73 74 75 76 77 78 79 81 82 83 84 85 86 87 88 90 91 92 93 94 95 96 97 98 99 100
90 75 2 4 5 6 9 11 13 14 15 16 17 19 21 22 23 24 25 27 28 30 32 33 34 35 36 37 38 39 40 41 42 43 44 45 46 47 48 49 50 51 52 53 55 56 58 59 60 62 63 64 66 67 68 69 70 72 75 77 79 80 81 82 84 85 87 88 89 91 92 94 96 97 98 99 100
91 57 1 5 7 9 10 11 12 15 16 17 18 19 20 24 27 28 30 31 32 33 34 35 36 38 39 40 42 43 44 45 47 49 50 51 61 63 66 67 69 70 71 74 75 76 81 82 83 86 87 90 92 93 95 96 97 98 100
92 61 1 3 4 5 6 8 9 10 12 13 16 17 18 19 23 25 28 29 30 32 34 35 36 37 38 40 43 44 47 49 52 53 55 56 58 59 60 65 66 67 68 69 72 75 78 80 81 82 83 84 86 88 89 91 93 94 96 97 98 99 100
93 59 2 3 4 5 6 8 9 10 11 12 14 15 16 17 18 19 21 22 23 25 27 29 30 31 32 33 34 36 37 38 39 42 43 46 48 50 52 53 55 56 57 58 59 61 67 68 69 73 74 76 80 82 83 85 86 89 90 91 100
94 56 1 2 4 5 6 7 9 11 17 18 19 21 26 29 30 31 33 37 38 39 40 41 44 45 46 48 49 50 51 52 54 55 56 57 62 63 64 74 76 77 78 79 80 82 83 84 85 86 88 92 93 95 96 97 99 100
95 51 1 2 6 9 11 12 13 15 16 18 20 21 23 25 28 31 32 34 40 41 45 47 48 50 52 53 54 59 62 64 66 68 69 72 75 76 77 79 80 81 82 83 85 88 91 92 93 96 98 99 100
96 95 1 2 3 4 5 6 7 8 9 10 11 12 13 14 15 16 17 18 19 20 21 22 23 24 25 26 27 28 29 30 31 32 33 34 35 37 38 39 40 42 43 44 45 46 47 48 49 50 51 52 53 54 55 56 57 58 59 60 61 62 63 64 65 66 67 68 69 70 71 72 73 74 75 76 77 78 79 80 81 82 83 84 85 86 87 89 90 91 92 93 94 97 98 99 100
97 69 3 4 5 7 8 9 10 13 15 16 17 18 19 20 21 23 24 25 26 27 30 32 33 34 36 37 38 39 40 41 42 43 44 45 46 48 50 52 53 56 62 63 64 65 66 67 68 69 71 72 73 74 77 78 79 80 81 82 85 87 89 90 91 92 93 94 95 96 98
98 50 1 2 5 6 7 8 11 13 18 20 21 23 24 26 29 30 34 36 37 43 47 49 50 53 55 58 60 62 64 65 67 68 69 71 73 74 75 76 78 79 80 82 83 85 86 87 89 91 92 96
99 51 1 3 5 8 10 11 12 14 15 17 18 21 26 27 28 31 34 37 39 42 43 44 46 48 49 51 54 55 56 58 60 61 62 68 70 71 73 74 75 77 81 82 87 89 91 92 93 94 95 97 98
100 87 1 2 3 4 5 7 8 9 10 11 12 13 14 15 16 17 18 19 20 21 22 23 24 25 26 27 28 29 30 31 32 33 34 36 37 38 40 41 42 43 44 47 48 49 50 51 52 53 54 55 56 57 58 59 60 61 62 63 64 66 67 68 70 72 73 74 75 76 77 79 80 81 82 83 84 86 87 88 89 90 91 93 94 95 96 97 99
