12 2 10000
2333 4848 5943 5890 2303 5789 8394 9054 3478 1204 4585 4984
7890 4567 8762 7833 8798 2134 1000 2348 3849 3892 8912 3478
8291 2889 2903 8933 9318 2819 8928 8290 8921 2891 2898 2812
3987 6782 7899 7892 7689 7980 8888 9999 2222 1111 3333 4444
5555 6666 7777 8888 9999 1112 1113 1114 1115 1116 1117 1118
1119 2000 2001 2002 2003 2004 2005 2006 2007 2008 2009 2010
2011 2012 2013 2014 2015 2016 1027 2901 2891 8238 3820 3283
3000 3001 3002 3003 3004 3005 3006 3007 3008 3009 1829 3010
4000 4001 4002 4003 4004 4005 4006 4007 4008 4009 4010 4011
8392 5000 5001 5002 5003 5004 5005 5006 5007 5008 5009 5010
6000 5600 6001 6002 6003 8111 6004 6005 6006 6007 6008 6009
7898 7000 7001 7002 7003 7004 7005 7006 7077 2077 7078 2023
