660
55
-89
27
-6
93
83
-27
49
-81
4
-35
95
-22
-37
-14
-82
36
27
86
-66
36
-29
8
74
-8
48
-39
79
-97
5
-87
0
41
37
77
-68
-22
-85
10
33
70
-69
95
-57
-92
84
-65
-88
-99
-32
33
14
-100
44
-50
5
-83
70
-62
-80
-13
7
-6
25
28
-5
3
22
-8
-67
50
60
94
54
88
88
-69
93
61
-30
19
-68
54
-6
-56
8
-93
31
92
-2
64
18
-56
2
-26
-78
12
91
-85
-27
-48
48
42
-62
82
16
82
-45
-9
-44
-47
-31
-70
-2
97
52
-1
-75
5
-90
5
-74
-25
29
98
43
-2
93
-20
-45
13
-7
95
96
-19
-48
25
69
-82
-44
-86
32
88
33
-61
-92
61
-43
-53
-2
37
72
79
-74
-30
83
68
-54
72
-21
90
12
73
-20
82
17
-10
-4
53
-75
-45
19
-13
79
-49
-4
-26
43
24
-59
13
53
13
24
70
-5
94
53
-10
32
-28
0
88
17
-89
-88
-44
-60
-82
-84
98
-94
-29
-42
34
-73
-70
-34
-82
-63
-61
24
-35
-54
85
98
-18
-80
31
80
-2
54
81
99
69
-78
18
-10
-66
-19
-21
52
-12
93
-70
58
6
24
35
-41
-3
59
-79
71
38
-45
-89
49
2
-27
68
-71
19
-96
-26
86
46
-55
82
-42
12
-49
84
-72
13
-81
-34
63
76
43
36
-38
30
-33
86
26
-91
93
-1
-96
-89
-77
19
-64
-84
30
-6
-76
-17
-6
76
59
-83
13
69
-77
-41
20
-78
-5
37
17
-56
88
-17
-57
-17
88
50
-39
-41
-35
-2
-21
40
60
-36
-21
30
99
88
19
60
96
99
-1
59
71
6
27
-5
-13
-98
45
30
-14
45
-51
84
50
65
-59
18
-32
63
20
73
-17
-8
42
65
55
-43
-40
-18
77
-13
54
-97
54
27
-47
-12
88
-59
80
-6
26
-98
57
91
-2
42
-84
-77
-60
7
-10
-5
91
33
6
-27
-10
43
47
99
-52
-14
-29
1
40
26
-48
-13
56
28
80
30
5
-61
7
-94
-100
-77
-21
-22
66
18
78
100
-37
58
-19
-8
67
-51
70
-13
-79
-51
-4
-98
47
-21
98
71
-72
-93
-66
-2
52
-96
-91
-97
43
63
90
-20
-32
-22
-62
-29
-76
15
-18
-95
95
64
-31
-22
-11
-38
89
-85
16
11
57
-53
-93
33
-87
64
68
67
-1
-48
-47
-15
14
13
57
38
-54
-68
97
-25
17
25
92
-99
47
-97
10
-100
32
4
2
-66
-75
-29
-72
-5
8
-44
5
96
54
89
-82
-95
85
-92
71
-100
93
-49
-44
60
-91
28
-93
-37
-87
7
87
13
96
-7
48
-68
28
79
18
33
65
-84
-39
27
71
18
70
-16
-26
-48
-42
56
-10
21
-2
79
-87
52
4
-23
-28
-5
-86
65
-56
-51
-4
-2
-47
-49
8
-60
-62
25
80
65
-84
-66
-59
69
25
34
69
-26
-62
96
-98
-15
-4
-99
31
-67
54
-55
84
-4
-78
10
-51
56
-69
85
-55
-34
71
24
69
40
-80
93
-87
-31
12
-53
51
-34
-97
-99
-64
95
-58
29
55
-21
-75
-48
49
-85
-73
-20
21
32
14
-35
73
-92
21
-25
-97
99
30
-88
-100
81
48
87
2
30
7
-8
-68
-41
-9
-34
-70
40
-64
-75
-32
-36
-4
28
80
-83
81
20
-24
-39
81
-68
-40
-27
75
-56
91
