622
31
12
55
47
95
67
63
28
78
-67
-79
36
100
89
52
-91
-74
-23
-5
74
92
-4
-92
74
-35
61
99
58
6
-90
15
-6
-62
-47
46
-94
-53
-50
71
98
19
90
-82
44
-73
-88
97
-22
-42
64
-9
11
-22
-1
-82
67
-23
-6
47
31
-72
45
-38
9
71
4
23
-97
97
-73
-49
-48
-84
91
50
-60
81
-13
-94
34
84
13
24
-40
-16
-58
-49
-93
-60
-53
-83
-30
-62
-19
79
33
71
70
31
21
2
-90
-17
-15
-83
41
-9
3
39
-44
1
-91
-98
-56
18
-41
-70
92
-52
79
-4
-23
77
-79
14
-5
30
-10
-25
-55
90
93
-42
-4
-69
23
-11
89
20
92
7
-71
-74
-50
-43
-100
-46
40
-35
-1
67
51
43
92
30
-94
-5
83
-40
-57
74
90
-70
39
25
-50
100
18
-74
-44
-90
82
82
-81
-17
43
33
90
-93
15
-26
-68
-51
87
-84
-7
-13
42
97
-76
28
35
-97
78
10
77
67
-35
-59
-14
-77
-93
-7
-85
-52
-34
-46
39
89
48
48
-98
14
5
48
6
-63
-91
-84
-91
-36
55
-65
86
-25
-62
-46
-4
12
81
47
-87
41
49
21
98
81
15
-61
77
-57
81
-18
-96
19
17
20
-42
50
46
-38
62
83
-52
-73
57
-52
-23
29
39
-13
-80
24
-21
59
87
94
-37
92
29
43
-27
39
-48
63
92
27
-5
-93
-6
68
-48
89
-8
-91
42
10
-43
-95
94
27
49
-25
65
-64
95
16
-23
89
-22
11
-10
42
-98
-20
87
-20
16
-15
-35
73
-99
89
85
1
-87
77
4
-71
-41
-91
-71
-38
-64
-2
100
35
-60
16
-2
-28
100
-2
-20
9
86
-66
51
70
76
75
-50
92
-5
79
-22
-17
0
95
-55
-47
28
70
-99
27
-77
-5
58
60
-24
54
14
-15
99
-87
-41
76
-97
64
9
-17
-28
17
-19
67
36
-58
-50
70
88
-17
-96
-95
-7
-71
98
-100
44
-45
61
-13
75
57
-93
79
-6
41
-4
-5
-56
-5
41
64
100
-24
48
-34
70
-20
-3
-95
100
-1
1
12
89
-65
14
-28
54
-52
67
-87
-50
-37
75
75
86
55
89
11
-6
-42
-93
-5
-38
84
29
-63
55
66
-40
33
-4
-32
75
-37
7
-14
-13
83
-42
7
-70
65
64
-77
-7
83
39
21
-86
75
60
-51
-40
32
76
-7
-35
-5
-91
-80
71
-76
-64
13
-55
69
59
-72
-8
66
72
-9
21
-33
53
78
74
-44
65
-23
-67
-99
-6
-42
-76
61
30
-86
-68
-56
80
-87
18
-30
14
71
96
-98
-19
-58
-13
-28
-46
-81
-16
11
-42
-81
30
90
90
-58
86
9
30
3
100
-16
-44
5
3
30
13
69
73
-60
-48
71
-61
-69
-32
14
45
79
-16
-42
16
-23
53
69
63
71
-94
32
-95
-43
-99
-88
-14
59
-21
91
5
-20
-60
-22
-80
29
-47
53
-9
42
-39
99
-64
100
77
43
73
9
-86
70
-56
-23
-57
-97
32
-25
-95
-60
-49
-16
15
-6
-38
80
2
-9
-46
-51
-78
52
28
-38
37
44
-61
89
-37
-100
-86
-23
-12
-53
-55
82
38
66
3
