773
68
-61
77
13
100
-98
-68
11
-83
-70
81
-17
11
16
78
-68
28
83
88
79
69
87
22
-84
92
-90
50
-24
-77
64
3
84
37
87
43
-31
-73
84
-88
-82
9
88
-67
-27
-45
-41
-14
-56
-97
25
85
-52
32
74
64
-81
97
-86
-41
-13
-49
64
-32
-58
80
3
-2
-74
30
-73
73
-72
-93
17
47
-87
22
13
-77
-38
83
-18
-20
70
61
-11
-91
36
-82
51
51
-4
0
-34
-92
23
-10
-1
93
-64
50
74
-33
-94
34
-90
-80
56
47
-36
-7
10
-78
91
21
2
6
-35
-3
-54
-58
60
5
-37
0
8
5
-8
-21
-45
34
67
9
-50
-57
-21
-7
80
-33
-95
-75
91
-1
-45
10
-34
-89
81
-20
-63
56
20
-37
-37
19
3
52
5
-61
28
-11
-39
99
-48
40
83
61
18
-22
-97
-16
18
-13
93
64
30
81
-66
24
-2
-100
78
-88
95
69
-48
-77
7
-96
-21
-68
93
-76
57
97
36
-18
-11
36
-62
-55
1
-79
-27
49
-75
82
75
96
13
-95
67
9
81
-6
-19
-61
-66
57
-32
-22
33
71
-66
-98
-88
2
-86
15
-26
56
-71
-13
80
80
-92
-82
7
58
-11
49
-69
-45
-32
44
-58
-28
-28
46
26
0
-74
28
69
34
-43
14
6
-84
-33
68
-62
47
-25
45
2
40
89
21
-76
-56
-61
67
16
-46
-15
-8
-91
-14
72
-74
51
46
49
-50
75
-1
-9
-49
76
59
-99
-63
-78
63
-27
46
4
-31
-96
6
-81
49
85
83
44
11
-51
-4
47
-93
81
62
-15
-28
-39
-42
-79
69
22
-32
70
3
-69
85
-73
-53
39
20
-97
-32
64
48
13
59
33
87
-74
-63
-72
8
69
-80
75
51
74
92
27
64
-45
42
11
92
96
4
46
25
-75
-71
3
8
38
-73
-94
88
-30
69
-32
39
-63
62
29
-16
81
16
-18
-85
77
-49
38
33
0
20
94
35
100
48
22
61
86
48
-88
-67
58
-99
14
-36
-20
-85
0
96
-11
-69
2
30
61
-48
80
15
66
63
22
-56
62
77
-55
76
-39
82
61
27
-25
74
-6
-54
58
-90
-96
-58
11
12
94
-67
-32
-41
-25
-57
90
57
-73
93
23
44
91
41
-1
-72
-20
70
-38
-77
-25
-80
-92
-61
68
78
-81
-83
-19
85
-32
-57
-5
8
21
-68
-92
-66
19
-41
-67
24
37
-24
-65
30
-93
-94
-6
-11
-13
58
95
-93
-72
26
-34
-1
-68
-91
-28
-33
66
-75
54
-25
-66
-92
39
-69
63
20
34
4
-37
-62
22
-76
46
44
45
-49
40
-10
-91
-65
96
48
64
-56
-16
59
-44
29
-84
28
-19
39
74
-24
-92
74
57
-56
-82
-39
-50
52
58
61
98
-68
-91
-38
15
-20
8
-93
50
97
56
-27
-38
-60
46
93
61
54
47
-67
99
89
68
68
-7
16
-83
40
-69
14
-26
-23
-29
49
-60
-26
-38
38
74
-28
58
15
-69
-81
27
7
46
-99
-90
50
89
-45
-22
85
100
-19
7
1
12
55
-83
-40
-67
-56
-3
-63
46
-79
17
-99
-75
3
4
93
-61
-89
-51
-88
24
39
83
-26
94
79
-13
49
-95
-71
-74
59
-65
37
-56
-92
32
-20
-31
73
-27
-78
-33
60
22
-20
-43
-26
-48
25
12
62
87
-27
-78
68
42
46
37
18
75
-94
98
0
21
77
46
58
75
80
-84
65
81
55
71
-14
25
-11
-60
-27
-64
-96
-80
42
21
-34
77
-67
22
87
5
-83
65
-47
90
-51
12
-15
-85
-63
98
27
32
-30
65
-33
40
77
87
-26
-62
-95
63
-22
-81
-4
24
50
44
-98
-100
-1
11
6
-6
-11
-33
22
89
-24
-15
-4
-54
10
-94
-89
70
25
98
13
68
-2
33
100
-63
-58
-84
-56
20
48
63
80
-93
-21
-76
-19
-26
-36
-95
-98
52
-23
-75
87
13
0
81
-82
59
-31
61
-54
-67
-19
