821
33
56
-17
20
21
-92
94
20
27
48
6
17
-96
5
-45
-4
89
-53
80
42
-41
66
-23
6
-49
-68
-99
-15
2
-49
68
-38
72
81
-92
-48
-58
-43
-22
-81
9
93
-23
-71
34
77
100
4
-60
39
-100
78
-44
-86
52
-73
-78
46
-49
73
-91
-23
23
22
-26
84
-17
-80
8
-21
100
-10
-57
-53
-46
98
47
-29
-82
75
14
-94
56
98
-60
-79
-77
-93
57
90
-56
-14
-17
44
11
61
-75
-93
93
-2
18
74
6
-93
-81
-65
0
-98
-85
-30
55
61
52
12
18
15
-38
-47
89
-51
-88
48
-92
-3
2
-53
-32
-46
53
13
46
-70
1
40
-90
46
54
-37
-75
-12
-3
8
-63
-14
-64
100
27
-69
37
-62
91
97
96
79
30
42
-65
-74
-54
82
-71
56
40
-96
87
-83
-19
78
-3
-70
-50
-5
13
-45
51
35
-53
17
-18
87
-14
-46
60
33
55
-26
2
96
-53
64
-49
-9
-82
-19
76
-37
45
-18
-83
87
-70
100
13
-73
34
45
35
-95
17
-71
64
-80
-52
-58
100
-21
-33
89
3
61
71
-86
-74
73
-83
-8
24
-17
-38
-83
-49
-58
32
63
-32
66
-82
-99
39
1
98
61
-77
9
92
79
-85
-71
21
3
48
38
81
-18
21
29
-69
72
-50
12
-59
25
6
74
-43
-11
44
-12
-4
-37
-71
-3
-41
-47
-79
53
-92
-72
-60
15
-42
25
18
87
80
37
-8
-33
-82
22
-48
98
49
54
-23
60
75
-82
64
-74
-48
32
-86
49
8
-96
31
-94
51
-59
3
-27
20
63
46
76
-65
-83
-51
-78
35
-53
40
87
-21
12
52
17
-67
54
97
-69
-80
-47
-61
5
27
67
34
-10
96
59
-12
-69
-26
62
-36
-25
71
17
-58
43
89
65
70
-81
60
62
46
-68
66
-43
-18
-48
17
-44
-80
-27
-100
94
26
90
-41
-39
93
58
-36
17
90
-100
-25
-53
54
-57
-84
11
-67
81
-99
-76
38
77
58
17
88
43
45
-64
71
75
27
99
45
79
-77
-10
-44
80
59
29
-68
-85
-65
-59
75
30
40
-35
94
64
1
-37
-2
-24
8
-28
-24
12
-82
59
66
11
-34
15
-48
53
35
-73
87
65
33
82
-43
-69
48
-20
-82
-6
2
26
30
-50
81
-74
3
41
-83
90
-72
-83
-62
37
64
-27
2
-46
-2
32
7
100
-14
-17
-67
-95
88
-24
-87
1
77
44
72
96
-9
-53
-85
21
-50
-42
43
-89
30
90
18
-13
61
86
-66
77
-10
52
61
-87
-29
-57
0
30
-91
-44
-56
12
79
-50
-43
-88
87
98
-63
-44
-97
6
61
-83
31
-18
-60
45
34
64
-35
15
-27
-1
98
-46
72
19
21
38
75
2
25
79
21
-99
40
69
-72
89
-79
-20
-10
-74
19
82
37
-91
13
44
72
-53
79
-96
-16
4
51
-71
-89
59
-86
-5
-70
57
55
-62
-6
64
68
-85
-70
-45
-14
-28
-7
-44
53
1
45
-20
11
9
-89
-39
-28
59
21
-51
81
33
16
-76
0
-16
26
93
-71
-58
-92
2
-48
-40
15
-16
-13
-14
-66
-61
-97
9
-86
35
-95
-7
-70
-61
-89
20
81
17
23
19
-71
-63
-75
83
41
-6
97
52
17
-62
41
11
-67
77
44
4
-9
70
78
60
-16
0
-44
-22
-63
33
-72
-62
-63
91
83
-35
-32
-29
20
43
69
-21
87
45
92
-83
-54
-58
-45
55
9
46
3
-5
32
99
24
-23
28
-55
85
-15
-87
-10
83
14
90
100
32
-80
69
35
-63
94
-59
94
-36
68
-77
100
-39
58
-49
-54
-63
3
72
63
12
-43
-82
40
77
50
0
-47
-63
4
-26
46
-81
18
5
70
17
29
-51
40
-75
44
-52
57
-100
27
83
49
80
-14
-56
6
-64
-6
-27
1
58
1
94
0
66
25
39
-86
78
78
93
-32
-23
-64
-79
-67
-36
-94
0
-53
55
84
-41
89
-17
42
-79
-89
29
-19
37
16
65
-41
54
-52
46
-84
68
67
-21
48
55
-29
-76
19
25
2
70
42
41
-29
-80
-96
43
7
-85
-65
-59
-88
38
-81
-78
57
-37
30
-72
-33
-35
-87
-47
