1903 1782
1113 1119 2
1887 1892 2
1428 1440 2
597 600 2
1170 1194 1
676 700 1
522 539 1
1448 1461 1
1655 1657 2
1016 1021 2
673 678 1
112 114 2
88 114 1
1650 1678 1
686 706 1
364 366 2
433 443 1
1291 1300 1
1826 1838 2
711 734 1
1029 1039 1
510 530 1
149 173 1
471 482 1
1361 1372 2
1060 1077 1
659 671 1
1077 1078 2
387 399 2
619 637 1
1031 1044 1
430 447 1
181 209 1
563 590 1
612 637 1
804 832 2
883 892 1
162 170 2
730 733 2
69 98 2
669 684 1
1197 1220 1
340 366 1
600 608 2
1860 1878 1
1810 1840 1
986 1004 1
120 133 1
1080 1102 1
187 216 1
1793 1813 1
178 204 1
126 152 1
893 907 2
1821 1842 2
497 518 1
966 994 1
1080 1090 2
1265 1268 1
1 12 1
1808 1814 1
1233 1261 2
662 670 1
1893 1902 2
729 749 1
531 554 1
917 925 2
1082 1098 1
1634 1648 2
973 978 2
694 708 2
1730 1755 1
1606 1626 1
1071 1079 2
1882 1895 2
1143 1146 2
237 241 2
1868 1882 1
475 477 2
144 168 1
1525 1528 2
1460 1484 2
1803 1819 1
575 577 2
1001 1005 2
251 262 1
518 544 1
5 18 1
996 1023 1
1325 1331 2
1127 1141 2
1491 1494 2
1559 1566 2
27 45 1
996 1018 2
780 809 1
1347 1376 2
1332 1360 2
292 298 2
271 282 1
1158 1184 1
1443 1452 2
1316 1346 1
419 439 1
1608 1615 1
194 204 1
364 390 1
1328 1330 2
1656 1683 1
975 1005 1
1621 1625 2
93 122 1
1861 1891 1
1874 1901 2
562 580 2
1421 1444 2
1257 1261 2
1017 1025 1
1052 1073 1
54 78 2
69 87 2
1685 1706 1
1611 1633 1
1422 1429 2
1802 1818 1
746 757 1
1153 1165 2
1128 1157 1
380 389 2
573 583 2
459 482 1
1337 1358 2
1842 1868 1
1819 1821 2
1852 1856 2
914 940 1
1677 1699 1
1781 1796 1
858 884 1
1452 1467 1
312 333 1
967 976 2
563 583 2
757 783 1
739 754 1
1803 1804 2
786 814 1
1328 1347 2
86 110 1
1591 1598 2
1500 1524 2
1887 1901 2
1452 1456 1
464 471 2
1227 1228 2
1572 1587 2
1800 1807 2
3 5 2
926 939 1
112 116 2
1650 1667 1
788 795 2
716 722 2
842 853 1
1835 1853 1
1096 1106 2
590 609 1
763 785 1
1821 1847 2
950 962 2
760 786 1
389 405 2
745 760 1
1852 1879 1
595 618 2
1066 1078 1
56 80 2
1424 1429 2
495 511 2
310 319 1
1698 1701 1
41 48 1
100 117 1
1612 1634 1
802 827 2
347 362 1
387 413 1
1484 1506 2
849 862 1
947 967 1
1386 1388 1
1437 1465 1
1648 1655 2
1545 1563 2
691 716 1
1792 1810 2
1600 1607 2
1103 1110 2
1422 1445 2
1230 1252 2
329 332 1
592 608 1
9 11 1
250 257 1
750 752 2
1769 1783 1
1720 1745 1
1160 1168 1
1107 1130 2
1173 1178 2
1263 1274 1
507 519 1
1195 1206 2
1620 1650 2
1294 1300 1
17 42 1
1776 1794 1
748 775 1
1266 1274 1
1655 1669 1
1236 1250 2
1318 1345 1
1567 1592 2
816 829 2
1585 1592 2
1679 1680 2
1172 1185 1
543 558 1
1124 1146 2
1429 1439 2
1362 1384 2
1033 1050 1
1434 1456 1
59 82 2
465 469 2
1346 1348 2
1375 1394 1
805 821 2
1270 1274 2
345 367 1
1766 1776 1
1371 1382 2
1831 1843 2
674 699 1
1217 1245 1
1621 1624 2
1230 1254 2
1675 1681 2
474 495 1
104 126 1
880 908 1
362 364 2
1709 1721 2
334 362 1
383 403 2
1460 1482 2
1673 1687 2
495 496 2
1280 1303 1
1357 1376 2
77 106 2
1675 1700 1
1282 1309 1
984 1014 1
429 433 2
168 172 2
138 156 1
93 110 1
509 524 1
977 999 1
535 539 1
1389 1395 1
1435 1456 1
1259 1276 1
1342 1360 2
260 281 1
635 649 1
1187 1211 1
1432 1458 1
1877 1888 2
1658 1683 1
926 948 1
711 720 2
781 797 1
3 29 1
1757 1766 2
1180 1204 1
25 43 1
1044 1067 1
703 709 2
1427 1452 2
1157 1158 2
1536 1552 1
1325 1338 2
865 879 1
101 111 1
999 1028 1
1717 1721 2
230 251 1
1198 1224 1
1719 1720 2
1465 1494 2
1233 1247 2
1254 1262 2
167 188 2
1754 1774 1
1133 1148 1
1290 1299 1
664 676 1
1877 1887 2
635 642 2
1415 1417 2
1501 1529 2
870 872 2
614 616 2
638 665 1
770 785 1
743 762 1
77 94 2
487 492 2
678 701 1
1369 1387 1
899 916 1
1163 1166 2
856 858 2
330 354 1
1128 1152 1
592 615 1
1672 1674 2
1404 1430 2
1269 1292 1
1464 1493 2
1144 1172 1
1402 1431 2
375 398 1
503 523 1
207 210 2
1154 1163 2
81 89 2
294 302 2
1504 1529 2
475 501 1
116 140 1
405 431 1
1045 1066 2
1552 1557 2
26 36 1
401 422 1
1847 1866 1
1786 1802 1
1614 1634 2
1043 1068 1
44 52 2
934 938 1
447 465 2
506 514 1
1690 1699 1
1718 1722 2
1389 1415 1
267 278 2
1058 1078 1
309 327 1
1009 1014 2
1299 1309 1
1264 1290 1
451 452 2
1331 1332 2
764 786 1
737 741 2
496 505 2
1655 1679 1
536 565 1
25 36 1
873 888 1
12 35 1
899 925 1
584 594 1
113 137 1
535 558 1
1512 1522 2
475 495 1
1659 1683 1
1026 1040 1
712 742 1
1875 1897 2
1753 1755 2
1794 1824 1
1199 1221 1
431 434 2
1352 1371 2
698 724 2
1399 1413 2
1267 1286 1
1727 1734 2
785 792 2
589 600 1
1487 1499 2
666 668 2
756 784 1
1591 1598 2
940 950 2
1007 1027 1
812 817 2
1888 1890 2
835 844 1
1526 1547 1
1887 1895 2
1335 1339 2
1337 1341 2
45 46 2
1526 1533 2
1121 1147 1
1087 1109 1
768 769 2
714 725 2
667 671 2
1107 1124 2
173 177 2
1424 1441 2
455 470 2
722 741 1
1473 1499 2
63 81 2
558 578 2
616 623 1
1600 1625 1
583 590 1
1461 1464 2
1043 1065 2
640 657 1
1560 1572 2
1503 1510 2
1481 1482 2
24 26 1
519 540 1
1545 1546 2
559 579 2
1690 1718 1
1191 1212 1
166 168 2
1182 1198 1
1601 1614 1
916 934 2
1058 1065 2
1509 1535 2
1073 1093 1
762 763 2
935 957 1
1024 1041 1
8 30 1
394 412 1
793 810 1
125 126 1
1190 1220 1
1491 1515 2
1688 1697 1
1145 1172 1
760 786 1
244 267 1
517 541 1
835 843 1
506 534 1
991 1012 1
815 835 2
1095 1123 2
1067 1079 1
1014 1041 1
1196 1206 2
139 153 1
1841 1851 1
1004 1009 2
782 787 1
1670 1687 1
1620 1627 2
608 625 1
481 505 1
923 947 1
516 537 1
1723 1736 1
1254 1284 1
1228 1236 2
1626 1644 2
171 172 2
96 120 1
410 421 2
171 201 1
1248 1275 1
519 544 1
894 916 1
890 898 2
1471 1501 2
1429 1451 2
1836 1844 2
1508 1538 2
492 494 2
59 75 2
193 210 1
956 962 2
1802 1805 2
331 358 1
1762 1785 1
658 683 1
950 976 1
1607 1630 1
1627 1636 2
1297 1309 1
1292 1315 1
1307 1312 2
573 595 1
1165 1175 1
644 669 1
1330 1338 2
723 750 1
1835 1854 1
316 340 1
503 533 1
1121 1148 1
312 338 1
107 120 1
283 288 1
699 719 2
1295 1320 1
1196 1212 1
307 312 1
478 490 1
1257 1258 2
701 704 2
1620 1643 2
71 93 2
1072 1074 2
206 231 1
1797 1802 2
1862 1883 1
1868 1882 1
716 746 1
763 791 1
613 616 2
60 77 2
1451 1453 2
1558 1588 2
80 85 2
1496 1497 2
235 264 1
61 68 2
380 394 2
800 829 1
1233 1248 2
1562 1568 2
125 155 1
1596 1597 2
132 146 1
1572 1591 2
502 504 2
314 319 2
484 497 2
1838 1843 2
160 178 2
1208 1228 1
1563 1589 2
306 318 1
1538 1543 1
1371 1397 1
1693 1716 1
565 589 1
202 213 2
38 51 1
1077 1098 1
201 227 1
1300 1330 1
255 261 2
986 992 2
72 74 2
758 769 1
1448 1462 1
1824 1847 2
764 785 1
554 559 2
1737 1765 1
1114 1142 2
347 359 1
703 713 2
1606 1627 1
1399 1424 2
1658 1671 1
213 240 1
924 947 1
496 502 2
1094 1124 2
213 228 1
1600 1603 2
1349 1357 2
1867 1870 2
532 552 1
468 490 1
555 564 2
922 926 2
1186 1210 1
21 29 1
1481 1500 2
621 648 1
1288 1294 1
299 317 1
935 947 1
576 595 1
752 756 2
661 683 1
961 971 1
1130 1156 1
456 467 2
440 453 2
1808 1825 1
976 992 1
1437 1450 2
179 182 2
434 447 1
297 311 2
1480 1485 2
245 252 1
1821 1826 2
964 981 1
164 193 1
1777 1780 2
34 36 2
1252 1271 1
830 837 1
961 979 1
740 748 1
1288 1316 1
625 647 1
378 401 1
1558 1588 2
6 22 1
1514 1528 2
180 184 2
434 437 1
485 513 1
890 893 2
586 612 1
600 608 2
750 758 2
1368 1386 1
289 290 1
731 760 1
664 665 1
122 135 1
16 31 1
704 716 2
719 735 1
345 348 1
394 422 1
1315 1343 1
1539 1557 1
1134 1163 1
1563 1574 2
1426 1453 2
150 153 1
58 61 2
1224 1244 2
817 837 1
620 645 1
961 965 2
1562 1585 2
820 845 1
265 276 2
569 583 2
1126 1130 2
1636 1662 1
397 408 1
1663 1680 1
704 707 2
528 530 2
340 350 1
311 336 1
447 466 2
1725 1738 1
382 386 2
1641 1645 2
245 251 1
1788 1793 2
1564 1566 2
681 699 1
1235 1246 2
893 902 2
1325 1342 2
1761 1783 1
837 845 1
951 965 2
1664 1673 1
599 627 1
784 813 1
1268 1270 1
570 590 1
539 546 2
1449 1459 1
1471 1495 2
1637 1644 2
343 350 1
1431 1447 2
263 281 1
478 498 1
999 1008 2
1300 1314 1
1822 1836 2
1097 1110 2
1157 1170 1
58 70 2
1507 1511 2
997 1026 1
905 922 1
485 508 2
1752 1761 1
1488 1503 2
1222 1242 1
558 568 2
1452 1465 1
1355 1377 2
1594 1598 2
1558 1570 2
1697 1719 1
58 68 2
318 326 2
1858 1882 1
1602 1616 1
859 872 2
1571 1595 2
899 915 1
1510 1538 2
1250 1270 1
706 722 2
831 846 1
73 89 2
1094 1123 2
1298 1321 1
1790 1794 2
1543 1559 2
106 113 1
255 274 2
928 930 2
699 703 2
180 202 1
888 907 1
1630 1640 2
1046 1063 2
1169 1195 1
596 617 2
425 437 1
1807 1823 1
1249 1272 1
182 189 2
1253 1281 1
1041 1049 1
173 191 1
58 76 2
479 486 1
679 689 2
275 297 1
1658 1660 2
1742 1760 1
624 651 1
1695 1696 2
608 626 1
1222 1241 1
1252 1282 1
1296 1298 1
1275 1298 1
343 344 2
1226 1246 2
1775 1784 2
546 575 1
329 341 1
979 1009 1
1200 1223 1
1620 1642 2
186 198 1
1423 1432 2
848 849 2
1640 1665 1
537 558 1
1633 1641 2
846 850 2
384 397 2
823 833 2
344 348 1
1864 1872 1
186 194 1
1709 1715 2
811 814 2
151 175 1
1144 1145 2
1253 1268 1
1536 1549 1
1610 1614 1
481 483 1
1371 1393 1
1434 1464 1
1342 1364 2
650 657 1
262 287 1
1356 1372 2
1779 1780 2
439 463 2
1431 1433 2
118 144 1
139 168 1
785 809 1
1240 1252 2
1060 1079 1
426 430 2
1418 1443 2
1410 1435 2
49 53 2
226 252 1
622 624 2
1326 1328 2
1230 1231 2
531 559 1
278 288 1
1395 1408 2
1785 1808 1
1539 1556 1
1249 1275 1
1750 1752 1
1267 1273 1
1417 1446 2
1711 1729 1
532 556 1
337 354 1
1723 1740 1
878 893 1
960 980 1
1848 1855 1
1295 1318 1
114 137 1
213 216 2
180 198 1
1080 1102 1
1811 1822 1
409 426 2
506 516 1
1758 1761 2
602 605 2
847 874 1
676 686 1
617 646 1
797 816 1
159 168 2
1293 1319 1
1313 1332 1
1596 1615 1
681 684 2
937 949 2
1303 1310 1
1640 1650 2
96 115 1
357 367 2
1294 1301 1
746 751 1
1019 1044 1
567 584 2
199 222 1
566 596 1
1233 1258 2
1494 1501 2
213 237 1
606 624 1
847 856 1
893 923 1
761 777 1
941 960 2
386 401 2
894 911 1
1398 1400 2
373 376 1
1171 1175 1
491 520 1
400 415 1
1434 1464 1
451 452 2
1536 1557 1
1754 1771 1
1824 1847 2
842 856 1
1190 1202 2
952 978 1
285 303 1
1311 1323 1
1010 1014 2
1449 1469 1
1160 1172 1
1126 1156 1
1562 1574 2
1528 1536 2
731 753 1
30 41 1
1557 1587 2
1146 1160 1
1796 1804 2
1466 1478 2
484 506 2
1578 1594 2
750 780 1
258 287 1
620 632 1
1208 1214 2
163 167 2
1624 1639 2
350 362 2
1477 1492 2
820 839 1
1759 1789 1
426 450 1
59 61 2
1574 1580 2
420 434 2
894 896 2
1552 1562 2
742 764 1
722 743 1
861 867 2
790 810 1
843 858 1
307 332 1
1560 1562 2
1400 1418 2
1842 1850 1
207 232 1
1469 1470 2
1727 1735 2
1217 1229 1
695 724 2
1718 1725 1
1753 1768 2
1351 1376 2
918 945 1
365 376 1
12 14 2
642 663 1
724 750 1
270 275 2
1022 1031 1
678 702 1
603 627 1
1317 1331 1
1229 1237 2
766 773 1
1173 1191 1
422 446 1
1784 1801 1
1613 1625 2
411 439 1
1246 1247 2
48 57 2
430 431 2
377 384 1
1782 1784 2
444 458 2
97 99 2
1119 1127 2
891 899 2
545 546 2
44 55 2
1684 1703 1
1291 1306 1
968 978 2
1052 1080 1
868 882 1
541 568 1
912 923 1
1788 1791 2
594 605 2
1000 1007 2
980 993 2
1251 1258 2
327 344 1
774 797 1
578 605 1
101 112 1
1226 1230 2
1022 1052 1
181 211 1
1403 1418 2
808 827 2
32 49 1
1177 1178 2
241 251 1
1098 1114 2
48 58 2
1823 1848 2
408 416 2
528 547 1
1314 1338 1
1004 1009 2
1225 1241 2
128 153 1
1710 1711 2
836 849 1
346 358 1
386 398 2
987 992 2
778 783 1
83 100 2
1022 1027 1
263 284 1
1844 1855 1
145 155 1
905 926 1
279 307 1
196 225 1
1659 1674 1
1130 1155 1
856 862 2
58 63 2
1008 1035 1
124 140 1
1319 1324 1
408 424 2
680 697 1
755 770 1
928 948 1
1359 1377 2
1826 1848 2
1787 1811 2
1834 1849 1
740 754 1
1410 1423 2
75 98 2
1122 1134 2
904 923 1
239 250 2
1620 1634 2
1071 1084 2
728 734 2
564 586 2
1 15 1
531 552 1
270 281 1
148 149 2
268 270 2
361 384 1
1758 1759 2
363 380 1
745 760 1
169 191 1
243 256 1
1679 1681 2
412 418 2
192 207 1
1539 1558 1
985 1000 1
800 824 1
1235 1242 2
922 944 1
809 829 2
751 760 2
1696 1720 1
168 172 2
1016 1022 1
331 357 1
1175 1185 2
816 836 2
478 501 1
1729 1731 2
1336 1349 2
792 802 1
1526 1527 2
1015 1019 2
688 709 1
193 222 1
1266 1284 1
173 182 2
741 751 1
1111 1115 2
1233 1258 2
1802 1806 2
572 593 1
1435 1436 2
842 852 1
871 875 1
1194 1219 1
1643 1651 2
1884 1897 2
1359 1379 2
1316 1325 1
606 626 1
795 817 1
82 93 2
1678 1702 1
217 240 1
1143 1148 1
795 818 1
788 795 2
320 344 1
1478 1500 2
701 709 2
575 584 2
1700 1704 2
1484 1495 2
1690 1694 2
1135 1155 1
241 261 1
8 10 1
1685 1714 1
1189 1202 2
547 557 1
827 853 1
1587 1602 1
478 490 1
87 89 2
416 441 1
1607 1637 1
392 408 1
38 65 1
67 72 2
1608 1634 1
816 838 1
1174 1197 1
602 622 1
171 196 1
1379 1396 1
578 607 1
1224 1239 2
93 96 2
1362 1379 2
540 563 1
898 900 2
1293 1323 1
1303 1329 1
609 615 2
659 683 1
681 688 2
387 394 2
1856 1859 2
1437 1460 1
98 124 1
1194 1212 1
1013 1026 1
926 934 2
644 645 2
1740 1750 2
571 584 2
1650 1676 1
726 750 1
971 976 2
318 345 1
487 495 2
1798 1825 1
922 941 1
597 604 2
61 63 2
963 992 1
1225 1245 2
722 740 1
1557 1571 2
91 93 2
1450 1474 1
499 510 2
1271 1279 1
1780 1790 1
1151 1156 2
399 427 1
1523 1534 2
1606 1614 1
882 903 1
1672 1689 1
1110 1126 2
938 964 2
709 734 1
138 150 2
1763 1786 1
1824 1854 1
1389 1419 1
197 206 1
1303 1324 1
787 797 2
1404 1425 2
1317 1333 1
76 95 2
710 732 1
1597 1619 1
742 746 1
236 256 1
59 74 2
986 1016 1
191 209 1
637 662 1
1106 1109 2
1151 1176 1
1733 1743 2
1864 1867 2
677 684 1
1536 1557 1
1878 1898 2
1287 1309 1
1724 1741 1
223 252 1
1277 1287 1
477 501 1
111 119 2
678 681 1
295 296 2
1366 1376 2
114 116 2
1334 1350 2
1477 1507 2
789 802 1
1014 1033 1
1427 1454 1
1833 1847 2
1514 1532 2
480 507 1
287 290 1
1253 1271 1
1316 1344 1
788 817 1
1088 1106 1
1719 1746 1
881 907 1
480 492 1
1343 1350 2
1317 1335 1
1129 1145 2
1646 1657 2
1059 1085 1
664 694 1
1371 1396 1
1718 1729 1
1427 1431 2
229 241 2
230 256 1
729 733 2
1232 1248 2
814 830 2
476 493 1
627 646 1
43 49 2
118 138 1
936 938 2
1085 1113 1
1400 1425 2
440 462 2
529 548 1
1376 1387 1
912 936 1
389 395 2
718 739 1
859 875 1
779 807 1
398 407 1
969 990 1
107 114 1
1862 1880 1
1450 1464 1
1379 1407 1
423 433 2
1704 1729 1
1449 1450 2
1739 1757 1
977 1005 1
965 989 1
418 423 2
1837 1854 1
673 674 2
1597 1606 1
602 628 1
1234 1250 2
180 186 2
1042 1055 2
631 659 1
1042 1055 2
84 98 2
1007 1019 2
1438 1442 2
989 991 2
1042 1069 1
753 754 2
889 914 1
1463 1490 2
1617 1627 2
1051 1065 2
220 222 2
1765 1779 1
452 468 2
813 828 2
850 872 1
379 382 2
1612 1626 1
1696 1703 1
1469 1484 2
1531 1560 1
868 888 1
883 897 1
119 134 1
514 543 1
539 559 1
1523 1531 2
1783 1802 1
164 189 2
314 325 2
1694 1702 1
557 579 2
929 933 2
392 406 2
195 213 1
587 601 1
1240 1264 2
620 650 1
1072 1094 1
1565 1575 2
1340 1369 2
698 717 2
1680 1692 1
1012 1017 2
221 236 1
711 719 2
1863 1868 2
375 399 1
468 493 1
93 119 1
1108 1125 2
1419 1446 2
546 563 1
814 821 2
1779 1798 1
718 747 1
38 60 1
492 503 2
643 645 1
1813 1826 1
100 116 1
1212 1242 1
428 448 1
788 802 1
1885 1898 2
431 437 1
882 883 2
746 761 1
1229 1236 2
1203 1205 2
952 971 1
664 675 1
941 951 2
220 229 1
545 555 1
4 22 1
1230 1237 2
1668 1669 2
1862 1879 1
378 404 1
905 927 1
426 434 2
1611 1635 1
1510 1539 2
1095 1123 2
404 406 2
869 882 1
26 45 1
1731 1735 2
1303 1333 1
1547 1552 2
1619 1625 2
1060 1076 1
645 656 1
1422 1441 2
1899 1901 2
1329 1355 2
233 238 2
487 513 1
1212 1217 2
1415 1424 2
1136 1150 1
1550 1572 2
1480 1500 2
1191 1195 2
1624 1651 2
1400 1426 2
876 883 2
1771 1801 1
1277 1307 1
1227 1240 2
1802 1824 1
543 562 1
1359 1377 2
1366 1388 1
289 314 1
1629 1653 2
1874 1895 2
928 939 1
707 716 2
917 945 1
993 1013 1
1300 1312 1
825 831 2
487 511 2
39 63 1
674 692 1
1384 1387 1
664 676 1
1114 1120 2
1487 1492 2
260 286 1
1127 1145 2
822 823 2
1591 1615 1
1680 1699 1
1134 1154 1
1732 1739 2
1046 1053 2
800 805 1
163 165 2
1119 1148 1
386 401 2
883 906 1
1191 1202 2
1705 1719 2
1847 1864 1
227 229 1
80 92 2
1438 1442 2
1422 1434 2
1362 1363 2
369 388 1
1428 1446 2
1836 1839 2
88 107 2
332 336 1
466 473 2
240 252 1
1630 1643 2
490 503 2
1881 1895 2
1385 1397 1
1038 1056 1
245 263 1
402 417 1
1550 1575 2
943 962 2
152 179 1
689 701 1
1660 1678 1
894 924 1
1760 1761 2
870 871 2
214 215 2
907 931 1
610 619 2
324 325 2
1546 1547 2
1815 1826 2
1395 1397 2
630 653 1
751 780 1
1049 1058 2
1807 1820 1
610 628 1
1509 1533 2
589 612 1
166 173 2
1814 1818 2
882 898 1
559 570 2
856 879 1
217 224 2
821 842 1
1726 1752 1
687 703 1
1769 1784 1
1636 1663 1
424 440 1
859 864 2
1426 1444 2
157 171 2
329 357 1
853 872 2
567 580 2
425 450 1
1787 1791 2
186 208 1
118 123 2
633 655 1
2 31 1
1097 1120 2
1165 1176 1
1890 1896 2
170 176 2
1722 1749 1
1099 1112 2
697 711 2
1204 1233 1
1054 1075 1
642 644 1
1632 1652 2
674 677 2
1509 1516 2
541 556 1
723 751 1
257 283 1
594 602 2
67 74 2
266 283 1
821 846 1
307 312 1
1087 1108 1
713 716 2
334 350 1
164 186 2
284 308 1
1245 1266 2
1008 1016 2
1547 1555 2
1673 1692 1
1238 1252 2
217 229 1
562 571 2
20 26 1
158 167 2
1886 1901 2
36 43 1
1189 1212 1
915 935 1
331 349 1
557 562 2
925 934 2
1513 1541 1
1865 1884 1
1579 1607 1
1048 1056 2
715 736 1
839 869 1
360 386 1
515 526 2
25 42 1
1683 1692 1
184 202 1
914 944 1
1521 1545 1
900 912 1
590 598 1
674 702 1
1268 1281 1
163 167 2
1332 1357 2
420 450 1
1219 1234 1
1325 1339 2
1577 1583 2
1552 1581 2
809 821 2
137 147 1
506 529 1
412 436 1
1294 1306 1
29 47 1
1032 1047 1
153 178 1
1155 1166 2
789 808 1
1490 1515 2
1637 1665 1
347 361 1
699 710 2
1798 1820 1
1289 1318 1
1703 1723 2
1436 1455 1
61 85 2
261 264 2
554 575 2
1615 1633 2
844 865 1
961 974 1
1210 1225 1
755 767 1
1614 1621 2
1267 1295 1
843 850 2
936 946 2
929 943 1
494 503 2
58 80 2
107 118 1
1879 1894 2
1799 1815 1
679 680 2
761 773 1
1604 1633 1
1288 1305 1
1659 1665 1
921 936 1
1485 1507 2
867 883 1
433 441 1
50 75 2
1729 1734 2
683 712 1
46 64 2
1189 1209 1
859 872 2
1117 1126 2
891 919 1
1671 1684 2
1754 1777 1
823 841 1
818 839 1
1757 1785 1
750 767 1
1241 1242 2
703 724 2
536 557 1
137 158 1
1421 1437 2
1740 1744 2
1518 1528 2
1312 1337 1
1124 1138 2
101 127 1
860 867 2
485 492 2
1794 1824 1
967 972 2
506 525 1
492 494 2
443 446 2
1035 1063 1
701 722 2
1324 1354 2
801 812 1
299 314 1
1550 1560 2
1625 1639 2
782 791 1
1093 1113 2
441 461 2
1280 1295 1
1839 1841 2
884 914 1
1239 1264 2
1017 1041 1
562 589 1
1055 1074 1
349 355 2
1050 1065 2
961 971 1
797 819 1
517 547 1
1277 1278 1
330 359 1
576 593 1
1498 1507 2
1069 1079 2
1065 1088 1
1872 1876 1
547 575 1
20 47 1
254 259 2
324 336 1
1615 1625 2
14 26 1
23 52 1
395 410 1
949 972 1
1812 1822 1
148 162 1
521 529 2
79 85 2
648 652 1
883 895 1
949 972 1
1718 1735 1
181 196 1
1323 1324 2
1612 1638 1
1320 1332 1
811 828 2
1451 1471 1
764 775 1
1781 1803 1
827 848 1
1249 1274 1
342 350 1
1847 1855 1
664 694 1
304 305 2
1094 1112 2
1168 1192 1
508 528 1
1333 1353 2
664 669 1
1068 1074 2
1654 1663 1
443 461 2
1209 1237 1
837 839 1
171 172 2
1854 1874 1
292 297 2
1441 1467 1
1830 1839 2
255 278 2
1861 1867 1
1717 1735 1
1860 1868 1
1227 1242 2
1448 1467 1
1784 1788 1
1258 1267 2
1831 1834 2
200 215 2
1530 1533 2
525 551 1
1089 1118 1
1238 1243 2
1257 1271 1
1019 1026 1
359 375 2
836 861 1
1164 1187 1
530 540 1
1218 1225 1
1838 1858 1
95 108 1
774 794 1
37 60 1
1021 1051 1
387 415 1
603 616 2
834 837 1
915 921 2
1520 1548 1
1842 1848 2
1051 1070 1
95 121 1
604 624 1
115 135 1
1427 1448 2
369 385 1
600 620 1
1570 1578 2
1799 1820 1
1364 1379 2
397 408 1
1624 1637 2
317 320 2
183 197 1
471 480 2
473 482 1
1170 1187 1
728 750 1
1814 1820 2
915 921 2
347 371 1
1006 1013 2
996 1026 1
52 60 2
1761 1771 1
4 28 1
1614 1633 2
801 820 1
1005 1018 2
979 1009 1
768 788 1
411 437 1
1369 1388 1
1587 1614 1
526 537 1
6 8 2
1396 1407 2
1142 1157 1
1815 1821 2
527 543 1
1748 1763 1
311 312 1
245 253 1
151 158 1
636 653 1
626 654 1
1757 1769 2
65 85 2
973 1002 1
806 814 2
1421 1442 2
1272 1285 1
1028 1058 1
