2000 2000
20 45 1
189 200 1
359 364 2
229 254 2
27 33 1
371 382 2
764 794 2
363 376 2
1811 1829 2
441 469 1
840 861 1
1646 1659 2
529 531 2
1288 1301 2
363 375 2
13 28 2
1043 1065 1
1300 1312 2
626 633 1
240 265 1
1395 1415 2
1785 1786 2
338 363 1
1785 1808 1
627 652 1
800 815 1
1516 1522 2
1220 1235 1
832 862 1
872 894 2
617 638 1
360 367 2
1185 1195 2
1150 1164 1
621 626 2
1493 1508 1
423 431 1
1976 1981 1
1158 1174 1
933 950 2
460 483 1
1795 1808 1
1292 1299 2
333 351 1
422 442 1
10 40 1
256 266 1
122 144 1
1874 1876 2
560 575 1
446 450 2
1847 1866 2
859 878 2
802 820 1
1565 1576 1
1827 1839 1
658 669 2
1879 1894 2
971 995 1
1181 1194 2
1205 1227 1
1697 1701 2
1411 1420 1
1386 1409 2
186 199 1
908 920 1
1336 1356 1
410 433 1
290 291 2
1580 1601 1
1241 1265 1
1016 1024 1
760 775 2
1248 1275 1
669 696 1
696 711 2
689 716 1
1411 1426 1
966 984 1
57 60 2
604 624 1
119 149 1
1504 1517 1
851 879 1
513 519 2
1946 1952 1
1744 1773 1
1063 1074 2
772 792 2
162 177 1
614 616 2
468 484 2
160 165 2
834 835 2
381 405 2
1085 1098 1
29 49 1
1413 1416 2
104 125 1
1573 1602 1
204 208 1
1247 1254 2
661 678 1
661 682 1
775 785 2
1169 1193 1
971 992 1
1634 1659 1
996 1001 2
1124 1154 2
1709 1717 1
1802 1824 2
337 363 1
282 303 1
1030 1032 2
837 857 1
1350 1361 1
33 39 1
1596 1615 1
597 609 2
776 798 2
1537 1555 1
1711 1717 2
328 340 2
978 996 1
843 872 1
232 256 2
1683 1696 1
779 790 2
10 30 2
252 272 1
1094 1109 1
1396 1418 2
403 405 2
505 518 1
1884 1910 2
937 951 2
1830 1840 1
1525 1536 1
1609 1639 1
1549 1554 2
1900 1916 1
484 503 1
236 261 2
400 416 2
1528 1537 2
1584 1593 2
1916 1924 1
1514 1535 1
232 233 2
1136 1142 2
1389 1419 2
1454 1467 2
339 344 2
1011 1041 1
1946 1958 1
1306 1336 1
1451 1460 2
1220 1239 1
1305 1319 2
883 913 1
170 185 1
213 215 2
28 55 1
923 927 1
502 522 1
5 9 1
444 463 1
717 719 2
1662 1689 1
1484 1514 1
78 102 2
92 101 2
1692 1721 1
604 617 1
911 930 1
1065 1067 2
882 896 1
1839 1857 2
1913 1943 1
524 530 1
367 391 2
1421 1433 2
494 524 1
40 66 1
1481 1491 2
773 790 2
1721 1722 2
137 156 1
1731 1748 1
1536 1549 1
1394 1395 2
582 596 1
1030 1054 1
1939 1942 1
488 510 1
225 248 2
1336 1358 1
1211 1217 2
1126 1147 2
915 917 1
554 574 2
288 302 1
880 885 2
1571 1592 1
291 318 1
820 846 1
853 879 1
126 129 2
1672 1690 1
35 57 1
1276 1303 2
1933 1939 1
1670 1671 2
387 390 2
1737 1763 1
964 981 1
1139 1153 2
371 378 2
1126 1132 2
1454 1476 2
1554 1567 1
1901 1903 2
1836 1844 2
1300 1313 2
1245 1249 2
693 722 1
890 892 2
1653 1660 2
569 578 1
634 662 2
509 513 2
1929 1946 1
208 221 1
896 901 1
240 269 1
1474 1482 2
493 506 1
972 983 1
1325 1341 1
1721 1751 1
460 473 1
901 907 2
1133 1140 2
1148 1159 1
529 551 1
477 481 2
802 816 1
1296 1299 2
1197 1201 2
401 422 2
1274 1293 1
537 546 2
1658 1685 1
1960 1975 2
1932 1943 1
1760 1781 2
1051 1055 2
1297 1318 2
968 990 1
285 307 1
1071 1089 1
1399 1411 2
1817 1827 2
1868 1880 2
1117 1118 2
1262 1267 2
803 814 1
1577 1595 1
1079 1101 1
340 366 1
1926 1930 2
1046 1058 1
1321 1322 2
403 409 2
1723 1748 1
1809 1825 2
216 223 1
1163 1179 1
1907 1925 1
17 37 1
340 367 1
698 701 2
413 442 1
1671 1684 1
1656 1662 1
437 460 1
175 176 2
1375 1386 1
167 193 1
142 170 1
1337 1362 1
814 820 2
14 19 2
1358 1363 2
471 486 2
1955 1959 2
615 621 1
1145 1156 1
461 462 2
760 772 2
769 784 2
1374 1394 1
618 627 2
111 125 1
118 139 1
1607 1624 1
1911 1919 1
135 159 1
275 291 1
1175 1202 2
1462 1481 2
1768 1781 2
784 796 2
1463 1475 2
798 804 1
871 892 2
1508 1536 1
764 771 2
1098 1114 1
1591 1619 1
1392 1417 2
1657 1679 1
703 715 1
1318 1334 1
174 197 1
1000 1025 1
685 692 1
269 294 1
1138 1153 2
1406 1414 2
1054 1062 2
620 646 1
1690 1694 2
441 453 2
51 69 1
1425 1442 2
1663 1674 2
835 844 2
1708 1732 1
1599 1602 1
1940 1967 1
798 817 1
1278 1279 2
1721 1739 2
179 192 2
679 693 1
1115 1143 2
998 1000 2
1301 1325 2
1445 1470 2
240 252 2
1307 1331 2
1800 1823 2
1080 1089 1
1024 1041 1
759 786 2
248 275 1
492 514 1
1435 1454 2
1920 1946 1
1912 1940 1
1509 1529 1
1211 1231 1
1256 1267 1
56 61 2
1683 1704 1
1459 1473 2
955 964 2
1294 1312 2
1053 1078 2
528 546 1
1648 1655 2
463 464 2
263 293 1
1850 1877 2
422 431 1
1925 1945 1
1485 1506 1
369 379 2
1254 1263 1
231 258 2
679 682 2
1185 1190 2
1845 1859 2
1542 1559 1
453 473 1
448 463 1
816 821 2
764 783 2
1538 1560 1
1341 1347 1
799 814 1
1436 1454 2
1587 1606 1
465 468 2
820 839 1
71 79 2
1223 1242 2
431 434 2
1851 1874 2
1699 1717 1
1750 1763 1
292 298 2
234 260 2
1763 1785 1
1283 1313 2
1161 1163 2
1407 1434 1
244 266 1
1835 1836 1
590 602 1
1606 1617 1
907 925 1
853 862 1
719 741 1
1427 1431 2
585 607 1
1377 1402 1
1808 1838 1
1025 1051 1
1113 1118 2
1371 1388 1
738 758 1
1547 1561 1
1102 1107 1
856 878 1
1661 1670 1
1969 1993 1
407 418 2
661 667 2
822 827 2
1839 1858 2
237 248 2
1069 1071 2
760 787 2
1964 1982 1
1729 1755 1
1505 1517 1
220 238 2
598 610 1
544 574 2
831 854 1
1459 1471 2
944 963 2
1341 1363 1
1912 1932 1
1557 1570 1
1618 1644 1
1468 1473 2
1920 1929 1
1356 1370 1
880 884 2
1447 1457 2
1275 1283 2
324 354 1
62 69 2
835 838 2
1794 1820 1
830 832 1
1498 1509 1
79 96 2
120 121 2
1976 2000 1
1741 1753 1
819 827 2
988 1014 1
1590 1591 2
1481 1498 1
1730 1740 2
1043 1072 1
1209 1227 1
442 453 2
1673 1684 1
1871 1889 2
1961 1965 2
1752 1768 1
1295 1311 2
1628 1630 2
348 369 1
481 504 1
1941 1959 1
319 341 2
495 521 1
1792 1816 1
645 664 2
1879 1891 2
1833 1836 1
1291 1313 2
165 183 1
1310 1320 2
1933 1947 1
1006 1021 1
1395 1412 2
1639 1648 2
1013 1036 1
450 457 1
1335 1356 1
639 642 2
1337 1354 1
1546 1560 1
742 768 1
1661 1664 1
1000 1009 1
50 75 1
106 133 1
1827 1833 2
188 198 1
1168 1180 1
1949 1960 2
1928 1956 1
325 330 2
1405 1423 1
558 561 2
1882 1906 2
1418 1423 1
1030 1037 1
1287 1311 2
1723 1732 2
1749 1768 1
797 798 2
1170 1178 1
283 313 1
99 100 2
1601 1622 1
97 101 2
1271 1300 1
1229 1233 2
90 104 2
321 350 1
1269 1288 1
709 723 1
1404 1422 1
1579 1597 1
1604 1621 1
1768 1772 2
834 858 1
767 776 2
879 901 1
1019 1038 1
1701 1729 1
1624 1653 1
1352 1355 1
815 839 1
451 471 1
1468 1498 1
526 534 1
1578 1608 1
187 202 1
1081 1110 1
157 177 1
1581 1596 1
573 579 1
827 839 1
282 304 1
1946 1951 1
1990 1995 1
1294 1300 2
1566 1588 1
1196 1211 1
724 739 1
1386 1415 2
1546 1558 1
613 624 1
1196 1226 1
1709 1736 1
1099 1129 1
1441 1465 2
1634 1663 1
866 872 2
1687 1704 1
823 850 1
1599 1610 1
1725 1736 2
1518 1539 1
441 459 1
987 998 2
379 401 2
668 678 1
704 731 1
626 651 1
1604 1607 2
147 166 1
1922 1932 2
1600 1618 1
699 701 2
547 548 2
398 401 2
1464 1473 2
1897 1920 1
132 155 1
541 561 2
70 79 2
1815 1828 2
856 874 1
864 891 2
849 877 1
451 458 1
1323 1348 1
38 47 1
1149 1157 1
87 110 2
1492 1510 1
1556 1566 1
291 306 1
1047 1060 1
579 595 1
1916 1942 1
1480 1487 2
1457 1473 2
467 471 2
1929 1934 2
333 337 2
28 33 1
103 106 2
607 615 1
1115 1143 2
1451 1479 2
1438 1457 2
893 910 1
1684 1699 1
1945 1957 1
1552 1565 1
300 307 1
839 846 2
1789 1813 1
1728 1741 2
382 392 2
1114 1128 2
181 184 2
378 395 2
1953 1978 1
1583 1613 1
492 497 2
980 990 2
44 69 1
1057 1086 1
1397 1415 2
526 555 1
1807 1837 1
1158 1164 2
95 99 2
387 409 2
1876 1883 2
892 916 1
1361 1390 1
136 152 1
1282 1307 2
525 549 1
892 903 1
618 648 1
1382 1387 1
653 660 2
1870 1891 2
1378 1398 1
361 385 2
344 371 1
715 741 1
737 760 1
975 994 1
1559 1589 1
1683 1706 1
406 409 2
612 620 1
1561 1591 1
1169 1174 1
1284 1307 2
1550 1560 1
987 1010 1
664 687 1
638 641 2
1424 1452 2
275 293 1
357 370 2
446 465 1
354 365 2
590 615 1
194 211 1
1863 1885 2
747 770 1
1159 1160 2
782 797 2
1815 1817 2
201 224 1
401 406 2
1031 1046 1
441 455 2
1366 1385 1
162 163 2
892 908 1
1874 1892 2
1927 1952 1
63 70 2
1167 1171 2
1693 1714 1
363 387 2
263 267 2
135 161 1
1275 1295 2
1377 1386 1
15 23 2
116 124 1
1727 1736 2
1551 1580 1
597 613 1
722 740 1
291 292 2
772 776 2
815 825 2
1443 1444 2
1564 1587 1
1609 1638 1
1441 1447 2
567 582 1
296 324 1
1921 1938 2
1061 1071 2
5 21 1
192 193 1
201 211 1
866 874 2
1601 1616 1
360 387 2
122 131 1
487 507 1
710 717 1
1132 1160 1
1252 1254 2
1678 1691 2
1451 1459 2
1747 1753 2
1347 1368 1
1579 1599 1
1568 1584 1
909 918 1
1724 1740 2
1149 1159 1
1199 1226 1
1878 1905 2
1213 1242 1
1641 1661 1
237 242 2
626 653 1
1522 1546 1
1028 1033 2
1576 1581 1
113 142 1
1244 1274 1
1287 1317 2
1592 1603 1
1882 1911 2
1386 1390 2
1946 1948 1
1551 1561 1
1649 1659 2
1457 1485 2
1899 1918 1
1659 1675 1
1218 1245 1
549 564 2
1878 1890 2
1873 1897 2
53 82 2
1792 1800 1
1852 1879 2
1169 1188 1
538 554 2
1319 1334 1
1421 1428 2
1574 1597 1
1148 1163 1
1594 1612 1
800 829 1
1669 1670 2
896 902 1
531 542 1
1975 1989 1
394 408 2
1300 1315 2
1843 1858 2
1662 1667 2
304 312 1
1650 1652 2
1321 1346 1
1979 1992 1
1447 1454 2
524 539 1
220 238 2
941 958 2
1709 1737 1
1951 1980 1
1134 1156 1
1598 1619 1
1368 1374 2
1874 1879 2
473 497 2
258 271 1
1512 1541 1
854 857 1
1091 1119 1
1654 1672 1
1735 1758 1
181 184 2
347 359 1
740 764 1
1706 1717 1
388 394 2
1515 1531 1
1388 1401 2
606 631 1
1426 1442 2
886 898 1
714 731 1
1773 1798 1
281 299 1
121 140 1
1684 1712 1
9 24 2
698 705 2
1691 1695 1
1834 1858 1
686 689 2
131 149 1
46 47 2
1809 1818 2
1370 1397 1
845 872 1
972 973 2
644 658 2
1440 1442 2
1374 1380 2
888 901 1
1281 1302 2
448 476 1
767 768 2
1396 1413 2
1901 1904 2
1135 1140 2
1595 1620 1
353 357 2
1924 1940 1
555 564 2
1108 1119 1
1594 1605 1
721 724 1
1614 1638 1
967 981 1
582 608 1
644 662 2
1082 1088 1
237 249 2
485 500 1
1323 1333 2
781 803 1
1462 1484 2
1695 1702 1
1644 1647 2
204 215 1
973 1000 1
1066 1081 2
502 509 1
104 121 1
1881 1902 2
1603 1630 1
1829 1833 2
1422 1448 2
167 184 1
1217 1239 1
749 763 1
1408 1417 2
35 45 1
1814 1839 1
956 975 2
735 751 1
302 319 1
799 806 1
1370 1372 2
1522 1552 1
486 513 1
561 574 2
569 598 1
1566 1596 1
563 579 1
780 810 1
1686 1707 1
61 90 2
1877 1898 2
217 223 1
1240 1249 2
1848 1851 2
889 904 1
749 760 1
958 973 2
1264 1278 1
643 646 2
1158 1168 2
1171 1176 1
1166 1173 1
627 653 1
1802 1811 2
443 451 2
1096 1102 1
706 719 1
1709 1730 1
69 76 2
1453 1483 2
307 329 1
505 510 1
536 550 2
1461 1486 2
372 396 2
1188 1212 1
952 955 2
755 785 2
812 821 1
272 289 1
1535 1554 1
1573 1582 1
796 797 2
228 236 2
1494 1495 1
1136 1148 2
1920 1925 1
1685 1715 1
188 215 1
758 774 2
1629 1653 1
849 875 1
938 959 2
1585 1607 1
674 698 1
864 874 2
167 172 2
1399 1420 1
1465 1468 2
1363 1373 1
1040 1044 2
950 977 2
1380 1390 1
407 429 1
812 814 1
326 331 2
530 555 1
272 274 2
1616 1629 1
1340 1354 1
809 825 1
1360 1377 1
1974 1997 1
1795 1802 1
795 804 1
303 333 1
645 658 2
386 414 2
931 954 2
818 828 2
1246 1265 1
410 425 2
1511 1515 2
1286 1293 2
1191 1200 2
1989 1999 1
1987 1993 1
1376 1399 1
1788 1790 2
1383 1411 1
811 821 1
796 804 1
1849 1853 2
897 902 2
586 606 1
182 210 1
1942 1956 1
1935 1940 1
645 663 2
545 563 2
1543 1549 1
282 289 1
333 345 2
1770 1790 1
1511 1520 2
385 400 2
107 126 1
711 714 2
430 451 2
1234 1252 2
1811 1833 2
151 167 1
1854 1871 2
1104 1116 1
1971 2000 1
1926 1933 2
1359 1369 1
1835 1865 1
354 363 2
455 481 1
1176 1203 2
414 430 1
307 323 1
74 101 2
1591 1597 2
1657 1686 1
1409 1424 1
789 799 2
165 185 1
1244 1272 1
82 84 2
1229 1246 2
1124 1136 2
814 840 1
1782 1792 1
1756 1762 1
1666 1695 1
607 618 1
711 734 1
121 126 1
326 345 2
1836 1842 2
1641 1652 2
389 405 2
783 813 1
313 325 2
1688 1717 1
1546 1574 1
1850 1867 2
1830 1854 1
446 465 1
636 661 2
346 348 1
443 473 1
172 184 1
505 512 1
1295 1311 2
173 198 1
1629 1648 1
618 648 1
418 447 1
73 99 2
840 848 2
930 946 2
1956 1972 2
118 147 1
877 889 2
155 184 1
132 152 1
1365 1389 1
900 925 1
334 360 1
792 812 1
1586 1609 1
1619 1633 2
1177 1193 2
496 526 1
1393 1423 1
726 751 1
1976 1979 1
663 691 1
1139 1144 2
886 887 2
1070 1074 2
947 964 2
1969 1973 2
1189 1197 2
1339 1346 1
19 25 2
573 600 1
1870 1896 2
1381 1407 1
1326 1330 2
1301 1328 2
1879 1881 2
1856 1875 2
87 103 2
49 54 1
1487 1516 1
1512 1517 2
1628 1642 1
1138 1158 1
1202 1215 1
996 1004 1
452 461 1
355 376 2
1106 1107 2
1683 1685 2
1023 1029 2
777 782 2
1789 1798 1
623 647 1
200 218 1
1893 1914 2
1964 1978 1
1278 1289 2
1507 1510 1
846 860 1
511 535 1
1997 1998 1
1680 1708 1
1880 1891 2
83 100 2
1541 1566 1
200 215 1
1009 1011 2
222 236 2
313 316 2
1309 1324 2
593 594 2
399 420 2
547 575 1
316 330 2
903 920 1
240 252 2
1323 1348 1
1451 1465 2
192 196 1
1414 1428 1
1570 1576 2
493 495 2
1457 1460 2
525 552 1
1024 1046 1
586 590 1
1738 1742 2
1357 1359 2
748 769 1
1546 1565 1
1730 1760 1
586 606 1
1794 1809 1
1961 1979 1
799 815 1
269 279 2
1915 1944 1
1313 1323 2
1309 1318 2
174 180 2
634 646 2
581 605 1
1219 1226 1
1259 1285 1
555 557 2
593 602 2
964 967 2
1775 1785 1
1797 1812 1
1165 1166 2
1737 1749 1
990 999 2
1398 1412 2
1737 1759 1
633 657 2
485 491 2
1707 1717 1
608 635 1
482 508 1
1372 1377 2
151 159 2
359 367 2
1247 1251 2
1349 1350 2
792 820 1
348 360 1
706 736 1
108 111 2
167 184 1
617 630 1
568 588 1
1094 1097 1
1574 1582 1
1536 1554 1
1050 1077 2
500 518 1
497 499 1
1166 1170 2
1400 1427 1
1935 1951 1
1471 1494 1
345 354 1
253 261 2
795 803 1
1233 1239 2
1236 1247 2
624 632 1
1717 1747 1
1263 1267 2
616 641 1
1182 1185 2
7 20 1
527 539 1
362 384 2
67 90 2
161 186 1
160 182 1
506 535 1
256 273 1
1855 1866 2
344 369 1
1375 1376 2
1603 1608 2
679 694 1
1355 1358 1
77 86 2
516 536 1
1929 1957 1
1109 1114 2
1664 1667 2
1315 1332 2
1135 1154 2
1360 1382 1
1165 1174 1
364 391 2
1921 1924 2
1085 1094 1
342 369 1
1551 1572 1
1629 1631 2
931 952 2
254 268 1
254 257 2
918 939 1
52 58 1
1790 1791 2
877 879 2
1801 1828 2
146 147 1
665 680 1
743 763 1
1791 1811 1
1412 1434 1
77 103 2
1729 1735 2
938 958 2
1245 1267 1
1217 1219 2
475 502 1
278 298 1
1594 1618 1
1223 1240 2
1376 1386 1
1482 1487 2
1106 1122 1
1209 1227 1
1010 1017 1
582 597 1
582 612 1
1676 1701 1
417 431 1
629 630 1
576 591 1
386 399 2
1587 1613 1
74 83 2
1525 1553 1
257 263 1
1722 1731 2
180 205 1
1925 1931 2
1087 1101 1
403 417 2
1563 1578 1
679 687 2
983 995 2
547 550 2
1842 1857 2
1455 1467 2
3 4 2
842 851 1
1573 1598 1
1370 1397 1
466 486 2
97 120 1
842 844 2
1774 1801 1
1552 1581 1
1357 1378 1
305 309 2
957 978 1
546 569 2
1051 1070 2
1190 1197 2
800 817 1
1769 1779 2
1300 1301 2
971 980 1
1853 1864 2
1900 1927 1
1368 1384 1
592 618 1
1842 1872 2
1712 1741 2
148 156 2
1165 1188 1
569 571 2
1457 1472 2
126 140 1
1940 1960 1
133 162 1
296 323 1
1189 1199 2
497 524 1
849 871 1
1316 1342 1
1891 1907 2
939 962 2
1237 1258 2
1123 1152 2
364 394 2
866 877 2
1138 1163 1
408 410 2
1550 1580 1
1009 1033 1
450 456 1
1651 1655 2
1361 1388 1
1291 1304 2
539 568 2
1582 1600 2
1686 1703 1
1647 1668 1
1611 1630 1
972 1001 1
218 233 1
437 467 1
1306 1334 1
26 32 1
1185 1196 2
512 531 1
829 849 1
464 489 2
557 560 2
1195 1199 2
542 572 2
1982 1987 2
1942 1965 1
190 211 1
103 124 1
1793 1811 1
1152 1176 1
249 261 2
662 684 1
1373 1382 1
42 61 1
885 914 1
1207 1215 2
930 941 2
523 531 1
1159 1180 1
1312 1313 2
1480 1499 1
1765 1787 1
1470 1480 2
173 193 1
821 830 2
532 547 1
466 480 2
1546 1550 1
1715 1720 2
1421 1441 2
453 483 1
1975 1993 1
156 185 1
1073 1103 1
1475 1476 2
1506 1513 1
1232 1247 2
1209 1227 1
1571 1598 1
755 784 2
939 942 2
329 335 2
1189 1203 2
1849 1864 2
1410 1434 1
1919 1929 1
1619 1639 1
431 460 1
228 243 2
162 181 1
402 410 2
811 841 1
1930 1958 1
1077 1100 1
368 375 2
1659 1688 1
1160 1185 1
355 372 2
709 712 2
1128 1146 2
764 779 2
18 31 1
1508 1524 1
532 549 1
604 613 1
258 269 1
392 402 2
1901 1930 1
1818 1844 1
1933 1958 1
1369 1397 1
1994 1997 2
801 821 1
806 818 1
166 168 1
1706 1735 1
470 498 2
332 360 1
1819 1820 2
682 696 1
777 791 2
1509 1519 2
106 116 1
1853 1872 2
1651 1656 2
613 628 1
1091 1104 1
19 30 2
840 848 2
38 56 1
1965 1994 1
1908 1918 1
500 507 1
1535 1552 1
300 301 1
212 229 1
783 801 1
592 598 2
155 173 1
1294 1317 2
683 711 1
1457 1480 2
1329 1343 1
1307 1337 1
866 867 2
248 261 2
830 831 1
170 176 1
570 586 1
1953 1982 1
972 1002 1
1335 1339 2
1154 1170 1
1909 1929 1
1808 1835 1
1590 1594 2
1124 1145 2
1784 1812 1
102 114 2
19 25 2
159 167 1
732 758 1
688 712 1
588 610 1
485 505 1
1502 1512 1
1302 1319 2
486 503 1
458 485 1
1772 1788 1
342 349 1
1508 1510 1
1911 1941 1
1226 1252 2
1575 1593 1
1759 1769 2
302 315 1
459 472 1
1833 1846 1
1502 1526 1
240 247 2
727 756 1
1926 1951 1
1743 1766 1
1634 1651 1
1475 1478 2
357 370 2
413 419 2
1351 1357 1
1726 1742 2
1283 1305 2
634 639 2
1323 1327 2
1513 1530 1
483 491 2
1044 1050 1
282 311 1
1771 1798 1
769 775 2
1537 1538 2
1834 1839 1
677 706 1
388 400 2
684 698 1
1302 1320 2
222 235 2
1335 1344 2
42 66 1
1565 1585 1
358 387 2
1921 1928 2
775 798 2
491 492 2
297 313 1
907 924 1
516 522 2
1195 1201 2
237 255 2
297 317 1
1046 1049 1
491 492 2
1884 1894 2
541 548 2
1433 1455 2
786 788 2
394 417 2
859 867 2
1887 1888 2
211 232 1
735 753 1
165 176 1
1046 1057 1
410 423 2
1964 1994 1
1811 1819 2
1138 1166 1
1391 1410 2
1212 1223 1
1257 1269 1
182 188 2
1442 1453 2
1700 1720 1
1654 1668 1
1946 1952 1
1054 1056 2
388 398 2
305 327 1
1347 1376 1
1335 1356 1
1621 1639 1
1372 1400 1
1695 1697 1
1181 1190 2
1578 1585 1
851 859 1
1737 1743 2
1969 1978 1
1531 1537 2
1790 1791 2
765 785 2
513 539 1
1253 1279 1
1775 1777 2
1142 1159 1
1515 1518 2
506 530 1
737 740 2
331 349 1
331 341 2
1374 1385 1
1283 1294 2
348 366 1
1430 1431 2
1950 1979 1
1649 1661 1
245 270 1
1115 1132 2
1252 1270 1
111 141 1
1546 1558 1
676 702 1
1760 1790 1
283 300 1
779 802 1
1796 1818 1
574 582 1
1932 1957 1
63 86 2
727 753 1
948 968 2
279 293 1
1898 1922 1
1623 1637 1
530 558 1
1110 1134 2
1971 1984 1
369 395 2
1569 1598 1
1633 1642 1
263 279 2
1031 1047 1
663 669 2
1989 1993 1
1656 1666 1
735 758 1
1139 1167 1
1407 1432 1
247 271 1
1539 1567 1
185 198 1
980 990 2
891 907 1
1539 1559 1
279 299 1
1122 1147 2
57 70 2
1005 1016 2
1367 1381 1
467 469 2
925 933 2
1941 1951 1
1833 1861 1
1257 1276 1
16 46 1
1579 1589 1
235 256 2
433 451 2
178 192 2
1514 1544 1
1362 1364 2
1202 1210 1
4 31 1
64 93 2
1693 1722 1
1498 1526 1
905 916 2
766 770 2
1244 1260 1
374 376 2
351 371 2
368 373 2
1156 1175 1
1978 1985 1
24 40 1
1270 1293 1
901 916 2
1754 1766 1
1601 1623 1
1623 1635 1
582 605 1
1571 1583 1
1151 1166 1
245 260 2
155 172 1
973 997 1
961 979 1
1661 1686 1
145 146 2
1384 1397 1
179 198 1
150 153 2
670 671 2
369 389 2
1430 1444 2
1583 1595 2
755 766 2
764 789 2
731 738 2
1858 1888 2
1259 1279 1
1032 1056 1
1255 1271 1
1157 1165 2
1579 1586 1
1744 1748 1
781 796 2
390 412 2
994 1011 1
902 916 2
1145 1161 1
332 333 2
1928 1931 2
1944 1952 1
1745 1750 1
1706 1725 1
1312 1334 1
1021 1051 1
20 34 1
77 86 2
375 401 2
982 1004 1
1740 1743 2
411 431 1
1780 1809 1
431 436 2
845 872 1
387 393 2
440 469 1
1101 1114 1
1269 1279 1
1793 1813 1
1965 1979 1
366 393 2
1164 1179 1
1928 1948 1
601 614 1
1710 1721 1
1443 1466 2
1400 1428 1
10 18 2
1102 1119 1
1703 1708 1
375 396 2
360 384 2
1901 1911 2
220 248 2
921 935 1
807 820 1
1601 1606 1
531 548 1
811 831 1
1972 1995 1
1868 1874 2
1446 1470 2
1 17 1
1685 1711 1
889 893 2
1177 1192 2
1533 1540 2
540 558 2
1469 1482 2
1977 1982 1
1273 1295 1
1634 1646 1
1368 1371 2
1038 1065 1
1513 1522 2
861 880 2
803 822 1
1962 1972 2
1243 1250 2
988 1014 1
2 12 1
1368 1390 1
88 97 2
1911 1933 1
273 286 1
592 622 1
610 620 1
1761 1771 2
1865 1884 2
1743 1748 1
1446 1447 2
568 576 1
1065 1091 1
1009 1036 1
1529 1547 1
209 223 1
1470 1484 2
1721 1743 2
860 875 2
14 44 1
637 654 2
1349 1366 1
1578 1581 1
681 707 1
1606 1619 1
76 98 2
1319 1328 2
216 229 1
209 220 1
481 486 2
704 717 1
409 432 1
1489 1504 1
1695 1703 1
974 994 1
5 28 1
181 190 2
668 679 1
389 403 2
1646 1657 2
164 170 1
1384 1410 1
463 475 2
674 681 2
798 825 1
1404 1430 1
1347 1370 1
1559 1566 2
1471 1498 1
1550 1556 2
1394 1424 1
431 456 1
365 382 2
361 375 2
1077 1092 1
243 251 2
695 709 2
599 623 1
1138 1151 2
170 197 1
181 196 1
1528 1530 2
1030 1033 2
1536 1559 1
332 351 1
1914 1938 1
1498 1517 1
769 792 2
1369 1377 2
1121 1139 2
1617 1641 1
1549 1557 2
1971 1987 1
1341 1346 1
85 97 2
1507 1511 1
1051 1056 2
697 714 2
158 185 1
120 121 2
1900 1905 2
423 429 1
1245 1269 1
910 938 1
429 452 2
1878 1887 2
1242 1248 2
1440 1446 2
556 577 1
1950 1967 2
1275 1286 2
1218 1222 1
1778 1784 1
1361 1384 1
1823 1828 2
787 809 1
195 200 2
889 909 1
1676 1680 1
540 561 2
748 754 1
878 903 1
1286 1300 2
1663 1683 1
949 971 2
1439 1460 2
1337 1356 1
1258 1268 1
1407 1431 1
1365 1367 1
1835 1863 1
1748 1773 1
309 331 1
1909 1914 2
301 328 1
1500 1509 1
684 685 2
1676 1684 1
281 291 1
367 380 2
708 732 1
722 748 1
290 301 1
1104 1116 1
438 443 2
1626 1642 1
1832 1843 1
1952 1959 2
805 827 1
1518 1519 2
1523 1529 1
1589 1616 1
1743 1757 1
1668 1695 1
1749 1750 2
260 267 1
1291 1297 2
589 593 1
363 369 2
1928 1955 1
1787 1791 2
1842 1851 2
1850 1854 2
570 589 1
1945 1949 1
1528 1543 2
659 677 1
409 429 1
155 173 1
1675 1705 1
1089 1117 1
1649 1666 1
592 598 2
1779 1804 1
1655 1683 1
342 355 1
1889 1904 2
1235 1252 2
324 337 2
743 759 1
1091 1100 1
503 533 1
1936 1965 1
397 424 2
66 94 2
51 63 1
1486 1515 1
1227 1228 2
373 385 2
504 514 1
826 827 2
589 590 2
1518 1527 1
1776 1800 1
1914 1921 1
219 232 1
1224 1246 2
1343 1345 2
671 677 1
1684 1699 1
441 443 2
1730 1757 1
706 708 2
1493 1511 1
1855 1885 2
193 217 1
1561 1573 1
994 1002 2
613 634 1
1502 1507 2
1697 1712 1
1545 1571 1
525 531 1
580 596 1
371 384 2
724 731 1
1348 1356 1
1674 1689 1
897 899 2
52 69 1
210 220 1
208 233 1
887 906 1
1336 1359 1
1193 1204 2
447 463 1
588 610 1
1510 1526 2
4 10 1
1339 1363 1
16 24 2
1326 1342 1
759 782 2
449 470 1
686 706 1
716 727 1
739 759 1
203 216 1
1161 1168 2
724 754 1
1216 1241 1
536 538 2
1728 1754 1
1430 1433 2
1730 1744 2
1766 1794 1
379 394 2
1593 1615 1
1222 1250 2
778 787 2
1709 1735 1
481 494 2
532 548 1
1684 1696 1
130 155 1
618 633 1
860 863 2
1390 1417 2
96 117 1
1388 1416 2
523 525 2
779 793 2
167 171 2
1607 1609 2
106 124 1
1778 1801 1
438 448 2
537 564 2
1329 1338 1
198 225 1
942 961 2
1426 1432 2
564 588 1
256 276 1
1677 1678 1
1762 1784 1
813 822 1
281 282 2
1837 1845 2
535 539 2
1091 1092 2
482 510 1
1488 1495 1
1576 1597 1
1861 1869 2
826 848 1
531 556 1
406 416 2
1342 1351 1
757 763 2
