1541 1700
33 38 1
1400 1405 2
537 562 1
598 599 2
125 126 2
1332 1342 1
49 68 2
856 875 2
638 656 2
1385 1396 2
1235 1243 2
98 121 2
568 585 2
788 809 2
1505 1520 2
1186 1208 2
1454 1484 2
1207 1217 2
1261 1288 2
1236 1250 1
1515 1537 2
91 94 2
1501 1529 2
1137 1142 1
322 344 2
202 232 2
1352 1372 1
489 514 2
1090 1113 2
1305 1311 2
1456 1480 2
988 990 2
1305 1323 2
647 666 2
603 617 2
1147 1167 2
385 412 2
134 140 1
1491 1496 2
1486 1489 2
1487 1501 2
476 480 2
586 606 2
494 504 2
614 625 2
1050 1068 2
1069 1092 2
1149 1153 2
23 26 2
173 200 1
1257 1283 2
375 401 2
1066 1069 2
1068 1083 2
174 186 1
1223 1229 1
450 454 2
1084 1108 2
528 550 1
1047 1063 2
708 713 2
359 383 1
436 444 1
799 809 2
439 462 2
314 343 2
1232 1250 1
150 166 2
489 498 2
1406 1418 2
1175 1180 2
309 333 2
1162 1182 1
274 287 2
1223 1236 1
830 833 2
280 294 2
68 71 2
1280 1295 2
400 417 2
429 454 1
366 380 2
650 653 2
948 964 2
294 314 2
1078 1089 2
1503 1524 2
519 548 1
723 727 2
855 872 2
1440 1464 2
1442 1459 2
1476 1493 2
512 525 2
16 27 2
1059 1088 2
367 371 2
244 274 2
455 466 2
679 682 2
1291 1295 2
1137 1151 1
1472 1481 2
235 265 2
923 926 2
133 145 1
505 512 2
1223 1224 1
1141 1146 2
1373 1397 2
1167 1189 1
211 223 2
892 917 2
195 219 2
161 173 2
641 652 2
408 430 2
608 632 2
1367 1372 2
1068 1069 2
1335 1341 1
211 215 2
949 970 2
1294 1306 2
287 315 2
962 983 2
1228 1244 2
662 670 2
425 449 1
445 470 2
1419 1421 2
749 764 2
291 310 2
1519 1521 2
763 769 2
1328 1349 1
1380 1393 2
696 706 2
1371 1384 2
1183 1200 2
460 489 2
553 567 2
1046 1068 2
1385 1415 2
1195 1225 1
421 435 2
68 70 2
454 475 2
1225 1228 2
420 436 2
948 950 2
1012 1039 1
1009 1037 1
1073 1096 2
1466 1478 2
1011 1023 1
1023 1044 2
1193 1206 2
1405 1424 2
283 293 2
42 61 2
645 664 2
1205 1219 2
1259 1283 2
149 151 2
824 843 2
308 311 2
611 637 2
242 247 2
789 792 2
275 304 2
704 728 2
777 794 1
730 731 2
580 581 2
1405 1407 2
251 258 2
77 87 2
177 186 1
1124 1142 1
31 51 1
100 111 2
1471 1491 2
320 341 2
924 938 2
930 957 2
582 583 2
476 496 2
714 717 2
281 307 2
729 732 2
482 483 2
607 623 2
9 38 1
1167 1179 1
1134 1148 1
172 184 1
114 140 1
1510 1536 2
1415 1417 2
1447 1460 2
1203 1218 2
281 288 2
678 684 2
1435 1462 2
1380 1386 2
417 423 2
933 959 2
948 954 2
1349 1376 1
564 594 2
1241 1242 2
93 103 2
1219 1229 1
140 161 2
873 881 2
294 316 2
1472 1497 2
1065 1090 2
554 561 2
835 850 2
859 886 2
1112 1139 1
238 239 2
1250 1253 2
344 369 1
551 555 2
1262 1279 2
1218 1224 1
490 497 2
757 775 2
1375 1405 2
902 925 2
592 597 2
142 164 2
934 942 2
413 424 2
1101 1113 2
481 510 2
1518 1519 2
1234 1242 2
812 821 2
1359 1382 1
153 158 2
432 445 1
1004 1012 2
133 141 1
581 591 2
725 746 2
1177 1181 2
895 902 2
1040 1043 2
1275 1289 2
804 807 2
1106 1122 2
1438 1453 2
1121 1148 1
142 147 2
484 492 2
537 545 2
69 74 2
657 659 2
125 127 2
365 384 2
159 187 1
1042 1056 2
137 148 1
865 868 2
1002 1025 1
1312 1320 2
218 221 2
1372 1374 2
956 959 2
1445 1458 2
655 671 2
511 541 2
1353 1368 1
484 497 2
42 66 2
103 105 2
1360 1375 1
819 846 2
710 719 2
132 144 1
1136 1152 1
946 974 2
571 595 2
600 615 2
1303 1328 2
316 333 2
946 970 2
1376 1386 2
744 749 2
1286 1290 2
314 332 2
1179 1190 2
1345 1375 1
1120 1130 2
217 226 2
415 425 2
1322 1345 1
309 326 2
688 701 2
16 24 2
1030 1056 2
231 234 2
1046 1067 2
881 888 2
1298 1326 2
268 286 2
330 349 2
630 633 2
518 531 2
1307 1308 2
634 650 2
192 214 2
616 639 2
100 127 2
938 946 2
1465 1482 2
789 815 2
552 576 2
625 650 2
639 642 2
378 380 2
1392 1401 2
961 983 2
73 76 2
1418 1448 2
981 991 2
438 465 1
183 207 2
1462 1489 2
532 541 2
94 106 2
1397 1426 2
274 295 2
123 132 2
1532 1541 2
952 974 2
671 701 2
1472 1486 2
1125 1127 2
376 393 2
1261 1289 2
37 41 1
363 388 1
220 249 2
1249 1276 2
100 103 2
435 453 1
1211 1225 1
1154 1178 1
1486 1502 2
1284 1304 2
1482 1493 2
181 185 1
87 107 2
429 450 1
1048 1065 2
1049 1068 2
848 852 2
210 228 2
91 117 2
436 453 1
1100 1112 2
1032 1057 2
1435 1451 2
283 302 2
1445 1459 2
294 324 2
289 313 2
979 985 2
91 108 2
851 865 2
634 655 2
657 676 2
447 477 2
503 524 2
700 711 2
610 616 2
1297 1308 2
1354 1384 1
21 49 1
1348 1367 1
847 869 2
485 503 2
1044 1061 2
578 603 2
663 669 2
989 1018 2
146 171 2
430 433 2
698 727 2
533 560 1
125 143 1
876 878 2
106 129 2
775 792 1
353 374 1
1370 1398 2
1012 1027 1
599 614 2
376 380 2
575 598 2
680 701 2
176 189 1
1288 1299 2
1127 1134 2
772 802 1
1168 1176 1
592 606 2
1235 1256 1
253 264 2
662 670 2
578 601 2
344 360 2
812 816 2
1366 1374 1
273 294 2
1004 1030 1
1049 1055 2
1202 1205 2
34 64 1
1160 1169 2
69 89 2
1049 1074 2
1306 1312 2
1190 1212 2
851 875 2
896 906 2
216 231 2
1022 1035 1
240 261 2
1387 1411 2
477 498 2
1068 1073 2
361 384 1
1418 1444 2
1205 1207 2
1485 1490 2
238 246 2
707 720 2
601 617 2
556 585 2
1247 1269 1
493 521 2
385 412 2
1130 1151 1
256 265 2
1098 1099 2
799 807 2
1067 1097 2
268 294 2
866 881 2
597 620 2
1466 1474 2
722 741 2
1398 1426 2
771 780 2
334 358 2
1145 1163 2
300 301 2
1400 1405 2
316 335 2
1269 1274 2
670 683 2
112 128 2
18 45 1
1081 1095 2
451 479 2
526 552 1
920 921 2
1178 1200 2
1173 1174 1
794 807 2
1097 1116 2
441 456 2
658 664 2
24 52 1
1128 1152 1
1067 1089 2
1351 1352 2
734 755 2
450 457 2
942 951 2
73 89 2
614 630 2
974 981 2
406 411 2
1222 1243 1
995 1005 2
1351 1381 1
128 150 1
1026 1053 2
1043 1045 2
17 29 2
507 508 2
684 714 2
350 373 1
1264 1266 2
670 686 2
722 726 2
336 347 2
118 132 2
677 700 2
6 16 2
82 99 2
1198 1217 2
1316 1334 2
782 787 1
901 921 2
81 108 2
1091 1100 2
592 609 2
1481 1506 2
849 855 2
1267 1271 2
360 390 1
11 27 2
1436 1437 2
855 882 2
806 819 2
1097 1127 2
1356 1358 1
691 716 2
501 520 2
919 920 2
99 106 2
955 964 2
1293 1314 2
889 918 2
706 730 2
1120 1150 1
1445 1449 2
1124 1153 1
1260 1263 2
1084 1090 2
930 935 2
640 645 2
1346 1360 1
1138 1168 2
1239 1240 2
361 388 1
515 537 2
1278 1305 2
713 727 2
1187 1207 2
581 585 2
1181 1206 2
1477 1492 2
687 702 2
1375 1377 2
860 883 2
423 437 1
669 695 2
576 584 2
63 81 2
1229 1242 2
514 518 2
1234 1237 2
308 338 2
1235 1265 1
651 672 2
444 454 2
482 491 2
1399 1420 2
66 76 2
814 830 2
918 938 2
291 314 2
532 543 2
281 310 2
942 944 2
1408 1418 2
1012 1023 1
924 928 2
875 898 2
172 188 1
850 869 2
227 256 2
1398 1401 2
71 101 2
259 286 2
708 730 2
316 322 2
61 62 2
960 985 2
723 728 2
747 748 2
680 682 2
1086 1102 2
448 462 2
985 1015 2
91 101 2
113 139 1
13 26 2
406 420 2
340 362 2
1018 1041 1
998 1013 2
8 10 2
207 213 2
435 442 1
588 594 2
590 603 2
1431 1432 2
516 531 2
145 174 2
802 804 2
1282 1308 2
64 69 2
1217 1223 1
1089 1118 2
1285 1301 2
829 855 2
294 305 2
1101 1110 2
426 453 1
992 1002 2
257 276 2
234 245 2
1075 1101 2
1112 1125 2
586 602 2
243 249 2
1204 1234 1
464 486 2
240 261 2
527 528 2
399 429 2
214 230 2
306 316 2
356 369 1
87 113 2
905 916 2
212 234 2
1211 1223 1
6 35 2
523 528 2
1093 1106 2
1050 1063 2
790 813 2
1437 1445 2
715 722 2
1169 1171 2
580 593 2
638 660 2
210 215 2
716 723 2
1211 1235 1
308 314 2
1434 1435 2
525 531 2
880 892 2
81 104 2
1076 1090 2
360 374 1
1243 1251 1
963 967 2
757 758 2
1065 1070 2
915 930 2
810 815 2
1138 1157 2
983 1002 2
1207 1229 1
784 814 2
582 603 2
1418 1429 2
907 911 2
763 790 1
396 408 2
833 851 2
824 838 2
651 653 2
534 552 1
566 579 2
330 333 2
609 630 2
61 80 2
455 463 2
837 861 2
141 165 2
1315 1335 2
267 268 2
569 570 2
2 21 2
73 75 2
1264 1277 2
1147 1152 2
592 621 2
660 683 2
343 354 2
1266 1287 2
200 220 2
797 809 2
278 291 2
62 91 2
1355 1385 1
857 860 2
138 164 2
298 301 2
1349 1364 1
421 435 2
1044 1056 2
1401 1421 2
72 91 2
1064 1092 2
711 718 2
858 877 2
1076 1091 2
22 37 2
1401 1413 2
989 991 2
5 31 2
620 644 2
70 88 2
911 931 2
315 343 2
762 789 1
117 129 2
230 237 2
381 395 2
1003 1022 1
292 304 2
1468 1489 2
885 889 2
138 158 2
1070 1076 2
375 402 2
158 168 2
1163 1174 1
861 864 2
637 667 2
1275 1292 2
44 54 2
746 753 2
1392 1408 2
791 806 2
896 903 2
832 833 2
1286 1312 2
875 897 2
324 336 2
1178 1195 2
14 40 1
850 867 2
1225 1247 2
612 617 2
193 215 2
1151 1173 1
872 877 2
191 193 2
624 648 2
1194 1208 2
850 858 2
400 421 2
1050 1060 2
892 893 2
435 437 1
1336 1364 1
564 594 2
309 311 2
1120 1139 1
621 643 2
1502 1510 2
1213 1242 1
463 484 2
771 779 2
1163 1181 1
1075 1100 2
917 940 2
723 729 2
318 345 2
1029 1038 2
90 93 2
739 752 2
950 967 2
1460 1478 2
946 973 2
972 996 2
672 682 2
1149 1177 1
344 372 1
1200 1201 2
1193 1197 2
416 419 2
1066 1087 2
1187 1191 2
477 492 2
1442 1447 2
1503 1517 2
164 184 1
1210 1219 2
1472 1481 2
155 181 2
288 310 2
705 735 2
940 963 2
61 62 2
1119 1137 1
566 567 2
136 164 1
1426 1438 2
730 745 2
318 320 2
1165 1185 1
1092 1116 2
510 535 2
75 103 2
1050 1061 2
1043 1068 2
640 666 2
33 55 1
627 652 2
249 257 2
570 582 2
1176 1180 2
1316 1326 2
693 708 2
486 502 2
76 85 2
1268 1283 2
365 379 2
1263 1268 2
747 777 2
588 614 2
1379 1386 2
1249 1275 2
704 706 2
177 179 2
483 490 2
246 256 2
393 418 2
862 887 2
973 995 2
350 359 2
932 947 2
824 827 2
1113 1143 1
287 314 2
458 461 2
983 1009 2
188 212 2
268 275 2
184 185 2
251 257 2
462 475 2
1476 1494 2
1164 1171 2
1388 1404 2
1500 1517 2
870 880 2
783 793 2
367 388 2
1031 1036 2
1274 1278 2
696 716 2
464 476 2
352 379 1
959 983 2
1285 1296 2
1513 1527 2
546 554 1
778 784 1
1317 1337 2
527 549 1
339 352 2
602 608 2
842 849 2
1192 1194 2
115 141 1
812 832 2
1186 1205 2
552 573 2
1238 1266 1
1204 1216 2
950 972 2
257 271 2
884 899 2
1062 1070 2
1235 1236 2
829 855 2
461 478 2
442 466 2
711 738 2
1301 1327 2
1391 1418 2
198 224 2
555 573 2
541 558 1
522 527 2
1246 1271 1
433 452 1
1130 1133 2
65 93 2
418 421 2
1362 1386 1
369 379 2
622 635 2
319 330 2
1402 1408 2
1162 1181 1
507 524 2
1305 1328 2
937 956 2
938 944 2
1382 1398 2
983 989 2
381 400 2
1437 1456 2
1487 1498 2
748 753 2
1175 1176 2
928 931 2
1339 1353 1
1111 1114 2
1288 1309 2
1447 1467 2
812 823 2
1270 1275 2
668 670 2
168 192 1
1251 1278 2
48 74 2
326 334 2
208 232 2
791 811 2
44 68 2
269 274 2
140 150 2
344 361 2
764 789 1
6 24 2
1318 1342 1
152 154 2
275 293 2
270 284 2
214 219 2
1179 1188 2
1324 1339 2
98 125 2
540 548 1
1115 1141 1
1458 1475 2
998 1014 2
1026 1055 2
183 202 2
106 124 2
1519 1539 2
1090 1093 2
168 193 1
568 597 2
1007 1036 1
796 808 2
75 99 2
379 389 2
1110 1124 2
1143 1166 2
60 73 2
1412 1413 2
892 894 2
895 907 2
447 460 2
1270 1300 2
532 536 2
710 728 2
1176 1179 2
9 21 2
1414 1417 2
1161 1172 2
91 92 2
1251 1279 2
149 154 2
1280 1310 2
1454 1480 2
719 730 2
334 361 2
728 745 2
707 731 2
527 535 2
294 309 2
1173 1203 1
908 923 2
8 37 2
245 255 2
893 901 2
71 88 2
1356 1375 1
19 48 1
1066 1094 2
348 356 2
722 750 2
284 311 2
203 211 2
520 544 2
1385 1408 2
1377 1394 2
175 177 2
651 672 2
429 441 1
489 519 2
905 915 2
154 179 2
1247 1265 1
490 512 2
1232 1247 2
488 490 2
1047 1061 2
1241 1269 1
717 745 2
681 689 2
621 643 2
579 606 2
1405 1435 2
1205 1207 2
806 809 2
1351 1352 2
336 339 2
530 548 1
269 285 2
1369 1380 2
1335 1364 1
533 535 2
880 891 2
1345 1361 1
283 297 2
140 159 2
510 523 2
546 547 2
1314 1342 1
150 159 2
1240 1250 1
381 392 2
1070 1088 2
729 737 2
266 271 2
1266 1275 2
598 628 2
225 254 2
155 179 2
680 704 2
1063 1067 2
271 275 2
451 481 2
290 305 2
192 194 2
439 446 2
243 257 2
736 739 2
776 787 1
486 492 2
1276 1290 2
883 910 2
196 210 2
37 67 1
1265 1273 2
1414 1418 2
1020 1033 1
323 337 2
773 801 1
1271 1282 2
1431 1442 2
309 324 2
1326 1344 1
712 715 2
1175 1185 2
1429 1444 2
672 690 2
411 439 1
525 529 2
912 938 2
305 321 2
1374 1378 2
9 16 2
1241 1268 1
295 302 2
1327 1352 1
758 785 1
1363 1383 1
792 799 2
96 103 2
918 922 2
1263 1283 2
1305 1311 2
1441 1471 2
224 232 2
1528 1539 2
126 127 2
1121 1125 2
1077 1099 2
1182 1187 2
1124 1136 2
944 962 2
370 382 2
1474 1497 2
640 652 2
367 375 2
669 679 2
1285 1315 2
885 907 2
438 451 1
385 402 2
935 960 2
1224 1230 2
1316 1317 2
701 711 2
352 372 1
622 652 2
790 801 2
21 22 2
1234 1239 2
1274 1298 2
1069 1085 2
1332 1339 2
946 963 2
413 423 2
246 263 2
1431 1459 2
1305 1328 2
1158 1165 2
1084 1113 2
623 637 2
1389 1411 2
1317 1336 2
589 599 2
1199 1222 2
374 385 2
866 884 2
956 962 2
167 185 1
1358 1362 1
195 211 2
1353 1364 1
739 749 2
649 670 2
84 100 2
568 597 2
751 770 2
12 23 2
356 361 2
265 272 2
1431 1441 2
337 356 2
585 593 2
1245 1267 1
667 694 2
1271 1275 2
280 303 2
642 663 2
211 235 2
702 712 2
606 617 2
1220 1245 1
1216 1219 2
1247 1273 1
455 458 2
982 1007 2
865 887 2
221 241 2
1160 1180 1
497 525 2
645 654 2
1068 1070 2
1210 1222 2
673 688 2
222 239 2
1336 1337 2
707 721 2
586 603 2
612 638 2
676 705 2
1369 1377 2
1386 1404 2
171 199 1
555 579 2
578 606 2
603 610 2
1494 1497 2
1068 1097 2
267 274 2
86 113 2
1406 1430 2
875 885 2
743 760 2
90 107 2
495 503 2
973 979 2
944 962 2
526 553 1
887 892 2
1250 1279 2
243 263 2
746 748 2
1054 1071 2
595 604 2
150 180 2
530 538 2
86 89 2
1310 1322 2
1028 1047 2
889 894 2
377 386 2
822 849 2
579 589 2
1170 1177 1
427 457 1
1471 1485 2
1013 1042 1
483 513 2
337 365 1
490 494 2
1127 1136 2
950 962 2
76 94 2
462 482 2
494 514 2
617 630 2
991 1006 2
960 976 2
1143 1171 2
1348 1361 1
141 149 2
446 469 2
858 863 2
380 407 2
1524 1531 2
1293 1315 2
127 130 2
1519 1534 2
1067 1090 2
957 975 2
393 416 2
597 622 2
918 948 2
209 216 2
170 184 1
532 553 1
1314 1321 2
211 219 2
904 915 2
1184 1213 2
866 886 2
1197 1198 2
967 986 2
521 544 2
1401 1403 2
1337 1341 1
876 902 2
791 821 2
878 898 2
433 461 1
867 875 2
557 572 2
1531 1540 2
590 595 2
540 550 1
611 615 2
659 663 2
530 543 2
855 883 2
1501 1502 2
1259 1288 2
602 622 2
1270 1280 2
566 583 2
1194 1214 2
1201 1204 2
1271 1300 2
841 862 2
229 255 2
1293 1322 2
657 686 2
353 355 2
441 444 2
1496 1517 2
472 473 2
1244 1270 1
267 283 2
1451 1469 2
1012 1036 1
72 83 2
46 75 2
786 787 2
561 570 2
387 401 2
1487 1499 2
546 553 1
1116 1124 2
1413 1427 2
241 253 2
1186 1187 2
1497 1509 2
1447 1458 2
829 840 2
1038 1059 2
1318 1331 2
161 168 2
1086 1105 2
537 565 1
1212 1223 1
384 409 2
385 390 2
906 925 2
1038 1066 2
1297 1320 2
47 54 2
692 701 2
207 211 2
750 751 2
199 218 2
1118 1121 2
300 319 2
961 981 2
20 44 1
1432 1455 2
420 430 2
1171 1198 1
696 697 2
276 281 2
497 525 2
1186 1210 2
289 303 2
818 820 2
359 373 1
987 1011 2
1124 1154 1
427 433 2
175 184 1
857 871 2
294 322 2
560 562 2
442 449 2
441 445 2
1337 1349 1
1342 1353 2
162 171 2
502 512 2
402 410 2
1492 1504 2
1249 1272 2
626 652 2
27 44 1
670 685 2
613 629 2
130 156 1
1330 1348 1
361 372 1
25 31 2
1414 1419 2
1030 1039 2
1013 1043 1
460 462 2
1305 1307 2
682 697 2
321 336 2
1364 1378 1
400 424 2
1178 1188 2
368 382 2
1250 1255 2
796 798 2
1408 1420 2
695 716 2
387 389 2
1386 1399 2
5 23 2
478 481 2
395 409 2
1533 1535 2
915 941 2
663 677 2
1387 1388 2
272 287 2
845 867 2
580 581 2
1180 1185 2
248 249 2
565 573 2
620 624 2
128 138 1
1255 1277 2
1293 1297 2
1464 1478 2
502 517 2
793 803 2
927 941 2
476 489 2
1289 1316 2
863 874 2
446 458 2
231 246 2
1403 1410 2
1257 1273 2
1320 1332 2
31 39 1
2 20 2
1370 1394 2
1429 1433 2
1 12 2
924 926 2
1504 1531 2
870 874 2
1333 1336 2
1381 1392 2
961 978 2
495 499 2
197 224 2
1271 1279 2
227 255 2
231 257 2
136 158 1
1310 1313 2
1 21 2
743 759 2
217 238 2
371 389 2
876 904 2
415 422 2
1434 1448 2
513 515 2
825 841 2
488 512 2
1472 1488 2
870 900 2
1063 1069 2
315 342 2
596 606 2
167 169 2
1073 1081 2
64 72 2
1074 1089 2
1193 1194 2
1237 1243 2
712 719 2
1055 1073 2
1324 1343 1
171 178 2
950 957 2
6 21 2
431 459 1
1311 1333 2
435 452 1
398 426 2
160 180 2
69 81 2
1467 1482 2
1330 1340 2
720 732 2
669 692 2
1121 1150 1
374 400 2
425 429 2
914 921 2
105 110 2
1207 1214 2
525 547 2
982 1002 2
1428 1432 2
737 739 2
758 776 2
136 151 1
326 330 2
132 157 1
429 445 1
615 628 2
473 496 2
596 618 2
15 43 1
457 483 2
1330 1359 1
298 304 2
1209 1230 1
299 311 2
189 200 2
1053 1080 2
609 615 2
329 345 2
117 134 2
269 297 2
1386 1394 2
263 264 2
125 154 1
969 990 2
234 260 2
268 298 2
1128 1136 2
567 579 2
1070 1074 2
1309 1316 2
999 1009 2
1032 1062 2
1129 1151 1
829 833 2
196 209 2
391 421 2
949 950 2
956 960 2
1497 1513 2
983 1008 2
833 849 2
134 163 1
5 17 2
956 983 2
880 884 2
1202 1212 2
294 320 2
803 824 2
663 681 2
1377 1390 2
1433 1445 2
957 975 2
675 689 2
817 821 2
937 945 2
640 670 2
298 311 2
488 497 2
971 1000 2
129 147 1
749 773 2
461 481 2
1470 1471 2
745 746 2
1297 1301 2
339 360 2
1029 1047 2
588 618 2
1237 1255 1
118 128 2
1254 1271 2
1323 1345 1
1126 1152 1
715 726 2
609 633 2
1021 1039 1
1201 1220 2
1123 1141 1
1200 1223 1
1329 1351 1
861 876 2
1146 1149 2
1149 1161 2
979 985 2
1223 1230 1
1213 1240 1
803 825 2
1214 1215 2
768 769 2
1173 1191 1
133 135 2
940 963 2
259 264 2
985 1013 2
1275 1291 2
282 308 2
498 515 2
1345 1355 2
277 301 2
316 326 2
333 355 2
284 294 2
1427 1429 2
1199 1228 1
184 196 2
685 710 2
278 283 2
386 406 2
666 670 2
579 586 2
518 525 2
399 409 2
369 370 2
85 104 2
143 156 2
274 285 2
1363 1391 1
1500 1507 2
67 86 2
845 874 2
1321 1326 2
760 776 2
913 916 2
934 955 2
1053 1056 2
243 244 2
1158 1166 2
438 451 1
668 685 2
92 100 2
796 814 2
749 751 2
157 184 1
358 364 1
468 470 2
759 768 2
775 789 1
143 146 2
1139 1144 2
709 711 2
474 476 2
47 76 2
775 795 1
1446 1463 2
347 360 2
1300 1308 2
417 430 2
688 697 2
83 93 2
891 897 2
1260 1289 2
706 720 2
1116 1141 1
1515 1520 2
1283 1299 2
837 845 2
916 932 2
166 190 1
1202 1232 1
395 421 2
97 111 2
680 689 2
156 166 2
1039 1066 2
1050 1063 2
1088 1101 2
222 245 2
227 232 2
742 771 2
700 728 2
805 810 2
1188 1209 2
766 773 2
1496 1498 2
1489 1512 2
69 74 2
209 235 2
1232 1243 2
505 523 2
358 362 2
1317 1331 2
751 758 2
306 315 2
474 477 2
766 778 2
1091 1112 2
278 279 2
1391 1412 2
102 107 2
881 907 2
907 928 2
344 353 2
106 121 2
753 776 2
898 925 2
580 583 2
130 145 1
1138 1148 2
682 702 2
96 110 2
1088 1104 2
719 727 2
1144 1160 2
1467 1476 2
435 462 1
1520 1539 2
1341 1347 1
228 235 2
1347 1354 2
610 631 2
1170 1191 1
441 448 2
1233 1242 2
50 65 2
476 497 2
1176 1197 2
631 648 2
965 972 2
712 738 2
1411 1433 2
794 820 2
973 980 2
52 71 2
630 654 2
1 8 2
494 501 2
609 621 2
1396 1414 2
1281 1294 2
144 173 2
1319 1328 2
1072 1084 2
978 986 2
37 58 1
1368 1389 2
176 188 1
674 686 2
1379 1406 2
704 715 2
