1768 1673
1490 1508 2
465 490 2
1586 1616 2
1672 1673 2
754 768 2
616 618 2
1684 1703 2
487 495 2
23 29 2
918 940 2
173 202 2
1389 1391 2
1716 1741 1
1687 1716 2
1407 1429 2
1045 1067 2
1520 1537 1
1169 1183 2
1356 1381 1
833 859 2
186 216 2
702 726 2
658 665 2
593 610 2
1391 1416 2
1041 1050 2
1264 1272 2
331 360 2
248 276 1
806 820 2
160 165 2
1161 1173 2
102 129 2
276 302 2
1725 1733 2
1080 1083 2
1472 1491 1
1612 1637 2
1628 1648 2
845 867 2
761 790 2
1480 1506 1
812 839 1
1335 1356 2
956 985 2
759 760 2
391 421 2
1154 1158 2
1137 1162 2
1661 1691 2
1505 1521 2
1136 1151 2
1079 1089 2
61 79 1
397 417 2
895 923 2
266 278 2
1233 1235 2
1637 1646 2
383 410 2
4 8 1
429 458 1
248 266 1
1003 1018 2
637 648 2
521 531 2
291 296 2
1637 1647 2
940 952 2
1046 1051 2
115 133 2
579 581 2
917 943 2
821 841 1
1055 1079 2
382 398 2
1131 1149 2
965 970 2
1336 1344 2
944 962 2
708 737 2
52 65 2
737 752 2
323 334 2
522 541 2
858 877 2
633 638 2
1518 1536 1
1742 1758 1
1643 1660 2
1413 1423 2
281 293 2
629 640 2
1363 1387 1
1585 1587 2
1525 1554 1
1404 1434 2
1249 1271 2
38 46 2
670 676 2
1053 1068 2
1518 1528 1
1018 1043 2
850 868 2
1573 1603 2
549 551 2
1442 1448 2
310 332 2
618 631 2
1056 1060 2
510 530 2
1065 1068 2
357 367 2
757 760 2
538 562 1
1178 1187 2
598 617 2
139 153 2
1261 1281 2
1204 1215 2
1664 1692 2
969 981 2
1142 1160 2
923 925 2
1207 1214 2
1176 1200 2
399 414 2
1070 1088 2
1356 1369 2
1284 1307 2
1228 1257 2
1100 1102 2
341 346 2
1201 1210 2
1626 1639 2
393 401 2
1391 1413 2
831 843 2
690 710 2
1344 1359 2
1174 1186 2
1639 1650 2
37 47 2
639 663 2
993 1014 2
421 437 2
1343 1349 2
672 682 2
632 649 2
1718 1731 2
38 56 2
660 679 2
1199 1228 2
1257 1283 2
1305 1321 1
432 439 2
1586 1615 2
832 846 2
347 374 2
961 967 2
465 488 2
1701 1729 2
1071 1075 2
689 717 2
779 801 2
823 835 1
203 207 2
1138 1159 2
1564 1566 2
1268 1296 2
455 479 2
1255 1280 2
449 453 2
254 259 2
1405 1427 2
135 143 2
1143 1167 2
137 151 2
648 663 2
772 791 2
1313 1316 2
1360 1372 1
262 266 1
757 772 2
1641 1666 2
1212 1234 2
216 236 2
42 60 2
444 462 2
839 859 2
1215 1240 2
342 359 2
817 826 1
643 648 2
1579 1604 2
79 94 2
21 51 2
28 48 2
1428 1429 2
1124 1151 2
365 373 2
1432 1458 2
1380 1400 2
266 267 2
1485 1499 2
1629 1659 2
1033 1050 2
601 610 2
1480 1487 1
861 883 2
973 975 2
841 854 2
1050 1052 2
1464 1490 1
1160 1167 2
1446 1449 2
395 398 2
60 82 1
1209 1229 2
133 157 2
1133 1161 2
315 335 2
684 696 2
1139 1168 2
499 525 2
986 1012 2
1707 1726 2
522 528 2
691 693 2
1086 1096 1
992 1018 2
1342 1350 2
1738 1758 1
1750 1760 2
1505 1512 2
260 272 1
1222 1238 2
1612 1623 2
892 898 2
666 680 2
920 931 2
1571 1576 2
831 848 2
1275 1304 2
738 749 2
1469 1473 2
1734 1758 1
638 650 2
236 244 2
294 295 2
156 164 2
860 882 2
1504 1528 1
1133 1150 2
496 510 2
360 372 2
355 356 2
873 889 2
668 677 2
208 234 2
192 219 2
1557 1575 2
674 704 2
1467 1479 2
1241 1251 2
1070 1076 2
1208 1214 2
810 828 1
975 976 2
57 74 1
1139 1142 2
1249 1276 2
855 872 2
1592 1611 2
1052 1068 2
388 411 2
797 814 2
1403 1406 2
32 46 2
1036 1039 2
1457 1471 2
1249 1262 2
401 420 2
730 743 2
414 427 2
302 329 2
1552 1576 2
712 733 2
1432 1460 2
4 22 1
36 48 2
1093 1105 2
659 660 2
44 69 1
450 459 2
1207 1226 2
568 594 2
3 14 1
1701 1730 2
1687 1707 2
1545 1574 2
1152 1153 2
1396 1407 2
1322 1350 2
322 344 2
154 180 2
776 804 2
941 952 2
136 146 2
147 172 2
476 504 2
1558 1567 2
1163 1185 2
793 801 2
253 272 1
1135 1154 2
1181 1182 2
1418 1422 2
1490 1503 2
1340 1357 2
569 575 2
837 867 2
259 275 1
513 540 2
751 771 2
237 254 2
132 148 2
654 671 2
772 783 2
703 709 2
56 86 1
645 667 2
172 188 2
1024 1035 2
215 239 2
1624 1630 2
210 228 2
25 35 2
10 17 2
141 156 2
1276 1283 2
517 543 2
1316 1344 1
1635 1654 2
217 246 2
783 787 2
120 132 2
780 796 2
1100 1120 2
1415 1423 2
391 404 2
19 28 2
688 703 2
963 985 2
1369 1385 1
885 902 2
1515 1532 1
735 748 2
1176 1204 2
498 514 2
1437 1464 2
1319 1332 2
1458 1467 2
802 803 2
1064 1067 2
1338 1348 2
1590 1616 2
1513 1516 2
1231 1254 2
214 235 2
403 426 2
1557 1566 2
352 370 2
272 298 2
742 764 2
172 192 2
1284 1290 2
523 545 2
1122 1142 2
289 318 2
732 737 2
933 939 2
415 429 2
1342 1349 2
1747 1762 2
1391 1417 2
989 1014 2
1337 1349 2
992 996 2
1003 1024 2
79 96 2
992 1006 2
682 692 2
1030 1055 2
1395 1408 2
1062 1083 2
1444 1448 2
45 57 2
1582 1604 2
1062 1077 2
1160 1189 2
841 854 2
235 265 1
332 353 2
1366 1391 1
141 146 2
882 889 2
1273 1278 2
1188 1216 2
612 630 2
610 624 2
901 931 2
1252 1258 2
1197 1225 2
225 228 2
1333 1340 2
1219 1232 2
529 548 1
1040 1045 2
1684 1702 2
1341 1350 2
249 258 2
137 151 2
571 592 2
852 875 2
298 310 2
858 880 2
835 853 2
232 233 2
338 355 2
386 408 2
1662 1668 2
1462 1475 2
1354 1374 1
49 52 2
1644 1665 2
1659 1667 2
1139 1152 2
1321 1348 2
170 194 2
984 997 2
499 511 2
1017 1036 2
434 437 2
837 852 2
1439 1455 2
182 198 2
1127 1135 2
663 682 2
1680 1687 2
817 844 1
135 147 2
1731 1749 1
1512 1524 2
382 392 2
1553 1581 2
474 476 2
1531 1532 2
849 855 2
1246 1254 2
1582 1606 2
825 828 2
776 796 2
466 484 2
673 688 2
416 433 2
1629 1631 2
1058 1084 2
802 813 2
1155 1162 2
747 753 2
1005 1025 2
640 668 2
1623 1628 2
390 401 2
5 6 1
687 702 2
891 905 2
981 990 2
877 888 2
832 855 2
1021 1039 2
329 334 2
1634 1648 2
354 383 1
129 149 2
461 488 2
851 879 2
782 783 2
443 467 1
1085 1096 1
706 729 2
636 652 2
1649 1665 2
1017 1027 2
1282 1291 2
832 857 2
363 376 2
937 960 2
1161 1171 2
1169 1198 2
1173 1192 2
1655 1684 2
1061 1085 2
846 862 2
626 629 2
666 694 2
808 837 1
833 863 2
1448 1474 2
839 859 2
1374 1386 2
981 988 2
1103 1111 2
24 40 2
972 980 2
882 911 2
3 22 1
1631 1634 2
1176 1196 2
885 905 2
296 310 2
1032 1043 2
1229 1246 2
1402 1413 2
1163 1172 2
964 970 2
749 767 2
932 935 2
469 474 2
1035 1046 2
303 308 2
1465 1487 1
1048 1057 2
1198 1205 2
272 280 2
1416 1421 2
1393 1405 2
165 172 2
803 828 1
28 42 2
1014 1021 2
884 906 2
275 287 2
1496 1524 2
536 542 2
141 149 2
1678 1684 2
786 810 2
495 520 2
1347 1348 2
809 825 1
698 724 2
410 420 2
1186 1201 2
1040 1041 2
425 448 1
598 626 2
850 877 2
812 832 1
1644 1660 2
204 221 2
299 327 2
1092 1111 2
1545 1553 2
725 737 2
1000 1028 2
919 946 2
502 512 2
1751 1759 2
158 174 2
390 392 2
1607 1620 2
1535 1554 2
379 386 2
244 272 1
1494 1520 2
221 249 2
249 274 1
1471 1493 1
1394 1406 2
1637 1658 2
1650 1659 2
310 319 2
1603 1606 2
1378 1401 2
755 770 2
578 580 2
1313 1328 1
931 942 2
1251 1260 2
135 149 2
857 859 2
128 154 2
1490 1502 2
82 109 2
1306 1335 1
508 538 2
1732 1741 2
786 810 2
1290 1306 2
1290 1303 2
1350 1375 1
296 321 2
555 574 2
377 393 1
797 814 2
1448 1470 2
626 655 2
1689 1693 2
683 710 2
1480 1497 1
811 825 1
565 580 2
1284 1301 2
1446 1471 2
216 245 2
1728 1751 1
1034 1047 2
84 87 2
241 270 1
34 58 2
166 170 2
1205 1219 2
1107 1120 2
939 963 2
1536 1565 2
494 521 2
1139 1150 2
572 581 2
747 774 2
752 764 2
1274 1286 2
242 260 2
516 526 2
754 760 2
1424 1435 2
196 225 2
594 612 2
160 171 2
1042 1071 2
1274 1280 2
857 858 2
1397 1421 2
1461 1472 2
736 764 2
210 229 2
1754 1766 2
668 696 2
872 880 2
878 898 2
290 318 2
1722 1729 2
636 639 2
303 324 2
770 796 2
242 270 1
1053 1056 2
1595 1604 2
270 281 2
534 563 1
477 501 2
1041 1043 2
1174 1183 2
1432 1437 2
321 323 2
707 709 2
541 568 1
641 663 2
1497 1503 2
1020 1044 2
30 56 2
1016 1044 2
252 273 1
1137 1150 2
472 500 2
1448 1461 2
239 247 2
825 842 2
1609 1633 2
1373 1397 2
236 244 2
983 993 2
932 957 2
1364 1391 1
557 565 2
1228 1239 2
789 818 2
256 286 1
752 759 2
871 891 2
1552 1556 2
1561 1577 2
569 593 2
167 181 2
1607 1634 2
1396 1410 2
333 348 2
1228 1256 2
203 228 2
568 593 2
1195 1199 2
299 323 2
640 663 2
757 768 2
875 905 2
537 544 2
755 769 2
1100 1107 2
440 469 1
629 659 2
1421 1449 2
931 936 2
1431 1458 2
1648 1669 2
926 943 2
1680 1704 2
1360 1381 1
285 300 2
1364 1378 1
363 369 2
545 558 1
1403 1417 2
1292 1300 2
1574 1581 2
1560 1589 2
1464 1477 2
557 582 2
86 88 2
1343 1352 2
357 374 2
1426 1436 2
545 549 1
1327 1335 2
1382 1409 2
1606 1628 2
1639 1642 2
1728 1745 1
1400 1408 2
647 658 2
114 138 2
980 993 2
219 228 2
325 343 2
1256 1269 2
1225 1232 2
1264 1268 2
761 786 2
1181 1192 2
685 697 2
74 85 2
288 313 2
1700 1730 2
1450 1456 2
454 469 2
1688 1704 2
1597 1613 2
481 510 2
1620 1638 2
1487 1498 2
1405 1414 2
496 510 2
373 379 1
265 273 2
1723 1738 2
622 645 2
733 744 2
1456 1457 2
422 439 2
1203 1215 2
1664 1665 2
1683 1708 2
1202 1218 2
843 857 2
526 547 2
97 122 2
986 1007 2
1353 1383 1
1312 1329 1
437 459 1
452 466 2
486 511 2
1098 1099 2
1305 1311 2
418 448 1
1089 1091 1
337 366 2
1077 1080 2
765 768 2
773 780 2
1068 1089 2
14 42 2
1634 1659 2
208 228 2
1061 1084 2
849 864 2
1206 1225 2
544 551 1
1183 1185 2
1647 1654 2
379 384 2
750 772 2
214 225 2
776 794 2
387 399 2
660 669 2
1284 1288 2
1643 1648 2
33 47 2
840 843 2
1368 1387 1
1585 1603 2
365 394 1
1273 1296 2
1734 1735 2
391 416 2
1046 1063 2
326 344 2
1476 1506 1
394 401 2
591 608 2
140 165 2
904 911 2
282 288 2
124 152 2
1718 1728 2
1613 1614 2
257 272 1
1596 1616 2
388 390 2
476 504 2
1635 1649 2
1366 1392 1
743 772 2
669 697 2
526 552 1
61 75 1
1488 1492 2
677 681 2
1489 1504 2
1262 1273 2
622 650 2
1063 1090 1
1526 1545 1
1479 1495 1
1574 1576 2
638 661 2
1377 1386 2
847 856 2
1243 1252 2
318 347 2
680 704 2
162 164 2
1653 1682 2
968 971 2
570 589 2
1060 1068 2
443 473 1
772 799 2
1490 1514 2
731 756 2
1739 1757 1
1470 1483 2
1692 1704 2
430 439 2
798 809 2
1139 1149 2
1628 1643 2
346 364 2
1103 1110 2
1723 1724 2
203 223 2
1465 1469 2
106 123 2
1590 1598 2
1011 1029 2
1195 1210 2
1343 1361 2
1697 1701 2
16 18 2
1479 1487 1
1325 1351 2
912 932 2
1254 1267 2
600 610 2
1673 1674 2
235 244 2
639 664 2
338 346 2
1679 1700 2
443 444 1
1204 1215 2
1555 1563 2
837 848 2
611 629 2
577 582 2
1396 1415 2
1628 1629 2
841 870 2
1643 1645 2
344 362 2
552 560 2
980 999 2
1618 1647 2
1434 1458 2
1221 1250 2
1037 1061 2
1753 1754 2
1032 1037 2
1218 1234 2
592 612 2
51 73 1
484 514 2
1735 1739 2
249 262 1
1718 1728 2
190 217 2
1144 1169 2
777 784 2
905 929 2
1661 1675 2
617 646 2
977 1001 2
1206 1232 2
29 33 2
809 837 1
1355 1376 1
1058 1067 2
1136 1146 2
369 380 1
1430 1459 2
226 251 2
1559 1589 2
132 148 2
48 54 2
838 862 2
792 815 2
1643 1646 2
1728 1730 2
311 323 2
311 325 2
418 425 2
755 779 2
734 760 2
1431 1444 2
34 63 2
189 196 2
295 308 2
9 39 2
380 406 2
391 410 2
1590 1594 2
1266 1275 2
799 802 2
561 576 2
1745 1749 2
56 65 2
1456 1482 2
577 602 2
985 1011 2
1724 1743 1
531 537 2
346 364 2
505 530 2
826 835 2
1544 1569 2
1079 1104 1
1059 1061 2
998 1027 2
897 900 2
95 98 2
728 756 2
967 981 2
1592 1619 2
48 64 2
606 632 2
582 608 2
35 55 2
166 173 2
929 946 2
501 515 2
226 238 2
122 138 2
780 807 2
65 95 1
853 872 2
461 476 2
63 64 2
1393 1421 2
367 379 1
876 895 2
408 423 2
343 348 2
335 338 2
75 105 2
1147 1170 2
220 225 2
1212 1228 2
996 1018 2
165 166 2
573 586 2
750 754 2
639 640 2
1098 1099 2
1562 1578 2
370 381 1
545 571 1
1716 1734 2
1571 1597 2
1716 1730 2
1495 1497 2
916 923 2
1107 1114 2
1499 1500 2
1265 1290 2
1088 1095 1
1591 1618 2
370 393 1
289 303 2
606 618 2
117 142 2
1643 1672 2
1021 1036 2
1119 1136 2
1452 1464 2
1069 1086 2
1640 1652 2
559 570 2
1643 1664 2
1597 1616 2
875 888 2
290 305 2
675 678 2
1480 1508 1
102 110 2
687 713 2
1031 1046 2
671 678 2
1479 1496 1
140 155 2
993 1020 2
738 747 2
1308 1310 2
261 278 1
450 458 2
83 87 2
1639 1660 2
46 54 2
1358 1379 1
284 285 2
1698 1701 2
31 59 2
1575 1595 2
1638 1655 2
319 338 2
1423 1442 2
142 166 2
70 91 2
278 297 2
1220 1236 2
200 223 2
1598 1609 2
1512 1520 2
1601 1613 2
699 700 2
1135 1156 2
320 347 2
353 356 2
408 431 2
738 742 2
1043 1052 2
395 420 2
1361 1375 1
1680 1699 2
577 582 2
278 300 2
1425 1429 2
391 392 2
275 283 2
1652 1659 2
441 446 1
1069 1089 2
1237 1253 2
1288 1310 2
1175 1184 2
1420 1430 2
803 804 2
1065 1070 2
806 809 2
823 848 1
421 445 1
351 367 2
1418 1426 2
193 194 2
228 231 2
1490 1512 2
1178 1208 2
1386 1411 2
204 218 2
544 555 1
1239 1245 2
339 353 2
298 324 2
1606 1631 2
1209 1227 2
854 874 2
142 166 2
99 127 2
326 339 2
1329 1337 2
407 426 2
314 325 2
1125 1126 2
353 367 2
27 35 2
1093 1112 2
1012 1040 2
721 726 2
1446 1448 2
108 136 2
343 347 2
1114 1123 2
687 689 2
206 207 2
1394 1402 2
386 413 2
520 526 2
637 652 2
19 25 2
1167 1185 2
837 865 2
620 634 2
1283 1295 2
331 337 2
1561 1568 2
1593 1614 2
235 252 2
991 1002 2
1102 1131 2
1341 1360 2
1257 1283 2
905 906 2
219 229 2
40 43 2
1506 1509 2
1360 1382 1
293 309 2
1608 1625 2
191 210 2
876 905 2
185 207 2
256 286 1
890 919 2
1016 1045 2
141 164 2
1059 1078 2
1031 1056 2
346 363 2
1332 1357 2
1512 1517 2
1662 1681 2
719 742 2
744 761 2
444 469 2
701 722 2
369 399 1
976 987 2
182 211 2
743 750 2
10 27 2
1729 1751 1
1451 1452 2
1257 1274 2
832 838 2
1383 1405 2
24 39 2
1097 1107 2
1265 1288 2
299 305 2
574 604 2
680 703 2
1142 1146 2
219 242 2
1197 1205 2
303 309 2
1121 1139 2
951 963 2
1363 1384 1
1106 1135 2
712 718 2
1319 1336 2
828 830 2
834 857 2
218 232 2
464 469 2
1257 1273 2
36 44 2
1686 1698 2
710 735 2
1210 1231 2
917 923 2
1537 1563 2
1401 1419 2
479 482 2
1255 1279 2
822 824 1
1738 1756 1
1120 1139 2
18 39 2
1309 1338 1
1596 1620 2
410 425 2
814 844 1
870 895 2
773 793 2
1330 1349 2
1037 1067 2
573 601 2
956 975 2
969 996 2
1051 1055 2
125 141 2
194 208 2
1144 1168 2
1527 1545 1
1255 1264 2
1283 1295 2
699 724 2
105 108 2
634 654 2
1436 1437 2
1072 1077 2
500 506 2
761 785 2
572 581 2
1206 1221 2
138 151 2
1252 1271 2
880 881 2
1373 1398 2
1411 1441 2
1393 1418 2
793 821 2
1058 1074 2
205 233 2
1646 1657 2
144 157 2
1149 1176 2
179 186 2
1309 1335 1
1179 1198 2
1409 1425 2
497 504 2
1356 1359 2
933 945 2
1134 1150 2
1022 1044 2
1738 1753 1
625 631 2
1404 1418 2
1324 1348 2
1273 1297 2
1414 1442 2
332 340 2
1141 1148 2
1170 1181 2
587 610 2
1348 1349 2
157 168 2
71 90 2
609 629 2
25 45 2
1124 1128 2
1145 1152 2
622 633 2
979 1002 2
1683 1685 2
984 996 2
774 783 2
958 985 2
508 520 2
873 881 2
698 715 2
661 663 2
835 857 2
671 685 2
1586 1615 2
263 290 2
417 424 2
828 854 2
1452 1471 2
524 554 1
141 149 2
454 483 2
405 435 2
383 402 2
1707 1730 2
1716 1731 2
1036 1063 2
1306 1323 1
807 812 2
488 493 2
1459 1481 2
1566 1582 2
1256 1280 2
1399 1428 2
410 413 2
639 648 2
1272 1279 2
1093 1107 2
801 803 2
631 649 2
521 530 2
317 319 2
1663 1668 2
812 817 2
1536 1541 2
1696 1703 2
1722 1744 1
566 581 2
1162 1177 2
939 956 2
618 621 2
725 752 2
1099 1127 2
940 943 2
1114 1138 2
452 459 2
418 427 2
1569 1575 2
111 135 2
295 322 2
530 548 1
1198 1211 2
1318 1335 2
1094 1109 2
1373 1393 2
413 421 2
1279 1306 2
1018 1039 2
233 235 2
357 360 2
1454 1461 2
77 85 2
1261 1280 2
1437 1441 2
950 954 2
1468 1482 2
706 712 2
847 861 2
1694 1722 2
134 152 2
859 871 2
208 218 2
422 441 2
1059 1078 2
695 715 2
716 724 2
1456 1457 2
639 648 2
1348 1373 1
1196 1224 2
769 785 2
430 439 2
651 658 2
1233 1263 2
1591 1606 2
479 488 2
248 258 2
623 633 2
1506 1529 1
540 562 1
289 303 2
965 975 2
1436 1442 2
1557 1570 2
756 784 2
81 86 2
675 700 2
2 3 2
499 500 2
1159 1178 2
1676 1694 2
496 518 2
1296 1301 2
1456 1478 2
735 737 2
320 334 2
267 271 2
756 759 2
743 772 2
1365 1385 1
49 58 2
338 367 2
848 872 2
1260 1287 2
532 549 1
1165 1174 2
209 227 2
115 131 2
1375 1383 2
1262 1286 2
818 819 2
884 888 2
1033 1034 2
158 173 2
908 921 2
225 229 2
871 889 2
267 282 2
1637 1646 2
1151 1175 2
627 634 2
407 427 2
1739 1761 1
1213 1219 2
737 746 2
1030 1059 2
1478 1480 2
299 314 2
582 602 2
1598 1616 2
1544 1549 2
909 923 2
2 23 1
1398 1418 2
118 128 2
1692 1707 2
441 445 1
277 284 2
297 302 2
1146 1172 2
1330 1355 2
1399 1423 2
1634 1658 2
560 587 2
39 63 2
422 439 2
479 492 2
717 718 2
496 502 2
1141 1169 2
1434 1450 2
831 846 2
900 919 2
92 106 2
478 487 2
88 91 2
522 523 2
557 561 2
1033 1053 2
271 294 2
674 683 2
1504 1528 1
1702 1718 2
1014 1033 2
1632 1636 2
1266 1272 2
916 933 2
174 179 2
147 169 2
1674 1704 2
1160 1186 2
1762 1765 2
1395 1409 2
688 716 2
1247 1260 2
593 618 2
345 370 2
1623 1646 2
343 357 2
251 274 1
1363 1368 2
468 471 2
195 203 2
41 47 2
311 320 2
1486 1490 2
950 977 2
1142 1171 2
1164 1174 2
1062 1091 1
956 959 2
314 338 2
1566 1584 2
1502 1519 2
1510 1520 2
1427 1437 2
993 1022 2
1308 1337 1
1156 1159 2
1707 1723 2
715 730 2
1373 1382 2
338 366 2
1407 1414 2
1179 1190 2
1252 1256 2
797 810 2
1444 1472 2
1062 1085 2
978 981 2
1045 1066 2
434 442 2
326 340 2
805 816 2
1067 1078 2
1650 1674 2
1027 1038 2
1507 1529 1
1113 1141 2
473 474 2
924 942 2
429 435 2
470 485 2
1613 1622 2
1044 1069 2
975 977 2
753 762 2
908 921 2
127 146 2
684 700 2
1227 1249 2
530 552 1
1140 1169 2
1411 1421 2
1104 1131 2
513 539 2
1594 1619 2
583 609 2
108 125 2
368 372 2
1692 1693 2
48 54 2
1535 1545 2
958 960 2
975 987 2
244 267 1
1594 1622 2
1461 1466 2
577 590 2
1562 1568 2
417 428 2
1153 1167 2
209 237 2
11 32 2
96 108 2
1640 1645 2
755 762 2
1762 1767 2
81 105 2
1010 1018 2
147 149 2
1194 1218 2
578 604 2
1201 1208 2
1414 1436 2
836 862 2
561 572 2
1327 1355 2
54 59 2
200 203 2
681 709 2
1548 1575 2
1509 1534 1
1136 1138 2
724 746 2
1254 1265 2
1190 1196 2
450 465 2
1344 1373 1
1056 1065 2
1144 1167 2
1092 1093 2
1428 1444 2
1606 1616 2
532 554 1
688 715 2
1530 1559 2
1277 1294 2
316 319 2
1271 1281 2
171 200 2
1365 1381 1
1052 1070 2
1200 1223 2
809 836 1
848 875 2
531 555 1
1047 1054 2
893 923 2
146 156 2
840 855 2
120 127 2
823 840 1
136 137 2
1230 1254 2
1203 1205 2
772 781 2
75 105 2
1666 1683 2
711 728 2
1175 1205 2
988 991 2
769 782 2
689 710 2
354 375 2
111 120 2
349 362 2
1715 1737 2
251 281 1
930 952 2
1735 1736 2
1688 1699 2
74 86 2
1692 1719 2
1595 1624 2
939 950 2
767 790 2
1624 1651 2
1265 1278 2
1669 1688 2
1502 1529 1
353 354 2
1175 1178 2
166 168 2
1700 1722 2
1309 1314 2
1098 1115 2
153 163 2
456 485 2
989 997 2
1044 1049 2
1570 1587 2
1197 1217 2
680 706 2
212 239 2
1328 1334 2
92 113 2
853 862 2
283 310 2
861 879 2
252 281 1
479 487 2
979 987 2
1171 1177 2
620 627 2
560 579 2
176 206 2
1582 1606 2
1669 1671 2
209 230 2
208 219 2
1630 1645 2
242 262 1
1381 1411 2
812 841 1
955 984 2
1449 1470 2
971 974 2
975 977 2
697 710 2
688 712 2
867 891 2
59 87 1
548 565 1
1162 1190 2
389 397 2
521 545 2
738 745 2
66 90 1
423 427 2
1311 1338 1
