1526 1725
1349 1354 2
708 722 1
1341 1358 1
216 245 1
214 223 1
1333 1338 2
958 967 1
384 397 1
926 930 1
1388 1418 1
1477 1505 1
188 216 1
961 979 1
71 91 1
458 486 1
1008 1024 1
650 662 1
804 805 1
346 361 1
1307 1324 1
1108 1114 1
26 54 1
646 670 1
987 1009 1
847 864 1
489 493 1
55 83 1
1121 1135 1
797 814 1
1495 1504 1
56 77 1
551 581 1
964 970 1
23 49 1
869 891 1
605 614 1
1164 1169 1
1064 1073 1
746 761 1
924 926 1
518 537 1
28 37 1
1497 1523 1
439 467 1
873 901 1
1269 1293 1
1349 1367 1
783 812 1
994 996 1
1270 1271 2
707 713 2
422 436 1
606 614 1
19 30 1
206 214 1
727 753 1
403 422 1
735 746 1
526 548 1
428 447 1
741 763 1
373 398 1
943 964 1
745 751 1
981 996 1
1460 1463 2
1120 1132 2
359 389 1
930 952 1
13 36 1
219 240 1
860 870 1
1032 1043 1
241 265 1
170 173 2
1366 1371 1
721 742 1
378 408 1
1148 1172 1
1261 1277 1
147 151 1
379 402 1
249 252 1
283 288 1
586 594 2
1194 1218 1
919 927 1
523 537 1
209 237 1
73 81 1
51 60 2
462 482 1
937 951 1
519 543 1
1425 1450 1
13 30 1
839 845 1
528 545 1
1141 1162 1
857 872 1
284 296 1
1225 1249 1
716 729 1
42 56 1
341 364 1
1104 1105 2
1264 1283 1
549 570 1
182 206 1
350 379 1
515 538 1
890 905 1
990 992 2
215 226 1
1480 1507 1
538 553 1
233 240 1
1200 1229 1
415 422 2
1155 1171 1
605 609 1
1415 1427 1
206 220 1
1120 1150 1
1157 1179 1
1039 1049 1
615 623 1
1470 1490 1
625 646 1
92 121 1
91 113 1
1277 1298 1
1460 1484 1
915 928 1
1296 1323 1
642 657 1
639 641 1
892 917 1
1349 1366 1
421 445 1
65 74 1
806 822 1
708 726 1
1337 1359 1
509 529 1
1315 1316 1
44 67 1
984 986 2
841 850 1
918 938 1
1340 1359 1
93 110 1
97 115 1
21 44 1
1251 1262 1
472 483 1
627 644 1
747 754 1
628 642 1
221 223 2
675 681 1
1051 1073 1
17 21 1
921 923 1
1287 1291 1
1278 1282 1
878 879 2
218 227 2
1385 1409 1
183 193 1
782 794 1
1066 1068 1
637 644 1
845 848 1
362 386 1
106 133 1
1010 1034 1
917 947 1
413 440 1
89 90 2
1209 1216 1
1052 1055 1
351 366 1
1037 1061 1
472 483 1
536 565 1
1145 1167 1
266 267 1
1448 1478 1
610 611 2
736 754 1
481 488 1
464 484 1
1330 1355 1
1331 1353 1
123 153 1
1351 1353 2
1253 1280 1
966 977 1
542 561 1
727 741 1
334 354 1
1471 1493 1
828 833 1
737 744 1
484 503 1
16 19 1
1187 1204 1
1274 1287 1
1286 1299 1
907 929 1
621 626 1
368 397 1
1140 1159 1
1092 1114 1
427 450 1
1298 1317 1
20 35 1
478 498 1
665 670 1
162 181 1
278 303 1
1149 1176 1
1108 1110 1
833 851 1
252 278 1
723 728 1
1052 1081 1
738 748 1
1418 1419 1
1351 1366 1
848 850 2
267 282 1
97 119 1
944 950 1
883 906 1
1447 1475 1
787 816 1
1494 1523 1
171 190 1
481 506 1
1252 1266 1
622 639 1
118 135 1
333 362 1
1356 1385 1
804 814 1
1060 1073 1
1289 1298 1
308 310 1
198 216 1
580 604 1
21 35 1
331 344 1
1081 1090 1
537 544 1
438 459 1
443 460 1
1236 1265 1
1103 1119 1
1087 1115 1
73 101 1
387 412 1
619 631 1
601 631 1
1154 1171 1
1141 1168 1
982 989 1
13 27 1
1449 1479 1
1372 1395 1
428 439 1
949 960 1
1105 1107 2
1061 1068 1
909 920 1
552 581 1
898 906 1
766 784 1
1320 1327 1
648 662 1
260 272 1
149 168 1
1149 1162 1
631 658 1
856 872 1
575 577 2
539 548 1
367 382 1
658 679 1
344 364 1
570 598 1
346 363 1
108 133 1
849 879 1
760 789 1
211 227 1
60 90 1
74 93 1
306 332 1
455 465 1
627 657 1
1166 1190 1
222 234 1
995 997 2
184 187 2
885 897 1
936 965 1
1270 1277 1
625 644 1
567 588 1
1313 1332 1
1460 1486 1
977 988 1
1029 1054 1
701 713 1
436 448 1
755 760 1
117 125 1
838 867 1
491 511 1
63 77 1
976 1004 1
1361 1363 1
1115 1137 2
1004 1028 1
768 783 1
1078 1101 1
1246 1261 1
1468 1496 1
607 609 1
4 15 1
833 849 1
831 832 2
1386 1395 1
832 833 2
805 834 1
181 210 1
614 643 1
414 422 2
1248 1253 1
1490 1512 1
1092 1117 1
451 480 1
1131 1142 1
498 516 1
725 750 1
1343 1349 1
1032 1036 1
1391 1418 1
383 391 1
1057 1058 1
1346 1354 2
597 598 2
121 142 1
1358 1384 1
925 926 1
481 494 1
1512 1517 1
427 444 1
594 603 1
761 788 1
861 878 1
990 1011 1
778 785 1
1470 1499 1
37 51 1
25 53 1
482 489 1
22 46 1
249 261 1
1453 1478 1
245 256 1
307 331 1
1453 1470 1
1072 1081 1
1329 1342 2
66 86 1
1017 1032 1
635 654 1
915 934 1
31 36 2
860 864 1
1205 1222 1
573 597 2
468 487 1
256 273 1
1138 1147 1
1199 1210 1
717 736 1
33 43 2
1290 1292 1
881 884 1
781 784 2
471 485 1
308 337 1
342 352 1
640 655 1
1000 1021 1
707 720 1
191 217 1
1485 1513 1
986 1001 1
1116 1125 2
366 378 1
71 101 1
435 440 2
873 898 1
839 845 1
1287 1295 1
717 730 1
1216 1223 1
573 576 2
1487 1509 1
602 622 1
321 332 1
1496 1510 1
209 223 1
275 283 2
469 497 1
622 628 1
1369 1373 1
588 591 2
983 987 1
380 403 1
1286 1297 1
664 676 1
448 461 1
1152 1166 1
600 605 1
438 455 1
1038 1062 1
977 990 1
551 571 1
1342 1361 1
239 245 1
1268 1284 1
32 62 1
451 466 1
882 910 1
1252 1275 1
609 619 1
54 62 2
431 440 1
856 860 2
272 282 2
610 629 1
1462 1476 2
1322 1326 1
1202 1225 1
31 34 2
327 334 1
619 622 2
37 47 1
1436 1443 1
457 475 1
117 132 1
458 484 1
7 24 1
227 242 1
1179 1185 1
996 1014 1
429 443 1
1241 1242 2
269 278 2
216 235 1
1433 1447 1
1052 1059 1
342 347 1
938 963 1
734 760 1
52 55 2
1320 1335 1
1319 1347 1
730 733 1
321 344 1
723 735 1
505 517 1
1023 1052 1
1278 1291 1
310 314 1
1396 1409 1
1455 1476 1
1213 1239 1
392 412 1
374 378 1
1196 1215 1
474 493 1
574 599 2
674 689 1
1284 1286 2
364 367 1
933 939 1
1298 1307 1
490 491 2
178 198 1
218 224 2
1075 1086 1
97 110 1
539 568 1
119 122 1
1308 1317 1
1238 1249 1
337 355 1
1397 1421 1
814 830 1
196 199 2
616 639 1
1495 1513 1
961 967 2
988 998 1
306 310 1
1153 1178 1
1219 1228 1
1203 1226 1
1457 1477 1
663 671 1
1134 1137 2
285 286 2
900 923 1
1275 1279 1
175 189 1
233 236 1
554 574 1
1361 1368 1
351 380 1
506 514 1
1429 1431 2
765 782 1
1453 1471 1
985 1014 1
168 179 1
711 714 2
1109 1136 1
547 556 1
1171 1191 1
300 328 1
890 907 1
472 475 1
1453 1479 1
64 69 2
1335 1356 1
1447 1455 2
1474 1500 1
73 95 1
323 332 1
569 578 1
837 857 1
267 273 1
410 425 1
290 317 1
223 232 1
1489 1495 2
1433 1441 1
104 127 1
948 977 1
1321 1325 1
351 357 1
581 587 2
798 819 1
439 452 1
1117 1141 1
61 65 2
1375 1398 1
1422 1441 1
1065 1069 1
764 773 1
772 792 1
369 375 1
1183 1191 1
599 600 1
1015 1023 1
1400 1425 1
1181 1195 1
364 388 1
1008 1018 1
1435 1452 1
995 1000 2
354 366 2
571 591 1
55 74 1
1462 1464 2
67 82 1
102 117 1
382 392 1
1362 1372 1
33 39 2
617 631 1
1067 1090 1
665 672 1
97 103 1
284 286 2
115 136 1
848 869 1
1459 1472 2
850 856 2
801 826 1
717 745 1
399 424 1
888 905 1
1080 1106 1
1446 1451 2
434 448 1
544 561 1
537 547 1
595 622 1
821 842 1
80 87 2
1509 1510 2
282 306 1
354 367 1
1266 1285 1
341 370 1
210 236 1
349 358 1
1111 1118 2
1176 1199 1
763 772 1
881 884 1
553 579 1
1482 1509 1
847 854 2
1359 1361 2
355 373 1
675 686 1
232 246 1
283 297 1
1114 1141 1
678 691 1
386 414 1
960 980 1
232 243 1
1077 1094 1
231 248 1
767 774 1
1190 1219 1
23 42 1
1055 1083 1
965 994 1
1242 1255 1
434 454 1
662 668 1
1082 1098 1
517 526 1
1132 1141 1
740 758 1
1512 1522 1
961 990 1
934 954 1
31 53 1
874 899 1
848 855 2
1486 1490 1
79 82 2
1419 1429 1
976 986 1
908 930 1
1171 1200 1
949 969 1
131 132 2
1082 1107 1
469 496 1
1334 1362 1
708 709 2
150 163 1
172 200 1
198 222 1
1063 1090 1
1243 1246 2
1274 1282 1
1268 1283 1
715 716 2
1008 1013 1
1136 1138 2
65 67 2
1111 1113 2
193 214 1
1289 1307 1
18 27 1
305 310 1
569 588 1
496 503 1
1417 1432 1
1384 1402 1
1247 1265 1
1280 1281 1
723 738 1
367 380 1
536 548 1
151 159 1
1033 1035 1
662 689 1
948 964 1
657 673 1
688 708 1
167 190 1
1125 1140 1
738 745 1
1328 1339 2
772 774 1
460 481 1
1038 1060 1
21 47 1
455 484 1
1504 1510 1
180 184 1
1254 1269 1
107 127 1
1324 1342 1
1178 1199 1
1391 1413 1
213 219 1
1215 1227 1
440 450 1
681 709 1
593 604 1
753 769 1
890 905 1
524 540 1
1317 1331 1
512 517 1
341 357 1
1122 1128 2
763 774 1
1018 1032 1
603 625 1
1059 1066 1
1454 1464 1
263 281 1
1069 1083 1
811 821 1
322 328 1
1047 1077 1
1019 1027 1
106 129 1
755 773 1
816 833 1
1379 1383 1
1033 1054 1
604 634 1
1021 1048 1
1258 1287 1
1010 1037 1
290 305 1
437 449 1
698 727 1
915 936 1
961 964 2
578 581 2
1128 1141 1
59 77 1
571 593 1
138 139 2
818 848 1
961 973 1
1150 1174 1
221 228 1
1446 1465 1
1273 1292 1
127 132 2
858 876 1
1107 1119 1
801 831 1
588 613 1
1228 1239 1
458 481 1
1496 1508 1
722 731 1
1394 1402 1
586 614 1
1128 1151 1
1139 1163 1
52 62 2
19 32 1
320 345 1
1333 1348 1
1186 1189 1
1298 1306 1
1190 1208 1
898 899 2
1062 1080 1
394 422 1
1288 1299 1
871 890 1
531 533 2
94 101 1
1107 1118 1
922 931 1
581 608 1
317 334 1
1085 1111 1
280 301 1
1346 1360 2
860 885 1
897 924 1
860 877 1
1351 1352 2
1450 1480 1
605 617 1
41 59 1
723 725 2
567 577 1
1209 1236 1
317 326 1
1177 1199 1
453 475 1
1315 1333 1
1382 1383 2
588 617 1
829 856 1
444 468 1
1356 1376 1
1309 1319 1
170 182 1
551 553 2
319 349 1
1093 1119 1
1215 1220 1
181 211 1
1285 1307 1
361 369 1
809 828 1
1033 1063 1
394 404 1
1313 1340 1
71 96 1
526 550 1
827 828 2
697 698 2
1077 1098 1
1173 1200 1
1402 1421 1
1147 1175 1
884 909 1
1193 1213 1
855 875 1
1379 1393 1
323 340 1
780 800 1
495 515 1
811 836 1
1100 1124 1
119 122 1
1505 1525 1
244 246 1
1489 1518 1
1198 1210 1
244 264 1
397 401 1
854 864 1
709 716 2
1326 1355 1
325 337 1
1353 1358 2
912 919 1
1170 1174 1
448 454 1
214 244 1
383 395 1
762 792 1
772 778 1
1046 1075 1
118 119 1
738 753 1
1428 1458 1
163 191 1
222 240 1
1267 1269 1
700 714 1
1455 1457 1
141 149 1
786 803 1
316 322 1
63 64 2
18 46 1
611 618 1
427 437 1
884 912 1
979 990 1
1398 1418 1
1119 1146 1
1210 1231 1
659 660 2
1051 1068 1
1365 1373 1
1367 1377 1
1254 1276 1
340 369 1
917 919 1
1409 1414 2
58 79 1
184 192 1
37 66 1
153 155 2
516 519 1
81 90 2
1470 1494 1
249 272 1
30 36 1
1109 1111 1
1198 1212 1
217 225 2
1078 1079 2
753 775 1
1307 1324 1
198 201 2
1067 1097 1
1198 1221 1
181 194 1
1351 1367 1
522 534 1
787 815 1
357 367 1
403 426 1
358 365 2
1246 1249 1
273 302 1
809 830 1
1075 1093 1
430 431 1
335 342 1
401 429 1
1194 1206 1
1265 1271 1
287 317 1
770 780 1
702 723 1
903 925 1
681 707 1
98 99 2
1343 1372 1
665 681 1
723 731 1
631 636 1
967 997 1
720 726 1
1013 1025 1
832 858 1
1300 1304 1
1379 1409 1
708 710 2
968 972 1
548 564 1
988 1003 1
972 989 1
602 628 1
865 866 1
245 275 1
120 125 1
1501 1522 1
159 174 1
1246 1263 1
305 326 1
390 393 1
885 906 1
379 396 1
165 189 1
1247 1266 1
1064 1085 1
1383 1385 2
1278 1308 1
988 1015 1
1478 1508 1
639 666 1
100 115 1
1434 1460 1
989 999 1
59 69 2
521 547 1
1039 1068 1
531 558 1
999 1015 1
740 752 1
843 860 1
1218 1240 1
366 388 1
532 553 1
1110 1134 2
505 526 1
218 229 1
257 268 1
752 758 1
1189 1198 1
1516 1519 1
468 473 1
1289 1295 1
983 1009 1
1249 1261 1
862 885 1
792 815 1
129 159 1
839 866 1
133 152 1
193 195 1
18 28 1
276 286 2
788 816 1
1330 1360 1
547 563 1
1105 1127 1
665 679 1
1324 1353 1
494 522 1
996 1015 1
213 242 1
1139 1157 1
545 551 1
1245 1252 1
1460 1477 2
1158 1171 1
828 850 1
748 768 1
616 629 1
679 703 1
1361 1364 1
68 73 2
259 272 1
579 604 1
1193 1204 1
664 677 1
176 189 1
674 687 1
163 174 1
776 779 1
1081 1105 1
642 649 1
350 365 1
50 65 2
842 852 1
715 721 1
710 731 1
110 123 1
1151 1156 1
236 253 1
1164 1175 1
479 501 1
759 777 1
429 441 1
548 555 1
667 692 1
363 374 1
554 573 1
164 187 1
308 337 1
446 465 1
1484 1491 1
770 800 1
609 615 2
981 1003 1
1301 1331 1
245 264 1
1092 1093 2
483 484 1
168 170 2
1349 1366 1
160 183 1
593 621 1
1190 1210 1
239 256 1
510 519 1
993 999 1
575 602 1
510 514 1
841 869 1
1235 1244 1
1397 1407 1
461 490 1
996 998 2
1174 1181 1
551 559 1
508 518 1
437 441 2
74 81 1
214 223 1
559 580 1
953 975 1
301 309 1
1351 1355 2
413 435 1
437 456 1
434 439 2
1279 1292 1
1441 1449 1
1117 1143 1
409 433 1
793 797 1
575 594 2
334 364 1
848 857 2
1289 1300 1
1385 1405 1
972 980 1
966 973 1
687 704 1
201 217 1
626 634 1
1377 1396 1
356 359 2
323 347 1
1409 1431 1
815 816 2
311 313 1
989 1014 1
371 395 1
424 444 1
1280 1286 1
435 449 1
724 727 1
694 707 1
977 982 1
204 217 1
1042 1049 1
260 272 1
173 189 1
1443 1458 1
126 131 2
431 455 1
769 788 1
725 739 1
93 107 1
1295 1325 1
1444 1460 1
775 780 1
1418 1429 1
743 754 1
657 665 1
906 924 1
854 864 1
607 633 1
1476 1487 1
375 382 1
679 704 1
456 469 1
16 26 1
392 410 1
965 986 1
1310 1325 1
515 522 1
1120 1144 1
1191 1192 2
1402 1432 1
27 55 1
844 867 1
295 317 1
965 968 2
209 235 1
717 725 1
1142 1164 1
1226 1242 1
607 613 1
354 373 1
882 911 1
1089 1091 1
769 796 1
1302 1319 1
1274 1302 1
1329 1338 2
1185 1190 1
399 402 1
1449 1456 2
358 380 1
882 885 1
1231 1249 1
866 887 1
577 607 1
822 831 1
242 243 1
616 644 1
1038 1049 1
534 556 1
1346 1375 1
976 978 2
890 910 1
350 376 1
1068 1095 1
887 889 1
394 421 1
233 248 1
1463 1474 2
163 188 1
1412 1437 1
738 750 1
550 555 1
119 129 1
877 889 1
660 677 1
1467 1470 2
8 20 1
30 35 1
506 532 1
694 720 1
1343 1368 1
822 848 1
824 826 1
190 207 1
856 886 1
63 82 1
252 279 1
1468 1482 1
704 713 1
894 914 1
363 371 1
641 644 2
1375 1386 1
1114 1118 2
156 169 1
1231 1233 2
624 631 1
576 596 2
863 891 1
1323 1347 1
674 675 1
397 426 1
1242 1253 1
1427 1447 1
1248 1256 1
117 138 1
712 736 1
1455 1479 1
1384 1387 1
1456 1478 1
508 536 1
35 47 1
1353 1362 1
200 217 1
1443 1460 1
432 440 1
736 740 1
1412 1413 2
1089 1118 1
798 804 1
1218 1227 1
756 763 1
1466 1483 1
1052 1065 1
1346 1368 1
284 301 1
713 725 1
680 691 1
417 438 1
1185 1202 1
422 436 1
1355 1362 1
161 171 1
810 829 1
1315 1334 1
420 445 1
1076 1088 1
1337 1357 1
347 353 1
1478 1496 1
529 536 1
548 555 1
1477 1479 2
1445 1464 1
445 452 1
10 27 1
33 48 1
859 872 1
1048 1075 1
1040 1043 1
862 872 1
1034 1064 1
919 944 1
360 381 1
594 616 1
1211 1221 1
1024 1033 1
481 498 1
20 31 1
350 375 1
394 399 1
717 746 1
200 215 1
47 67 1
1440 1442 2
798 808 1
829 854 1
1479 1499 1
1419 1433 1
1171 1175 1
291 292 2
294 298 2
1287 1315 1
1038 1047 1
505 535 1
1358 1362 1
845 856 1
278 295 1
120 145 1
918 947 1
1162 1188 1
623 653 1
1180 1193 1
880 895 1
1157 1187 1
839 850 1
565 583 1
1362 1387 1
1184 1211 1
1247 1254 1
516 527 1
440 460 1
591 615 1
82 88 2
1125 1131 2
78 80 2
483 484 1
330 343 1
960 981 1
174 200 1
831 848 1
8 17 1
1062 1071 1
385 388 1
18 35 1
20 49 1
912 935 1
928 932 2
949 961 1
896 898 2
1290 1308 1
227 232 1
684 687 1
777 807 1
573 592 2
327 340 1
214 235 1
490 520 1
1247 1275 1
1107 1129 1
617 633 1
1402 1430 1
343 354 1
1124 1145 1
720 743 1
766 781 1
498 502 1
504 525 1
502 505 1
522 545 1
229 243 1
814 821 1
417 427 1
308 334 1
1098 1121 1
1243 1261 1
1125 1132 2
934 941 1
271 281 2
1083 1105 1
423 447 1
1404 1421 1
317 321 1
340 351 1
561 575 1
801 807 1
1374 1400 1
551 572 1
1087 1104 1
895 913 1
1239 1251 1
464 468 2
237 267 1
248 259 1
152 165 1
1180 1183 1
540 545 1
1377 1404 1
260 282 1
175 190 1
1289 1309 1
169 187 1
1242 1247 1
1251 1272 1
149 165 1
1033 1059 1
384 412 1
317 327 1
1124 1154 1
558 568 1
721 733 1
1281 1301 1
446 465 1
477 506 1
508 523 1
709 723 1
825 835 1
257 280 1
1047 1048 1
1343 1349 1
666 680 1
850 870 1
713 716 2
940 960 1
1319 1347 1
926 927 1
746 760 1
521 530 1
1469 1488 1
684 687 1
649 667 1
1183 1188 1
795 804 1
1163 1184 1
1242 1262 1
1147 1176 1
119 145 1
215 232 1
472 476 1
637 650 1
1137 1140 1
145 172 1
988 1002 1
109 130 1
1164 1191 1
7 15 1
345 362 1
1058 1067 1
476 481 1
899 920 1
734 747 1
1159 1173 1
372 399 1
1277 1303 1
827 843 1
773 784 1
16 34 1
433 440 1
49 71 1
1465 1480 1
299 323 1
1485 1490 1
109 132 1
1265 1274 1
1085 1112 1
69 81 1
521 527 1
1107 1119 1
369 371 1
1068 1094 1
1359 1361 2
126 151 1
1293 1321 1
1203 1217 1
723 745 1
735 765 1
626 636 1
988 995 1
100 115 1
742 764 1
332 333 1
1370 1378 1
44 73 1
1400 1407 1
383 408 1
1195 1202 1
537 551 1
988 1005 1
974 996 1
1218 1221 1
1438 1462 1
605 629 1
1272 1278 1
986 1006 1
1207 1210 1
1341 1347 1
129 149 1
483 511 1
681 706 1
649 656 2
101 123 1
36 57 1
1130 1142 1
56 71 2
600 602 1
707 712 2
1069 1076 1
398 400 1
289 297 1
719 732 1
947 971 1
659 680 1
1466 1476 2
964 985 1
135 139 1
1278 1290 1
345 350 1
128 139 1
625 655 1
508 525 1
664 668 1
376 387 1
868 880 1
219 244 1
82 100 1
1033 1056 1
945 954 1
970 995 1
102 131 1
228 232 1
332 357 1
652 666 1
707 726 1
61 71 2
253 268 1
43 70 1
1088 1090 1
1036 1060 1
548 558 1
165 169 2
774 798 1
909 915 1
379 404 1
34 38 2
1387 1392 1
1037 1038 1
1295 1298 2
1279 1292 1
1004 1032 1
752 782 1
743 771 1
1153 1163 1
972 996 1
582 585 2
434 449 1
1477 1497 1
787 802 1
1107 1122 1
291 306 1
1460 1477 2
989 999 1
928 955 1
479 505 1
1276 1299 1
556 564 1
125 153 1
664 694 1
295 305 1
1364 1375 1
386 409 1
618 647 1
1142 1151 1
465 476 1
1376 1377 2
367 368 1
541 545 1
1425 1443 1
425 442 1
386 411 1
1401 1408 1
750 769 1
999 1029 1
399 409 1
205 215 1
239 266 1
1478 1502 1
338 349 1
549 555 1
327 354 1
1102 1105 1
1427 1435 1
931 960 1
243 250 1
1070 1080 1
229 258 1
31 32 2
148 169 1
948 973 1
781 805 1
1442 1443 2
328 356 1
1184 1209 1
175 197 1
299 314 1
264 293 1
576 580 2
975 996 1
1025 1047 1
860 888 1
1461 1483 1
1422 1434 1
1325 1328 1
1164 1193 1
1477 1478 2
1258 1269 1
1190 1214 1
567 578 1
994 1011 1
1446 1453 2
1201 1203 2
992 1007 1
768 770 1
1450 1454 2
149 162 1
1242 1254 1
592 620 1
472 483 1
22 45 1
1069 1093 1
1313 1318 1
974 986 1
860 879 1
396 410 1
1152 1176 1
1027 1050 1
149 172 1
941 945 1
1318 1338 1
3 5 2
438 445 1
909 915 1
343 361 1
212 213 2
1460 1483 1
310 330 1
442 446 1
279 290 1
879 892 1
1417 1443 1
14 42 1
230 254 1
836 862 1
1223 1247 1
982 997 1
682 688 1
1337 1355 1
98 106 1
12 26 1
888 899 1
471 481 1
995 1000 2
1108 1136 1
868 893 1
550 572 1
581 594 2
610 638 1
212 233 1
712 730 1
189 212 1
1188 1218 1
537 543 1
1387 1391 1
846 862 1
441 459 1
96 103 1
990 1002 1
708 731 1
15 43 1
574 599 2
388 414 1
195 196 2
14 26 1
780 793 1
1262 1281 1
1030 1037 1
1364 1394 1
300 326 1
594 611 1
1109 1125 1
422 440 1
919 945 1
998 1009 1
1196 1200 1
1293 1316 1
530 551 1
1300 1329 1
1251 1266 1
249 262 1
63 83 1
390 395 1
44 73 1
714 743 1
209 236 1
875 884 1
529 547 1
576 587 2
1494 1503 1
1355 1356 2
1419 1440 1
828 840 1
1473 1483 1
709 729 1
1390 1413 1
444 470 1
1223 1233 1
497 527 1
155 178 1
1256 1272 1
922 951 1
1351 1374 1
1125 1128 2
1366 1379 1
103 107 1
401 423 1
1504 1523 1
226 242 1
1425 1444 1
520 529 1
1496 1497 1
1099 1105 1
844 870 1
1053 1064 1
1192 1219 1
1118 1143 1
882 906 1
1149 1168 1
415 428 1
348 357 1
1175 1201 1
1517 1524 1
209 234 1
1249 1278 1
236 242 1
84 113 1
1341 1342 2
3 11 1
211 233 1
1114 1144 1
423 443 1
1304 1308 2
542 550 1
1299 1310 1
1365 1373 1
585 615 1
