1741 1665
1668 1693 1
1138 1145 2
72 95 1
508 515 1
1589 1615 1
631 632 2
398 407 1
1605 1620 1
1282 1312 1
1295 1305 1
720 744 1
1284 1295 1
632 656 1
1 28 1
92 98 1
377 379 2
8 34 1
514 524 1
719 727 1
1398 1399 1
1047 1060 1
225 244 1
496 500 1
1040 1055 1
1431 1454 1
1331 1335 2
73 99 1
1559 1583 1
552 566 1
1576 1599 1
431 439 1
780 789 1
156 168 2
1053 1066 1
1728 1733 2
1372 1397 1
1628 1630 2
1313 1325 1
1597 1609 1
926 937 1
1455 1462 1
1573 1600 1
122 138 1
1253 1275 1
1566 1593 1
1486 1488 2
1108 1129 1
537 554 1
917 927 1
247 251 1
165 194 1
248 259 1
559 576 1
728 736 1
719 728 1
23 49 1
173 180 1
890 899 1
604 615 1
1045 1062 1
1116 1121 1
936 947 1
568 579 1
1048 1076 1
1420 1439 1
421 440 1
1231 1245 1
1418 1432 2
135 163 1
218 232 1
264 277 1
1455 1470 1
1335 1360 1
113 143 1
62 77 1
156 179 1
706 716 2
1598 1626 1
1422 1437 1
1053 1079 1
1552 1570 1
1060 1088 1
1363 1387 1
284 294 1
260 273 1
34 60 1
1581 1605 1
583 607 1
1199 1220 1
1638 1661 1
1103 1127 1
1191 1202 1
183 189 1
763 793 1
1295 1299 1
795 811 1
1411 1431 2
468 482 1
878 890 1
47 61 1
41 54 1
630 651 1
759 776 1
1020 1040 1
484 505 1
775 776 2
1446 1461 2
55 66 1
1660 1675 1
261 266 1
140 162 1
1615 1636 1
1104 1109 2
1428 1441 1
1111 1132 1
374 375 1
856 863 1
1481 1500 1
1551 1578 1
135 152 1
997 1001 2
1435 1458 1
852 861 1
1369 1376 1
51 68 1
906 908 2
1484 1506 1
1324 1348 1
453 467 1
873 900 1
57 67 1
312 333 1
771 798 1
680 694 2
941 965 2
211 225 1
209 210 2
16 41 1
1034 1058 1
462 482 1
330 332 1
995 1016 1
1416 1429 2
1498 1503 2
119 146 1
1039 1044 2
142 160 1
1373 1392 1
955 970 1
569 581 1
760 781 1
1507 1510 2
533 561 1
1459 1462 1
1079 1093 1
1217 1244 1
317 342 1
1400 1417 1
106 114 1
498 520 1
1191 1215 1
80 89 1
991 1013 1
206 218 1
1616 1638 1
809 815 1
341 342 1
1021 1030 1
164 174 1
635 642 1
461 483 1
893 899 1
1136 1164 1
1614 1634 1
226 249 1
1496 1522 1
617 635 1
1643 1649 1
22 35 1
439 455 1
902 922 1
216 223 1
394 412 1
44 74 1
407 416 1
1424 1431 2
438 441 2
1009 1012 1
1652 1656 2
1231 1240 1
8 28 1
1178 1191 1
1347 1372 1
309 320 1
711 712 2
1457 1472 1
1300 1307 1
1637 1649 1
706 724 1
1233 1255 1
50 53 1
24 28 1
1288 1295 1
1515 1532 1
417 418 2
1364 1388 1
1697 1719 1
1206 1209 2
439 443 1
875 904 1
566 591 1
761 772 1
1601 1608 1
1391 1411 1
1151 1167 1
533 550 1
875 898 1
1060 1073 1
855 870 1
225 236 1
1332 1340 1
1115 1132 1
233 237 2
1167 1195 1
495 500 1
945 958 2
713 727 1
1581 1611 1
158 170 1
513 519 1
199 220 1
917 937 1
1129 1145 1
1497 1519 1
868 895 1
906 914 1
1388 1415 1
169 190 1
629 636 1
1250 1277 1
523 538 1
1736 1740 2
1407 1413 1
1281 1291 1
1307 1313 1
846 874 1
265 272 1
1245 1272 1
180 204 1
278 296 1
862 869 1
219 232 1
1364 1386 1
107 126 1
1685 1700 1
1675 1680 1
1383 1396 1
1314 1337 1
247 256 1
883 892 1
902 910 1
842 869 1
24 40 1
193 203 1
1680 1688 2
1264 1288 1
1377 1394 1
629 657 1
156 180 1
1422 1439 1
363 371 2
1355 1371 1
661 684 1
1680 1682 2
1420 1437 1
182 186 1
366 384 1
1695 1711 1
813 839 1
1532 1557 1
1593 1622 1
1694 1713 1
1235 1265 1
94 120 1
121 132 1
1168 1198 1
1639 1654 1
1039 1053 1
457 465 1
618 642 1
1553 1561 2
385 402 1
538 556 1
1297 1314 1
1609 1627 1
311 317 1
1424 1443 1
376 406 1
1328 1343 1
1162 1175 1
1174 1186 1
1197 1212 1
1668 1694 1
1459 1480 1
27 45 1
307 326 1
319 343 1
1283 1290 1
1581 1596 1
843 871 1
735 744 1
286 315 1
707 731 1
846 853 1
527 557 1
267 292 1
87 107 1
288 295 1
229 232 2
935 946 1
901 929 1
158 163 2
974 977 2
1509 1531 1
1224 1240 1
1215 1235 1
597 608 1
722 732 1
1566 1589 1
414 428 1
407 436 1
646 660 1
1343 1348 2
1519 1541 1
1394 1412 1
926 933 1
1304 1315 1
1180 1189 1
642 648 1
1495 1523 1
201 217 1
1365 1370 2
958 976 1
159 160 2
476 477 2
125 155 1
384 387 2
619 630 1
1472 1492 1
1416 1437 1
1465 1492 1
402 406 1
1299 1314 1
953 983 1
1665 1674 1
199 225 1
832 861 1
227 246 1
265 284 1
289 303 1
1338 1345 2
1344 1352 2
1068 1088 1
98 126 1
43 46 1
1106 1136 1
1546 1576 1
1653 1657 1
1119 1123 1
894 921 1
714 742 1
1703 1717 1
592 603 1
1010 1037 1
428 433 1
1259 1269 1
1703 1714 1
245 264 1
916 924 1
416 440 1
1544 1570 1
1560 1568 1
1554 1584 1
260 262 1
149 156 1
1061 1090 1
515 535 1
1444 1457 2
683 706 1
1024 1053 1
687 711 1
212 219 1
56 79 1
666 669 1
359 363 2
565 585 1
1725 1741 1
544 558 1
479 482 1
1026 1038 1
694 715 1
1231 1252 1
1450 1474 1
326 334 1
129 133 1
1692 1696 1
1301 1321 1
561 581 1
242 260 1
85 86 2
1542 1543 2
1424 1432 2
1420 1432 2
1702 1718 1
1715 1736 1
264 269 1
831 847 1
159 181 1
1667 1687 1
787 798 2
1380 1405 1
231 253 1
401 424 1
704 731 1
1212 1231 1
1531 1551 1
616 624 1
404 420 1
1159 1164 2
1359 1383 1
1007 1010 1
1595 1612 1
1680 1693 2
1701 1702 2
1244 1266 1
1116 1120 1
465 471 1
911 913 1
97 117 1
1066 1093 1
886 916 1
1685 1704 1
242 258 1
1455 1469 1
1550 1559 2
1575 1578 2
1540 1559 1
226 249 1
277 298 1
1500 1511 1
921 927 1
197 220 1
1641 1646 1
1245 1263 1
876 884 1
1184 1196 1
46 51 1
671 689 1
706 715 2
181 195 1
938 950 1
1509 1514 1
1392 1395 1
1320 1339 1
1538 1554 1
1640 1643 1
1612 1613 1
313 325 1
1281 1309 1
71 92 1
445 474 1
401 409 1
631 643 1
1587 1612 1
801 806 1
194 216 1
1334 1356 1
904 908 2
1158 1181 1
659 688 1
325 333 1
46 60 1
608 610 2
31 58 1
135 139 2
467 469 2
224 241 1
825 832 1
575 592 1
1342 1343 2
725 739 1
1487 1493 1
1558 1583 1
1613 1640 1
1151 1172 1
354 379 1
209 223 1
687 709 1
157 176 1
842 852 1
1295 1313 1
155 181 1
1144 1147 2
1705 1713 1
1222 1248 1
1235 1242 2
433 443 1
285 301 1
1178 1189 1
369 393 1
791 808 1
1571 1580 1
421 428 1
875 897 1
973 996 1
1091 1106 1
326 328 2
1157 1165 1
505 533 1
264 274 1
294 320 1
590 614 1
231 255 1
733 752 1
456 468 1
1122 1124 2
1529 1558 1
704 709 2
1654 1668 1
644 670 1
445 469 1
1702 1716 1
582 599 1
384 390 2
1450 1451 2
1316 1328 1
1619 1638 1
1287 1315 1
771 796 1
196 209 1
1695 1698 1
16 20 1
981 1002 1
1071 1096 1
1312 1341 1
450 454 2
1418 1444 1
1029 1056 1
1505 1533 1
66 71 1
622 629 1
1467 1475 1
1104 1131 1
1249 1267 1
1666 1694 1
1590 1612 1
1152 1171 1
505 516 1
313 335 1
161 182 1
176 184 1
440 462 1
14 22 1
1437 1461 1
61 88 1
348 365 2
318 342 1
524 535 1
397 402 1
697 704 2
583 588 1
681 690 2
220 245 1
684 707 1
996 1020 1
1407 1434 1
1531 1541 1
756 758 1
1345 1374 1
499 517 1
186 193 1
743 769 1
330 343 1
1131 1156 1
1548 1560 2
579 590 1
1330 1334 2
911 918 1
553 564 1
387 406 1
862 873 1
92 98 1
809 833 1
1216 1245 1
268 291 1
594 600 1
1491 1495 2
430 456 1
25 33 1
1274 1301 1
23 34 1
1458 1471 1
1044 1072 1
826 841 1
965 973 1
1466 1481 1
947 955 2
387 390 2
501 504 1
1210 1221 1
1423 1430 2
27 56 1
497 503 1
508 536 1
1722 1732 1
1198 1218 1
208 236 1
1662 1667 2
301 302 2
41 55 1
812 818 1
1477 1506 1
1462 1480 1
901 926 1
795 805 1
158 180 1
1460 1490 1
1372 1377 2
824 845 1
1274 1285 1
524 539 1
315 329 1
504 527 1
1115 1141 1
606 623 1
361 364 2
1665 1683 1
176 192 1
1254 1259 2
160 177 1
550 563 1
1064 1067 1
1 29 1
1352 1369 1
360 364 2
246 265 1
787 812 1
1037 1053 1
29 56 1
936 954 1
307 331 1
668 679 1
1218 1240 1
1003 1031 1
1432 1462 1
1275 1301 1
195 211 1
1455 1467 1
584 589 1
943 952 2
434 445 1
365 390 1
684 691 2
817 847 1
934 953 1
15 28 1
1710 1720 1
468 487 1
850 880 1
999 1019 1
816 821 1
607 624 1
730 734 1
564 580 1
664 681 1
1546 1562 1
1004 1020 1
1101 1108 1
1364 1388 1
1620 1639 1
983 1002 1
938 965 1
140 165 1
317 347 1
1175 1182 1
1244 1245 2
570 577 1
440 441 2
873 890 1
807 833 1
309 339 1
1415 1417 2
1692 1706 1
1607 1611 1
424 443 1
314 316 1
537 557 1
1640 1644 1
1394 1403 1
1342 1372 1
1291 1294 1
1027 1054 1
380 397 1
650 651 2
363 364 2
1208 1220 2
1296 1297 1
297 309 1
1202 1210 1
629 643 1
238 245 1
1330 1344 1
1381 1385 1
1332 1334 2
625 654 1
1069 1090 1
1135 1136 2
1711 1736 1
275 295 1
865 884 1
207 225 1
1542 1556 1
73 83 1
1050 1078 1
1424 1438 1
901 927 1
228 244 2
373 382 1
923 946 1
659 670 1
613 642 1
986 998 1
545 553 1
1674 1686 1
1489 1501 1
850 872 1
1425 1429 2
1081 1093 1
414 435 1
800 814 1
47 53 1
732 746 1
1136 1159 1
1721 1741 1
1620 1639 1
1548 1574 1
29 32 2
1466 1488 1
714 736 1
347 375 1
938 968 1
188 212 1
554 559 1
817 826 1
146 170 1
1375 1390 1
1338 1342 2
412 442 1
254 283 1
336 347 1
801 813 1
961 983 1
1522 1530 2
534 561 1
1121 1124 2
1567 1570 1
803 823 1
162 189 1
1541 1548 1
219 233 1
1583 1609 1
100 130 1
864 866 1
814 834 1
136 159 1
1476 1489 1
553 575 1
270 280 1
858 868 1
319 336 1
1630 1655 1
334 350 1
646 667 1
980 1006 1
340 345 1
1029 1052 1
944 972 1
1220 1223 1
1067 1071 1
105 117 1
1265 1283 1
1090 1112 1
1420 1427 2
318 329 1
1333 1345 1
401 424 1
1151 1171 1
240 270 1
1018 1037 1
533 553 1
259 268 1
682 687 2
842 872 1
1371 1383 1
1452 1474 1
889 899 1
129 138 1
771 785 1
1222 1243 1
1463 1467 2
101 115 1
1642 1668 1
1729 1733 2
52 69 1
602 607 1
1087 1092 1
1157 1165 1
470 489 1
198 202 1
513 519 1
1662 1678 1
563 581 1
1432 1449 1
1115 1125 1
717 720 1
1468 1486 1
1145 1170 1
1167 1175 1
1073 1102 1
335 343 1
1006 1036 1
1080 1107 1
45 59 1
1616 1617 1
622 637 1
620 625 1
1568 1584 1
1405 1435 1
907 936 1
774 798 1
1017 1018 2
1665 1684 1
1139 1165 1
907 918 1
1539 1552 1
147 163 1
819 842 1
426 429 2
1530 1551 1
1008 1031 1
1101 1118 1
257 284 1
744 762 1
438 440 2
1039 1040 2
1483 1513 1
1310 1319 1
977 987 1
150 161 1
1368 1396 1
201 204 1
209 231 1
807 830 1
574 578 2
328 338 1
221 233 1
911 926 1
153 160 1
1725 1734 1
926 956 1
994 1024 1
371 383 1
584 590 1
443 451 2
308 329 1
1008 1031 1
749 754 1
984 989 1
911 940 1
830 845 1
788 794 2
235 242 2
1045 1066 1
1487 1512 1
128 155 1
215 235 1
155 162 1
1220 1226 1
691 693 2
1333 1354 1
1012 1040 1
210 221 1
1114 1141 1
1161 1172 1
1159 1173 1
273 290 1
1358 1366 1
1288 1304 1
1556 1569 1
599 618 1
246 272 1
870 882 1
193 195 1
105 131 1
983 1004 1
1064 1076 1
1107 1137 1
1334 1344 1
1076 1100 1
818 829 1
284 307 1
1550 1553 2
566 573 1
931 937 1
691 698 1
32 51 1
830 834 1
355 360 2
388 391 2
1647 1651 1
360 380 1
1335 1355 1
635 660 1
1449 1460 2
457 468 1
735 754 1
1193 1197 1
1447 1472 1
316 329 1
1033 1034 1
733 762 1
1384 1398 1
1029 1054 1
963 978 1
312 327 1
1213 1235 1
325 333 1
1249 1263 2
1510 1514 1
925 941 1
710 712 2
148 161 1
376 385 2
825 836 1
1028 1057 1
40 62 1
1461 1490 1
1233 1239 2
344 374 1
383 396 1
1066 1085 1
1460 1470 1
699 706 2
859 860 1
1266 1274 1
1604 1605 2
1070 1075 1
1187 1195 1
1498 1500 2
1575 1594 1
1506 1533 1
11 22 1
145 167 1
1351 1379 1
549 559 1
868 886 1
804 829 1
1651 1669 1
1477 1502 1
1166 1192 1
794 795 2
337 365 1
1146 1165 1
1224 1237 1
1697 1699 2
1043 1056 1
427 437 1
323 334 1
943 967 1
69 96 1
836 861 1
1358 1365 1
580 583 2
1586 1598 1
390 393 2
999 1024 1
865 868 2
1349 1373 1
565 584 1
1580 1593 1
125 139 1
363 392 1
1353 1370 1
1136 1159 1
1641 1662 1
15 22 1
1296 1314 1
1240 1261 1
1601 1609 1
1140 1148 1
312 320 1
1579 1608 1
278 288 1
352 353 2
667 676 1
268 274 1
1254 1258 2
973 982 1
620 646 1
312 316 1
1387 1403 1
698 726 1
836 852 1
413 428 1
1401 1425 1
1046 1074 1
972 1001 1
974 1002 1
1180 1197 1
1409 1429 1
1442 1465 1
903 924 1
1356 1384 1
1684 1699 1
1380 1389 1
454 465 1
1436 1445 1
1283 1307 1
670 699 1
1509 1511 2
150 179 1
659 667 2
862 866 1
325 340 1
120 133 1
341 364 1
364 390 1
36 38 2
1463 1486 1
374 379 1
640 663 1
1489 1512 1
588 610 1
573 582 2
532 557 1
1064 1075 1
1088 1110 1
1223 1243 1
1656 1663 1
145 169 1
235 253 1
868 874 1
1372 1399 1
908 928 1
791 813 1
1089 1113 1
162 177 1
1429 1452 1
273 280 2
1003 1006 2
290 297 1
1423 1444 1
1143 1167 1
1065 1080 1
1546 1553 1
1043 1067 1
842 850 1
791 805 1
361 382 1
1570 1573 1
21 27 1
991 998 1
1555 1572 1
856 884 1
70 76 1
1541 1571 1
411 427 1
967 986 1
40 43 1
187 201 1
1154 1171 1
518 543 1
1368 1388 1
1596 1603 1
798 814 1
527 545 1
508 514 1
323 351 1
1643 1645 2
888 889 1
155 166 1
747 773 1
724 744 1
584 600 1
1569 1578 1
66 73 1
1630 1653 1
554 577 1
330 342 1
703 705 2
593 607 1
1486 1504 1
1157 1164 1
1108 1124 1
1024 1035 1
32 46 1
15 35 1
1726 1737 2
157 181 1
884 895 1
1577 1584 1
457 478 1
1206 1211 2
1427 1434 1
886 908 1
937 966 1
386 406 1
253 277 1
1494 1511 1
1031 1040 1
1306 1316 1
1 15 1
187 200 1
568 590 1
346 350 2
1526 1533 1
1215 1216 2
1681 1691 2
609 611 1
507 509 2
789 818 1
890 918 1
720 745 1
1117 1140 1
849 850 1
607 626 1
1246 1259 1
1508 1527 1
295 305 1
1009 1019 1
781 797 1
1694 1698 1
408 430 1
1462 1469 1
1454 1455 2
1344 1346 2
204 221 1
1457 1462 1
629 637 1
244 245 1
1276 1299 1
1445 1458 2
116 130 1
857 880 1
413 420 2
1470 1482 1
1327 1338 1
1259 1284 1
1207 1213 2
29 57 1
164 179 1
315 328 1
224 241 1
1494 1523 1
908 926 1
210 237 1
930 949 1
1192 1217 1
919 938 1
1022 1028 1
1411 1427 2
1599 1605 1
936 939 1
1351 1364 1
677 697 1
658 664 2
67 76 1
1543 1569 1
1429 1451 1
923 953 1
1382 1402 1
337 348 1
276 286 1
607 610 2
1537 1552 1
76 86 1
434 455 1
1469 1499 1
299 314 1
1041 1056 1
1268 1275 1
546 570 1
499 527 1
1577 1593 1
1043 1054 1
981 991 1
1252 1277 1
177 189 1
1631 1647 1
1467 1482 1
1671 1700 1
283 298 1
593 603 1
1566 1584 1
759 774 1
279 299 1
1191 1198 1
1575 1595 1
1283 1309 1
1094 1120 1
184 197 1
627 642 1
1484 1498 1
1288 1295 1
1303 1324 1
961 989 1
517 541 1
936 955 1
1027 1053 1
1239 1245 2
555 561 1
129 130 1
1618 1644 1
1606 1615 1
668 675 1
1092 1096 2
1355 1375 1
730 756 1
581 597 1
1114 1123 1
10 39 1
1603 1615 1
298 299 2
361 382 1
1294 1306 1
1723 1741 1
565 570 1
30 32 2
226 253 1
995 1023 1
661 673 1
1490 1497 1
141 155 1
798 807 1
858 882 1
1140 1168 1
1407 1430 1
1594 1605 1
8 22 1
247 257 1
381 382 2
778 786 1
702 719 2
1056 1065 1
452 478 1
1329 1357 1
611 636 1
793 810 1
864 873 1
1610 1618 1
1435 1442 1
543 545 2
1618 1624 1
1230 1240 1
900 926 1
742 757 1
1680 1691 2
71 92 1
1420 1449 1
309 318 1
1638 1642 1
1088 1110 1
927 930 1
246 270 1
1664 1685 1
698 727 1
1501 1520 1
1298 1317 1
1253 1269 1
1405 1417 1
331 334 1
818 836 1
237 242 2
983 999 1
1501 1523 1
787 814 1
1290 1301 1
338 362 1
435 441 2
803 811 1
996 1013 1
540 543 2
1194 1217 1
297 322 1
281 298 1
1436 1466 1
1246 1254 1
755 758 1
505 519 1
787 791 2
1413 1438 1
540 561 1
1679 1688 1
234 247 1
1091 1092 2
827 846 1
491 499 1
1295 1317 1
91 94 1
177 202 1
1660 1687 1
467 494 1
873 898 1
6 8 2
1403 1415 1
563 587 1
198 225 1
1295 1303 1
1703 1728 1
327 357 1
1348 1353 2
910 915 1
1176 1182 1
1383 1398 1
1165 1185 1
1583 1596 1
1282 1290 1
1070 1071 2
1037 1045 2
805 808 1
343 356 1
512 535 1
793 803 1
1313 1343 1
1701 1705 1
657 677 1
156 160 2
603 609 1
560 586 1
874 878 1
1150 1163 1
809 815 1
31 52 1
709 717 2
800 824 1
97 122 1
573 581 2
340 355 1
901 917 1
870 877 1
1053 1067 1
718 727 1
1023 1033 1
781 803 1
116 145 1
127 144 1
1056 1080 1
1157 1163 1
449 459 1
1420 1441 1
288 306 1
352 376 1
331 333 1
1542 1555 1
1585 1608 1
107 137 1
1195 1216 1
103 104 1
62 75 1
240 256 1
856 869 1
97 112 1
965 976 1
1464 1480 1
1510 1534 1
1197 1210 1
946 976 1
19 24 1
1202 1206 1
442 461 1
1422 1443 1
608 633 1
830 858 1
1445 1456 2
1159 1169 1
48 59 1
575 605 1
610 615 1
81 87 1
1419 1421 2
635 657 1
891 914 1
359 363 2
900 922 1
399 407 1
166 176 1
434 439 1
1466 1485 1
1391 1401 1
146 156 1
27 35 1
1163 1168 1
306 313 1
661 677 1
229 237 2
300 327 1
602 612 1
519 538 1
721 744 1
1569 1586 1
494 504 1
780 784 1
407 436 1
1396 1423 1
1426 1438 1
1540 1549 1
40 45 1
1505 1508 1
1607 1616 1
1356 1371 1
1040 1057 1
709 723 1
260 264 1
850 878 1
51 66 1
360 369 2
776 797 1
1032 1052 1
1468 1474 1
1345 1358 2
1603 1615 1
1052 1075 1
1597 1598 2
1351 1376 1
1419 1436 1
409 436 1
544 545 2
100 127 1
807 834 1
1578 1582 1
171 184 1
638 642 1
1600 1606 1
1256 1286 1
72 90 1
193 195 1
1676 1680 1
1403 1418 1
283 296 1
1588 1597 1
1656 1671 1
390 394 2
1456 1464 1
694 716 1
1653 1662 1
699 718 2
888 909 1
1196 1207 1
1447 1456 2
1218 1219 2
784 799 1
318 323 1
420 422 1
1640 1668 1
1291 1297 1
857 862 1
1464 1493 1
815 825 1
1680 1683 2
1648 1675 1
1615 1629 1
1713 1722 1
414 443 1
809 839 1
1470 1473 2
372 388 1
1533 1553 1
954 972 1
1428 1436 1
232 258 1
19 41 1
1118 1122 1
1336 1341 1
638 651 1
1060 1088 1
412 421 1
747 752 1
131 151 1
1311 1321 1
399 420 1
505 532 1
1084 1089 1
1076 1099 1
36 57 1
814 819 2
1654 1657 1
172 202 1
1193 1218 1
511 537 1
1679 1707 1
523 548 1
698 709 2
287 293 2
779 808 1
665 678 1
904 918 1
1504 1510 1
385 398 1
1627 1640 1
279 290 1
1420 1438 1
321 326 1
674 702 1
215 241 1
269 287 1
806 813 1
1008 1014 1
245 254 1
1660 1674 1
92 100 1
895 914 1
1331 1354 1
214 233 1
1545 1552 1
1393 1394 2
1408 1436 1
853 866 1
1723 1724 2
687 697 1
140 169 1
1380 1386 1
1316 1336 1
1456 1477 1
548 551 1
1476 1484 1
1118 1137 1
290 314 1
1056 1065 1
664 677 1
417 422 1
425 442 1
1454 1480 1
1722 1729 1
79 101 1
383 395 2
848 853 1
1446 1470 1
700 716 2
1038 1052 1
1411 1431 2
883 888 1
401 420 1
298 300 2
20 33 1
517 520 1
1091 1094 2
336 347 1
147 176 1
1501 1503 2
351 357 2
580 582 2
1531 1540 1
1450 1475 1
463 486 1
5 9 2
952 975 1
106 114 1
1534 1564 1
1142 1165 1
515 540 1
1549 1565 2
867 870 2
1594 1623 1
531 560 1
363 380 1
614 629 1
1268 1288 1
1038 1044 2
987 1010 1
261 286 1
721 751 1
905 927 1
355 362 2
1525 1532 1
673 702 1
1594 1617 1
22 49 1
1056 1064 1
897 919 1
880 894 1
51 55 1
18 20 1
1684 1698 1
670 680 1
1336 1343 1
355 369 2
1326 1342 1
1157 1169 1
588 618 1
564 566 2
1265 1270 1
1462 1466 1
669 670 1
836 848 1
982 984 2
1482 1510 1
1178 1202 1
801 814 1
450 476 1
868 889 1
1671 1691 1
178 182 2
965 982 1
343 349 1
700 726 1
675 690 2
774 788 1
1223 1226 2
1655 1685 1
1081 1109 1
620 622 2
1121 1122 2
1628 1646 1
1417 1445 1
720 733 1
360 386 1
583 610 1
388 407 1
5 34 1
956 976 1
909 924 1
65 74 1
275 287 1
908 931 1
59 68 1
1086 1089 1
1100 1104 1
512 533 1
910 933 1
182 187 1
1289 1306 1
1220 1250 1
1208 1210 2
647 674 1
772 783 1
791 807 1
200 203 1
384 392 2
694 722 1
1704 1732 1
447 467 1
1623 1651 1
1586 1599 1
1239 1248 1
616 618 2
873 889 1
1421 1424 2
299 326 1
188 195 1
887 914 1
1142 1169 1
1268 1275 1
1621 1630 1
965 988 1
342 363 1
