1864 1569
1610 1634 1
492 499 1
789 790 1
1024 1030 1
1072 1083 1
298 312 1
1775 1798 1
153 171 1
35 48 1
1210 1239 1
1532 1559 1
390 394 1
1277 1283 1
1210 1213 1
1776 1793 1
60 79 1
1095 1125 1
384 394 1
492 498 1
397 400 1
254 265 1
1206 1212 1
1121 1149 1
384 401 1
1040 1043 1
1797 1804 1
553 562 1
1787 1801 1
781 794 1
5 10 1
1338 1346 1
291 305 1
815 836 1
1528 1534 1
1268 1275 1
304 316 1
964 989 1
364 375 1
1112 1129 1
356 382 1
1201 1207 1
1639 1661 1
761 781 1
994 1001 1
246 258 1
1027 1032 1
1684 1706 1
64 79 1
990 991 1
33 54 1
481 507 1
1047 1073 1
1669 1671 1
1591 1609 1
1577 1589 1
1735 1762 1
210 240 1
1076 1101 1
1223 1252 1
374 391 1
1620 1642 1
1856 1860 1
1817 1835 1
392 416 1
951 964 1
167 176 1
1598 1599 1
1197 1216 1
1854 1855 2
332 336 1
1608 1610 2
255 274 1
1695 1700 1
1280 1284 1
1713 1734 1
379 399 1
52 72 1
1058 1071 1
599 607 1
1557 1563 1
590 604 1
597 600 1
505 506 1
518 530 1
1602 1612 1
335 361 1
1177 1190 1
655 671 1
310 324 1
406 416 1
1089 1097 1
309 330 1
1009 1030 1
235 238 2
352 378 1
717 734 1
504 531 1
1728 1747 1
12 30 1
758 771 1
1173 1190 1
475 490 1
576 603 1
59 74 1
1808 1821 1
1227 1248 1
1293 1313 1
456 483 1
808 827 1
175 195 1
609 615 1
1474 1478 1
360 384 1
4 33 1
1829 1857 1
1098 1116 1
84 90 1
613 637 1
928 937 1
832 850 1
1011 1034 1
1826 1846 1
671 701 1
1481 1499 1
868 886 1
948 949 1
159 184 1
1490 1519 1
651 652 1
1436 1443 1
654 664 1
1788 1812 1
843 864 1
881 911 1
679 709 1
1216 1222 1
194 213 1
1512 1533 1
1316 1323 1
1426 1433 1
322 341 1
748 778 1
1356 1366 1
448 449 2
1716 1746 1
1613 1634 1
1404 1411 1
554 559 1
996 1008 1
1418 1434 1
1551 1561 1
1433 1444 1
330 347 1
961 970 1
160 170 1
273 291 1
5 16 1
547 550 1
397 408 1
16 42 1
1495 1509 1
1683 1689 1
1251 1266 1
1831 1833 1
1037 1061 1
1077 1086 1
222 251 1
638 649 1
78 96 1
1761 1785 1
560 582 1
241 270 1
1537 1547 1
62 85 1
1238 1256 1
911 933 1
1753 1770 1
1089 1097 1
407 411 1
1087 1100 1
1530 1557 1
334 350 1
1590 1592 1
35 51 1
1194 1209 1
1083 1095 1
1149 1157 1
1470 1471 1
1019 1032 1
449 479 1
1514 1538 1
1239 1268 1
877 878 2
1108 1117 1
1044 1047 1
590 591 1
1190 1192 1
376 386 1
964 969 1
1452 1458 1
1227 1255 1
692 694 1
534 562 1
60 90 1
1126 1136 1
1104 1116 1
1191 1217 1
334 361 1
1720 1742 1
984 1012 1
1342 1362 1
1224 1252 1
53 77 1
768 779 1
917 929 1
13 24 1
965 988 1
839 843 1
1574 1600 1
72 93 1
1062 1071 1
1318 1326 1
928 932 1
1087 1091 1
397 414 1
208 226 1
1041 1054 1
1498 1522 1
748 769 1
1729 1737 2
763 775 1
218 227 1
122 149 1
57 71 1
1721 1741 1
1772 1788 1
208 238 1
728 729 2
768 790 1
990 1000 1
368 380 1
1785 1799 1
232 247 1
1486 1505 1
942 948 1
1224 1245 1
1163 1179 1
920 946 1
336 353 1
1342 1355 1
1594 1596 1
1118 1145 1
152 171 1
1801 1825 1
685 709 1
1239 1258 1
974 980 1
198 210 1
313 324 1
954 969 1
1559 1572 1
417 442 1
1825 1855 1
26 28 2
115 118 1
873 885 1
503 519 1
1769 1793 1
856 886 1
1815 1837 1
521 546 1
838 858 1
1010 1027 1
205 228 1
70 83 1
1433 1459 1
564 572 1
192 214 1
1296 1300 1
1643 1657 1
1750 1775 1
1807 1834 1
1834 1850 1
137 148 1
790 794 1
819 823 1
1777 1795 1
368 391 1
25 49 1
1655 1657 1
1365 1366 1
1567 1577 1
1641 1652 1
464 487 1
110 136 1
977 1005 1
1797 1807 1
348 358 1
768 797 1
706 726 1
1446 1474 1
996 999 1
1345 1360 1
983 1006 1
686 696 1
1195 1209 1
1592 1618 1
1105 1118 1
945 953 1
1726 1750 1
406 417 1
1528 1549 1
77 88 1
579 593 1
422 435 1
617 624 1
891 898 1
532 537 1
125 133 1
65 69 1
1445 1456 1
1011 1014 1
1292 1322 1
1841 1850 1
848 855 1
77 100 1
563 565 1
698 701 1
577 586 1
713 734 1
126 154 1
1760 1775 1
1073 1096 1
344 349 1
801 815 1
1665 1666 1
475 503 1
1788 1791 1
1349 1363 1
1365 1390 1
1802 1809 1
314 323 1
1170 1185 1
269 296 1
150 158 1
1506 1533 1
29 34 1
501 519 1
1325 1333 1
667 684 1
937 945 1
1211 1237 1
203 228 1
874 877 1
1367 1372 1
1495 1519 1
1604 1621 1
145 151 1
448 459 1
1115 1116 1
806 808 1
1041 1062 1
1055 1084 1
1203 1212 1
34 39 1
1139 1163 1
1313 1321 1
867 895 1
714 736 1
776 794 1
1606 1630 1
197 223 1
730 750 1
1814 1836 1
71 73 1
410 440 1
1400 1408 1
1427 1456 1
759 783 1
1766 1784 1
237 253 1
1041 1061 1
1181 1185 1
1038 1048 1
275 305 1
459 460 1
518 522 2
18 28 1
150 180 1
1324 1335 1
1348 1356 1
125 132 1
798 823 1
1852 1862 1
1299 1311 1
1114 1134 1
993 1013 1
196 198 1
424 428 1
1046 1054 1
1546 1576 1
1654 1663 1
466 496 1
26 32 1
1519 1544 1
1352 1367 1
1595 1617 1
1216 1232 1
932 954 1
1687 1699 1
1142 1153 1
155 164 1
146 156 1
78 88 1
688 709 1
1153 1158 1
620 625 1
766 767 1
1640 1655 1
570 579 1
1702 1716 1
877 880 1
400 420 1
1655 1678 1
878 887 1
1137 1149 1
819 837 1
1349 1357 1
1517 1523 1
868 889 1
1335 1361 1
714 718 1
445 454 1
1359 1361 1
1314 1320 1
788 817 1
1761 1780 1
64 77 1
511 512 1
1607 1625 1
1009 1023 1
1686 1708 1
760 788 1
829 859 1
845 852 1
593 594 1
914 915 1
421 434 1
1447 1453 1
164 192 1
902 922 1
622 625 1
52 69 1
493 512 1
892 897 1
306 331 1
993 996 1
369 384 1
1055 1062 1
598 625 1
1319 1342 1
506 511 1
846 862 1
726 746 1
696 710 1
170 181 1
1550 1565 1
219 234 1
1641 1668 1
199 217 1
258 266 1
1022 1028 1
449 462 1
1535 1549 1
797 822 1
1116 1136 1
1374 1401 1
1323 1339 1
693 698 1
1561 1576 1
949 951 1
103 117 1
1007 1026 1
663 670 1
787 808 1
247 254 1
1214 1225 1
837 846 1
60 86 1
1167 1194 1
939 941 1
846 849 1
95 116 1
316 343 1
995 1005 1
1014 1025 1
1177 1180 1
629 649 1
470 493 1
1327 1329 1
949 956 1
373 376 1
982 986 1
729 751 1
1659 1679 1
1575 1581 1
63 76 1
852 858 1
1299 1316 1
1039 1050 1
790 794 1
74 93 1
1673 1698 1
1108 1136 1
716 737 1
711 719 1
1192 1208 1
1082 1110 1
1434 1461 1
706 709 1
633 660 1
530 560 1
972 983 1
1523 1532 1
1483 1502 1
633 654 1
1624 1650 1
733 742 1
1073 1087 1
1360 1382 1
1398 1419 1
899 906 1
1441 1454 1
408 426 1
799 828 1
1596 1598 1
1257 1281 1
715 734 1
343 367 1
920 940 1
250 252 1
1360 1384 1
484 490 1
1762 1784 1
423 450 1
965 979 1
1774 1801 1
1494 1506 1
1468 1473 1
1532 1540 1
951 954 1
258 281 1
1248 1260 1
120 147 1
1779 1807 1
1102 1110 1
685 694 1
1527 1529 1
118 121 1
149 178 1
349 373 1
1671 1679 1
1114 1119 1
1012 1034 1
748 767 1
1818 1838 1
1472 1477 1
1072 1088 1
1186 1194 1
484 509 1
547 575 1
1426 1433 1
1576 1591 1
89 94 1
187 196 1
235 237 2
1624 1636 1
770 798 1
781 806 1
90 120 1
174 175 1
1166 1169 1
365 381 1
738 760 1
227 233 1
1763 1773 1
517 544 1
1798 1827 1
1470 1488 1
684 692 1
429 430 1
1536 1558 1
139 145 1
81 104 1
931 947 1
1427 1433 1
1374 1395 1
228 249 1
18 46 1
878 884 1
1006 1025 1
856 864 1
333 346 1
1497 1498 2
1076 1105 1
1594 1599 1
1378 1379 1
1102 1107 1
195 220 1
346 369 1
1688 1700 1
1315 1325 1
383 403 1
1112 1130 1
251 281 1
493 522 1
1768 1785 1
624 625 1
1501 1528 1
1468 1474 1
1630 1652 1
1040 1045 1
1284 1308 1
620 623 1
756 784 1
39 66 1
793 821 1
1199 1203 1
1334 1335 2
1750 1765 1
340 362 1
1317 1332 1
1396 1419 1
760 767 1
1594 1596 1
333 342 1
663 681 1
507 531 1
801 819 1
1051 1065 1
9 17 1
1029 1054 1
1312 1324 1
546 564 1
239 248 1
1105 1111 1
250 265 1
457 481 1
1007 1034 1
810 823 1
953 977 1
1280 1302 1
532 561 1
1021 1029 1
1084 1085 2
169 185 1
1815 1843 1
24 25 1
947 976 1
473 483 1
1837 1844 1
1767 1785 1
1503 1522 1
614 634 1
733 749 1
939 963 1
93 101 1
600 613 1
360 384 1
283 303 1
361 374 1
874 891 1
369 378 1
1749 1761 1
685 688 1
775 790 1
45 46 1
1018 1038 1
753 781 1
1047 1054 1
1458 1459 1
1775 1803 1
402 430 1
129 135 1
769 776 1
1352 1373 1
661 669 1
1016 1026 1
1221 1239 1
230 238 1
1570 1581 1
217 244 1
1682 1683 1
752 754 1
691 705 1
536 547 1
793 800 1
1026 1048 1
1068 1094 1
1328 1357 1
345 351 1
1722 1739 1
1850 1856 1
1458 1470 1
957 980 1
1367 1371 1
1286 1294 1
562 585 1
1698 1718 1
1179 1193 1
601 612 1
670 691 1
543 561 1
1344 1360 1
1223 1235 1
936 944 1
308 332 1
444 454 1
230 253 1
1201 1202 2
1365 1393 1
1510 1540 1
1189 1209 1
742 770 1
1687 1698 1
1248 1272 1
567 586 1
613 628 1
975 995 1
45 49 1
1080 1081 1
830 834 1
1807 1819 1
570 599 1
1460 1481 1
523 528 1
1835 1857 1
782 802 1
108 132 1
1322 1340 1
1325 1346 1
1555 1574 1
162 190 1
1495 1515 1
22 50 1
1236 1263 1
817 842 1
1788 1813 1
1166 1179 1
735 765 1
776 792 1
1428 1432 1
168 187 1
1323 1327 1
486 487 1
33 61 1
489 519 1
1784 1792 1
1532 1542 1
474 475 1
736 751 1
1419 1438 1
1296 1303 1
289 317 1
141 155 1
1649 1657 1
830 838 1
1198 1214 1
1395 1418 1
168 198 1
1254 1271 1
391 395 1
367 386 1
1619 1642 1
1355 1362 1
930 938 1
384 414 1
1220 1233 1
1560 1585 1
847 867 1
135 161 1
1730 1759 1
538 541 1
960 973 1
566 580 1
1563 1589 1
274 284 1
217 247 1
1299 1301 1
824 844 1
1162 1190 1
146 160 1
835 847 1
1829 1855 1
973 994 1
1594 1607 1
1185 1191 1
1095 1112 1
1081 1108 1
1755 1759 1
1486 1511 1
606 632 1
1205 1210 1
651 669 1
1472 1483 1
1850 1851 1
21 46 1
670 673 1
581 606 1
1392 1399 1
939 943 1
998 1027 1
1654 1664 1
1244 1273 1
581 595 1
1669 1699 1
135 139 1
294 298 2
148 175 1
735 757 1
1643 1650 1
1415 1434 1
1832 1855 1
51 77 1
1545 1564 1
1330 1353 1
54 60 1
1120 1123 1
883 885 1
29 45 1
356 369 1
2 19 1
236 263 1
1783 1789 1
1825 1855 1
1251 1259 1
1407 1427 1
361 362 1
1311 1331 1
1460 1484 1
1244 1251 1
503 506 1
51 53 1
1244 1248 1
628 633 1
70 72 1
809 829 1
668 677 1
1042 1067 1
53 79 1
1602 1604 1
643 672 1
1505 1515 1
1630 1653 1
1311 1332 1
1766 1790 1
650 662 1
163 165 1
1468 1494 1
1068 1085 1
1093 1117 1
1219 1224 1
1376 1396 1
1178 1198 1
452 465 1
372 382 1
1689 1710 1
1178 1206 1
469 499 1
424 433 1
427 447 1
1396 1415 1
1166 1189 1
1506 1533 1
1647 1667 1
1815 1827 1
1345 1363 1
896 910 1
421 425 1
1357 1361 1
159 161 1
48 61 1
636 646 1
628 646 1
79 102 1
1548 1566 1
1766 1780 1
1034 1059 1
509 515 1
912 933 1
231 241 1
14 21 1
1789 1804 1
1792 1821 1
1037 1045 1
459 466 1
87 114 1
309 338 1
238 239 2
1646 1659 1
522 524 1
127 144 1
1262 1282 1
1413 1423 1
59 61 1
1057 1073 1
1384 1389 1
703 728 1
1684 1700 1
401 414 1
1320 1333 1
263 275 1
636 649 1
1099 1110 1
634 662 1
1595 1605 1
1791 1805 1
184 214 1
907 936 1
1136 1159 1
199 210 1
14 15 2
579 593 1
622 630 1
1242 1272 1
1559 1568 1
213 222 1
1385 1392 1
1672 1694 1
792 801 1
893 908 1
1309 1334 1
379 400 1
319 325 1
1082 1109 1
1075 1100 1
1246 1267 1
1101 1110 1
406 434 1
1674 1690 1
1432 1459 1
948 959 1
315 331 1
1577 1595 1
1720 1729 1
968 975 1
285 298 1
1608 1617 1
1175 1197 1
1599 1625 1
100 103 1
668 687 1
1747 1761 1
443 444 1
296 298 2
1754 1774 1
1776 1788 1
644 659 1
581 590 1
1593 1612 1
942 950 1
271 277 1
1535 1540 1
586 600 1
1504 1533 1
1716 1733 1
92 97 1
601 609 1
1288 1290 1
929 936 1
1382 1403 1
1186 1196 1
318 335 1
1834 1853 1
416 442 1
1030 1038 1
120 139 1
858 861 1
1838 1849 1
606 608 1
881 885 1
1025 1043 1
223 238 1
292 295 2
379 392 1
1845 1852 1
1508 1509 1
1743 1762 1
382 398 1
1666 1682 1
1544 1550 1
1117 1138 1
233 261 1
412 430 1
319 332 1
1575 1589 1
1798 1826 1
130 157 1
1689 1713 1
378 395 1
439 464 1
747 774 1
1789 1792 1
1683 1699 1
1205 1223 1
873 886 1
624 637 1
784 792 1
1293 1300 1
1410 1428 1
1238 1250 1
11 14 1
1747 1769 1
155 175 1
405 408 1
175 186 1
945 970 1
205 217 1
326 356 1
1010 1028 1
109 139 1
1675 1697 1
1029 1045 1
468 497 1
72 92 1
759 766 1
1326 1348 1
780 801 1
1236 1246 1
1465 1479 1
536 545 1
1655 1681 1
851 863 1
1218 1247 1
523 529 1
554 562 1
172 190 1
1154 1157 1
1411 1434 1
117 130 1
1103 1128 1
432 441 1
820 850 1
1095 1103 1
261 278 1
1328 1350 1
1733 1738 1
1830 1838 1
883 888 1
1547 1553 1
24 53 1
54 57 1
1469 1491 1
92 95 2
629 650 1
1214 1227 1
429 459 1
343 366 1
492 510 1
273 294 1
539 561 1
299 305 1
674 689 1
96 116 1
779 802 1
286 309 1
831 835 1
378 395 1
620 626 1
709 728 1
1832 1853 1
213 227 1
1285 1288 1
75 93 1
929 947 1
308 316 1
1744 1765 1
86 87 1
1752 1757 1
481 489 1
233 235 1
1751 1770 1
935 938 1
985 1005 1
1846 1861 1
328 351 1
1208 1236 1
877 882 1
1613 1637 1
1501 1504 1
872 901 1
589 610 1
1674 1675 1
782 795 1
1038 1052 1
1812 1814 1
1248 1254 2
433 434 1
1522 1544 1
1513 1517 1
49 60 1
128 150 1
1273 1278 1
1360 1375 1
1643 1673 1
1541 1558 1
1128 1145 1
692 716 1
822 839 1
830 858 1
1455 1468 1
268 281 1
680 684 1
397 407 1
492 499 1
239 245 1
909 937 1
1037 1046 1
615 621 1
267 279 1
361 378 1
651 681 1
824 833 1
1626 1655 1
930 942 1
1237 1246 1
12 22 1
1274 1282 1
721 723 1
956 973 1
39 58 1
446 455 1
183 184 2
1555 1557 1
305 328 1
1480 1486 1
178 198 1
863 880 1
563 586 1
57 59 1
1447 1455 1
1782 1784 1
928 957 1
4 9 1
1103 1118 1
842 844 1
238 250 1
1800 1830 1
1260 1262 1
1213 1229 1
604 630 1
21 30 1
1354 1371 1
445 446 1
1308 1319 1
787 793 1
1535 1560 1
840 842 1
1264 1273 1
1726 1748 1
1772 1793 1
398 421 1
1648 1670 1
1279 1299 1
824 828 1
1757 1782 1
1340 1358 1
1190 1218 1
1152 1172 1
1470 1476 1
438 463 1
1082 1104 1
1793 1798 1
902 914 1
1785 1789 1
886 901 1
1209 1231 1
690 691 1
748 760 1
520 533 1
1670 1679 1
1435 1457 1
737 743 1
189 199 1
1367 1380 1
933 952 1
944 960 1
1659 1678 1
487 510 1
1499 1518 1
865 876 1
1395 1415 1
739 766 1
723 726 1
1144 1146 2
1576 1603 1
860 882 1
733 734 2
1719 1748 1
1255 1275 1
1361 1370 1
1179 1185 1
126 143 1
1823 1837 1
663 692 1
1770 1778 1
981 1003 1
144 171 1
1546 1557 1
901 931 1
1230 1242 1
381 387 1
195 222 1
1022 1046 1
629 647 1
1316 1326 1
1529 1538 1
1047 1063 1
1545 1551 1
1202 1232 1
298 305 1
1338 1343 1
546 557 1
1 30 1
457 462 1
406 422 1
899 902 1
1139 1164 1
326 341 1
1675 1681 1
63 91 1
109 131 1
1491 1497 1
282 303 1
21 27 1
1791 1818 1
107 115 1
631 655 1
477 481 1
1049 1078 1
1596 1605 1
529 542 1
26 52 1
1125 1151 1
1395 1421 1
286 307 1
1383 1404 1
1297 1306 1
852 868 1
1337 1356 1
1004 1011 1
1715 1727 1
216 218 2
46 49 1
1185 1208 1
1733 1735 2
894 915 1
1090 1109 1
1111 1123 1
240 252 1
669 675 1
117 142 1
1563 1575 1
906 919 1
1701 1702 1
1561 1587 1
980 995 1
1138 1140 1
84 85 1
1026 1054 1
634 654 1
160 175 1
348 363 1
925 941 1
1319 1346 1
872 887 1
1647 1656 1
531 535 1
1191 1196 1
29 52 1
493 512 1
461 463 1
825 850 1
135 163 1
1290 1313 1
166 169 1
525 534 1
783 806 1
299 311 1
126 137 1
1405 1410 1
336 352 1
599 625 1
692 704 1
822 826 1
166 167 1
1583 1605 1
1032 1047 1
1302 1308 1
999 1028 1
1487 1510 1
120 146 1
1533 1556 1
1614 1633 1
29 52 1
1714 1726 1
270 271 1
661 666 1
391 412 1
1212 1217 1
92 111 1
432 436 1
575 589 1
8 32 1
767 790 1
646 667 1
520 550 1
444 445 1
143 152 1
793 805 1
1535 1547 1
171 173 1
813 842 1
1650 1671 1
860 890 1
1375 1378 1
70 82 1
1688 1710 1
472 475 1
153 158 1
1137 1167 1
543 563 1
495 519 1
1524 1552 1
1534 1550 1
1443 1466 1
197 202 1
143 164 1
486 500 1
996 1007 1
594 617 1
785 815 1
967 974 1
377 391 1
504 514 1
333 344 1
1103 1104 1
175 186 1
1289 1311 1
598 605 1
1494 1502 1
433 450 1
35 64 1
1489 1506 1
630 643 1
79 85 1
421 443 1
1279 1307 1
244 269 1
1416 1429 1
1849 1850 1
1049 1067 1
1366 1389 1
1514 1543 1
242 266 1
1748 1772 1
188 205 1
582 610 1
21 35 1
1469 1498 1
464 488 1
7 9 1
633 640 1
1124 1150 1
992 1017 1
289 301 1
961 979 1
1762 1783 1
1801 1818 1
1676 1691 1
1222 1236 1
292 311 1
1731 1749 1
1183 1200 1
1295 1303 1
1479 1502 1
561 573 1
583 610 1
1730 1745 1
1628 1652 1
239 259 1
951 965 1
1682 1702 1
627 647 1
348 363 1
359 370 1
721 746 1
816 846 1
284 305 1
1100 1108 1
324 352 1
676 684 1
820 836 1
1371 1378 1
1470 1500 1
1128 1136 1
25 49 1
1848 1849 1
612 621 1
82 90 1
1223 1244 1
1583 1613 1
461 482 1
1756 1760 1
906 911 1
1382 1397 1
213 225 1
1505 1535 1
819 821 1
13 26 1
576 593 1
309 310 1
778 794 1
1221 1251 1
724 754 1
687 712 1
747 748 1
858 879 1
1385 1412 1
553 556 1
1467 1477 1
995 1007 1
857 863 1
171 184 1
1330 1344 1
950 975 1
674 696 1
1261 1265 1
281 297 1
1678 1692 1
1120 1137 1
691 718 1
1227 1242 1
903 926 1
1606 1619 1
744 770 1
661 675 1
1630 1649 1
1268 1269 1
62 67 1
495 513 1
1171 1194 1
1263 1276 1
1650 1654 1
1018 1044 1
1416 1422 1
125 153 1
290 302 1
505 524 1
320 322 1
1232 1240 1
1488 1500 1
634 657 1
691 705 1
1400 1420 1
342 345 1
1764 1772 1
446 459 1
435 460 1
536 545 1
761 762 1
1749 1769 1
79 105 1
975 990 1
1354 1356 1
1283 1296 1
1059 1065 1
851 867 1
1159 1164 1
1590 1599 1
1051 1064 1
414 442 1
926 934 1
525 534 1
1251 1266 1
1589 1607 1
481 487 1
1571 1595 1
297 313 1
1239 1261 1
1267 1273 1
939 962 1
396 400 1
1117 1132 1
1168 1198 1
1115 1131 1
273 274 1
282 311 1
1370 1396 1
1307 1315 1
1314 1323 1
379 406 1
1720 1747 1
341 356 1
1543 1565 1
62 68 1
910 928 1
1084 1092 1
1135 1142 1
1732 1740 1
681 711 1
1855 1858 1
1725 1749 1
40 60 1
1162 1170 1
68 94 1
501 507 1
983 1010 1
392 408 1
1639 1661 1
125 127 1
199 219 1
40 45 1
1010 1018 1
1775 1800 1
1730 1740 1
1734 1742 1
1660 1671 1
571 599 1
1738 1748 1
19 28 1
685 687 2
311 317 1
1812 1818 1
1695 1713 1
1037 1066 1
8 9 1
1543 1562 1
917 936 1
178 195 1
552 580 1
36 58 1
1291 1297 1
1680 1693 1
1496 1513 1
1093 1100 1
1377 1396 1
1704 1708 2
1764 1767 1
1407 1414 1
1639 1667 1
628 650 1
580 590 1
841 859 1
1041 1043 1
894 913 1
607 628 1
1517 1532 1
1804 1820 1
1678 1699 1
839 848 1
244 267 1
1712 1728 1
939 950 1
1441 1451 1
1388 1390 1
1813 1837 1
1342 1361 1
1524 1543 1
