1965 1779
1355 1358 2
1114 1117 2
182 185 2
1241 1244 2
1383 1384 2
1877 1880 2
882 884 2
369 372 2
1777 1779 2
1345 1348 2
1548 1549 2
1221 1223 2
1772 1774 2
1916 1918 2
349 351 2
610 613 1
1282 1283 1
146 147 2
1555 1558 2
605 606 2
512 513 2
536 539 2
1246 1248 2
1804 1807 2
1512 1513 2
1945 1946 2
523 525 2
1379 1382 2
573 576 1
271 274 1
733 735 2
1588 1590 2
137 138 1
1171 1172 1
1453 1456 2
1286 1287 2
1954 1955 2
823 824 2
1884 1885 2
452 454 2
829 831 2
828 830 2
1567 1569 2
1724 1727 2
1625 1628 2
71 74 1
1704 1706 2
55 57 1
499 500 2
1665 1668 2
1606 1607 2
974 976 2
192 193 2
1617 1620 2
1740 1741 2
1715 1718 2
1943 1946 2
431 432 2
308 309 2
445 448 1
580 582 2
503 505 2
855 858 2
1214 1216 2
1492 1494 2
1918 1921 2
225 228 2
142 143 2
932 933 2
589 590 2
1774 1776 2
864 866 1
934 937 2
28 31 1
1242 1243 2
71 72 1
1312 1313 2
954 956 2
1755 1756 2
516 518 2
1950 1953 2
227 228 2
920 923 2
570 572 2
1921 1924 2
1741 1744 2
1918 1919 2
1265 1266 2
14 17 1
298 299 2
752 753 2
1572 1574 2
1645 1648 2
1185 1187 2
671 673 1
276 278 2
1861 1864 2
809 811 2
1048 1051 2
647 648 2
1070 1073 2
9 12 2
873 876 2
1599 1600 2
1799 1800 2
484 487 1
199 201 2
653 655 1
160 162 2
1501 1504 2
1090 1092 1
729 731 1
1026 1027 1
1842 1845 1
1767 1769 2
276 278 2
1662 1663 2
842 845 2
1557 1560 2
298 299 2
288 290 2
743 746 2
857 859 2
980 981 1
1483 1484 2
236 237 2
64 65 2
1826 1827 2
1806 1807 2
147 148 2
1391 1392 2
568 569 2
1753 1754 2
1106 1108 1
1646 1647 2
431 432 2
1055 1056 2
981 984 2
1375 1376 2
132 133 2
1294 1296 2
1061 1063 2
387 389 2
1174 1177 2
1263 1264 1
1606 1609 2
636 639 2
1362 1364 2
145 148 2
1009 1010 2
1610 1611 2
390 393 1
810 813 2
1027 1028 1
690 693 2
391 392 1
1331 1332 2
1814 1815 2
457 458 2
773 774 1
1133 1134 2
986 988 2
993 994 2
1410 1412 2
429 430 2
970 971 2
1748 1750 2
709 710 2
34 35 2
1134 1137 1
1514 1517 1
75 78 2
146 148 2
1061 1062 2
202 205 2
1921 1924 2
1300 1301 2
958 960 2
1237 1238 2
308 309 2
113 114 1
55 57 1
959 960 2
621 623 2
612 614 2
1894 1896 2
1514 1516 1
1815 1817 2
103 104 2
1921 1923 2
383 385 2
1180 1181 2
1298 1300 2
494 497 2
831 833 2
1104 1107 2
1373 1374 2
869 872 2
304 307 2
968 970 2
1149 1151 2
578 580 2
858 859 2
1463 1465 2
1954 1955 2
178 179 2
253 255 2
1964 1965 2
1011 1014 2
846 848 2
1442 1443 2
911 914 2
1085 1088 2
389 391 1
430 432 2
721 724 2
821 824 2
577 578 2
1405 1408 2
1747 1749 2
1832 1835 2
1074 1077 2
435 436 2
1603 1605 1
1524 1525 2
572 574 2
1614 1617 2
1871 1872 2
402 403 2
1013 1015 2
1762 1763 2
1811 1812 1
955 957 2
1609 1611 2
526 527 2
649 652 2
1436 1438 2
816 818 2
186 187 2
34 37 2
1280 1282 2
277 279 2
1344 1345 2
249 251 2
1540 1542 2
1578 1580 2
569 571 2
1761 1762 2
1342 1344 2
1041 1043 2
293 294 2
653 655 1
967 968 2
654 655 1
1846 1848 2
1534 1537 2
236 238 2
298 301 2
1773 1774 2
1844 1846 2
526 529 2
814 815 2
1543 1544 2
424 426 2
266 269 2
1482 1485 2
1372 1374 2
532 535 1
1288 1289 2
1377 1380 2
1827 1829 2
817 818 2
1277 1279 2
297 299 2
1032 1035 2
1728 1730 2
542 543 2
367 370 2
730 733 1
459 461 2
965 968 2
119 121 2
531 533 2
166 167 2
648 650 2
891 892 2
589 592 2
1478 1481 1
1601 1604 1
907 910 1
68 69 2
1576 1577 2
609 611 1
667 668 2
342 345 2
184 186 2
1904 1905 2
383 384 2
1629 1632 1
665 667 2
1755 1757 2
1089 1091 2
1039 1041 2
1188 1190 2
1598 1600 2
1796 1799 2
115 117 2
872 875 2
1944 1946 2
1745 1747 2
671 672 1
932 934 2
745 746 2
1086 1089 2
1731 1732 2
934 935 2
154 155 2
695 698 2
582 583 2
134 137 1
736 737 2
677 678 2
874 877 2
1118 1120 2
852 853 2
288 290 2
1110 1112 2
1396 1397 2
357 360 2
381 382 2
465 468 2
925 927 2
501 502 2
1028 1029 2
575 577 1
448 450 2
1597 1599 1
900 902 1
1456 1459 2
1864 1867 2
1249 1252 2
149 151 2
811 814 2
151 154 2
1026 1029 1
1086 1088 2
870 873 2
368 369 2
1723 1724 2
1485 1487 2
1627 1630 1
639 640 2
847 849 2
1382 1384 2
152 153 2
765 766 1
918 921 2
1571 1573 2
1185 1187 2
1170 1172 1
595 596 2
1476 1478 1
1272 1275 2
999 1001 2
1306 1307 2
814 816 2
1304 1307 2
1467 1468 2
864 865 2
1645 1647 2
1204 1207 2
1524 1526 2
1149 1150 2
1601 1603 1
443 444 2
1703 1704 2
584 585 2
868 871 2
548 551 2
919 922 2
407 408 2
80 82 2
1744 1745 2
1711 1713 2
443 446 2
1903 1905 2
603 605 2
241 242 2
1268 1269 2
1209 1211 2
304 307 2
1548 1550 2
1015 1017 2
1909 1910 2
1636 1638 2
152 154 2
1328 1329 2
1910 1912 2
1541 1543 2
997 1000 2
1214 1216 2
1316 1317 2
1206 1209 2
159 160 2
630 632 2
421 422 2
476 479 2
1153 1155 2
429 432 2
592 594 2
547 550 2
716 719 2
46 48 2
1243 1244 2
386 387 2
792 793 2
1083 1084 2
1147 1150 2
952 953 2
757 760 1
1247 1250 2
133 134 2
1457 1459 2
1372 1374 2
227 228 2
377 380 2
1202 1203 1
275 278 2
620 623 2
1939 1941 2
1749 1752 2
719 720 2
1328 1331 2
191 194 2
610 611 1
1565 1566 2
174 175 2
1809 1812 1
921 923 2
1935 1937 2
489 491 1
379 380 2
3 6 2
1922 1924 2
1109 1112 2
1200 1203 1
835 838 2
905 908 1
788 791 2
966 968 2
351 354 1
1957 1960 2
252 254 2
9 12 2
482 484 2
1558 1560 2
160 161 2
1733 1735 2
140 143 2
1748 1751 2
1272 1274 2
1869 1872 2
1931 1933 2
1571 1573 2
1702 1705 2
328 331 2
70 73 1
1869 1871 2
760 763 1
416 418 2
75 78 2
695 697 2
458 461 2
1803 1805 2
1539 1540 2
493 496 2
1533 1534 2
425 428 2
1457 1459 2
848 851 2
694 697 2
719 722 2
395 397 2
451 452 2
473 475 2
1168 1171 2
764 766 1
60 63 1
850 853 2
644 645 2
947 949 2
792 794 2
114 115 1
844 846 2
434 437 2
1558 1559 2
1239 1240 2
1820 1822 2
1507 1509 1
1550 1553 1
407 409 2
1617 1619 2
1121 1124 1
1703 1704 2
243 246 2
1173 1176 2
1011 1013 2
997 1000 2
1030 1032 2
255 258 1
222 223 2
580 583 2
1431 1434 2
1159 1161 2
689 690 2
1473 1474 2
1169 1171 2
39 42 1
1911 1912 2
96 99 2
563 564 2
87 90 2
17 18 2
128 131 2
656 658 1
426 427 2
237 238 2
887 888 2
1264 1266 2
570 573 2
1464 1467 1
1156 1157 2
55 58 1
1004 1005 2
544 545 2
1213 1215 2
1820 1821 2
1855 1856 2
483 486 2
1409 1412 2
890 891 2
931 934 2
606 607 2
257 258 1
961 962 1
11 12 2
1810 1811 2
684 685 2
417 419 2
1873 1874 2
1625 1627 2
206 209 2
1421 1423 2
1878 1880 2
316 319 2
1367 1370 2
863 866 1
424 425 2
835 836 2
743 744 2
1110 1111 2
1244 1245 2
1747 1750 2
531 533 2
1110 1112 2
786 789 2
1576 1577 2
862 865 2
831 832 2
625 627 2
954 956 2
1059 1061 2
1453 1456 2
1170 1173 1
1430 1433 2
687 688 2
1725 1727 2
736 737 2
1898 1900 2
806 808 2
228 230 2
1446 1448 2
1111 1114 2
1484 1487 2
683 684 2
620 621 2
1904 1906 2
943 945 2
184 186 2
161 164 2
1577 1578 2
1572 1574 2
1127 1129 2
331 333 2
1749 1750 2
1426 1427 1
473 474 2
77 79 2
1638 1639 2
933 936 2
1243 1244 2
1039 1040 2
532 533 2
181 182 2
916 918 2
1097 1098 2
1782 1784 1
1391 1392 2
1618 1619 2
1241 1244 2
589 590 2
235 238 2
1362 1365 2
656 658 1
63 65 2
583 586 2
1242 1243 2
720 722 2
1840 1843 1
1196 1199 2
113 114 1
1195 1198 2
481 482 2
868 870 2
1243 1244 2
80 81 2
228 230 2
1842 1845 1
876 878 2
482 485 2
875 878 2
925 927 2
18 20 2
714 717 2
13 16 1
969 972 2
1657 1658 2
825 827 2
1621 1622 2
104 105 2
167 169 2
1675 1677 2
498 500 2
874 877 2
1632 1635 2
110 112 2
1095 1098 2
1871 1874 2
17 20 2
1508 1511 1
1465 1468 1
1365 1366 1
396 397 2
1711 1713 2
448 450 2
283 284 1
1021 1024 2
398 400 2
476 477 2
1540 1542 2
1018 1020 2
1319 1321 2
396 397 2
1689 1692 2
808 810 2
1759 1760 2
2 4 2
268 269 2
192 195 1
486 489 1
1840 1841 2
1618 1619 2
279 281 2
1960 1963 2
366 367 2
1656 1658 2
1492 1493 2
1940 1941 2
1777 1778 2
1584 1586 2
1348 1349 2
1521 1522 2
1329 1330 2
1791 1793 2
582 583 2
231 233 1
1228 1230 2
492 494 2
1147 1150 2
1950 1953 2
1226 1227 2
1299 1300 2
962 965 2
274 276 2
10 11 2
1086 1088 2
1584 1587 2
1055 1057 2
1605 1607 2
1395 1397 2
353 355 1
1716 1719 2
1885 1888 2
566 567 2
1693 1695 2
787 788 2
1443 1446 2
1441 1444 2
1345 1346 2
386 388 2
27 29 2
972 975 2
508 509 1
280 281 2
1632 1633 2
1811 1813 1
1124 1126 1
784 785 2
754 757 2
1410 1413 2
582 583 2
1044 1046 2
850 853 2
1611 1612 2
1134 1137 1
1396 1397 2
1386 1389 1
1001 1002 2
1446 1447 2
1604 1606 2
635 636 2
1962 1963 2
351 354 1
825 828 2
814 816 2
1106 1108 1
1706 1709 2
1916 1919 2
1629 1630 1
1395 1398 2
284 285 1
1373 1375 2
936 938 2
1244 1247 2
36 37 2
1605 1607 2
103 106 2
995 996 2
52 55 2
1920 1921 2
1808 1810 1
1957 1960 2
965 968 2
1557 1560 2
1078 1080 2
878 879 2
828 829 2
1015 1016 2
856 858 2
112 114 1
1027 1028 1
1845 1847 2
1020 1021 2
778 781 2
999 1001 2
1111 1114 2
1789 1790 1
673 674 2
1413 1416 1
456 459 2
870 871 2
1026 1027 1
257 258 1
280 281 2
1472 1474 2
23 25 2
112 113 2
657 658 1
1260 1263 1
1950 1951 2
922 925 2
865 866 1
589 590 2
1285 1288 2
804 807 2
969 971 2
325 327 2
1026 1028 1
167 169 2
673 676 2
1420 1423 2
1837 1839 2
454 457 2
145 147 2
197 198 2
381 382 2
1634 1636 2
1069 1071 2
362 364 1
795 797 2
1544 1546 2
1944 1947 2
206 208 2
1518 1521 2
1868 1870 2
534 536 1
274 276 2
1040 1043 2
169 172 2
19 22 2
1523 1526 2
780 782 2
653 655 1
1203 1204 1
245 248 2
1469 1472 2
911 913 2
1337 1340 2
402 404 2
785 786 2
1530 1532 2
1849 1852 2
665 667 2
237 238 2
735 738 1
797 798 2
1552 1554 1
1210 1212 2
1456 1458 2
1809 1811 2
1752 1753 2
1716 1718 2
1761 1763 2
1713 1714 2
292 293 2
792 795 2
1673 1676 2
242 244 2
1047 1048 2
1732 1735 2
76 78 2
1665 1666 2
1417 1418 2
658 661 1
440 441 2
363 366 2
458 461 2
1871 1873 2
1486 1489 2
201 203 2
826 827 2
314 316 2
719 722 2
234 237 2
1760 1761 2
761 764 2
740 743 1
1820 1823 2
769 772 2
1130 1133 2
363 365 2
219 221 2
274 276 2
376 378 2
1479 1481 1
1026 1028 1
1434 1435 2
1783 1786 2
744 746 2
1923 1926 2
1695 1697 2
1958 1959 2
761 764 2
425 427 2
1542 1545 2
1313 1314 2
448 450 2
214 217 2
159 161 2
851 854 2
728 729 2
605 607 2
598 599 2
1365 1368 1
1185 1187 2
1107 1109 1
402 405 2
1187 1189 2
1557 1560 2
1951 1953 2
1206 1208 2
475 478 2
1268 1270 2
1251 1253 2
1524 1526 2
1757 1759 2
118 120 2
1202 1204 1
1123 1124 2
567 568 2
964 966 2
142 143 2
662 663 2
409 412 2
484 485 2
530 532 2
1920 1921 2
1820 1821 2
1897 1899 2
1433 1436 2
1806 1809 1
903 905 1
708 709 2
1016 1018 2
1365 1367 1
1086 1088 2
247 248 2
816 819 2
716 717 2
1611 1613 2
477 479 2
1175 1178 2
1282 1283 1
569 572 2
147 149 2
281 282 2
854 855 2
176 177 2
851 853 2
1081 1084 2
950 951 2
1555 1558 2
848 849 2
68 69 2
802 803 1
438 439 2
365 366 2
232 234 1
971 973 2
876 878 2
761 762 2
1342 1344 2
1382 1385 2
1571 1574 2
1090 1093 1
410 412 2
355 357 2
1071 1072 2
373 375 1
1174 1177 2
1230 1231 2
112 115 1
300 302 2
863 865 2
960 962 1
1850 1851 2
1120 1122 1
314 317 2
610 612 1
1430 1433 2
72 75 2
1950 1953 2
1195 1197 2
719 721 2
690 693 2
207 209 2
1013 1014 2
1516 1519 1
1651 1653 1
1469 1472 2
1737 1739 2
560 561 2
658 659 1
1034 1037 2
1490 1492 2
1609 1610 2
128 131 2
989 990 2
407 410 2
109 111 2
333 335 2
1768 1769 2
1909 1911 2
1724 1725 2
379 382 2
1403 1406 2
1913 1914 2
1474 1477 2
1551 1552 1
1231 1232 2
1396 1397 2
1132 1134 2
1952 1953 2
84 86 2
841 842 2
1712 1715 2
1280 1281 2
151 153 2
1076 1078 2
147 148 2
434 436 2
1348 1349 2
1705 1706 2
1653 1656 2
277 280 2
383 385 2
756 757 2
1099 1102 2
492 495 2
1949 1950 2
340 341 1
1554 1556 2
1560 1561 2
979 982 1
1366 1369 1
976 978 2
1269 1272 2
1279 1281 2
253 255 2
310 313 2
285 288 2
658 661 1
1934 1937 2
1037 1040 2
521 522 2
1049 1052 2
135 138 1
258 261 2
1953 1954 2
131 133 2
17 19 2
1620 1621 2
858 859 2
1383 1386 2
811 813 2
377 380 2
1688 1691 1
119 120 2
900 902 1
561 562 2
1781 1783 1
234 236 2
992 995 2
244 247 2
31 33 1
960 963 1
1649 1650 2
1209 1210 2
1569 1572 2
593 596 2
1226 1227 2
1513 1515 2
9 12 2
627 630 2
746 748 2
1670 1671 2
787 788 2
232 234 1
632 634 2
1617 1618 2
1210 1212 2
561 564 2
108 110 2
863 866 1
1258 1259 2
585 586 2
111 112 2
1409 1412 2
703 704 2
534 537 1
969 970 2
1647 1648 2
242 244 2
1876 1877 2
1541 1544 2
652 655 1
1760 1762 2
535 536 2
716 719 2
467 470 2
243 245 2
573 576 1
1866 1869 2
151 152 2
1837 1839 2
23 25 2
1021 1024 2
1627 1628 2
1688 1690 1
471 473 2
124 126 1
1243 1245 2
1212 1215 2
1585 1587 2
1930 1933 2
1489 1491 2
1960 1963 2
1420 1422 2
1541 1542 2
691 694 2
613 615 2
492 493 2
1073 1076 2
1367 1370 2
236 238 2
1489 1490 2
400 403 2
298 301 2
845 846 2
1627 1628 2
1197 1200 2
1251 1254 2
1442 1443 2
1230 1231 2
1517 1520 2
644 646 2
1246 1247 2
1029 1031 2
951 953 2
708 711 1
1873 1874 2
1637 1640 2
47 48 2
1361 1363 2
1024 1026 2
158 160 2
547 550 2
1364 1365 2
1829 1830 2
988 989 2
143 144 2
1853 1856 2
1474 1475 2
729 732 1
300 301 2
934 937 2
1561 1562 2
1108 1111 1
1017 1020 2
269 270 2
226 227 2
264 267 2
1003 1004 2
1753 1755 2
947 948 2
1533 1535 2
451 452 2
1433 1435 2
42 43 2
43 45 2
835 837 2
1073 1074 2
1700 1703 2
881 883 2
375 377 2
945 947 2
854 857 2
1243 1244 2
677 679 2
943 946 2
65 66 2
867 869 2
596 598 2
577 580 2
471 474 2
178 181 2
1887 1888 2
1913 1916 2
1105 1108 1
1631 1634 2
1735 1737 2
1298 1299 2
1019 1022 2
536 537 2
1315 1317 2
1642 1644 2
440 442 2
479 482 2
456 459 2
753 754 2
510 513 2
1460 1461 2
129 130 2
1102 1104 2
795 797 2
1536 1537 2
1044 1047 2
1369 1372 2
933 934 2
104 105 2
845 847 2
952 953 2
395 397 2
130 131 2
1786 1787 2
1914 1916 2
1439 1440 2
1730 1733 2
178 181 2
1800 1803 2
1939 1942 2
1572 1573 2
861 863 2
1269 1270 2
1197 1199 2
513 514 2
298 301 2
1539 1541 2
1747 1749 2
1717 1718 2
919 921 2
1897 1900 2
1011 1014 2
1589 1592 2
1888 1891 1
625 627 2
936 937 2
1802 1805 2
901 902 1
1687 1690 1
1920 1922 2
1384 1387 2
619 621 2
1613 1616 2
1147 1150 2
1609 1611 2
559 561 2
1726 1727 2
459 460 2
1754 1757 2
525 528 2
985 986 2
244 247 2
1266 1267 2
1319 1321 2
104 107 2
1622 1623 2
1338 1341 2
115 116 2
1911 1912 2
525 527 2
1851 1852 2
387 390 2
312 315 2
942 943 2
1462 1463 2
938 940 2
1709 1711 2
619 621 2
651 652 2
83 84 2
1346 1349 2
884 885 2
425 426 2
1468 1471 2
1299 1302 2
481 482 2
9 12 2
862 863 2
1015 1018 2
359 362 1
702 704 2
1371 1374 2
1302 1304 2
1258 1260 2
686 687 2
965 966 2
258 260 2
1822 1823 2
23 25 2
1647 1650 2
1538 1541 2
1072 1073 2
1865 1867 2
1537 1538 2
1613 1616 2
1225 1228 2
1530 1532 2
1105 1106 2
1053 1055 2
946 948 2
1317 1320 2
1946 1947 2
392 393 1
549 552 2
1351 1354 2
1247 1249 2
657 660 1
1149 1151 2
940 941 2
796 798 2
145 146 2
1166 1169 2
1481 1482 1
1343 1346 2
177 180 2
1296 1297 2
651 652 2
150 151 2
801 804 1
1057 1060 2
1424 1425 2
664 666 1
1369 1370 2
1225 1228 2
441 444 2
1896 1899 2
1811 1812 1
432 435 2
1725 1727 2
435 436 2
1613 1616 2
1131 1132 2
454 455 2
695 698 2
1205 1207 2
353 355 1
1344 1346 2
1912 1914 2
297 299 2
991 992 2
200 202 2
766 768 2
441 442 2
1844 1845 2
1438 1441 2
15 16 1
25 26 2
759 761 1
1635 1637 2
919 921 2
825 826 2
985 987 2
302 304 2
1231 1232 2
14 17 1
285 288 2
413 415 2
1761 1762 2
423 424 1
210 213 2
1044 1045 2
1545 1547 2
105 107 2
1434 1437 2
447 450 1
17 18 2
1811 1813 1
757 759 2
1880 1882 2
1067 1069 2
1961 1962 2
658 661 1
1818 1820 2
1353 1354 2
1319 1322 2
1561 1563 2
1493 1494 2
88 90 2
1385 1386 2
879 881 2
105 108 2
1811 1812 1
436 439 2
1859 1860 2
163 165 2
1090 1091 2
543 544 2
571 573 2
1088 1089 2
1802 1803 2
1334 1337 1
388 391 1
577 578 2
1775 1777 2
1533 1534 2
1666 1668 2
1583 1586 2
1682 1684 2
571 572 2
1216 1217 2
1783 1786 2
669 671 1
1314 1315 2
988 991 2
282 284 1
633 634 2
882 885 2
452 454 2
1073 1074 2
1271 1273 2
1523 1524 2
21 23 2
33 34 2
1943 1945 2
1197 1199 2
218 219 2
192 193 2
111 112 2
1080 1081 2
671 672 1
1790 1792 2
184 187 2
1340 1341 2
1473 1475 2
137 140 1
563 564 2
1805 1806 2
1154 1155 2
1561 1562 2
1584 1587 2
296 299 2
1536 1537 2
1623 1626 2
1495 1498 2
1860 1863 2
1891 1894 1
1526 1529 1
911 914 2
1956 1958 2
1864 1867 2
398 400 2
1507 1508 2
342 343 2
1275 1276 1
457 460 2
702 703 2
249 252 2
1815 1817 2
1346 1348 2
428 431 2
606 609 2
1888 1890 2
1044 1045 2
958 960 2
1802 1803 2
758 759 2
304 305 2
428 430 2
1285 1288 2
150 153 2
405 407 1
937 940 2
164 167 2
821 823 2
1702 1703 2
1049 1051 2
876 879 2
682 684 2
250 251 2
1130 1131 2
1832 1834 2
340 343 1
304 305 2
1619 1620 2
1926 1927 2
1832 1833 2
73 75 2
898 901 2
1550 1553 1
657 659 1
174 177 2
195 196 1
369 371 2
469 472 2
1121 1122 1
392 394 1
162 163 2
1646 1649 2
49 52 2
1537 1538 2
156 157 2
820 822 2
996 998 2
1352 1353 2
832 835 2
1771 1772 2
1498 1499 2
829 830 2
371 372 2
1776 1779 2
1897 1898 2
659 660 2
1256 1259 2
574 577 1
1590 1593 2
1638 1639 2
1790 1793 2
1565 1567 2
1503 1505 2
1550 1553 1
1168 1171 2
762 764 2
1788 1791 1
530 532 2
856 858 2
985 986 2
300 302 2
258 261 2
605 606 2
960 963 1
1696 1698 2
1759 1761 2
1199 1202 2
1792 1794 2
1198 1200 2
1301 1303 2
1247 1250 2
782 784 1
617 618 2
1277 1279 2
1853 1855 2
321 324 2
940 942 2
525 527 2
1060 1063 2
456 457 2
1887 1888 2
562 563 2
1185 1186 2
1290 1291 2
1196 1197 2
69 70 2
1475 1476 2
91 92 2
876 877 2
291 292 2
230 233 1
1641 1644 2
388 389 2
1056 1059 2
654 656 1
1214 1215 2
1706 1708 2
51 52 2
227 228 2
85 88 2
1256 1257 2
1934 1936 2
832 833 2
1107 1110 1
1188 1191 2
173 175 2
620 621 2
712 713 2
1902 1905 2
319 320 2
328 330 2
1238 1240 2
1883 1884 2
1480 1483 1
1246 1248 2
486 489 1
496 498 2
1732 1734 2
1320 1321 2
1521 1523 2
1602 1605 1
86 89 2
160 161 2
801 802 2
1960 1963 2
571 572 2
859 862 2
820 823 2
539 540 2
1382 1383 2
1599 1600 2
421 423 1
863 866 1
674 677 2
1168 1169 2
1928 1929 2
371 373 1
1120 1123 1
1188 1190 2
561 564 2
465 466 2
1904 1907 2
1347 1348 2
1219 1220 2
567 568 2
571 573 2
503 505 2
500 502 2
1221 1224 2
1415 1418 1
1689 1691 2
1525 1526 2
1917 1919 2
1299 1300 2
984 985 2
1009 1011 2
1800 1802 2
222 225 2
1509 1511 1
282 284 1
1510 1511 2
1854 1857 2
437 439 2
1611 1612 2
1913 1914 2
1346 1348 2
901 903 1
1533 1534 2
1332 1334 2
456 458 2
1548 1549 2
53 55 2
36 37 2
1669 1671 1
1633 1634 2
1759 1762 2
1025 1027 1
181 183 2
1290 1292 2
375 377 2
975 976 2
1362 1364 2
973 975 2
706 707 2
464 465 2
291 294 2
584 585 2
917 920 2
718 720 2
990 993 2
1460 1461 2
1790 1791 2
742 744 2
248 251 2
996 999 2
1148 1151 2
1774 1777 2
622 624 2
1530 1533 2
1567 1568 2
1947 1950 2
799 800 2
546 548 2
963 966 2
39 42 1
947 949 2
188 191 1
537 540 2
1107 1108 1
123 126 1
1653 1656 2
1017 1019 2
1564 1565 1
138 140 1
1197 1198 2
367 369 2
1375 1378 2
1940 1942 2
878 881 2
300 303 2
1118 1121 1
1144 1145 2
1718 1720 2
1309 1312 2
1456 1459 2
1067 1070 2
221 223 2
514 516 2
1738 1739 2
628 630 2
1194 1197 2
1032 1035 2
896 898 2
1710 1712 2
639 642 2
706 709 2
291 293 2
714 716 2
533 536 1
1869 1871 2
1189 1190 2
1492 1495 2
881 883 2
430 433 2
1345 1346 2
1957 1960 2
832 835 2
1190 1193 2
1745 1746 2
1467 1470 2
682 685 2
1961 1962 2
1339 1342 2
140 141 2
341 344 1
380 382 2
1224 1226 2
1614 1616 2
879 880 2
1239 1240 2
292 295 2
1179 1180 2
1658 1660 2
226 229 2
465 468 2
1794 1795 2
474 476 2
281 284 1
1635 1637 2
1203 1204 1
1527 1529 1
1467 1470 2
595 597 2
87 89 2
24 25 2
360 362 1
1589 1590 2
69 71 1
1595 1598 1
1005 1007 1
1508 1511 1
1629 1631 1
388 391 1
1764 1767 2
294 295 2
233 236 1
1740 1741 2
1498 1499 2
1183 1185 1
1339 1341 2
1454 1456 2
1902 1905 2
1665 1666 2
1462 1465 2
1656 1659 2
221 223 2
13 15 2
1785 1786 2
616 618 2
744 746 2
1893 1896 2
1035 1038 2
629 630 2
1492 1493 2
1771 1773 2
1164 1167 2
551 553 1
641 642 2
1258 1260 2
1268 1271 2
688 690 2
1887 1890 2
654 655 1
1809 1810 2
1554 1557 2
546 547 2
907 909 1
1474 1476 2
39 42 1
1284 1287 2
117 119 2
649 651 2
573 575 1
113 116 1
550 552 2
775 777 2
709 712 1
1815 1818 2
781 783 1
1292 1294 2
926 928 2
1143 1145 2
1020 1021 2
1744 1746 2
533 534 1
1545 1547 2
200 202 2
357 359 2
695 696 2
972 974 2
1084 1086 2
854 856 2
