1572 1805
786 787 2
867 870 1
713 715 2
595 598 2
121 123 2
538 539 2
1317 1320 2
354 355 2
189 191 2
216 217 1
880 882 2
401 402 2
824 827 2
1257 1260 2
769 771 1
156 159 2
547 550 2
616 618 2
14 16 2
1066 1068 2
800 801 1
1554 1557 2
66 68 2
202 204 2
1393 1396 2
1304 1307 2
272 273 2
1207 1208 2
618 620 2
315 318 2
1209 1212 2
1149 1152 2
426 428 2
79 80 2
149 152 2
874 877 2
442 444 2
953 956 2
690 693 1
1241 1242 2
1440 1443 2
502 505 2
215 217 1
517 518 2
600 603 2
926 929 2
242 245 2
450 451 2
250 253 2
670 673 2
102 103 2
1443 1445 2
170 173 1
965 968 1
897 900 2
1378 1379 2
82 83 2
1275 1278 1
187 189 2
1498 1499 2
195 196 2
792 795 1
1212 1214 2
560 562 2
1224 1227 2
438 440 2
729 731 2
1001 1002 2
829 831 1
926 928 2
1311 1314 2
885 886 2
1392 1394 2
1179 1181 1
614 615 2
1427 1428 2
671 672 2
587 590 1
875 876 2
1238 1239 1
871 872 2
223 225 2
1154 1155 2
1457 1460 2
742 743 2
1366 1368 2
1048 1049 2
1015 1017 2
734 736 2
406 408 1
1346 1348 1
1403 1404 2
155 156 2
1357 1358 2
1363 1366 2
500 503 2
640 643 2
1488 1491 2
1133 1134 2
1570 1571 2
442 443 2
1327 1330 2
1196 1197 2
1135 1137 2
1559 1560 2
1443 1444 2
1213 1215 1
1434 1435 2
1119 1121 2
1274 1276 2
400 403 2
1551 1553 2
70 72 2
1142 1145 2
126 129 2
684 686 2
268 271 2
22 23 2
680 681 1
445 446 2
1403 1406 1
963 964 2
1265 1268 1
176 177 2
749 752 2
1468 1470 2
1355 1356 2
214 216 1
422 424 2
1266 1269 1
421 424 2
587 589 1
389 390 2
835 838 2
1114 1117 1
501 503 2
1392 1394 2
778 780 2
228 231 1
850 852 2
862 863 2
1361 1362 2
1542 1545 1
941 944 2
840 842 2
1221 1222 2
650 651 2
1412 1413 2
1356 1359 2
1190 1192 2
187 189 2
944 946 2
287 290 2
792 795 1
1420 1423 2
947 950 2
1152 1155 2
1526 1529 2
1538 1539 2
884 887 1
403 404 2
362 365 2
417 419 2
1522 1523 2
506 509 2
1178 1181 1
691 692 1
833 836 2
1078 1079 2
1560 1562 2
852 854 2
375 376 2
971 974 2
787 790 2
203 206 2
888 890 2
147 148 2
863 866 2
463 465 2
129 132 2
699 700 2
537 538 1
563 565 2
936 939 1
453 456 2
252 255 2
587 589 1
1170 1171 2
1266 1268 1
8 11 2
910 913 2
291 293 2
53 55 2
662 664 2
1334 1336 2
754 757 2
1070 1072 2
1321 1324 2
657 658 2
1050 1052 2
723 726 2
958 959 2
1327 1328 2
549 550 2
578 580 2
1332 1334 2
709 711 2
592 595 2
1033 1036 2
1069 1071 2
339 340 2
492 495 2
207 208 2
903 904 2
1282 1285 2
670 673 2
1469 1472 2
315 318 2
175 177 2
1451 1454 2
614 616 2
732 733 2
909 912 2
744 745 2
742 744 2
944 946 2
410 411 2
163 165 2
519 521 2
154 155 2
1547 1550 2
1300 1303 2
626 629 2
422 423 2
1446 1447 2
704 706 2
416 417 2
647 650 2
953 954 2
680 681 1
89 92 1
1100 1101 2
295 297 2
730 731 2
751 752 2
494 496 2
20 23 2
1247 1250 2
1017 1018 2
850 853 2
1341 1344 2
317 319 2
1540 1541 1
33 36 1
1218 1219 2
428 429 2
1338 1341 2
315 318 2
1469 1470 2
543 544 2
319 322 2
229 232 1
1127 1129 2
636 639 1
1278 1280 2
314 317 2
989 992 2
1126 1127 2
232 234 2
49 50 2
163 164 2
1570 1571 2
1044 1045 2
1368 1369 2
700 702 2
1239 1241 1
728 731 2
594 595 2
968 970 2
820 823 1
926 928 2
1014 1017 2
1272 1274 2
1417 1420 2
959 962 2
205 206 2
1545 1547 2
9 11 2
295 297 2
524 525 2
100 103 1
1257 1260 2
1262 1264 2
1359 1360 2
1511 1512 2
627 629 2
693 694 2
1042 1043 2
1518 1521 2
1376 1377 1
942 943 2
927 930 2
231 234 2
494 496 2
147 149 2
1465 1467 1
490 491 2
978 980 2
1367 1369 2
698 701 2
1340 1343 2
66 69 2
138 139 2
1114 1117 1
900 903 2
1567 1570 2
485 487 2
1189 1192 2
241 242 2
612 613 2
1188 1189 2
405 408 1
253 256 2
573 575 2
889 891 2
1557 1558 2
120 121 2
56 59 2
815 818 2
854 855 2
629 632 2
511 514 2
1356 1359 2
161 162 2
1227 1228 2
280 281 2
1549 1552 2
938 939 1
381 383 2
1167 1168 1
393 396 2
503 504 2
1350 1352 2
347 350 2
746 748 2
318 320 2
837 840 2
216 218 1
390 392 2
46 49 2
494 497 2
1053 1055 2
451 452 2
230 231 2
1014 1017 2
983 986 2
1023 1025 2
263 264 2
583 586 2
984 986 2
1400 1401 2
1126 1127 2
573 576 2
1109 1111 2
212 214 2
1439 1441 1
97 99 1
636 639 1
278 279 2
311 312 2
197 199 1
1518 1519 2
463 466 2
787 790 2
1081 1082 2
829 830 1
1317 1318 2
258 261 2
424 425 2
578 579 2
1030 1032 2
1518 1521 2
676 678 2
848 851 2
697 698 2
515 517 2
649 650 2
67 69 2
196 198 1
1406 1407 1
50 52 2
1166 1168 1
1316 1317 2
6 8 2
26 27 2
1005 1008 2
144 146 2
1230 1232 1
452 455 2
1386 1389 2
58 59 2
416 418 2
290 291 2
911 913 2
1515 1518 2
1559 1561 2
1393 1396 2
522 524 2
762 765 2
1502 1503 1
1231 1232 1
507 510 2
1226 1228 2
1171 1172 2
960 962 2
1442 1444 2
575 576 2
888 889 2
1013 1014 2
1022 1023 2
1284 1286 2
1248 1250 2
299 302 1
394 395 2
1119 1120 2
282 284 2
1556 1558 2
274 277 2
1359 1360 2
1348 1349 2
232 233 2
175 178 2
1533 1534 2
342 344 2
33 34 2
399 400 2
115 117 2
1216 1218 2
327 330 2
1061 1062 2
479 480 2
11 14 2
292 293 2
550 552 2
540 542 2
1035 1036 2
288 289 2
701 703 2
1419 1420 2
801 803 2
206 208 2
1022 1023 2
524 527 2
891 893 1
581 582 2
1248 1250 2
898 900 2
287 290 2
43 46 2
170 172 1
1057 1060 2
1363 1366 2
417 419 2
673 675 2
223 224 2
1335 1337 2
1036 1039 2
964 967 1
466 468 2
373 375 2
949 952 2
1538 1540 2
899 902 2
1527 1530 2
889 892 2
907 910 2
634 635 1
64 67 2
450 452 2
663 664 2
459 462 2
1343 1344 2
1160 1161 2
1125 1127 2
518 521 2
1378 1380 2
236 239 1
1116 1118 2
275 276 2
1135 1137 2
123 124 2
1213 1216 1
262 263 2
14 17 2
31 32 2
598 601 2
500 501 2
1009 1012 2
1529 1532 1
412 414 2
548 549 2
825 827 2
500 502 2
1405 1406 1
1114 1115 1
116 119 2
1244 1247 1
258 259 2
227 228 2
517 519 2
504 505 2
1454 1457 2
410 413 2
1405 1406 1
891 893 1
373 376 2
1371 1374 2
1448 1449 2
32 35 2
606 609 2
1516 1517 2
1348 1350 2
893 895 1
9 12 2
295 296 2
765 766 2
338 340 2
916 917 2
1197 1200 2
158 159 2
918 919 2
1129 1131 2
989 992 2
1322 1324 2
729 731 2
1446 1448 2
745 748 2
1012 1014 2
1216 1217 2
1152 1154 2
995 996 2
986 989 2
1028 1031 2
180 183 2
1308 1309 2
922 923 2
915 916 2
756 758 2
520 521 2
335 336 2
633 635 1
454 455 2
352 355 2
1 4 1
575 578 2
895 897 2
398 401 2
48 51 2
1535 1536 2
381 383 2
292 295 2
1540 1541 1
1057 1058 2
1317 1319 2
61 63 2
1440 1441 2
435 438 2
194 195 2
1306 1309 2
561 562 2
221 224 2
1199 1201 2
762 764 2
611 614 2
1513 1515 2
1536 1537 2
1245 1246 1
1132 1134 2
1389 1390 2
713 716 2
240 243 2
803 805 2
1023 1025 2
1105 1107 2
263 266 2
978 980 2
1491 1494 2
1152 1153 2
301 302 1
1275 1276 2
568 570 2
164 166 2
787 788 2
342 343 2
401 403 2
1351 1352 2
780 783 2
697 698 2
490 493 2
959 962 2
390 391 2
206 209 2
1336 1337 2
1381 1383 1
1568 1569 2
164 165 2
68 70 2
2 4 2
1005 1006 2
1322 1324 2
319 322 2
720 723 2
507 509 2
1510 1512 2
662 664 2
1017 1019 2
361 362 2
1347 1349 2
1520 1523 2
470 471 2
330 333 2
910 912 2
151 154 2
189 190 2
1469 1471 2
1252 1255 2
190 193 2
1500 1501 2
959 960 2
1462 1463 2
98 100 2
619 620 2
750 751 2
347 348 2
407 408 1
212 213 2
317 319 2
1350 1353 2
475 477 2
490 493 2
257 259 2
1288 1289 2
1255 1257 2
1285 1286 2
873 875 2
1081 1082 2
883 884 1
1136 1137 2
810 812 2
156 159 2
1242 1243 2
1347 1350 2
715 718 2
338 340 2
1263 1266 2
453 456 2
958 960 2
1242 1244 1
1152 1154 2
1026 1029 2
933 934 2
380 382 2
1215 1216 1
761 763 2
1133 1134 2
813 816 2
192 193 2
1450 1453 2
1305 1307 2
1399 1400 2
1435 1438 2
1509 1511 2
15 17 2
1375 1378 1
920 923 1
901 904 2
1386 1388 2
845 847 2
557 559 2
1025 1026 2
742 743 2
1557 1560 2
745 748 2
1402 1404 1
699 701 2
1537 1538 2
988 989 2
242 245 2
1278 1279 2
577 580 2
1224 1227 2
22 23 2
873 876 2
505 507 2
1521 1524 2
1385 1388 2
1195 1197 2
830 833 1
409 410 2
1370 1373 2
1237 1239 1
61 64 2
337 338 2
1061 1064 2
1037 1038 2
69 70 2
273 274 2
1270 1272 2
294 295 2
68 69 2
435 436 2
420 421 2
1162 1164 2
967 968 2
1393 1395 2
287 289 2
1530 1533 1
717 719 2
138 141 2
858 860 2
1497 1499 2
1115 1116 2
712 714 2
1457 1458 2
429 430 1
219 220 2
956 959 2
47 48 2
424 427 2
815 817 2
1476 1477 2
616 619 2
351 352 2
626 627 2
1131 1132 2
76 77 2
166 167 2
876 878 2
1296 1299 2
1546 1549 2
682 683 2
500 502 2
219 221 2
253 255 2
232 234 2
1392 1395 2
1318 1320 2
1238 1240 1
716 717 2
653 656 1
917 920 2
343 345 2
1471 1473 2
602 603 2
1018 1021 2
1029 1031 2
608 610 2
817 819 2
1181 1183 1
1107 1110 2
880 883 2
1373 1376 2
1076 1077 2
712 713 2
989 991 2
1456 1458 2
615 617 2
616 618 2
702 704 2
1478 1481 2
241 243 2
1011 1012 2
540 541 2
1348 1349 2
1468 1469 2
1260 1262 2
1526 1529 2
166 168 2
505 507 2
1263 1266 2
302 304 2
1377 1378 1
169 170 2
695 696 2
801 804 2
201 202 2
137 139 2
824 825 2
818 819 2
1111 1113 2
534 536 2
525 527 2
831 833 2
1395 1398 2
437 440 2
1563 1565 2
854 856 2
1122 1125 2
448 451 2
879 881 2
717 720 2
441 442 2
1106 1109 2
579 582 2
1150 1153 2
504 507 2
1383 1384 2
518 520 2
907 908 2
1556 1559 2
1168 1171 2
383 386 2
122 125 2
1341 1343 2
1391 1392 2
21 22 2
829 832 1
955 957 2
1040 1042 2
881 884 1
979 981 1
1305 1308 2
357 360 1
398 400 2
1209 1211 2
749 752 2
647 650 2
107 109 2
1182 1183 2
680 681 1
294 297 2
664 665 2
1251 1254 2
292 293 2
32 35 2
157 159 2
1239 1240 1
1556 1559 2
602 605 2
25 28 1
1183 1185 2
126 128 2
121 122 2
248 249 2
794 795 1
853 855 2
717 718 2
777 780 2
1401 1404 1
550 551 2
665 666 2
928 929 2
1108 1109 2
139 140 2
1349 1351 2
1412 1415 2
247 249 1
951 954 2
954 955 2
1426 1427 2
633 634 1
39 40 1
1037 1039 2
1287 1289 2
316 317 2
275 277 2
548 549 2
1545 1547 2
131 132 2
1381 1382 1
1102 1105 2
1471 1474 2
1562 1564 2
236 237 2
1099 1101 2
608 610 2
313 316 2
725 727 2
1109 1111 2
1327 1328 2
688 690 2
517 520 2
864 867 2
385 388 1
855 858 2
1337 1339 2
230 233 2
721 724 2
1275 1276 2
193 196 2
371 372 2
646 649 2
488 490 2
29 30 1
409 410 2
1048 1050 2
921 923 1
1206 1207 2
504 505 2
488 489 2
1110 1113 2
925 928 2
876 878 2
922 923 2
1556 1557 2
30 32 2
266 268 2
497 498 2
1158 1159 2
738 741 2
1254 1256 2
7 8 2
1234 1236 2
1253 1254 2
735 738 2
1040 1043 2
1294 1297 2
1492 1493 2
76 78 2
1060 1063 2
903 906 2
1275 1278 1
832 834 2
1337 1338 2
281 283 2
492 493 2
779 782 2
4 6 2
528 529 2
397 400 2
494 496 2
744 746 2
592 594 2
90 91 1
1003 1005 2
256 259 2
785 787 2
76 77 2
686 689 1
1193 1195 2
35 38 1
486 489 2
548 550 2
690 693 1
1323 1326 2
420 422 2
1091 1092 2
1394 1395 2
684 686 2
1426 1428 2
1263 1266 2
188 191 2
158 160 2
545 548 1
799 800 1
1158 1161 2
113 116 2
630 632 2
261 264 2
805 807 2
1255 1256 2
629 632 2
361 364 2
1282 1285 2
749 750 2
1194 1197 2
158 159 2
1220 1223 1
1538 1540 2
130 132 2
1287 1288 2
1035 1036 2
419 422 2
375 377 2
126 128 2
395 398 2
1059 1062 2
905 906 2
1477 1478 2
1172 1173 2
997 999 2
628 629 2
211 214 2
696 697 2
748 749 2
958 961 2
1393 1396 2
1545 1546 2
813 814 2
653 655 1
1069 1071 2
301 304 1
956 958 2
357 359 1
1063 1066 2
854 856 2
171 173 1
343 344 2
626 629 2
513 515 2
1345 1346 1
1177 1178 2
1411 1412 2
491 493 2
856 858 2
199 202 2
1 4 1
47 49 2
415 416 2
799 801 1
1343 1344 2
476 477 2
768 770 2
1445 1447 2
733 735 2
1253 1256 2
162 163 2
771 774 1
662 664 2
672 673 2
356 359 1
370 373 2
1046 1048 2
773 776 2
368 369 2
1026 1029 2
606 608 2
241 244 2
8 10 2
1533 1534 2
707 709 1
988 989 2
432 435 2
1545 1546 2
1486 1489 2
1509 1511 2
1309 1310 2
273 276 2
734 736 2
1041 1044 2
1387 1390 2
1271 1274 2
567 568 2
1096 1097 2
583 586 2
1388 1390 2
516 517 2
285 288 2
537 538 1
829 830 1
338 339 2
254 255 2
351 352 2
980 981 1
194 196 2
693 695 2
1340 1341 2
989 990 2
1058 1061 2
88 89 2
997 998 2
177 178 2
905 906 2
98 100 2
302 304 2
989 990 2
554 557 2
970 971 2
474 476 2
299 302 1
1184 1186 2
1339 1340 2
1130 1131 2
464 467 2
453 454 2
1022 1023 2
1042 1043 2
1160 1162 2
673 674 2
881 882 2
1516 1519 2
372 375 2
799 800 1
191 192 2
1194 1196 2
315 318 2
272 274 2
101 103 1
771 774 1
968 969 2
77 80 2
314 315 2
1002 1005 2
137 140 2
629 632 2
347 348 2
573 576 2
243 246 2
464 466 2
1547 1550 2
839 842 2
1087 1088 2
917 918 2
767 769 2
366 367 2
478 479 2
621 624 2
11 13 2
673 676 2
484 487 2
1437 1440 1
279 281 2
539 540 2
1049 1050 2
1163 1165 2
847 849 2
925 927 2
31 32 2
568 570 2
519 520 2
803 804 2
577 579 2
927 928 2
302 305 2
27 30 1
1558 1560 2
1076 1077 2
1435 1437 2
460 463 2
206 209 2
1217 1220 1
43 45 2
1416 1417 2
695 696 2
821 822 1
795 796 1
810 813 2
201 203 2
211 213 2
1096 1097 2
409 411 2
654 657 1
375 376 2
1217 1220 1
46 48 2
1086 1087 2
824 825 2
1558 1561 2
445 447 2
464 465 2
1170 1171 2
776 778 2
696 699 2
1370 1372 2
670 671 2
779 782 2
341 342 2
1005 1008 2
1037 1038 2
590 593 2
916 918 2
454 455 2
1300 1302 2
1185 1188 2
1378 1380 2
633 635 1
1310 1312 2
798 800 1
935 938 2
245 246 2
559 561 2
1335 1337 2
500 503 2
1489 1490 2
1566 1567 2
474 477 2
461 464 2
797 798 2
960 963 2
640 641 2
824 826 2
130 131 2
363 366 2
669 672 2
784 787 2
1089 1091 1
1043 1046 2
782 784 2
1354 1356 2
588 590 1
952 954 2
288 290 2
663 665 2
1135 1138 2
1497 1498 2
1051 1054 2
47 49 2
1376 1377 1
777 780 2
776 779 2
687 689 1
1094 1096 1
714 716 2
990 992 2
508 511 2
970 972 2
1472 1473 2
1245 1248 1
165 167 2
120 122 2
410 411 2
1130 1131 2
492 493 2
214 215 2
869 872 2
96 98 1
76 78 2
29 30 1
791 792 1
1288 1290 1
1548 1549 2
21 23 2
1232 1234 1
1298 1299 2
1250 1253 2
1221 1222 2
280 282 2
1456 1459 2
1509 1510 2
132 134 2
655 657 2
1309 1312 2
939 942 1
1181 1184 1
310 313 2
760 762 2
1503 1505 2
227 230 1
1424 1425 2
636 638 1
80 83 2
357 360 1
466 469 2
815 816 2
203 204 2
1123 1124 2
706 709 1
955 956 2
409 411 2
1398 1399 2
48 49 2
1241 1243 2
638 640 2
827 829 2
628 631 2
1194 1196 2
142 144 1
1060 1063 2
589 591 1
269 272 2
651 653 2
1481 1484 2
118 120 2
214 215 2
576 578 2
1092 1093 2
377 379 2
1325 1328 2
1571 1572 2
234 235 2
1526 1527 2
1087 1088 2
648 651 2
1167 1168 1
184 186 2
1290 1292 1
1199 1200 2
116 119 2
852 855 2
185 186 2
269 271 2
968 970 2
1512 1513 2
546 548 1
472 474 2
194 197 1
661 663 2
982 985 2
286 287 2
773 776 2
708 711 2
484 486 2
177 179 1
1220 1222 1
980 981 1
557 560 2
857 859 2
1449 1452 2
521 523 2
1185 1186 2
1327 1329 2
305 308 2
1199 1201 2
436 439 2
1523 1524 2
502 504 2
1372 1375 2
1309 1312 2
171 173 1
1383 1384 2
221 224 2
494 497 2
1526 1527 2
607 610 2
874 875 2
242 244 2
338 341 2
474 477 2
196 199 1
209 210 2
1089 1091 1
258 259 2
45 48 2
710 713 2
1167 1169 1
687 688 1
1020 1022 2
856 857 2
1106 1107 2
1451 1454 2
1108 1110 2
688 691 2
791 794 1
106 108 1
737 739 2
780 781 2
351 353 2
66 68 2
1359 1360 2
1375 1376 2
967 968 2
519 522 2
356 359 1
90 92 1
1135 1136 2
476 479 2
1538 1539 2
208 209 2
60 61 2
864 867 2
162 163 2
671 673 2
1445 1447 2
993 995 2
441 444 2
928 930 2
197 199 1
1444 1445 2
622 624 2
62 63 2
559 561 2
1242 1243 2
1045 1046 2
98 101 1
19 22 2
1096 1099 2
458 461 2
1080 1081 2
1267 1269 1
1131 1133 2
523 524 2
1180 1183 1
728 729 2
720 722 2
1029 1032 2
34 35 2
1128 1130 2
581 582 2
168 170 2
286 289 2
566 569 2
42 45 2
601 604 2
556 559 2
1137 1140 2
1037 1040 2
1115 1117 2
261 264 2
563 565 2
933 936 2
650 651 2
1390 1392 2
84 87 2
658 661 2
933 934 2
1480 1483 2
1236 1239 1
75 76 2
884 886 1
1098 1099 2
523 525 2
1110 1112 2
754 757 2
457 458 2
588 591 1
1351 1353 2
396 397 2
884 885 1
177 178 2
1436 1439 1
804 806 2
179 182 1
96 99 1
230 231 2
111 113 2
692 693 1
949 950 2
1374 1377 1
202 203 2
136 138 2
598 600 2
708 711 2
996 998 2
590 592 2
1541 1543 1
219 220 2
1050 1052 2
1021 1023 2
288 291 2
291 293 2
149 152 2
1300 1303 2
280 283 2
1029 1030 2
1403 1405 2
1356 1358 2
1048 1049 2
186 188 2
998 1000 2
793 795 1
1438 1440 1
268 269 2
210 211 2
347 349 2
1315 1316 2
966 968 1
579 582 2
863 865 2
1474 1475 2
1176 1179 2
508 510 2
343 344 2
692 695 1
348 350 2
257 260 2
1345 1346 1
1014 1017 2
878 881 2
1561 1563 2
1320 1323 2
329 332 2
412 413 2
268 269 2
329 332 2
1116 1117 2
1478 1481 2
686 687 1
443 444 2
329 331 2
303 304 2
309 312 2
1358 1360 2
1088 1090 1
937 938 2
1391 1392 2
939 940 1
974 975 1
1024 1027 2
1277 1278 1
714 717 2
1074 1076 2
743 744 2
180 182 2
1561 1562 2
503 504 2
313 316 2
767 770 2
1400 1403 1
548 551 2
65 67 2
1075 1077 2
1227 1230 2
1126 1128 2
1546 1547 2
1569 1570 2
937 938 2
1104 1107 2
447 449 2
471 474 2
1476 1479 2
142 145 1
1460 1463 2
1259 1261 2
478 480 2
765 768 2
943 944 2
1509 1512 2
1337 1339 2
396 397 2
647 648 2
685 686 2
635 636 1
39 42 1
483 486 2
690 692 1
419 421 2
658 659 2
863 865 2
964 966 1
1473 1476 2
33 36 1
1474 1476 2
990 992 2
37 38 2
1538 1540 2
1530 1533 1
136 138 2
1404 1407 1
297 299 2
1282 1284 2
18 20 2
1345 1346 1
1075 1077 2
531 534 2
1378 1380 2
725 728 2
227 229 1
686 689 1
890 891 2
11 14 2
59 62 2
891 894 1
987 988 2
872 874 2
231 233 2
965 967 1
1226 1229 2
939 942 1
161 163 2
1139 1142 2
275 277 2
617 618 2
59 62 2
1499 1502 1
716 717 2
1250 1253 2
35 38 1
1319 1320 2
1302 1305 2
494 496 2
1142 1144 2
1262 1265 2
195 196 2
1449 1451 2
304 307 2
1547 1550 2
4 5 2
403 405 2
501 503 2
934 935 2
941 942 2
603 605 2
814 817 2
548 551 2
635 637 1
636 638 1
868 870 1
895 897 2
157 159 2
1082 1083 2
1044 1046 2
595 598 2
1083 1084 1
989 991 2
1113 1116 1
366 367 2
1444 1446 2
1278 1280 2
112 115 2
276 279 2
1569 1571 2
1224 1227 2
623 626 2
1351 1353 2
535 536 2
1292 1294 2
1381 1383 1
208 211 2
1404 1406 1
1372 1373 2
711 713 2
880 882 2
378 381 2
179 180 1
242 245 2
31 34 2
1046 1049 2
983 986 2
1085 1087 2
491 494 2
1453 1454 2
477 479 2
855 856 2
1085 1087 2
446 448 2
1488 1489 2
315 316 2
174 176 2
738 740 2
90 91 1
6 7 2
23 26 2
734 737 2
1124 1127 2
1108 1111 2
870 873 2
1304 1307 2
1434 1436 2
1486 1487 2
818 819 2
486 489 2
1080 1083 2
633 636 1
894 896 2
1237 1240 1
574 577 2
389 392 2
838 841 2
935 938 2
1329 1331 2
1402 1403 1
1228 1230 2
980 981 1
535 538 1
654 657 1
632 635 1
144 146 2
702 703 2
1425 1427 2
103 104 2
54 55 2
692 694 1
1455 1457 2
695 698 2
502 504 2
500 503 2
1461 1462 2
1497 1498 2
1536 1537 2
427 429 2
987 989 2
565 568 2
1102 1104 2
988 991 2
863 865 2
14 17 2
554 557 2
840 841 2
1552 1555 2
1383 1385 2
1185 1188 2
954 957 2
1031 1032 2
1178 1179 2
1405 1407 1
1352 1354 2
846 849 2
911 913 2
207 210 2
1171 1174 2
978 981 1
1528 1531 2
342 345 2
760 763 2
676 677 2
284 287 2
1523 1526 2
658 661 2
630 631 2
898 901 2
284 286 2
781 783 2
26 29 1
413 415 2
714 716 2
857 860 2
1239 1242 1
493 495 2
481 483 2
356 357 2
1372 1375 2
1414 1415 2
62 63 2
1029 1030 2
849 850 2
1032 1035 2
1251 1252 2
341 343 2
584 585 2
1316 1319 2
1423 1424 2
1429 1430 2
213 214 2
721 722 2
59 62 2
946 948 2
890 891 2
360 362 2
596 598 2
75 78 2
671 674 2
294 295 2
1295 1296 2
1419 1421 2
963 965 2
645 647 2
804 805 2
43 46 2
1356 1357 2
655 658 2
758 759 2
1451 1452 2
1379 1381 1
293 296 2
713 715 2
314 316 2
265 268 2
1425 1427 2
1347 1350 2
797 799 2
1006 1008 2
852 855 2
1226 1227 2
840 842 2
153 155 2
95 98 1
722 723 2
216 219 1
818 820 2
1394 1395 2
1001 1002 2
617 619 2
962 964 2
1564 1566 2
214 216 1
992 995 2
1314 1315 2
1148 1151 1
1017 1020 2
834 835 2
759 761 2
886 889 2
1061 1064 2
79 82 2
707 708 1
546 549 1
940 942 2
940 942 2
690 691 2
1156 1157 1
537 538 1
517 519 2
1062 1064 2
925 926 2
36 38 1
870 871 2
875 877 2
820 822 1
213 215 2
374 377 2
1414 1415 2
1534 1535 2
741 743 2
514 517 2
1066 1067 2
24 26 2
1364 1366 2
806 807 2
274 277 2
917 918 2
1265 1267 2
1249 1250 2
156 157 2
508 509 2
1564 1567 2
227 228 2
732 734 2
841 843 2
250 253 2
765 767 2
737 738 2
1285 1286 2
1098 1100 2
461 462 2
886 889 2
