472 1467
415 422 1
156 174 1
174 191 1
65 71 1
451 462 1
33 37 10
34 42 5
391 409 1
406 412 1
104 112 1
344 352 1
309 322 1
386 388 9
386 388 9
91 110 1
338 342 15
62 75 1
260 273 1
372 381 1
346 350 1
371 390 1
291 299 2
109 121 1
323 336 5
401 413 1
101 115 1
171 179 15
253 271 1
158 163 1
427 440 1
23 35 1
267 280 1
427 440 1
108 116 9
27 38 1
177 180 16
89 95 5
299 302 3
305 312 1
75 89 1
272 284 1
92 108 1
458 462 1
306 315 1
23 31 1
214 233 1
65 80 1
285 292 1
462 470 1
439 453 1
369 376 1
92 100 1
182 190 1
102 110 1
385 392 9
366 384 1
451 461 1
159 160 2
350 364 1
267 268 10
331 340 5
169 178 3
336 341 15
186 194 1
404 424 1
380 383 1
218 236 1
252 264 1
87 102 1
382 393 1
186 202 1
129 148 1
397 410 1
338 350 1
444 456 1
404 419 1
265 282 1
152 167 1
445 459 1
15 34 1
394 407 1
69 84 1
38 46 1
188 196 1
405 418 1
278 295 1
45 52 1
62 74 1
263 275 1
113 133 1
417 421 15
302 318 1
34 47 1
109 129 1
303 323 1
226 238 1
340 360 1
83 99 1
270 276 1
415 430 1
431 440 3
462 470 1
135 147 1
5 18 1
381 393 1
118 128 5
104 122 1
140 145 1
398 414 1
31 46 1
285 302 1
362 375 1
38 53 1
418 431 1
99 109 1
34 49 1
229 247 1
332 347 1
302 313 1
182 200 1
342 357 1
188 203 1
355 366 1
311 330 1
132 142 2
29 45 5
52 61 1
317 319 1
36 49 1
298 315 1
24 42 1
90 106 1
221 227 5
264 275 1
223 231 5
343 361 1
81 95 1
270 284 1
346 351 1
211 227 1
23 32 1
170 188 1
86 101 1
180 192 1
389 402 1
446 462 1
98 110 1
194 198 3
137 150 1
317 324 1
236 251 1
85 100 1
297 301 5
446 465 1
388 407 1
361 380 1
76 92 1
156 166 1
387 405 1
467 472 1
17 32 1
340 352 1
393 409 1
355 360 1
339 346 1
314 333 1
108 117 9
101 109 1
391 402 1
67 81 1
78 91 1
111 118 1
81 94 1
117 136 5
1 13 1
190 195 3
402 417 1
152 169 1
241 255 1
142 162 1
77 93 1
212 219 1
269 286 1
116 133 1
432 444 3
32 36 10
270 272 12
302 311 1
9 17 1
348 360 1
195 210 1
120 138 1
148 168 1
389 394 1
151 164 1
270 290 1
339 354 1
310 314 1
312 327 1
310 330 1
311 321 1
359 379 1
195 210 1
166 168 11
1 4 1
441 445 7
402 414 1
389 405 1
121 136 5
152 157 1
134 138 2
109 118 1
6 18 1
210 214 1
340 346 1
321 322 7
331 344 1
66 76 1
425 435 1
125 129 5
202 205 3
106 112 1
306 313 1
445 448 4
98 103 5
79 88 1
270 286 1
157 176 1
208 219 1
430 442 3
82 85 12
85 99 1
354 363 1
279 293 1
104 120 1
146 160 1
148 151 2
391 401 1
414 425 1
51 55 1
440 446 1
90 104 1
375 378 1
240 254 1
378 397 1
375 385 1
50 69 1
154 172 1
450 458 3
311 331 1
209 229 1
211 227 1
178 196 1
408 421 1
181 183 6
426 441 1
438 445 1
407 422 1
34 47 1
76 84 1
362 381 1
180 196 1
403 423 1
152 172 1
297 310 1
75 87 1
287 303 1
403 408 1
331 349 1
399 412 1
380 399 1
159 168 1
7 13 2
304 319 1
124 143 1
22 25 1
409 421 1
239 249 1
426 444 1
100 114 1
407 423 1
372 378 1
453 459 3
79 96 1
382 387 1
447 451 9
7 25 1
163 183 1
391 409 1
70 78 3
213 221 1
129 147 1
395 413 1
179 186 2
221 227 5
319 335 1
184 198 1
257 260 1
296 315 1
303 316 1
291 300 1
86 97 1
397 413 1
77 81 1
255 265 1
126 128 5
388 393 9
175 190 1
305 310 1
100 110 1
416 429 1
334 346 1
299 301 15
342 355 1
122 130 5
111 122 1
68 71 1
202 212 1
194 212 1
246 259 1
2 16 1
352 370 1
222 242 1
193 203 1
241 260 1
336 351 1
60 69 2
197 212 1
125 145 1
87 96 1
256 268 1
15 29 1
362 375 1
394 403 1
27 46 1
178 183 2
356 364 1
440 455 1
417 431 1
220 233 1
127 130 15
453 458 3
319 326 1
252 267 1
312 331 1
226 245 1
451 463 1
161 179 1
408 422 1
32 44 5
350 357 1
207 211 1
276 283 1
273 276 1
102 107 1
25 45 1
45 55 1
331 345 1
146 152 2
465 471 1
344 363 1
356 364 1
231 251 1
379 381 6
184 189 5
69 75 3
415 419 5
127 135 5
348 360 1
42 62 1
372 390 1
405 425 1
267 268 10
12 27 1
325 328 5
159 163 1
174 185 2
230 249 1
50 53 1
300 313 1
215 227 1
39 55 1
270 274 1
62 65 8
251 262 1
102 104 5
279 295 1
279 293 1
309 320 1
413 417 2
137 147 1
372 379 1
94 96 3
50 64 1
64 67 4
422 440 1
144 164 1
392 400 1
52 66 1
342 350 1
313 319 1
242 251 1
164 176 1
241 251 1
243 255 1
329 349 1
238 251 1
372 385 1
419 439 1
251 268 1
309 320 1
453 472 1
282 296 1
62 74 1
281 301 1
92 96 3
32 51 1
275 285 1
204 213 1
120 138 1
410 418 1
291 307 1
106 111 1
377 381 3
303 311 1
435 438 9
459 464 1
441 454 1
301 311 1
195 202 1
153 159 1
231 237 1
324 326 5
448 461 1
278 283 1
170 174 9
167 187 1
248 262 1
156 167 1
401 407 1
430 439 3
415 422 1
391 398 1
300 302 3
54 67 1
429 439 3
208 215 1
437 454 1
35 40 5
140 147 1
330 338 5
439 449 1
233 245 1
241 253 1
268 283 1
403 414 1
207 221 1
312 325 1
455 460 7
51 62 1
165 173 1
57 65 1
331 345 1
91 105 1
127 144 1
124 137 1
117 133 5
289 296 2
384 387 9
237 249 1
224 225 10
113 125 1
255 261 1
417 427 1
335 342 15
152 161 1
425 445 1
233 253 1
110 129 1
319 325 1
307 327 1
74 93 1
60 72 1
239 241 14
95 111 1
263 277 1
295 311 1
13 21 1
55 65 1
46 52 1
108 119 1
191 195 3
400 411 1
310 315 1
161 175 1
330 340 5
287 306 1
132 142 2
101 116 1
431 445 1
406 408 1
285 293 1
435 448 1
57 69 1
398 412 1
8 20 1
294 308 1
276 280 3
107 121 1
58 73 1
307 311 1
179 189 1
275 295 1
125 130 5
42 58 1
75 89 1
128 148 1
370 386 1
173 180 1
398 409 1
94 112 1
426 430 1
305 317 1
391 409 1
370 384 1
148 157 1
407 417 2
76 93 1
62 69 2
109 120 1
310 314 1
52 56 5
170 176 3
381 388 1
74 86 1
152 166 1
212 226 1
16 22 1
38 45 5
281 297 1
346 351 1
254 262 1
361 378 1
209 211 2
154 174 1
202 207 1
238 255 1
397 416 1
282 290 1
196 211 1
357 368 1
357 360 1
60 63 2
50 57 1
217 233 1
95 104 1
40 59 1
448 456 3
33 44 5
138 140 14
279 293 1
20 25 1
394 407 1
38 58 1
379 384 1
158 164 1
445 464 1
143 146 5
339 351 1
84 100 1
305 320 1
419 429 1
351 353 1
260 275 1
336 342 15
192 197 3
241 253 1
383 386 8
84 104 1
170 176 3
284 296 1
95 112 1
163 181 1
258 276 1
320 339 1
392 406 1
292 301 1
239 254 1
275 291 1
130 138 2
448 462 1
241 255 1
296 301 5
316 322 1
337 355 1
344 355 1
44 63 1
218 236 1
365 381 1
177 194 1
331 342 5
131 147 1
289 306 1
271 284 1
341 358 1
68 88 1
247 266 1
352 360 1
413 424 1
325 336 5
214 225 1
301 311 1
240 247 1
58 72 1
233 249 1
195 214 1
255 264 1
114 122 1
385 399 1
151 158 1
135 141 2
87 94 1
54 62 1
165 176 1
205 223 1
458 470 1
168 185 1
151 162 1
180 181 4
355 364 1
56 63 1
172 187 1
315 333 1
382 389 1
230 240 1
284 293 1
217 225 1
117 129 5
384 404 1
435 440 3
349 362 1
378 393 1
349 366 1
62 73 1
443 447 1
327 347 1
38 49 1
198 203 1
371 377 1
300 307 1
132 146 1
240 251 1
216 226 1
421 430 1
318 319 7
196 205 1
290 304 1
351 360 1
116 134 1
297 316 1
218 226 1
261 274 1
353 358 5
162 171 1
125 140 1
50 54 1
203 207 1
402 422 1
430 436 3
74 92 1
279 286 4
467 469 1
75 94 1
261 265 2
229 234 1
76 96 1
395 406 1
224 241 1
438 453 1
340 348 1
270 274 1
146 155 1
42 55 1
259 272 1
267 278 1
165 176 1
28 37 5
196 212 1
104 123 1
306 323 1
49 67 1
330 335 10
431 450 1
144 163 1
149 166 1
97 116 1
34 45 5
412 416 2
216 235 1
339 349 1
270 288 1
404 407 1
282 291 1
180 194 1
441 458 1
433 445 1
152 159 1
13 22 1
80 96 1
406 420 1
126 128 5
145 149 6
89 97 1
105 122 1
237 251 1
59 76 1
267 271 2
317 332 1
61 77 1
300 310 1
374 377 1
213 222 1
272 276 1
299 315 1
432 438 3
71 85 1
411 418 1
278 281 3
372 373 15
182 194 1
414 415 2
69 74 3
31 44 5
367 376 1
343 351 1
175 193 1
395 409 1
236 254 1
435 441 3
127 134 5
29 47 1
87 90 1
343 348 1
452 462 1
318 324 1
151 157 1
263 274 1
247 255 1
179 196 1
326 342 5
340 351 1
78 84 1
27 36 1
87 106 1
191 202 1
165 174 1
158 161 1
284 298 1
287 295 1
35 43 5
357 372 1
309 317 1
120 138 1
306 312 1
462 470 1
348 352 1
79 86 1
53 71 1
54 60 3
91 106 1
426 442 1
226 236 1
85 100 1
281 296 1
286 294 1
359 361 7
32 44 5
11 29 1
171 190 1
170 174 9
321 339 1
340 357 1
364 372 1
111 131 1
161 177 1
41 61 1
258 261 1
363 383 1
268 287 1
433 445 1
256 272 1
383 395 1
117 130 5
240 247 1
354 373 1
111 119 1
117 135 5
221 231 5
261 270 2
17 29 1
386 398 1
64 68 2
160 174 1
260 269 1
444 453 1
100 107 1
144 159 1
75 88 1
411 415 2
213 219 2
222 235 1
50 51 12
341 344 7
155 169 1
451 467 1
266 269 10
94 113 1
392 398 1
66 76 1
19 22 1
158 166 1
265 278 1
284 289 1
390 400 1
39 48 1
76 88 1
385 392 9
299 318 1
91 101 1
360 365 1
169 187 1
214 222 7
140 146 1
299 311 1
185 195 1
118 134 5
432 440 3
114 122 1
268 287 1
53 70 1
213 231 1
402 412 1
32 37 10
58 65 2
403 410 1
283 290 1
203 206 1
169 183 1
310 317 1
35 42 5
264 273 2
303 306 1
212 231 1
448 452 9
457 465 1
294 314 1
34 47 1
401 404 16
226 235 1
81 98 1
224 226 10
415 417 10
436 451 1
2 19 1
176 188 1
457 461 1
59 66 2
425 430 1
224 236 1
325 327 5
190 205 1
85 97 1
66 81 1
248 264 1
20 40 1
127 136 5
252 262 1
342 356 1
379 389 1
309 315 1
71 86 1
392 411 1
348 352 1
142 154 1
292 308 1
143 149 1
422 434 1
103 110 1
90 109 1
415 426 1
180 191 1
187 196 1
391 395 1
352 371 1
216 227 1
163 172 1
465 471 1
132 150 1
184 189 5
28 45 5
99 117 1
260 276 1
180 183 2
283 295 1
60 72 1
91 98 3
44 53 1
369 387 1
233 249 1
413 425 1
245 252 1
152 165 1
129 133 10
121 129 5
323 331 5
105 118 1
342 348 1
30 43 5
255 265 1
235 245 1
330 337 5
151 156 1
305 318 1
27 34 1
415 423 1
329 346 1
299 303 1
362 375 1
280 290 1
136 150 1
289 308 1
426 446 1
374 387 1
273 283 1
168 188 1
345 358 1
12 13 6
304 317 1
251 263 1
259 276 1
341 350 1
78 89 1
50 60 1
210 217 1
277 286 1
237 246 1
287 291 1
254 262 1
77 97 1
148 160 1
339 356 1
180 187 2
406 421 1
167 183 1
374 383 1
212 219 1
103 118 1
382 385 1
195 201 1
17 37 1
372 380 1
40 49 1
196 201 1
58 73 1
267 274 1
363 370 1
321 329 1
253 257 2
256 261 1
272 285 1
297 316 1
233 249 1
327 340 5
229 232 10
276 289 1
283 296 1
31 51 1
294 307 1
62 77 1
340 354 1
48 68 1
18 34 1
409 425 1
429 434 3
159 168 1
259 260 9
105 114 1
199 203 1
234 252 1
208 215 1
260 278 1
138 145 1
386 406 1
277 292 1
88 97 1
435 452 1
21 40 1
430 435 3
341 343 7
180 186 2
134 142 2
50 59 1
338 355 1
65 82 1
318 322 7
242 253 1
7 13 2
264 268 2
307 320 1
26 44 1
32 37 10
150 169 1
424 427 2
32 46 1
428 441 3
194 211 1
302 318 1
345 360 1
322 330 1
233 237 1
132 148 1
103 123 1
148 165 1
341 352 1
132 139 2
390 400 1
155 172 1
440 452 1
397 412 1
167 176 1
357 368 1
142 148 1
403 408 1
443 461 1
208 228 1
41 52 1
70 84 1
404 413 1
134 153 1
152 155 1
243 258 1
346 361 1
260 274 1
416 427 1
232 238 1
204 223 1
185 193 5
275 287 1
314 326 1
349 365 1
189 196 1
173 189 1
101 107 1
407 425 1
426 428 1
49 62 1
179 181 4
294 311 1
264 283 1
171 180 1
358 361 1
167 168 11
89 109 1
19 39 1
100 109 1
212 226 1
18 29 1
246 255 1
112 120 1
378 387 1
445 452 1
303 315 1
9 16 2
155 173 1
292 300 1
359 377 1
242 262 1
388 405 1
91 104 1
244 262 1
371 385 1
100 104 5
239 253 1
259 269 1
424 432 1
451 461 1
220 230 1
83 103 1
262 272 2
405 417 1
61 69 2
80 83 4
196 208 1
449 460 1
219 228 1
249 268 1
58 71 1
21 34 1
245 259 1
261 273 2
109 123 1
29 47 1
308 312 1
59 64 2
345 353 1
424 442 1
60 69 2
400 407 1
243 255 1
27 44 1
21 32 1
241 257 1
311 324 1
2 17 1
410 429 1
284 298 1
267 268 10
310 322 1
76 84 1
138 156 1
229 236 1
116 135 1
100 119 1
183 187 6
251 267 1
339 351 1
405 413 1
353 366 1
207 211 1
291 303 1
382 400 1
296 302 1
136 142 2
294 301 1
296 311 1
357 375 1
138 141 14
341 358 1
105 119 1
159 165 1
307 319 1
127 142 1
403 422 1
398 410 1
280 287 4
374 393 1
233 242 1
319 321 7
318 333 1
392 404 1
117 131 5
383 398 1
258 260 1
60 68 2
279 286 4
283 301 1
77 91 1
434 444 3
70 85 1
303 317 1
9 14 6
110 119 1
289 304 1
190 194 9
351 367 1
52 58 1
199 202 1
123 128 5
151 166 1
248 252 7
132 148 1
444 463 1
138 150 1
179 196 1
182 200 1
400 412 1
42 50 3
101 118 1
241 253 1
295 308 1
130 149 1
321 334 1
385 387 9
319 329 1
384 397 1
323 343 1
174 191 1
109 127 1
70 74 3
146 166 1
183 188 3
364 370 1
146 153 1
202 206 1
292 299 2
141 145 5
6 16 2
439 448 1
134 141 2
115 132 1
258 261 1
361 372 1
156 166 1
109 120 1
124 136 5
268 273 2
436 444 3
105 107 1
454 472 1
36 43 5
293 298 2
86 91 1
264 268 2
129 132 10
221 239 1
128 132 10
109 111 9
95 96 3
241 260 1
2 20 1
321 339 1
356 376 1
192 204 1
430 442 3
129 133 10
453 457 3
427 445 1
90 107 1
440 453 1
450 470 1
323 338 5
174 189 1
368 383 1
213 222 1
45 57 1
213 225 1
136 151 1
191 196 3
411 414 2
394 412 1
26 35 1
136 153 1
423 426 6
436 456 1
130 141 2
154 159 1
432 446 1
42 61 1
404 422 1
270 274 1
266 286 1
433 440 3
160 165 1
82 85 12
312 321 1
169 184 1
150 158 1
169 177 3
404 414 1
145 160 1
226 229 5
82 93 1
436 452 1
241 259 1
101 121 1
458 461 1
354 358 5
263 276 1
443 453 1
323 342 5
107 108 6
444 452 1
62 79 1
87 96 1
177 184 2
49 55 1
384 404 1
41 58 1
207 218 1
205 210 5
270 275 1
276 286 1
155 162 1
63 71 1
193 203 1
369 388 1
238 245 14
446 456 3
346 355 1
267 287 1
347 366 1
261 277 1
361 372 1
79 98 1
130 144 1
106 122 1
162 167 1
136 150 1
375 383 1
189 198 1
53 71 1
357 368 1
271 284 1
78 98 1
10 30 1
428 431 3
141 154 1
185 190 5
215 233 1
70 84 1
401 406 1
379 381 6
402 406 1
146 160 1
29 39 5
295 311 1
193 201 1
191 197 3
3 17 1
376 381 3
139 145 1
236 245 1
281 298 1
31 50 1
309 315 1
401 420 1
268 271 2
325 326 5
162 178 1
135 142 2
76 87 1
399 418 1
338 344 1
59 64 2
203 215 1
367 373 1
362 364 1
279 292 1
27 33 3
369 377 1
209 223 1
83 92 1
152 167 1
297 308 1
5 14 1
193 206 1
130 142 2
105 109 1
258 272 1
398 409 1
141 144 5
251 263 1
129 147 1
396 409 1
424 435 1
22 31 1
74 92 1
347 361 1
26 41 1
254 261 1
410 424 1
313 317 5
206 211 1
27 41 1
292 298 2
40 43 5
176 182 4
285 290 1
374 388 1
118 128 5
157 174 1
357 366 1
158 176 1
262 266 2
67 87 1
198 211 1
85 100 1
185 192 5
406 423 1
298 303 1
262 279 1
213 227 1
440 451 1
305 311 1
161 178 1
144 158 1
33 35 10
399 408 1
414 424 1
52 57 5
62 81 1
343 355 1
95 106 1
107 109 3
407 412 2
321 326 1
369 373 5
167 176 1
67 79 1
124 142 1
393 408 1
121 136 5
214 225 1
52 64 1
331 340 5
296 307 1
123 134 5
299 313 1
464 470 1
398 402 7
222 234 1
201 204 11
381 397 1
274 288 1
385 401 1
172 190 1
438 448 1
35 44 5
158 176 1
452 471 1
105 123 1
309 312 1
90 102 1
166 186 1
42 58 1
183 194 1
352 357 5
22 41 1
339 351 1
83 94 1
152 167 1
87 100 1
140 155 1
395 401 7
245 264 1
29 44 5
439 446 1
54 68 1
123 130 5
23 30 1
338 356 1
31 34 10
267 275 1
34 53 1
206 216 1
192 201 1
437 454 1
224 232 5
192 207 1
25 36 1
232 247 1
63 66 8
325 342 5
108 121 1
58 63 2
51 66 1
50 68 1
367 376 1
276 295 1
338 351 1
322 328 1
392 405 1
390 407 1
87 94 1
217 231 1
119 138 1
121 132 5
