2000 2000
392 407 1
1774 1779 6
1080 1094 1
994 1002 1
1343 1358 1
1148 1165 1
322 323 15
802 822 1
1755 1767 1
26 27 6
63 78 1
1275 1284 1
1132 1150 1
1509 1519 1
576 595 1
611 622 1
1021 1041 1
709 722 1
242 251 2
923 936 1
687 690 7
48 61 1
1792 1811 1
1022 1033 3
1745 1749 1
1611 1628 1
366 380 1
1515 1527 1
253 266 1
1798 1801 3
414 432 1
733 738 2
568 585 1
1970 1990 1
1814 1833 1
1977 1993 1
1976 1996 1
1869 1883 1
1451 1470 1
1179 1190 1
406 426 1
1012 1020 1
1680 1700 1
1381 1395 1
1468 1481 1
693 711 1
1473 1475 16
1136 1149 1
1839 1854 1
1901 1915 1
1965 1981 1
1750 1765 1
298 312 1
319 338 1
915 924 2
815 829 2
1575 1588 2
1421 1426 1
455 475 1
604 622 1
453 473 1
1163 1171 1
288 291 1
749 756 1
618 638 1
642 653 1
1881 1897 1
1453 1463 1
1472 1483 1
1084 1089 10
93 96 8
595 603 2
121 136 1
1445 1463 1
285 302 1
1737 1757 1
646 648 5
538 549 1
808 826 1
1570 1589 1
578 583 2
1804 1810 4
1780 1789 1
135 146 1
909 928 1
793 807 1
1635 1646 1
800 815 1
1276 1283 1
532 543 1
1977 1996 1
1112 1117 1
275 294 1
1967 1985 1
1341 1355 1
1355 1363 1
553 569 1
896 910 1
822 837 1
1895 1904 1
7 13 3
1215 1221 3
799 812 1
54 60 6
692 694 9
130 136 1
539 555 1
1151 1167 1
1746 1750 7
664 679 1
364 375 1
89 102 1
122 129 3
53 56 10
414 431 1
1811 1827 1
1133 1153 1
1763 1781 1
1747 1761 1
1105 1110 6
492 505 1
1377 1389 1
666 677 1
1597 1609 1
1615 1629 1
43 48 1
545 551 3
1781 1796 1
645 655 1
1833 1840 1
784 786 7
131 138 1
543 555 1
570 582 1
266 285 1
1364 1376 1
889 894 3
725 726 7
75 88 3
801 809 1
41 59 1
449 450 12
709 724 1
1469 1488 1
945 961 1
1 14 3
1494 1498 1
1441 1458 1
1631 1643 1
1274 1279 1
1665 1685 1
372 387 1
1346 1353 1
1027 1035 3
1435 1453 3
1181 1201 1
280 296 1
918 926 2
652 661 1
1495 1507 1
529 546 1
781 797 1
941 943 2
1280 1293 1
1685 1704 1
330 347 1
606 622 1
349 360 1
992 1011 1
1513 1520 1
1364 1374 1
728 737 2
1216 1221 3
402 419 1
1112 1118 1
38 51 1
1450 1470 1
779 787 1
176 191 1
718 725 1
978 990 1
1737 1755 1
1687 1698 1
190 199 1
1290 1299 1
241 247 2
794 800 1
1094 1100 1
1042 1059 1
1433 1452 3
1521 1541 1
1906 1923 1
1743 1758 1
1620 1630 2
1115 1126 1
367 370 15
1759 1773 1
533 545 1
309 315 1
1539 1556 1
260 268 1
353 370 1
338 346 2
1897 1909 1
1378 1387 1
1790 1800 1
175 185 1
1204 1210 1
607 622 1
1762 1779 1
410 428 1
1782 1783 1
152 168 1
1441 1459 1
392 407 1
1378 1387 1
413 421 1
1060 1075 1
1114 1132 1
1046 1057 1
1836 1844 1
1429 1448 1
638 648 1
451 466 1
332 342 1
1320 1332 1
1227 1234 5
334 344 1
93 109 1
347 348 3
1237 1242 5
1942 1956 3
245 252 2
1642 1644 1
8 13 3
1904 1919 1
1549 1568 5
605 619 1
1234 1253 1
1511 1525 1
374 377 1
140 156 1
179 194 1
280 300 1
1704 1714 3
96 102 1
1762 1780 1
303 306 6
982 993 1
1848 1854 1
906 924 1
1715 1724 1
1633 1648 1
921 932 9
1817 1826 5
1838 1850 1
719 738 1
1535 1550 2
651 661 1
1136 1139 3
1309 1328 1
1215 1232 1
7 22 1
1582 1587 6
1151 1157 2
1258 1267 1
318 333 1
1666 1669 1
825 837 1
1750 1754 15
899 904 1
1311 1313 1
746 765 1
1868 1875 4
1037 1049 1
308 315 1
1487 1491 1
595 610 1
854 860 2
1718 1730 1
175 186 1
438 441 15
1482 1497 1
65 79 1
234 252 1
776 795 1
506 513 3
1858 1872 1
893 896 10
1761 1770 1
1503 1509 5
889 896 1
266 273 3
1482 1488 1
1790 1802 1
1718 1730 1
249 255 2
36 46 1
1994 1999 1
1776 1790 1
227 240 1
1360 1375 1
588 606 1
1042 1048 1
1587 1601 1
353 360 1
1121 1128 1
1110 1116 1
825 837 1
1850 1862 1
810 815 15
132 143 1
1635 1639 1
1495 1508 1
61 73 1
420 439 1
811 815 15
465 473 1
1140 1159 2
200 206 1
75 82 3
1403 1422 1
1715 1721 1
1259 1274 1
764 772 7
588 605 1
941 959 1
1395 1406 1
120 135 1
1963 1978 1
1556 1569 5
99 103 1
907 917 1
1183 1193 1
236 252 1
1436 1439 6
1969 1973 5
1469 1480 1
1784 1793 3
3 17 3
50 63 1
1472 1485 1
872 891 1
106 126 1
1400 1410 1
1275 1283 1
1230 1248 1
1988 1998 1
782 793 1
2 15 3
1549 1562 5
409 422 1
1823 1839 1
1389 1394 2
234 253 1
511 519 2
1898 1918 1
1060 1080 1
1151 1168 1
642 654 1
1520 1534 1
1283 1288 2
690 702 1
124 132 1
1748 1761 1
1794 1811 1
125 133 1
137 150 1
164 180 1
840 846 3
1629 1634 2
1339 1351 1
803 815 1
71 85 3
546 566 1
1238 1246 1
974 989 1
1650 1669 1
1252 1267 1
223 235 1
1132 1146 1
325 341 1
1914 1934 1
571 576 1
516 531 1
1422 1437 1
14 21 1
1554 1566 5
1505 1521 1
992 1009 1
698 707 1
333 352 1
126 141 1
1419 1438 1
1851 1862 1
1416 1423 1
1898 1915 1
193 203 1
33 46 1
1733 1746 3
108 122 5
390 408 1
1520 1531 1
287 292 1
992 1005 1
843 859 1
1505 1516 1
1523 1539 1
241 255 2
1916 1929 2
348 364 1
1895 1911 1
842 855 1
521 530 2
1067 1085 1
1501 1510 1
1589 1599 1
1785 1793 3
72 90 3
1843 1851 1
249 261 1
1632 1637 2
730 742 2
686 692 1
1093 1105 1
1217 1226 1
1778 1784 1
1451 1456 7
1751 1763 1
708 718 1
1295 1314 1
1898 1916 1
323 328 1
1889 1908 1
613 623 1
1579 1597 1
28 38 1
611 626 1
58 76 1
756 771 1
1161 1181 1
630 649 1
531 535 15
1352 1366 1
721 734 1
633 644 1
731 745 2
1360 1368 2
1967 1982 1
92 95 8
1853 1873 1
246 257 1
1886 1906 1
931 942 1
1956 1958 3
1365 1380 1
301 318 1
1568 1572 1
833 844 1
1834 1837 1
171 184 1
732 746 1
325 338 1
1813 1816 12
187 192 3
846 864 1
456 474 1
1409 1420 1
1617 1636 2
285 303 1
598 617 1
1315 1332 1
1283 1289 1
1903 1920 1
885 894 3
1833 1849 1
832 836 1
863 873 1
1212 1224 1
1837 1856 1
362 371 1
537 551 1
245 252 2
1675 1682 5
804 808 7
1257 1270 1
913 918 12
1409 1420 1
480 496 5
1725 1736 5
240 254 2
1658 1671 1
286 302 1
1161 1168 15
1688 1692 2
421 441 1
325 343 1
689 700 1
383 402 1
700 719 1
1929 1934 5
171 191 1
1745 1762 1
313 324 1
1382 1392 1
611 621 1
1821 1834 1
245 252 2
112 118 5
785 794 1
1106 1116 1
1008 1021 1
1954 1966 1
74 90 3
418 425 1
819 823 10
933 942 1
1668 1680 1
614 630 1
237 241 2
906 910 1
1813 1820 4
1419 1436 1
550 559 3
1110 1120 1
1463 1477 1
1192 1193 14
924 944 1
831 849 1
833 845 1
786 796 1
971 975 1
1693 1711 1
256 270 1
1103 1116 1
1834 1843 1
196 212 1
294 298 1
439 456 2
1410 1426 1
656 665 2
633 650 1
179 185 1
730 742 2
1931 1944 1
447 462 1
1213 1227 1
631 649 1
1577 1589 1
1065 1067 1
1794 1811 1
833 847 1
1202 1207 1
23 29 1
103 122 1
1792 1807 1
43 57 1
879 896 1
481 496 5
1460 1478 1
699 715 1
1380 1400 1
409 414 3
1033 1043 1
859 862 10
160 167 4
1176 1181 1
496 501 2
1687 1696 1
1546 1552 2
1227 1241 1
748 753 1
987 1007 1
192 200 1
943 957 1
1970 1980 1
1687 1703 1
238 258 1
1095 1099 1
811 823 1
1365 1375 1
591 611 1
86 93 1
1755 1773 1
196 212 1
192 194 4
347 356 1
1074 1077 10
768 782 1
616 623 1
1395 1411 1
545 554 3
757 775 1
1432 1442 1
235 245 1
476 482 1
1163 1174 1
38 43 4
1328 1341 1
426 431 4
508 515 2
470 475 9
749 762 1
1351 1361 1
104 108 15
75 94 1
1394 1398 3
562 564 2
894 911 1
526 540 1
1904 1913 1
1177 1181 1
96 101 1
101 108 1
475 478 1
190 210 1
691 696 1
1196 1214 1
1605 1620 1
396 416 1
159 172 1
234 254 1
723 743 1
1603 1613 1
413 426 1
1070 1088 1
976 991 1
451 471 1
799 806 1
805 818 1
840 851 1
589 606 1
378 385 10
1422 1426 1
1391 1401 3
1431 1451 1
365 374 1
1721 1735 1
1065 1071 1
1434 1445 3
1161 1180 1
782 789 1
1826 1843 1
467 476 1
1487 1495 1
1916 1929 2
1480 1497 1
501 518 1
1439 1456 1
1650 1655 3
1400 1412 1
1228 1233 5
816 823 2
1985 1994 1
909 916 1
348 361 1
1427 1443 1
690 699 1
1510 1519 1
690 692 3
293 310 1
758 768 1
581 601 1
1012 1018 1
1612 1624 1
1973 1983 1
1593 1605 1
291 307 1
82 93 1
368 371 5
1957 1973 1
67 73 7
736 740 2
1086 1095 2
219 227 1
955 967 2
1651 1665 1
1381 1400 1
226 229 5
402 412 1
1754 1761 1
1198 1205 1
531 540 1
389 398 1
1572 1575 1
528 539 1
329 343 1
759 773 1
805 825 1
1325 1328 3
911 915 3
772 775 1
229 242 1
166 181 1
596 613 1
495 501 1
230 244 1
931 936 1
481 497 5
1039 1052 1
474 485 1
1423 1428 1
862 872 1
1632 1650 1
1833 1842 1
1040 1055 1
1907 1921 1
746 766 1
1293 1307 1
1003 1012 3
788 808 1
1577 1592 1
1952 1965 1
1840 1850 1
394 402 1
1555 1571 1
917 932 1
289 306 1
1959 1972 1
518 532 1
648 656 1
1774 1784 1
372 381 1
1621 1638 2
1482 1501 1
1066 1071 1
1991 1996 1
194 207 1
968 973 1
700 713 1
1266 1282 1
1603 1623 1
1503 1513 1
591 605 1
1084 1099 1
1618 1627 2
1302 1315 1
143 150 5
185 203 1
1554 1563 15
215 227 1
221 227 1
645 659 1
268 272 3
495 507 1
10 20 3
1197 1209 1
1964 1973 1
908 921 1
77 87 6
1320 1325 1
826 843 1
823 836 1
1462 1465 14
758 776 1
451 458 1
841 857 1
1045 1052 1
1222 1234 1
540 558 1
1473 1486 1
1726 1745 1
760 780 1
1363 1380 1
1804 1821 1
1657 1667 1
95 108 1
776 795 1
1524 1528 10
888 901 1
1096 1112 1
848 861 2
1492 1499 1
468 476 1
1858 1878 1
819 828 2
732 746 1
1917 1921 6
915 935 1
34 52 1
1148 1156 2
22 34 1
1477 1491 1
337 347 1
1893 1901 3
1393 1397 3
1187 1193 7
1002 1012 3
551 570 1
260 268 1
640 647 1
322 335 1
302 316 1
925 935 1
882 902 1
1332 1344 5
1584 1599 1
1692 1703 1
611 619 1
393 411 1
266 283 1
21 38 1
1632 1634 6
1660 1672 1
1083 1090 2
297 306 1
925 937 1
244 259 1
1950 1953 12
345 358 1
1707 1719 3
779 798 1
755 774 1
1796 1803 1
72 83 3
812 818 2
1838 1856 1
703 715 1
1962 1973 1
64 83 1
1252 1272 1
1309 1320 1
1547 1555 1
609 629 1
1172 1176 7
1652 1666 1
1561 1563 15
1013 1032 1
847 861 1
1434 1442 3
172 180 3
1549 1555 5
1633 1652 1
1681 1694 1
1708 1722 1
1260 1270 1
1870 1890 1
1830 1845 1
1451 1460 1
939 953 1
1742 1746 3
1168 1175 7
910 928 1
1648 1654 9
931 942 1
849 854 2
1171 1178 1
1066 1079 1
1939 1950 6
1462 1471 1
29 36 1
1733 1738 3
1165 1173 1
1925 1941 1
1561 1580 1
80 95 1
973 991 1
610 613 12
1440 1447 3
26 34 3
1412 1424 1
9 17 3
158 175 1
524 540 1
1526 1537 1
1589 1603 1
60 69 1
804 813 1
834 846 1
159 174 1
1879 1888 1
102 110 1
1451 1462 1
1712 1718 9
1737 1754 1
1410 1427 1
1504 1512 1
1686 1696 1
1443 1451 3
276 295 1
320 326 1
332 347 1
1454 1465 1
102 109 3
319 337 1
1521 1524 15
837 857 1
1640 1656 1
1185 1198 1
1619 1637 2
230 240 1
969 986 1
1804 1814 2
1122 1138 1
1265 1267 6
155 170 1
1162 1176 1
1651 1663 1
1399 1409 1
1620 1622 2
1290 1299 1
1227 1229 15
37 42 4
1646 1651 9
4 24 1
491 498 5
1538 1545 6
72 76 3
1849 1854 1
655 665 2
550 565 1
1683 1698 1
1555 1562 15
1213 1218 3
1412 1430 1
1741 1755 1
1730 1745 3
962 972 1
1492 1508 1
1543 1553 2
142 162 1
870 890 1
1322 1342 1
1653 1670 1
152 171 1
1889 1909 1
1382 1385 4
1865 1882 1
1359 1378 1
496 504 2
1345 1348 1
709 727 1
1259 1279 1
723 732 1
102 114 1
219 234 1
317 331 1
1456 1468 1
773 788 1
961 968 2
1763 1769 6
1740 1745 3
1079 1096 1
404 415 1
422 438 1
216 229 1
501 516 1
1061 1069 1
1436 1456 1
1861 1880 1
518 527 5
180 199 1
1460 1478 1
1025 1032 3
663 667 1
784 803 1
1417 1428 1
1234 1250 1
1984 1994 1
1467 1480 1
1495 1511 1
918 934 1
865 873 1
1418 1424 1
1254 1271 1
172 192 1
550 570 1
1407 1421 1
1584 1590 1
201 205 14
1286 1290 1
687 697 1
1292 1310 1
1387 1403 1
69 85 3
533 541 1
1837 1853 1
659 673 1
212 230 1
1332 1346 1
471 478 1
1794 1805 1
556 570 1
1409 1422 1
1400 1415 1
1373 1393 1
749 767 1
79 83 12
257 262 1
1626 1631 2
560 575 1
3 17 3
515 528 5
410 429 1
310 328 1
904 914 1
100 106 1
1064 1078 1
270 288 1
786 806 1
1364 1384 1
498 515 1
534 545 1
1812 1820 4
1704 1714 3
226 242 1
993 998 1
1991 1998 1
987 1005 1
1621 1623 2
937 946 1
227 233 1
1726 1745 1
165 169 1
220 235 1
1725 1734 5
568 578 1
1787 1794 3
896 913 1
432 445 1
1888 1892 1
1457 1466 2
1910 1930 1
1183 1186 10
1452 1461 1
625 637 1
268 280 1
1979 1991 1
835 846 1
752 769 1
745 763 1
120 139 1
214 218 1
1792 1812 1
1752 1772 1
1538 1556 1
1082 1096 2
384 396 1
1474 1487 1
565 579 1
1315 1323 1
502 515 1
803 810 1
1671 1686 1
1466 1476 1
299 307 1
1026 1040 3
990 1003 1
997 1005 1
1257 1264 1
64 74 7
736 747 1
1861 1875 1
1665 1683 1
1792 1808 1
1722 1733 1
999 1019 1
1799 1806 3
1807 1827 1
601 616 1
715 725 1
1426 1444 1
1356 1372 1
1812 1820 4
1509 1520 1
1160 1173 1
1122 1138 1
1016 1030 1
500 509 3
1180 1198 1
1771 1777 3
1273 1289 1
178 196 1
23 30 1
1956 1964 1
1616 1635 2
1164 1173 1
1058 1076 1
1922 1930 1
715 719 1
1839 1850 1
387 399 1
1520 1532 1
869 888 1
1884 1898 1
1378 1391 1
184 197 1
1552 1565 5
1786 1804 1
138 139 1
1181 1187 1
1693 1706 1
317 320 5
562 570 1
61 77 1
154 160 1
223 243 1
647 652 5
1640 1644 1
266 279 1
943 954 1
1295 1305 1
1714 1722 1
495 503 1
1336 1351 1
999 1009 1
25 41 1
1107 1120 1
1113 1129 1
1420 1423 3
5 14 3
1559 1564 15
464 473 1
1957 1976 1
1140 1160 2
1192 1202 2
449 461 1
1130 1148 1
1872 1892 1
416 431 1
1774 1783 1
403 422 1
487 496 5
1188 1207 1
607 622 1
158 163 1
1085 1093 2
1507 1511 1
1098 1118 1
1843 1847 7
430 443 1
539 557 1
253 265 1
553 558 3
1485 1502 1
262 273 1
568 578 1
935 943 1
338 351 1
1073 1091 1
276 296 1
1887 1897 1
1145 1165 1
191 208 1
1710 1723 1
986 1005 1
1813 1823 1
313 326 1
1436 1448 3
1257 1275 1
188 201 1
1939 1945 6
581 592 3
1774 1789 1
640 654 1
573 593 1
520 532 1
1663 1677 1
1266 1282 1
880 885 2
861 879 1
1886 1888 3
187 205 1
647 664 1
1444 1459 1
1677 1690 1
1686 1697 1
1638 1645 1
499 503 6
484 491 10
1324 1342 1
1330 1350 1
1313 1320 1
1974 1986 1
1550 1565 5
1711 1726 1
548 563 1
298 318 1
722 725 1
772 775 1
860 880 1
1418 1430 1
702 708 2
124 140 1
896 905 1
1357 1377 1
1474 1491 1
1321 1333 1
1529 1533 1
1937 1944 3
533 551 1
997 1010 1
1942 1956 3
388 399 1
1203 1215 1
1975 1991 1
25 43 1
1892 1898 1
1742 1751 1
907 915 1
1684 1689 1
430 442 1
1575 1580 6
618 634 1
1353 1367 1
1554 1574 1
1982 1983 3
1853 1862 1
384 391 1
415 426 1
1525 1529 10
375 378 1
61 65 9
1040 1045 1
1167 1174 7
771 780 1
783 794 1
1674 1678 1
1709 1713 3
447 450 12
1559 1573 1
99 111 1
1566 1577 1
411 419 1
1829 1836 1
1685 1690 4
182 198 1
328 344 1
800 818 1
441 447 4
1595 1608 1
346 355 1
539 547 1
157 171 1
178 193 1
1174 1181 1
1360 1372 2
1446 1464 1
916 933 1
1257 1275 1
1598 1604 3
353 364 1
1549 1556 5
1201 1210 1
1678 1690 1
1553 1568 5
413 421 1
1430 1433 4
292 301 1
834 837 1
1834 1851 1
1222 1223 1
971 989 1
1066 1081 1
1565 1570 1
1181 1185 1
1018 1026 1
1817 1830 1
1284 1301 1
1347 1350 1
134 149 1
1968 1986 1
725 728 1
1636 1650 1
1797 1807 3
566 573 1
1320 1340 1
192 198 1
529 541 1
755 766 1
679 694 1
999 1009 1
1669 1676 1
111 120 5
78 91 3
1547 1558 1
1581 1592 1
7 27 1
827 835 2
1777 1791 1
312 316 9
46 48 5
1152 1165 1
763 773 7
913 925 2
474 483 1
1295 1299 5
5 17 3
1221 1240 1
594 604 1
1099 1103 1
572 585 1
1580 1596 1
1518 1525 1
791 800 1
843 856 1
449 456 6
1385 1393 1
559 573 1
394 413 1
858 861 10
687 706 1
302 318 1
4 20 3
1158 1171 1
245 260 1
1329 1339 3
1340 1352 1
751 756 2
435 438 1
531 542 1
559 577 1
1743 1750 1
129 143 1
1643 1663 1
1628 1635 2
1671 1680 1
766 786 1
1416 1434 1
448 460 1
93 110 1
429 431 4
106 125 5
1059 1072 1
1911 1913 14
208 225 1
249 269 1
626 643 3
1832 1848 1
417 429 1
584 589 3
1427 1444 1
1967 1978 1
1356 1366 1
475 490 1
1505 1514 1
1668 1685 1
1921 1932 1
1578 1588 2
1668 1678 1
1398 1411 1
50 67 1
1186 1191 7
1921 1939 1
1570 1579 1
356 376 1
650 666 1
305 314 1
1336 1346 1
1080 1097 1
726 739 2
1259 1275 1
1028 1037 3
1809 1824 1
847 861 1
1674 1680 1
1663 1667 5
1019 1028 1
278 287 1
470 473 9
1542 1549 2
1559 1572 1
1799 1813 1
1460 1477 1
434 445 1
1648 1661 1
1599 1606 3
1352 1360 1
531 547 1
801 809 1
67 80 1
785 799 1
1111 1118 1
1617 1625 2
1194 1207 1
1439 1449 3
1143 1161 1
1842 1854 1
326 335 1
11 17 3
576 579 5
642 655 1
1057 1066 2
714 730 1
1170 1182 1
157 165 1
1931 1945 1
1439 1448 3
33 47 1
879 880 9
665 677 1
346 357 1
11 24 1
266 286 1
210 218 1
1916 1934 1
831 842 1
48 52 3
1645 1650 9
1353 1359 1
1459 1477 1
1655 1657 15
1364 1369 6
1088 1098 1
155 169 1
122 142 1
133 145 1
934 944 1
1295 1313 1
1062 1081 1
1928 1933 5
602 609 1
285 303 1
1918 1937 1
1939 1947 6
412 422 1
1493 1497 1
1680 1698 1
1190 1193 14
473 492 1
1495 1505 1
1113 1122 1
1923 1935 1
1567 1585 1
1123 1129 1
1471 1491 1
1886 1888 3
318 337 1
916 924 2
584 597 1
1943 1959 3
82 86 12
1711 1721 1
1868 1878 1
731 744 2
1600 1604 3
979 991 1
1382 1402 1
537 550 1
1642 1643 5
589 605 1
805 815 3
1583 1587 6
39 49 1
1703 1718 3
1585 1599 1
1409 1417 3
1518 1527 1
1378 1396 1
1410 1413 9
1787 1792 3
558 572 1
1161 1166 15
1493 1502 1
111 116 5
364 384 1
1021 1030 3
1083 1102 1
196 215 1
1696 1710 1
1481 1501 1
1653 1672 1
643 658 1
536 547 1
1903 1911 1
397 406 1
1697 1717 1
1205 1215 1
600 614 1
619 635 1
731 735 4
1510 1520 1
695 714 1
1666 1679 1
1498 1515 1
1802 1812 2
1823 1834 1
1328 1342 1
1407 1423 1
309 314 1
1612 1616 9
1163 1176 1
621 638 1
238 240 2
270 281 1
736 753 1
1408 1426 1
401 408 1
1015 1017 7
845 857 1
717 734 1
1171 1187 1
1100 1119 1
80 88 3
761 776 1
1142 1151 2
143 162 1
575 595 1
1223 1229 1
1901 1910 1
1294 1305 1
1885 1904 1
1046 1062 1
862 873 1
988 1001 1
777 788 1
1046 1051 1
227 247 1
912 926 1
247 249 14
335 344 1
732 734 4
1057 1066 2
1093 1106 1
1750 1768 1
1037 1057 1
73 92 1
660 676 1
808 824 1
1315 1328 1
283 303 1
1815 1835 1
1606 1625 1
1887 1895 1
914 924 2
123 140 1
473 490 1
950 970 1
1708 1720 1
584 587 3
227 246 1
1033 1044 1
1173 1181 1
1276 1281 1
307 312 7
326 328 11
1161 1170 1
1305 1320 1
1149 1154 2
863 880 1
415 430 1
418 423 1
1125 1140 1
211 213 1
687 705 1
712 721 1
1624 1637 2
411 429 1
460 467 9
667 670 9
1976 1985 1
1586 1603 1
444 463 1
1809 1814 2
797 817 1
1883 1897 1
1523 1537 1
1956 1973 1
473 485 1
1562 1569 5
167 173 1
1180 1200 1
1030 1044 1
1012 1019 1
520 532 1
345 349 3
535 543 1
1115 1128 1
159 178 1
1501 1513 1
825 831 2
117 128 3
318 335 1
471 482 1
601 609 1
1902 1920 1
232 247 1
820 828 2
597 615 1
1678 1686 1
337 340 1
500 505 6
174 187 1
1138 1145 1
1178 1194 1
1014 1027 1
236 255 1
1532 1550 1
392 411 1
1511 1523 1
82 87 6
320 340 1
218 237 1
714 727 1
1773 1779 6
1025 1036 3
1153 1160 2
1272 1288 1
1807 1820 2
1247 1257 1
97 114 1
1225 1233 5
268 284 1
84 98 1
1089 1108 1
1409 1427 1
1248 1259 1
1756 1770 1
1004 1020 1
698 709 1
1690 1708 1
399 415 1
633 646 1
1176 1192 1
1682 1687 1
1865 1882 1
1626 1638 2
272 283 1
1642 1650 1
1581 1594 1
725 734 1
1285 1298 1
1014 1030 1
1047 1049 1
1804 1820 2
1330 1342 5
988 1004 1
965 981 1
386 395 1
1137 1145 1
45 59 1
1222 1236 1
1200 1212 1
884 889 9
1793 1802 1
1138 1144 1
832 851 1
1198 1214 1
1839 1859 1
1484 1504 1
1546 1564 1
737 743 2
705 713 1
923 943 1
678 687 4
1070 1086 1
513 514 4
1561 1574 1
658 664 4
1463 1473 1
330 337 1
1362 1367 6
278 286 1
258 274 1
704 719 1
1587 1598 1
649 668 1
1003 1016 1
981 992 1
620 638 1
620 639 1
317 335 1
722 730 1
1362 1367 6
1199 1216 1
262 277 1
1524 1536 1
1882 1883 10
514 520 5
1071 1082 1
170 186 1
1620 1631 2
687 701 1
352 362 1
785 796 1
311 313 2
1240 1259 1
1218 1233 1
494 498 5
611 615 1
1566 1582 1
1391 1395 15
1687 1693 2
761 767 7
236 242 1
766 771 7
95 112 1
402 418 1
1134 1148 1
852 858 2
1005 1012 3
1744 1764 1
1842 1849 1
27 44 1
1823 1837 1
1945 1965 1
1324 1343 1
92 96 8
1539 1547 2
1959 1966 1
757 767 1
1105 1125 1
1674 1694 1
294 309 1
343 359 1
464 481 1
298 312 1
602 618 1
1421 1435 1
1735 1748 1
1439 1448 3
507 511 3
84 101 1
1419 1430 1
661 677 1
797 816 1
1700 1707 1
1791 1809 1
268 275 1
1047 1057 1
568 577 1
874 882 1
948 960 1
875 883 1
157 162 1
1886 1891 3
951 971 1
510 530 1
1190 1204 2
610 628 1
1758 1767 1
1459 1463 2
1098 1102 5
1878 1880 2
13 19 3
1310 1322 1
1310 1324 1
123 141 1
1139 1145 4
53 72 1
560 570 1
1094 1099 1
1265 1269 2
1106 1114 1
1607 1616 1
1452 1460 1
335 355 1
1282 1301 1
1258 1264 1
153 155 16
1648 1659 1
1149 1166 1
1187 1192 7
1950 1955 6
1776 1795 1
817 835 2
799 817 1
227 239 1
1680 1696 1
1230 1238 1
63 82 1
1682 1693 1
1358 1373 2
1265 1279 1
997 1009 1
908 916 1
76 81 3
937 943 1
815 822 2
1674 1686 1
570 586 1
1598 1606 3
1022 1031 3
1221 1223 1
457 468 1
1211 1222 1
93 103 1
857 873 1
1378 1388 1
300 304 1
1552 1563 5
337 340 1
1145 1165 1
880 885 2
776 786 1
944 957 1
618 636 1
1671 1679 1
1503 1522 1
1030 1037 3
1067 1070 5
785 797 1
1397 1408 1
1626 1641 1
981 991 1
113 131 1
856 870 1
1549 1557 5
1425 1429 1
1664 1683 1
1529 1537 1
505 516 1
1443 1457 1
1619 1628 2
987 992 3
1635 1648 1
1279 1284 1
1982 1990 3
225 229 5
1802 1819 2
1499 1517 1
1525 1532 1
1260 1278 1
848 851 8
686 701 1
1230 1241 1
602 606 1
556 563 1
966 971 2
1149 1165 1
479 490 5
1818 1828 5
960 969 2
1374 1386 1
1220 1238 1
1978 1986 1
1419 1434 1
1754 1774 1
591 605 1
651 655 1
524 533 2
1775 1784 1
1910 1930 1
573 581 1
1668 1675 1
1238 1242 5
399 410 1
1132 1138 1
433 444 1
986 992 3
688 705 1
275 282 1
1527 1545 1
1788 1794 3
1798 1802 3
828 834 2
51 57 1
1585 1593 1
459 469 1
1226 1244 1
602 612 1
1084 1093 2
1319 1335 1
629 639 9
1077 1080 9
550 568 1
1763 1780 3
1969 1973 5
1982 1996 1
909 923 1
710 714 5
614 622 1
1709 1719 3
238 242 2
384 396 1
887 892 3
1794 1813 1
53 67 1
996 1013 1
466 483 1
582 601 1
424 427 1
343 356 1
1259 1277 1
374 377 1
1441 1453 3
770 781 1
691 698 1
274 287 1
784 790 1
42 59 1
946 954 1
686 699 1
797 806 1
1953 1959 3
640 658 1
1791 1810 1
1820 1832 1
809 821 1
1936 1947 1
1009 1016 4
292 300 1
1587 1605 1
520 528 5
719 735 1
1865 1884 1
254 271 1
1218 1230 1
1830 1837 1
1000 1013 1
461 474 1
71 86 3
1582 1591 1
1651 1671 1
1464 1481 1
1459 1472 1
514 520 5
1301 1306 2
288 295 1
295 300 1
1063 1077 1
1458 1473 1
1209 1215 3
1855 1875 1
1011 1024 1
1906 1916 1
1793 1799 1
1806 1811 2
338 342 14
1722 1737 1
240 259 1
898 906 1
1021 1034 3
1511 1530 1
1608 1625 1
694 702 1
543 554 1
965 977 1
1871 1891 1
26 33 3
1094 1099 1
1382 1386 1
394 399 1
543 563 1
834 847 1
1851 1871 1
738 746 1
88 105 1
1716 1723 2
1960 1968 2
1522 1531 5
1626 1640 1
1520 1524 1
1332 1339 15
1132 1138 1
299 309 1
1094 1098 3
1852 1867 1
1127 1130 1
1484 1491 1
809 823 1
486 491 10
55 67 1
926 937 1
648 661 1
1750 1752 15
696 708 1
236 244 1
1906 1909 3
705 716 1
202 207 1
260 279 1
1814 1833 1
1340 1356 1
1485 1504 1
1829 1843 1
648 654 1
849 863 2
1557 1574 1
640 654 1
1274 1293 1
554 562 1
566 586 1
953 972 1
835 852 1
900 908 1
1928 1933 5
982 991 1
203 220 1
1214 1234 1
1028 1045 1
1311 1322 1
60 75 1
1207 1222 1
884 892 3
1612 1631 1
210 223 1
1554 1573 1
1334 1354 1
986 992 3
379 388 1
1061 1071 1
186 206 1
262 265 5
152 161 1
805 820 1
911 927 1
511 520 1
682 685 8
43 55 1
