1602 1680
109 124 1
725 730 9
213 226 1
1547 1559 1
761 767 1
1434 1436 3
929 937 1
686 695 1
1528 1541 2
400 419 1
1148 1168 1
1149 1161 1
475 491 1
1046 1051 1
437 452 1
684 693 1
654 663 3
1287 1292 1
1172 1191 1
359 368 1
1303 1309 1
967 979 1
486 501 1
654 660 9
395 405 1
644 658 1
176 191 1
1515 1521 1
1044 1055 1
1435 1442 1
732 740 5
247 259 1
361 366 1
1579 1590 1
1226 1242 1
1069 1075 1
1077 1095 1
1195 1214 1
7 19 1
464 482 1
619 625 1
1260 1266 1
1272 1284 1
990 1009 1
530 539 3
151 164 1
729 739 1
190 206 1
1101 1114 1
54 63 1
1384 1403 1
1570 1587 1
27 30 15
1290 1292 2
1523 1526 16
146 157 1
1079 1091 1
197 216 1
1568 1570 16
567 585 1
575 591 1
524 544 3
523 542 3
650 660 1
142 159 1
328 346 1
949 958 1
215 232 1
960 968 2
711 728 1
694 709 1
1213 1216 15
72 92 2
1505 1523 1
584 600 1
1591 1594 3
154 164 1
63 71 1
518 536 1
906 921 1
787 795 1
1263 1279 1
1168 1178 1
473 479 1
174 189 1
1208 1213 1
1314 1325 1
1182 1186 9
1305 1316 1
1055 1069 1
1044 1046 7
191 197 14
1391 1400 3
1362 1369 1
151 169 1
41 57 1
276 282 1
598 606 1
1211 1231 1
331 333 7
1288 1300 1
1321 1331 1
360 376 1
417 427 1
915 930 1
1101 1111 1
583 592 5
1389 1398 1
906 919 1
966 982 1
646 662 1
896 908 1
613 624 1
301 319 1
1346 1350 1
1262 1265 2
1336 1349 1
425 433 1
372 391 2
1149 1154 1
107 118 1
1072 1085 1
844 856 1
419 425 1
478 480 1
311 323 1
12 25 1
687 699 1
1197 1215 1
531 539 3
90 102 1
530 549 1
1166 1184 1
276 282 1
159 166 1
73 83 4
100 107 1
1547 1554 6
318 321 1
214 219 7
177 185 4
167 184 1
1266 1280 1
1541 1550 1
661 675 1
25 44 1
414 428 1
1385 1399 1
372 377 2
1039 1048 1
1329 1344 1
252 263 1
358 377 1
1022 1027 5
1067 1071 1
99 110 1
616 627 1
1569 1589 1
1353 1366 3
1158 1163 5
1593 1602 2
1310 1315 1
1263 1281 1
555 565 1
1183 1201 1
1571 1581 1
1083 1100 1
437 451 1
1003 1015 1
386 399 1
1495 1511 1
174 194 1
1078 1086 1
86 104 1
605 618 2
109 118 3
849 864 1
1422 1433 1
26 37 1
57 63 1
880 892 1
99 113 1
1535 1549 1
543 560 1
486 505 1
101 120 1
148 157 1
1322 1331 1
1503 1522 1
66 84 1
1136 1153 1
1019 1034 1
822 829 5
1412 1424 1
788 802 1
18 35 1
469 488 1
1037 1050 1
337 354 1
1448 1450 1
368 373 1
877 887 1
1152 1164 1
183 202 1
1573 1589 1
1414 1428 1
568 583 1
26 38 1
279 288 1
584 601 1
318 322 1
499 505 1
1526 1535 2
1220 1227 2
153 160 1
1364 1372 2
793 799 1
1312 1327 1
62 70 1
1249 1258 1
299 305 8
1119 1132 1
613 622 2
1572 1588 1
910 928 1
577 583 1
1528 1533 2
1194 1214 1
1305 1309 1
164 183 1
836 840 1
336 353 1
1143 1163 1
1203 1220 1
679 697 1
429 434 1
909 924 1
902 906 1
884 900 1
116 136 1
1232 1241 1
1456 1476 1
657 668 1
261 274 1
998 1001 5
515 522 1
1076 1082 1
1322 1328 3
519 523 1
1093 1107 1
350 364 1
412 430 1
1247 1255 9
564 574 1
1189 1209 1
1594 1599 6
176 183 4
1286 1295 1
1399 1402 9
450 469 1
874 879 1
368 383 1
1381 1383 15
167 176 3
1430 1433 1
192 199 14
946 965 1
567 574 1
1454 1467 1
1322 1342 1
1536 1551 1
1150 1161 1
910 919 1
987 1007 1
1285 1302 1
211 231 1
427 441 1
503 522 1
147 155 1
394 396 11
38 48 1
1269 1288 1
1492 1496 2
728 747 1
1263 1269 2
35 51 1
1174 1181 2
272 285 1
253 270 1
1487 1497 1
57 76 1
635 647 1
1214 1219 15
1385 1399 1
679 690 1
1094 1099 1
922 924 14
1037 1048 1
30 35 1
182 191 5
735 746 1
630 649 1
1456 1471 1
320 335 1
691 702 1
508 522 1
634 639 5
239 248 1
1061 1064 9
977 987 1
1498 1516 1
1114 1133 1
965 979 1
14 34 1
35 54 1
439 444 5
1254 1259 2
541 558 1
1060 1080 1
12 17 5
353 361 1
755 771 1
1328 1334 1
173 192 1
1369 1375 2
473 488 1
612 631 1
279 293 1
1434 1441 1
548 567 1
1139 1154 1
1388 1408 1
398 406 1
1241 1256 1
377 380 6
279 297 1
868 873 2
900 920 1
1370 1376 2
1205 1214 1
1138 1147 1
100 120 1
87 93 1
1039 1055 1
652 656 8
134 142 1
547 561 1
376 381 2
866 876 2
1422 1429 1
470 475 3
878 884 1
172 179 1
1489 1502 1
1048 1059 1
620 627 1
1041 1050 1
269 276 7
1031 1038 1
1358 1363 3
1391 1410 1
84 102 1
1213 1221 15
110 121 3
1284 1303 1
1260 1274 1
299 315 1
139 147 1
1260 1270 1
316 329 1
1109 1113 1
688 699 1
1474 1479 1
157 163 7
1457 1464 1
1414 1426 1
1307 1317 1
523 525 6
413 426 1
68 74 15
922 923 14
692 700 1
1170 1190 1
1069 1082 1
1085 1092 3
1163 1166 15
1175 1191 1
623 628 1
1051 1071 1
648 658 1
658 666 1
722 732 1
1320 1325 3
648 666 1
1472 1483 1
1345 1348 11
99 112 1
116 135 1
43 50 1
157 169 1
1089 1101 1
40 57 1
408 424 1
888 907 1
1232 1238 5
472 477 3
53 72 1
941 958 1
482 489 1
1522 1534 1
1463 1468 2
984 992 1
661 664 3
1149 1157 1
165 185 1
943 947 1
1106 1111 1
172 192 1
57 65 1
396 402 3
927 947 1
537 545 3
1032 1052 1
1053 1067 1
647 667 1
409 426 1
190 204 1
971 985 1
42 56 1
640 649 1
436 452 1
226 235 2
1561 1580 1
650 669 1
80 94 1
16 34 1
1529 1539 2
661 679 1
170 190 1
977 992 1
573 593 1
1248 1260 1
388 405 1
797 803 5
1083 1099 1
954 969 1
377 382 2
911 921 1
388 390 12
1179 1191 1
75 86 4
1470 1476 5
232 249 1
567 583 1
1465 1476 1
1032 1043 1
1360 1374 1
36 38 2
904 923 1
1066 1073 1
518 523 1
420 427 3
835 848 1
1233 1249 1
924 940 1
164 179 1
1098 1101 1
523 526 6
822 827 5
1049 1056 5
1537 1557 1
1081 1093 1
371 375 1
1387 1389 8
1388 1397 1
119 133 1
845 853 1
608 620 2
1425 1442 1
1374 1393 1
1137 1145 2
1551 1561 1
361 372 1
1581 1587 1
1173 1189 1
386 392 2
744 760 1
736 754 1
1413 1425 1
341 351 1
666 669 5
1175 1181 2
527 542 3
802 820 1
1512 1528 1
1157 1164 1
1542 1554 1
1453 1466 1
1386 1390 2
1122 1134 1
59 70 1
1424 1442 1
906 910 2
832 837 1
189 206 1
556 561 1
57 65 1
1342 1356 1
123 139 1
1201 1219 1
1523 1530 2
1326 1339 1
1489 1496 1
352 360 1
1528 1540 2
977 986 1
678 692 1
512 531 1
80 87 4
792 802 1
577 587 1
613 623 2
1480 1495 1
1318 1325 1
382 392 2
1028 1037 1
455 460 5
33 48 1
662 666 1
945 951 1
1309 1316 1
913 931 1
1122 1126 4
1071 1091 1
1547 1565 1
1055 1065 3
938 941 7
1040 1046 1
47 58 1
38 41 2
956 976 1
1466 1481 1
721 739 1
1336 1346 1
1319 1334 1
181 193 5
318 336 1
1176 1194 1
287 291 2
1459 1462 3
234 246 1
590 599 1
418 427 1
335 349 3
657 662 3
1495 1514 1
301 319 1
1400 1408 1
577 589 1
1433 1439 1
474 492 1
185 202 1
611 626 1
1116 1129 2
406 419 1
593 610 1
69 75 15
1098 1117 1
663 668 1
430 433 5
231 239 1
1148 1159 1
649 653 1
898 916 1
1215 1234 1
959 966 2
1295 1308 1
1216 1231 1
917 937 1
396 400 3
545 554 1
771 785 1
563 576 1
1092 1111 1
1485 1491 3
1246 1260 1
1292 1298 1
1412 1417 3
57 68 1
1404 1423 1
617 627 1
1181 1187 1
110 120 3
252 258 1
1518 1534 1
62 82 1
618 631 1
480 486 1
1092 1107 1
1271 1275 3
987 989 2
1568 1588 1
394 408 1
290 298 3
201 208 1
1104 1119 1
407 413 1
1 9 2
894 898 3
765 773 1
1535 1539 10
821 825 5
670 673 1
1366 1373 10
515 529 1
362 370 1
765 766 8
271 289 1
767 779 1
1416 1421 2
368 375 1
45 50 1
1277 1294 1
134 144 1
1360 1370 1
1008 1024 1
973 988 1
140 159 1
602 605 10
225 241 1
269 286 1
1056 1059 6
154 157 7
1272 1284 1
1382 1392 1
336 355 1
860 875 1
1530 1542 2
53 69 1
803 816 5
1241 1256 1
491 499 9
613 615 6
987 992 1
1244 1261 1
74 94 1
1326 1341 1
972 978 9
126 131 1
524 542 3
525 530 3
179 184 4
823 831 5
200 210 1
933 942 1
311 325 1
1514 1534 1
1475 1480 1
263 272 1
763 777 1
81 100 1
162 182 1
869 885 1
482 489 1
972 991 1
1156 1174 1
1514 1523 1
1500 1512 1
1464 1482 1
192 207 1
1357 1368 3
318 336 1
482 490 1
51 57 2
351 355 1
1461 1474 1
639 651 1
1309 1327 1
1105 1124 1
612 620 2
278 295 1
487 506 1
1483 1492 3
1309 1324 1
306 326 1
894 901 3
626 645 1
873 884 1
611 620 2
583 588 5
462 469 5
677 683 1
1174 1191 1
1530 1544 1
235 246 1
1172 1177 4
645 653 1
1187 1204 1
651 666 1
385 404 1
954 958 3
1252 1256 2
242 245 6
1118 1130 2
51 61 1
963 983 1
185 189 5
530 537 15
1374 1394 1
339 350 1
1172 1186 1
737 756 1
729 734 6
878 884 1
842 855 1
763 769 4
715 728 5
932 942 1
29 48 1
632 647 1
614 633 1
1413 1432 1
307 310 2
848 851 2
1140 1151 1
1166 1171 3
185 203 1
1090 1109 1
1393 1407 1
592 609 1
38 48 1
1445 1452 1
881 901 1
417 429 1
1415 1427 1
1174 1178 16
1150 1162 1
51 58 2
96 100 4
446 455 1
148 161 1
408 419 1
1489 1490 9
540 556 1
1335 1353 1
579 582 3
1097 1100 1
370 378 1
227 244 1
281 290 1
1371 1390 1
1277 1289 1
333 353 1
1405 1424 1
265 279 1
291 306 1
75 90 2
127 140 1
1028 1040 1
1491 1503 1
756 775 1
329 338 1
1138 1145 2
1493 1506 1
1528 1544 1
173 187 1
1400 1420 1
658 673 1
1477 1495 1
464 468 5
1402 1409 1
395 404 1
1362 1371 1
1123 1143 1
302 311 2
1348 1355 2
100 111 1
484 496 1
413 422 1
82 88 4
132 147 1
1103 1108 1
1085 1100 1
6 25 1
1135 1140 1
558 562 1
950 967 1
798 813 5
603 609 2
874 878 4
351 364 1
320 331 1
1254 1261 1
100 115 1
592 608 1
254 273 1
1113 1122 3
627 637 1
197 202 7
979 982 1
1422 1434 1
527 534 9
1480 1491 3
1430 1448 1
358 372 1
1569 1580 1
1037 1043 1
504 521 1
500 515 1
1292 1300 1
1080 1090 1
876 886 1
1211 1221 15
188 205 1
508 519 1
777 789 1
490 501 1
1242 1254 1
138 152 1
1223 1234 1
1485 1491 3
574 588 1
1357 1369 1
748 760 1
1539 1549 1
449 464 1
18 27 1
1471 1483 1
390 405 1
120 128 1
194 205 1
1161 1168 15
902 910 1
304 321 1
94 107 1
359 372 1
721 741 1
1549 1564 1
627 644 1
1100 1111 1
701 705 1
797 803 5
971 981 1
155 161 7
521 536 3
1469 1486 1
1316 1328 1
521 529 3
249 255 5
1249 1256 1
808 820 1
251 263 1
1448 1466 1
935 955 1
646 654 1
1509 1511 4
310 312 3
551 560 1
483 497 1
827 843 1
554 563 1
802 822 1
205 218 1
774 784 2
320 338 1
1341 1356 1
1569 1580 1
512 524 1
75 94 1
471 478 3
305 317 1
543 550 1
1041 1055 1
913 923 1
687 698 1
884 887 9
607 615 6
1434 1444 1
342 354 1
140 156 1
1431 1442 1
1384 1403 1
156 169 1
833 845 1
616 634 1
1267 1270 10
1375 1383 3
596 605 1
794 805 1
878 889 1
649 658 1
1532 1541 2
708 719 1
1328 1333 5
892 907 1
1027 1045 1
1546 1556 2
368 374 1
1031 1040 1
1024 1035 1
156 174 1
448 464 1
1255 1273 1
1587 1601 1
970 983 1
1110 1126 1
1154 1165 1
319 323 1
154 162 7
978 984 1
364 373 1
997 1009 1
1395 1401 3
1032 1052 1
1400 1411 1
1514 1522 1
291 302 1
832 839 1
761 769 1
957 974 1
491 496 9
822 839 1
355 373 1
300 313 1
733 752 1
96 102 2
561 565 1
515 526 1
1174 1182 2
741 744 9
668 675 1
1065 1079 1
41 48 1
140 154 1
57 62 1
814 832 1
654 664 3
227 246 1
770 783 1
952 969 1
503 522 1
1038 1054 1
1494 1505 1
1172 1184 1
136 148 1
34 52 1
196 204 1
580 584 5
1229 1231 16
149 161 1
1254 1265 1
791 811 1
25 38 1
226 244 1
1048 1059 1
1302 1306 5
1297 1308 5
675 691 1
1572 1584 1
143 157 1
1083 1099 1
1522 1537 1
474 485 1
1551 1566 1
479 485 1
467 485 1
239 246 1
64 84 1
467 486 1
427 432 1
281 290 1
330 342 1
32 47 1
620 634 1
1516 1527 1
833 840 1
1350 1357 6
1000 1020 1
1392 1398 3
418 438 1
1168 1188 1
427 445 1
436 448 1
313 322 1
942 947 1
674 681 1
1139 1145 2
475 482 1
1089 1107 1
1056 1061 6
1120 1136 1
530 535 15
744 756 3
11 16 5
386 403 1
1129 1140 1
1576 1580 1
1371 1373 10
1115 1135 1
337 350 1
953 972 1
1507 1527 1
399 401 3
1251 1259 2
1296 1300 1
169 188 1
472 492 1
1046 1065 1
675 682 1
1018 1028 1
489 501 1
1442 1452 1
311 328 1
668 684 1
710 721 1
790 803 1
1590 1597 3
1534 1550 1
926 932 5
564 581 1
424 429 6
182 197 1
122 135 1
375 385 2
625 645 1
117 136 1
964 979 1
530 538 3
253 271 1
344 360 1
930 937 1
67 81 1
1309 1319 1
191 205 1
838 850 1
1328 1346 1
647 664 1
1255 1261 1
418 428 1
729 746 1
1528 1538 2
186 203 1
622 630 1
1050 1069 1
665 682 1
579 596 1
1079 1088 1
529 544 3
456 475 1
47 49 1
613 615 6
1350 1364 3
359 367 1
921 935 1
1059 1076 1
1581 1587 1
745 751 3
512 526 1
1321 1322 9
1036 1054 1
578 585 1
703 714 1
1505 1522 1
236 246 1
308 321 1
905 909 2
1257 1266 1
367 378 1
807 818 5
1488 1492 9
681 698 1
873 891 1
43 57 1
268 279 1
252 268 1
1055 1058 6
1527 1545 1
1017 1031 1
703 720 1
329 338 1
523 529 3
420 423 3
481 492 1
1027 1044 1
543 545 3
953 962 1
1256 1263 1
379 393 2
1048 1064 1
338 351 1
1070 1085 1
1163 1180 1
457 465 5
1228 1235 1
721 724 5
1062 1070 1
308 325 1
36 49 1
841 846 1
1372 1392 1
1223 1226 2
957 969 2
960 975 1
745 752 3
896 904 1
740 750 3
1250 1258 2
1122 1141 1
1361 1375 1
445 449 6
512 531 1
668 686 1
1477 1496 1
959 974 1
1486 1504 1
158 167 1
24 44 1
486 502 1
280 293 1
826 846 1
1096 1098 9
136 145 1
305 322 1
1521 1524 5
685 701 1
1204 1221 1
46 63 1
267 279 1
1014 1034 1
431 439 1
885 903 1
455 463 5
492 505 1
1554 1558 1
1111 1118 1
1108 1112 1
539 554 1
1369 1383 1
1526 1541 2
1424 1438 1
295 308 2
393 403 1
541 560 1
892 912 1
295 314 1
536 540 3
509 514 1
413 426 1
3 23 1
941 952 1
465 484 1
596 614 1
310 322 1
1370 1373 10
1539 1555 1
17 29 1
1286 1303 1
296 302 16
427 439 1
680 694 1
187 200 7
1197 1205 1
1117 1122 12
902 918 1
274 292 1
236 245 1
315 324 1
504 510 7
388 391 4
1480 1489 3
321 339 1
552 558 1
389 409 1
1570 1578 1
775 791 1
1151 1171 1
918 930 1
252 271 1
459 471 5
1531 1539 2
1425 1429 1
1023 1041 1
921 928 1
1276 1283 2
1374 1383 3
888 893 5
732 743 5
1420 1433 1
78 81 12
1477 1483 3
178 185 4
1537 1551 1
1569 1587 1
870 890 1
862 882 1
1318 1330 1
328 339 1
285 295 1
933 941 1
246 260 1
531 544 3
1137 1150 1
1151 1164 1
1522 1530 1
1104 1105 10
1302 1309 1
208 218 1
749 766 1
1068 1074 2
1084 1094 3
463 473 1
1138 1146 1
1231 1240 1
1500 1512 1
555 573 1
1302 1322 1
1180 1195 1
153 170 1
645 648 6
1204 1224 1
1042 1049 1
458 473 1
706 718 1
976 980 1
244 253 1
224 234 1
1430 1449 1
63 80 1
980 991 1
152 171 1
499 518 1
81 94 1
1153 1164 1
1490 1504 1
135 138 14
588 605 1
360 364 1
825 835 5
1311 1317 1
1511 1518 6
232 239 1
1041 1047 1
296 302 16
694 697 3
1220 1229 2
804 820 1
777 793 1
16 23 3
954 959 3
633 642 1
570 582 1
1371 1377 1
1188 1207 1
1227 1230 16
1299 1315 1
904 924 1
559 574 1
702 710 1
461 467 5
1440 1454 1
700 706 1
496 512 1
938 943 1
797 807 5
680 685 1
166 183 1
1124 1132 3
662 676 1
277 280 7
1153 1157 1
478 492 1
627 639 1
479 491 1
138 152 1
189 200 7
363 379 1
969 973 5
611 621 2
224 234 1
469 480 1
79 83 4
926 939 1
24 39 1
1092 1111 1
1456 1460 4
1513 1530 1
34 42 1
19 25 3
768 786 1
1050 1063 3
946 959 1
1507 1519 1
1269 1277 3
342 356 1
677 694 1
363 375 1
1260 1265 1
1483 1493 3
792 800 1
982 989 1
569 575 1
1307 1316 1
878 889 1
106 120 1
369 386 1
158 167 1
979 994 1
1265 1268 10
1043 1061 1
590 607 1
641 647 1
396 414 1
22 41 1
641 652 1
1432 1450 1
616 632 1
208 223 1
1409 1428 1
1556 1575 1
357 377 1
843 847 3
813 828 1
272 289 1
737 752 1
1193 1209 1
1418 1424 1
175 187 1
913 921 1
126 139 1
1394 1408 1
501 521 1
546 564 1
269 281 1
1330 1348 1
1164 1183 1
708 719 1
617 621 2
565 580 1
1085 1097 3
1453 1473 1
558 568 1
120 128 1
1378 1386 1
1397 1409 1
219 226 5
934 954 1
436 448 1
1191 1208 1
635 650 1
238 258 1
226 243 1
633 653 1
114 128 1
189 204 1
135 139 14
601 610 2
489 496 1
916 929 1
1050 1068 1
693 697 3
269 281 1
523 540 3
1175 1186 1
1495 1502 5
523 543 3
647 658 1
649 657 1
19 25 3
741 755 3
1511 1521 1
130 144 1
620 625 1
241 244 3
1369 1378 1
404 408 1
886 895 5
1362 1363 3
133 141 1
978 987 1
1236 1250 1
1541 1552 1
212 216 1
10 29 1
1355 1360 3
593 607 1
293 309 1
1296 1307 1
1199 1207 1
1094 1114 1
1126 1132 3
609 622 2
1394 1404 1
367 379 1
487 498 1
1433 1440 1
713 723 2
483 488 2
1491 1506 1
1339 1341 9
652 664 1
1262 1267 2
993 1009 1
323 332 1
248 259 1
1423 1442 1
805 814 5
1423 1426 5
362 377 1
1544 1563 1
297 312 1
1116 1131 1
1350 1363 3
1045 1053 1
384 399 1
1136 1150 1
1418 1438 1
304 324 1
1406 1425 1
761 780 1
169 189 1
483 499 1
1490 1503 1
1377 1382 3
469 482 1
1143 1155 1
18 19 3
33 44 1
641 656 1
612 628 1
136 144 1
196 213 1
1415 1422 2
168 175 3
1331 1348 1
987 991 2
927 943 1
412 426 1
602 609 2
63 74 1
817 834 1
1200 1211 1
323 334 1
1074 1077 1
730 735 6
85 103 1
1189 1198 15
991 999 1
712 720 8
984 992 1
433 445 1
1222 1226 2
168 170 15
1501 1513 1
316 332 1
689 701 1
1375 1383 3
855 867 1
339 357 1
153 157 1
580 586 5
1206 1219 1
1458 1462 3
172 180 1
316 323 1
1477 1488 3
1013 1031 1
1461 1463 3
1180 1192 1
95 107 1
581 598 1
698 713 1
1294 1300 1
746 756 15
1505 1523 1
1396 1401 3
720 740 1
761 763 1
1464 1483 1
293 304 1
875 893 1
790 806 1
121 129 1
913 920 1
122 133 1
27 35 1
772 788 1
389 403 1
637 643 1
1416 1428 1
113 130 1
472 490 1
345 363 1
1151 1161 1
1427 1439 1
761 765 1
1340 1347 1
748 757 5
937 953 1
1489 1497 1
895 905 1
43 58 1
245 246 11
1223 1237 1
1402 1420 1
1196 1205 1
1454 1466 1
1167 1173 3
949 966 1
1205 1217 1
730 748 1
836 841 1
603 610 2
1524 1532 2
546 553 2
742 760 1
1446 1451 1
257 265 2
801 809 5
362 377 1
869 877 4
1160 1169 15
1522 1528 1
700 711 1
506 517 1
516 523 1
1572 1591 1
74 86 4
748 754 15
1246 1255 9
922 936 1
329 338 1
1343 1359 1
1558 1562 1
1171 1188 1
954 970 1
433 446 1
516 533 1
1290 1292 2
407 419 1
377 380 6
1287 1304 1
1379 1386 1
1119 1129 2
358 367 1
1315 1333 1
4 13 1
757 766 1
1053 1064 3
938 957 1
752 768 1
361 372 1
338 348 3
1045 1058 1
1539 1548 1
340 356 1
459 463 5
1428 1431 1
851 871 1
381 397 1
760 763 1
1361 1377 1
4 11 2
1238 1245 1
1426 1442 1
279 288 1
954 974 1
949 951 2
1542 1556 1
1253 1268 1
1108 1111 1
938 957 1
294 308 2
1003 1020 1
842 845 7
160 175 1
339 354 1
1206 1226 1
719 725 5
1326 1333 1
54 63 1
1526 1542 2
797 804 5
318 323 1
708 726 1
30 35 1
293 302 1
1507 1517 1
625 642 1
506 512 1
722 740 1
1295 1314 1
1252 1262 1
121 141 1
668 677 1
728 743 1
1229 1236 1
911 916 1
249 262 1
532 537 15
595 615 1
1083 1098 3
1279 1292 1
1493 1506 1
634 641 1
777 785 1
837 845 1
170 188 1
755 765 1
1426 1432 1
1249 1257 1
1134 1145 1
34 44 1
319 331 1
1008 1023 1
840 848 1
248 264 1
1258 1263 1
471 488 1
1110 1127 1
867 881 1
1119 1137 1
1350 1363 3
513 524 1
1239 1249 1
503 521 1
244 256 1
1455 1466 1
707 726 1
661 674 1
1590 1596 3
1038 1054 1
6 19 1
25 39 1
430 446 1
579 592 1
454 460 1
870 880 1
257 266 2
1237 1247 1
667 684 1
147 162 1
582 586 5
596 613 1
518 522 1
916 921 5
443 454 1
849 860 1
739 754 1
533 539 3
352 364 1
322 325 1
396 400 3
63 69 1
977 991 1
1583 1591 1
262 281 1
942 958 1
595 601 1
98 105 2
567 576 1
1110 1117 1
214 229 1
223 238 1
693 697 3
1255 1257 2
1073 1087 1
691 701 1
908 928 1
54 57 2
1014 1033 1
1009 1021 1
1385 1393 1
55 69 1
489 506 1
630 638 10
1017 1025 1
450 467 1
1563 1572 1
1568 1573 16
834 845 1
