1501 1990
401 404 3
1453 1456 1
445 447 2
343 348 15
877 882 3
136 139 9
1039 1044 1
1481 1486 1
453 457 5
1152 1156 1
1171 1173 1
1042 1044 5
606 609 2
1153 1155 1
1121 1126 5
1184 1186 15
895 898 3
661 666 5
256 259 5
1301 1305 5
1117 1121 1
66 70 4
451 454 5
1236 1241 2
1301 1303 5
624 629 1
531 532 5
738 742 6
1253 1258 1
244 246 1
573 578 1
994 998 10
1032 1035 12
1392 1397 1
1377 1379 3
1491 1494 10
912 915 1
1489 1494 2
1344 1346 5
1370 1375 1
1314 1319 1
493 498 2
898 900 2
1120 1122 1
558 563 1
92 96 10
1486 1491 4
1015 1020 1
485 488 1
1032 1036 12
771 775 1
994 996 10
1337 1339 5
402 404 6
144 148 3
10 14 1
381 385 1
505 509 1
761 766 1
911 916 1
1452 1455 1
1118 1121 2
814 815 1
122 126 1
650 654 7
553 557 1
919 922 15
1205 1209 1
344 348 15
550 554 3
655 658 5
1450 1455 1
563 565 7
295 299 5
268 270 15
426 431 1
573 577 1
359 363 2
396 401 1
7 12 1
454 457 5
949 953 3
1125 1129 15
456 459 1
572 576 1
918 920 15
550 554 3
231 233 12
1101 1106 1
576 579 1
806 809 5
781 786 1
740 743 15
1280 1285 5
715 718 7
1048 1050 1
1002 1006 2
213 218 5
650 653 7
482 486 9
1455 1460 1
839 842 3
1162 1165 10
1223 1225 12
157 159 9
1186 1190 1
854 855 4
1030 1032 12
536 539 2
1101 1106 1
1452 1455 1
172 177 9
425 427 10
47 49 15
496 497 14
1277 1280 2
421 426 2
583 585 3
855 857 4
389 392 2
146 151 1
156 159 3
467 470 8
615 619 1
654 657 2
1295 1300 5
606 607 2
1432 1436 1
1487 1492 4
320 321 8
242 246 1
430 433 3
1434 1439 2
656 661 1
93 96 10
1379 1383 1
1090 1095 1
1391 1395 1
442 444 1
1046 1049 1
1287 1289 2
1177 1182 8
455 460 1
306 310 3
800 805 3
651 654 7
1363 1365 1
814 819 1
1193 1197 8
514 519 1
606 609 2
1430 1433 9
1151 1153 1
1269 1274 1
1435 1440 10
917 922 5
928 932 2
1183 1186 15
322 327 1
706 707 7
1094 1099 10
1406 1411 6
1260 1265 1
316 321 8
1098 1102 1
470 474 2
483 487 9
523 528 1
891 896 7
44 47 3
33 35 8
443 448 1
327 331 1
130 135 1
27 29 12
407 412 5
682 685 2
970 975 1
1057 1061 3
527 528 1
558 562 1
7 11 1
14 18 2
1019 1021 5
844 849 1
1198 1200 1
1401 1405 3
445 449 2
671 676 1
922 927 5
17 22 1
1178 1179 8
974 979 9
1170 1173 1
331 333 2
1409 1413 6
1358 1361 3
689 694 1
531 533 5
982 987 5
1021 1025 2
683 687 3
631 635 2
165 170 3
1280 1284 5
849 853 2
456 460 1
1153 1154 1
397 401 1
886 891 5
1077 1081 5
1156 1160 2
72 77 1
261 265 7
536 539 2
651 656 7
398 401 7
711 714 1
900 902 6
535 539 1
224 228 1
1090 1094 1
155 157 3
1240 1245 1
447 451 10
1308 1312 1
749 754 3
189 191 15
398 402 7
978 983 4
533 538 1
703 707 1
501 503 5
1176 1179 8
1137 1142 9
1467 1470 5
186 191 15
884 888 5
1369 1373 2
354 358 5
542 544 4
609 612 8
225 226 9
1236 1241 2
532 536 1
100 102 6
936 940 3
527 528 1
1425 1428 8
1021 1026 2
793 798 5
537 538 14
387 391 2
658 660 3
1143 1144 2
924 927 5
1363 1368 1
1320 1323 1
1249 1253 1
454 457 5
956 961 1
44 47 3
1385 1388 2
621 624 2
389 392 2
1088 1093 1
411 414 2
1151 1155 1
1177 1179 8
1081 1085 1
705 706 7
425 430 5
700 705 1
657 660 1
268 270 15
886 890 5
483 488 1
840 842 3
550 552 15
296 300 10
493 498 2
1364 1366 1
223 228 1
1119 1121 2
462 467 1
1410 1413 6
1271 1273 1
3 6 3
481 485 9
46 50 5
33 38 4
790 791 5
139 144 1
257 260 5
936 941 3
1300 1305 5
284 288 3
1390 1395 1
879 884 9
865 869 2
1417 1422 1
1259 1263 3
918 923 5
605 608 2
994 997 10
594 597 5
603 608 1
1281 1283 15
451 454 5
46 51 5
662 667 5
222 227 1
259 264 7
1032 1036 12
863 868 1
1063 1066 1
1376 1378 12
451 453 5
970 973 1
1028 1033 3
131 133 1
124 127 14
1361 1363 7
465 468 16
1153 1155 1
874 875 1
842 844 1
1361 1366 1
1074 1078 1
911 916 1
302 307 15
1116 1119 7
608 613 1
294 299 5
287 292 1
1044 1048 1
36 41 7
419 421 8
209 213 1
1332 1337 1
245 247 3
447 450 10
896 899 1
604 608 2
384 387 7
813 815 1
31 36 1
747 752 1
1286 1289 2
1405 1410 6
797 801 5
1070 1075 3
1050 1053 4
370 371 14
1008 1011 1
1141 1143 1
216 221 5
594 596 5
1179 1182 8
1391 1396 1
1162 1167 5
1481 1485 1
1129 1133 1
99 101 6
1287 1291 1
181 184 9
1276 1281 2
144 149 1
197 202 6
1413 1417 4
565 570 1
1239 1241 10
781 785 1
787 791 5
1454 1458 1
197 202 6
846 850 1
16 20 1
607 612 8
918 921 15
385 388 9
507 512 3
1327 1332 8
1025 1029 9
145 149 1
5 10 1
762 766 1
1150 1155 1
1487 1491 8
1222 1226 2
1004 1008 2
282 287 2
91 95 2
875 878 1
535 539 1
258 260 5
25 28 3
136 139 9
1220 1225 2
131 135 1
871 876 1
544 548 1
443 444 1
442 446 1
1119 1122 1
1156 1160 2
141 146 1
1193 1197 8
1119 1121 2
991 993 2
799 804 3
85 90 12
495 497 14
634 636 2
771 775 1
1383 1388 2
910 912 12
94 96 10
208 213 1
428 431 1
756 761 1
8 12 1
360 365 2
757 762 1
735 740 2
427 432 1
910 912 12
691 694 1
1495 1498 2
1131 1136 1
818 823 9
1481 1485 1
682 687 1
598 603 1
426 430 5
1480 1483 1
867 869 2
1203 1207 1
1162 1165 10
789 792 1
993 998 2
1021 1024 2
769 773 1
461 466 7
857 859 15
651 654 7
174 176 9
70 75 1
873 875 1
440 442 9
1348 1350 6
1064 1069 1
1088 1090 1
1177 1182 8
436 440 1
217 220 15
645 649 5
1118 1121 2
754 758 15
421 426 2
1063 1067 1
947 952 3
1154 1155 1
1237 1242 2
1355 1358 9
655 660 1
397 402 1
1186 1191 1
1258 1262 3
1049 1052 1
1347 1352 6
181 183 9
778 783 2
1037 1040 6
1476 1481 2
372 377 2
689 693 1
1179 1181 8
1 4 12
431 434 3
440 443 9
1009 1010 1
132 137 1
664 666 5
1326 1327 1
1175 1179 1
1491 1494 10
765 767 2
682 686 1
773 778 7
189 193 15
656 660 1
1131 1136 1
1285 1288 6
491 496 1
897 898 15
141 143 2
938 940 15
49 54 10
223 226 1
1018 1021 1
704 708 1
36 40 7
456 457 5
228 233 4
327 330 1
787 790 5
842 843 1
1299 1301 5
428 432 1
735 739 14
386 389 2
370 374 2
282 287 2
720 722 7
63 67 16
272 277 1
1313 1315 1
150 154 6
474 477 3
1414 1415 4
1170 1174 1
1127 1131 3
187 190 15
915 920 5
1214 1219 2
1162 1165 10
494 498 2
280 285 10
326 328 7
117 122 11
271 276 1
805 807 15
152 157 3
983 988 5
157 162 1
567 571 1
556 559 5
325 328 1
520 523 1
625 627 1
767 772 1
1317 1321 1
1239 1243 1
702 707 1
304 309 3
1344 1349 5
706 710 7
1044 1046 7
1022 1027 6
270 274 1
1094 1098 10
240 242 10
631 635 2
706 709 7
1017 1021 1
115 119 1
1309 1313 1
269 272 3
1157 1160 6
114 118 1
702 705 1
829 834 1
590 594 3
1035 1040 6
383 388 1
553 556 7
1318 1320 5
882 887 9
337 341 3
1276 1278 6
399 403 1
1246 1250 4
1434 1436 2
1425 1429 8
115 118 1
1223 1225 12
178 182 1
700 705 1
1161 1164 10
217 222 5
1474 1478 4
368 370 14
147 152 2
1041 1042 5
992 996 2
603 607 1
545 550 1
543 548 1
1152 1156 1
619 622 4
558 560 5
687 691 2
713 715 1
1480 1483 1
471 472 2
1364 1367 1
654 659 1
64 67 16
1353 1358 9
945 950 6
1199 1203 1
211 214 1
592 597 1
408 409 15
238 242 5
955 958 9
1412 1415 2
547 552 3
444 447 2
1069 1072 9
1354 1358 9
581 585 3
900 904 3
106 111 16
224 227 9
1143 1148 1
1195 1200 1
643 648 5
136 140 9
558 560 5
538 543 1
321 322 8
501 505 1
805 806 15
1390 1395 1
245 247 3
243 248 1
318 323 4
1185 1187 15
469 474 2
1193 1197 8
467 470 8
14 18 2
258 263 1
709 713 9
1417 1422 1
1067 1069 1
1086 1090 1
73 75 1
1493 1496 2
248 253 5
1403 1406 3
410 412 10
439 442 1
1455 1459 1
15 18 2
1248 1252 1
682 685 2
1358 1362 3
1307 1312 1
153 156 3
1162 1164 10
456 459 1
958 962 1
1055 1059 3
1493 1495 10
1121 1125 5
179 183 1
1202 1206 1
416 420 14
129 132 4
656 660 1
67 70 4
1101 1106 1
1279 1284 5
750 754 3
1130 1133 1
273 277 1
258 260 5
535 538 1
1496 1498 8
761 765 1
595 597 5
306 309 3
1468 1473 1
966 968 4
564 565 7
669 673 3
64 68 4
588 593 1
757 762 1
400 401 7
123 128 2
1276 1281 2
1091 1093 3
1461 1464 12
370 371 14
487 492 1
609 614 1
231 234 6
285 289 1
97 102 6
536 540 2
836 839 1
211 214 1
386 391 2
1152 1155 1
269 271 6
1433 1438 1
841 846 1
715 717 7
380 384 5
151 155 6
517 522 1
1138 1142 9
675 680 4
690 692 5
12 15 1
541 544 1
1238 1243 1
761 765 1
1035 1040 6
484 488 1
21 26 7
717 722 7
925 927 5
1298 1302 5
472 477 1
604 607 2
896 900 1
446 451 10
1118 1123 1
1403 1406 3
1133 1137 5
1102 1106 1
412 416 2
229 234 6
792 796 1
485 490 1
228 231 4
701 705 1
1134 1137 5
674 677 4
548 553 15
1425 1430 8
306 311 3
21 24 7
753 756 15
973 977 9
759 761 1
1100 1103 1
925 927 5
1216 1218 10
45 50 5
130 132 8
922 926 5
637 641 12
674 676 8
495 499 2
1153 1154 1
609 612 8
606 608 2
473 478 1
14 16 16
1174 1179 1
551 554 12
762 764 9
103 107 3
460 465 7
207 211 1
921 926 5
1355 1360 3
814 819 1
1237 1240 2
754 757 15
1154 1157 1
1171 1174 1
924 928 1
1151 1154 1
1358 1363 1
561 566 1
606 610 2
395 399 15
924 927 5
802 806 3
718 722 7
233 237 3
893 897 7
427 430 5
680 684 2
935 940 3
1191 1193 16
735 739 14
1414 1418 4
221 226 1
852 856 2
937 941 3
1277 1282 2
1169 1171 9
1207 1211 8
1183 1185 15
326 331 1
929 932 2
870 872 1
1163 1166 5
1045 1048 1
542 544 4
699 703 1
1348 1352 6
485 488 1
790 792 1
71 76 1
1307 1311 4
283 285 10
783 785 5
1040 1045 5
277 281 2
1092 1095 1
1261 1265 4
502 503 5
784 786 1
276 279 3
1419 1424 5
1135 1139 5
502 507 1
587 592 1
760 764 1
241 242 10
438 443 1
1413 1417 4
1373 1376 7
1102 1104 1
789 791 5
192 197 15
659 661 1
1020 1021 5
806 810 5
1161 1165 10
691 693 3
759 764 1
935 939 3
221 224 1
162 166 3
565 570 1
444 449 2
326 328 7
469 473 2
813 815 1
418 423 2
564 566 1
664 668 5
748 753 3
1288 1291 1
1022 1027 6
615 619 1
864 868 2
163 166 3
1168 1171 9
540 544 1
958 963 1
1279 1284 5
764 768 1
747 749 5
765 768 1
1266 1270 14
492 496 1
1288 1293 1
917 920 5
853 857 2
884 888 5
1273 1278 3
72 77 1
1486 1491 4
193 197 15
1455 1460 1
1148 1153 1
283 286 10
1204 1208 1
790 791 5
1411 1416 2
980 984 4
580 585 3
1169 1174 1
784 786 1
1216 1221 2
506 509 3
472 476 1
808 812 5
340 344 9
270 273 3
875 879 1
1360 1362 3
1179 1184 1
881 884 9
1263 1268 2
646 651 10
522 527 4
1423 1426 1
12 17 1
178 183 1
321 325 1
654 659 1
1326 1331 1
70 74 1
394 399 15
704 709 1
965 970 4
783 787 1
284 289 1
1458 1461 6
114 118 1
875 879 1
840 843 1
132 135 1
1270 1274 1
352 356 1
1031 1036 12
221 224 1
482 487 9
840 843 1
1135 1139 5
920 923 5
545 547 1
139 143 1
1454 1458 1
1432 1436 1
869 871 2
388 392 2
1455 1458 1
320 322 8
672 675 3
569 572 1
160 163 5
947 950 6
1086 1091 1
530 534 1
925 930 1
949 953 3
238 241 5
906 910 4
1441 1445 15
486 490 1
1158 1161 6
641 646 5
44 47 3
979 983 4
509 513 10
98 102 6
43 48 3
1148 1153 1
1178 1182 8
1051 1056 1
705 709 7
664 668 5
971 975 1
1129 1132 3
1049 1051 1
1210 1212 8
388 389 2
874 879 1
629 632 2
114 118 1
1040 1042 5
783 786 1
1318 1322 1
75 78 1
531 533 5
424 428 5
541 545 1
74 76 1
359 362 6
388 392 2
1403 1407 3
240 243 5
306 309 3
595 599 5
159 162 5
635 639 2
521 523 1
287 291 1
790 792 1
1318 1319 5
1049 1052 1
225 228 1
801 806 3
1 4 12
654 659 1
402 403 6
1270 1274 1
1234 1238 1
1434 1438 2
805 810 5
994 995 10
1148 1153 1
1365 1368 9
672 676 1
1286 1290 1
686 691 1
911 914 3
925 930 1
1143 1144 2
575 578 1
1132 1136 5
412 416 2
25 30 1
539 542 1
409 411 5
1102 1104 1
632 636 2
72 77 1
1449 1453 2
225 228 1
1348 1350 6
1438 1442 15
1044 1047 7
424 429 5
636 639 2
1263 1268 2
1039 1044 1
962 967 1
239 242 5
545 548 1
1064 1068 1
715 719 7
258 263 1
1236 1238 2
1359 1361 3
73 75 1
132 135 1
551 556 1
962 967 1
1176 1181 8
682 686 1
319 321 8
451 453 5
779 784 4
278 282 2
894 898 3
1408 1413 6
144 148 3
588 593 1
428 431 1
1092 1096 1
400 403 1
12 16 1
792 797 1
294 299 5
208 212 1
1305 1309 2
1101 1103 1
1394 1395 1
1054 1057 9
934 939 3
952 957 2
367 369 14
115 120 1
1046 1049 1
1142 1145 1
777 782 1
368 372 14
202 205 1
630 634 2
92 97 10
705 707 7
1261 1266 4
368 372 14
993 994 2
707 712 7
492 496 1
834 839 1
1221 1226 2
776 781 1
1315 1319 1
983 987 5
573 576 1
1235 1240 1
1093 1095 5
503 507 2
620 624 2
1136 1138 5
969 974 1
492 497 1
631 636 2
1029 1032 12
207 212 1
122 125 1
947 950 6
509 514 5
145 148 3
9 12 1
1246 1250 4
1447 1452 1
607 609 8
934 938 3
679 684 2
589 592 1
478 483 2
85 90 12
70 74 1
649 653 7
693 696 2
360 362 12
244 245 1
285 289 1
1053 1057 9
875 880 1
1258 1263 3
835 840 1
1336 1341 1
500 503 5
451 454 5
686 689 1
216 220 5
1102 1104 1
878 883 3
442 446 1
1310 1312 1
154 156 3
709 714 1
355 360 7
1445 1447 3
656 661 1
842 843 1
891 895 7
1161 1166 5
1005 1009 1
330 335 1
670 674 3
10 15 1
795 798 5
1221 1224 2
327 330 1
1199 1204 1
1373 1377 7
898 901 2
285 290 1
471 476 1
958 963 1
1263 1266 4
1183 1187 15
799 804 3
1115 1120 1
970 973 1
1298 1302 5
1470 1473 4
1425 1429 8
374 377 10
1219 1224 2
1394 1396 1
963 965 15
872 875 1
684 689 1
1452 1456 1
809 813 5
49 51 10
882 887 9
701 705 1
409 413 5
1100 1103 1
1193 1198 8
130 133 1
464 469 1
1453 1458 1
1482 1487 1
1418 1419 4
594 597 5
443 444 1
450 452 10
899 901 2
666 667 15
965 968 4
1281 1284 15
270 274 1
1299 1302 5
890 894 7
804 806 3
360 362 12
1454 1457 1
257 262 1
518 522 1
911 916 1
518 522 1
308 312 6
759 761 1
1030 1033 12
911 914 3
1461 1466 6
583 587 3
1297 1301 5
1072 1076 1
692 693 3
1015 1016 12
1425 1428 8
136 139 9
1138 1141 9
814 816 1
1408 1411 6
1439 1442 15
325 329 1
1011 1015 1
1100 1104 1
148 153 2
1072 1074 6
18 22 1
493 496 2
541 546 1
267 271 3
274 277 1
799 804 3
874 877 1
445 449 2
783 786 1
900 904 3
1120 1123 1
1414 1417 4
662 666 5
425 428 5
1209 1212 8
1194 1199 1
496 500 2
1115 1119 1
1494 1499 2
1171 1176 1
331 333 2
706 707 7
812 817 1
44 47 3
123 124 16
626 627 1
1219 1223 2
567 570 1
77 80 10
1139 1144 1
365 368 12
788 791 5
533 538 1
25 28 3
562 565 7
1439 1444 15
515 519 2
737 741 6
1243 1248 1
933 934 6
573 576 1
1421 1425 1
1484 1487 9
241 243 5
278 280 2
1035 1040 6
504 506 2
1082 1086 2
471 475 2
710 714 1
2 5 6
382 387 7
804 809 1
1265 1270 14
887 891 5
1152 1153 1
1224 1229 12
564 565 7
1253 1256 2
881 883 9
955 959 3
66 71 4
873 875 1
1170 1174 1
320 323 4
962 967 1
768 772 1
1013 1017 4
1369 1374 1
1348 1350 6
1311 1314 5
356 361 1
814 816 1
608 612 8
1199 1200 1
515 518 2
1304 1306 10
73 76 1
687 691 2
367 370 14
938 941 15
1434 1439 2
1048 1049 1
1375 1380 1
930 932 2
1091 1094 1
895 898 3
389 393 2
361 366 2
1155 1160 1
147 149 2
541 543 1
269 274 1
1237 1240 2
408 410 15
1139 1143 1
871 874 5
659 663 1
1373 1376 7
1037 1041 6
1361 1364 7
1012 1014 14
92 96 10
534 539 1
122 125 1
1104 1107 2
153 154 6
352 356 1
1117 1120 3
568 571 1
548 552 15
79 83 5
924 929 1
795 798 5
324 329 1
376 379 1
1255 1258 3
666 669 3
1188 1193 16
627 629 1
438 443 1
629 630 14
655 657 10
450 453 5
369 370 14
322 326 3
1177 1181 8
1011 1016 1
109 111 16
1063 1066 1
1035 1039 6
23 27 1
1375 1380 1
626 630 1
321 325 1
674 676 8
1103 1108 2
761 763 1
689 693 1
1179 1183 1
805 807 15
69 70 4
839 841 6
856 860 15
556 561 1
555 560 5
1484 1489 9
775 780 1
583 585 3
46 50 5
1013 1018 4
645 649 5
123 125 2
1361 1366 1
539 542 1
680 684 2
1288 1293 1
186 190 15
1201 1206 1
1016 1021 1
591 595 1
862 866 15
384 389 1
62 67 1
501 503 5
1494 1498 2
657 660 1
1418 1421 2
1312 1313 5
267 272 3
159 162 5
96 101 6
121 125 1
1307 1309 4
1452 1456 1
1020 1025 1
395 400 1
974 979 9
243 244 5
364 368 2
93 95 10
132 135 1
684 687 3
1385 1389 2
906 910 4
656 660 1
7 12 1
680 685 2
787 791 5
603 604 5
462 467 1
614 619 1
274 278 1
156 159 3
515 520 2
887 889 5
4 8 15
359 362 6
1313 1315 1
260 264 7
603 608 1
1469 1474 1
1010 1014 1
558 560 5
1264 1269 2
556 561 1
372 376 2
1425 1427 8
872 875 1
784 789 1
867 872 1
521 526 1
1478 1483 1
38 42 1
1158 1161 6
779 784 4
792 797 1
1377 1381 1
980 985 4
128 130 12
606 610 2
1360 1362 3
1495 1499 2
993 997 2
845 850 1
372 374 2
1488 1493 4
1119 1123 1
842 847 1
890 895 7
633 638 2
828 831 5
266 271 3
228 232 4
2 5 6
1425 1427 8
968 973 1
1376 1380 1
595 598 5
443 444 1
570 572 1
1207 1211 8
14 17 8
1184 1189 3
187 190 15
787 790 5
1088 1093 1
159 162 5
642 646 5
568 571 1
1297 1301 5
109 111 16
1325 1330 1
534 539 1
761 762 2
969 973 1
919 923 5
552 557 1
593 595 5
938 941 15
623 628 1
124 126 14
402 405 6
735 740 2
581 586 3
1144 1148 3
1087 1090 1
1131 1136 1
972 975 1
1147 1151 3
782 787 1
282 285 10
179 184 1
120 125 1
1163 1168 5
511 515 1
1375 1379 3
1483 1487 1
1170 1173 1
621 626 2
660 662 1
871 876 1
994 998 10
788 791 5
136 141 1
979 983 4
1360 1362 3
388 392 2
306 309 3
323 327 1
1244 1248 2
815 820 9
1332 1337 1
176 180 2
123 128 2
1215 1218 10
1084 1088 7
1341 1346 5
1047 1049 1
294 298 5
1360 1365 1
512 515 1
367 372 14
148 152 2
1237 1242 2
153 155 6
1297 1302 5
179 183 1
1439 1443 15
438 441 1
260 264 7
450 454 5
100 105 3
1273 1277 3
1046 1051 1
569 571 1
972 973 5
554 556 7
69 74 1
319 324 4
431 432 9
1255 1258 3
296 300 10
1131 1134 1
867 870 2
679 684 2
1318 1322 1
846 850 1
1435 1438 10
1216 1219 2
1002 1007 2
502 505 1
1403 1407 3
1187 1190 1
683 688 3
906 910 4
179 184 1
408 412 5
900 903 6
990 993 1
209 212 1
128 130 12
898 900 2
488 490 2
585 589 11
1049 1053 1
754 759 3
425 429 5
187 190 15
369 372 14
46 49 15
180 185 1
543 547 1
1163 1168 5
361 363 8
991 996 2
749 754 3
863 867 1
675 678 4
11 16 1
308 312 6
67 72 2
848 850 1
86 90 12
1320 1325 1
1156 1160 2
11 13 1
215 220 5
427 430 5
666 669 3
503 506 2
1083 1088 1
700 701 1
829 833 1
1030 1034 12
365 369 2
583 584 12
832 837 1
1244 1247 10
496 497 14
283 287 2
1016 1019 2
71 75 1
1021 1023 2
712 717 1
1496 1501 2
1288 1293 1
1240 1242 2
603 606 5
39 42 1
1334 1338 1
660 663 1
1361 1366 1
1021 1022 2
24 29 3
1376 1379 3
151 156 3
747 750 1
269 272 3
227 232 4
517 522 1
1231 1234 10
187 191 15
1078 1081 5
615 619 1
493 497 2
1295 1300 5
1299 1303 5
463 468 1
132 134 1
658 663 1
1171 1176 1
848 850 1
691 693 3
1307 1308 4
914 918 5
1249 1251 1
1093 1095 5
1178 1179 8
1286 1291 1
1242 1246 3
483 486 9
1342 1345 5
864 867 2
962 965 15
838 841 2
913 918 5
1065 1068 1
649 654 7
653 656 7
1216 1218 10
878 882 15
34 38 4
854 857 4
493 497 2
48 52 10
360 365 2
705 708 7
1030 1034 12
1304 1306 10
1170 1175 1
358 362 1
983 987 5
673 678 4
1034 1039 6
377 379 7
1182 1186 15
925 928 1
1319 1324 1
1063 1068 1
269 273 3
555 560 5
1217 1221 2
602 605 5
525 530 1
1439 1442 15
712 715 1
1008 1012 1
145 149 1
155 158 3
1255 1260 3
1050 1055 1
257 262 1
706 711 7
792 795 1
239 244 5
350 355 1
669 672 3
189 192 15
1225 1227 12
593 595 5
1178 1183 1
609 613 1
33 37 8
532 536 1
1433 1436 1
1005 1010 1
437 440 1
897 899 5
1356 1361 3
642 646 5
1074 1079 1
1028 1031 3
893 897 7
918 923 5
843 848 1
1344 1347 5
1284 1288 6
585 589 11
1496 1497 8
1243 1246 15
107 112 4
1178 1181 8
79 81 5
1425 1429 8
948 951 3
1300 1303 5
738 741 6
351 356 1
709 713 9
231 236 3
624 626 2
1017 1019 2
814 816 1
1445 1450 1
1370 1373 2
1495 1500 2
868 871 2
749 754 3
1453 1455 1
1363 1368 1
203 207 1
979 983 4
402 405 6
1442 1447 3
1218 1219 2
1456 1459 3
785 787 3
993 995 2
331 333 2
1038 1042 1
1358 1361 3
702 704 1
1011 1012 1
1414 1416 4
509 513 10
1037 1041 6
857 862 15
1489 1494 2
490 495 15
910 913 12
122 126 1
386 391 2
75 80 1
1143 1146 2
1220 1224 2
603 608 1
203 204 9
370 372 14
850 853 2
1271 1275 1
620 622 4
1301 1303 5
1269 1274 1
718 723 1
795 799 5
665 670 1
1312 1316 1
446 451 10
230 233 12
1222 1226 2
237 241 5
517 522 1
383 387 7
1273 1276 3
713 716 1
594 599 5
257 261 1
897 898 15
64 68 4
1422 1426 1
28 29 12
408 410 15
1145 1147 3
663 666 5
1310 1312 1
1241 1243 3
191 196 15
181 183 9
532 536 1
96 100 6
552 557 1
1007 1010 1
575 578 1
203 205 1
768 772 1
586 591 5
705 706 7
241 243 5
1324 1329 1
1474 1478 4
1095 1100 6
131 134 1
225 227 9
1178 1181 8
1449 1454 1
511 515 1
138 142 1
104 108 1
1297 1302 5
661 666 5
1057 1060 3
1265 1269 14
545 546 1
1074 1078 1
684 687 3
365 369 2
229 234 6
1300 1303 5
1193 1195 16
25 30 1
231 235 3
407 409 15
1459 1464 12
689 692 5
682 685 2
1448 1453 2
387 392 2
1049 1052 1
1273 1275 3
93 97 10
1443 1447 3
835 840 1
214 218 5
1353 1358 9
1057 1060 3
1492 1497 2
151 155 6
1236 1239 2
559 561 4
1254 1257 8
1063 1068 1
738 742 6
153 155 6
226 230 7
843 847 2
625 626 2
508 513 5
954 959 1
594 598 5
749 753 3
916 921 5
1205 1208 1
651 653 7
1132 1136 5
1057 1061 3
1024 1029 9
495 498 14
1184 1188 15
671 675 3
98 102 6
699 701 1
1369 1374 1
243 244 5
992 996 2
46 50 5
1049 1052 1
449 453 5
1101 1103 1
46 51 5
705 707 7
872 876 1
1348 1351 6
490 495 15
1259 1261 3
422 427 10
338 341 6
675 680 4
561 564 7
223 226 1
258 263 1
79 82 5
1262 1267 4
127 132 4
238 243 5
907 911 4
1176 1179 8
370 372 14
1136 1137 5
1271 1273 1
778 782 2
1283 1288 3
287 292 1
895 900 1
782 785 5
74 76 1
819 823 9
983 986 5
870 872 1
456 457 5
192 195 15
136 140 9
917 920 5
1285 1288 6
775 777 7
604 607 2
607 610 8
1259 1263 3
857 861 15
130 134 1
281 285 10
1264 1267 4
1425 1430 8
539 544 1
362 365 2
958 960 3
841 846 1
130 132 8
1143 1144 2
124 129 14
891 895 7
1275 1277 6
1097 1101 6
783 785 5
1376 1378 12
1423 1427 1
920 925 5
1337 1338 5
734 739 2
1083 1086 2
1496 1501 2
633 636 2
1092 1094 1
120 125 1
1042 1043 5
285 288 3
409 414 1
1315 1319 1
748 753 3
574 579 1
44 47 3
1263 1268 2
1007 1011 1
316 321 8
1311 1314 5
171 176 9
1360 1365 1
197 202 6
158 160 10
973 976 9
863 868 1
1376 1379 3
1286 1288 6
1361 1365 1
1363 1368 1
780 784 4
1118 1123 1
1401 1406 3
868 873 1
1090 1093 1
1219 1222 2
424 427 10
1045 1048 1
1136 1139 5
45 49 15
245 248 3
637 642 6
385 388 9
675 677 4
242 246 1
805 806 15
1258 1262 3
827 831 5
1126 1131 3
697 701 1
1356 1359 3
304 308 3
97 101 6
1118 1121 2
1040 1044 5
122 127 1
28 33 1
1326 1331 1
1317 1319 5
878 880 15
327 329 2
1417 1419 4
721 723 5
197 202 6
357 361 1
968 973 1
838 841 2
508 512 15
491 494 15
1298 1303 5
900 902 6
847 850 1
1063 1068 1
154 156 3
53 58 9
1223 1225 12
955 960 3
141 145 2
838 843 1
144 148 3
376 380 1
1345 1349 5
241 243 5
370 375 2
85 90 12
464 469 1
297 300 10
1184 1189 3
283 288 1
1403 1407 3
319 322 8
