1746 1710
1547 1552 1
1591 1596 3
1011 1014 2
616 618 1
817 819 5
1235 1239 5
210 214 1
176 178 1
965 968 6
616 619 1
680 685 2
899 904 2
1508 1511 1
535 538 1
901 906 10
522 527 14
430 432 1
1519 1524 12
745 749 6
354 357 1
52 56 3
1141 1145 6
1333 1338 3
1043 1046 2
259 261 1
1102 1105 10
277 282 1
234 238 4
1497 1502 7
670 673 1
499 504 1
729 733 9
137 140 3
1400 1404 1
1711 1714 1
777 782 2
1599 1603 1
430 432 1
751 754 14
675 678 2
1631 1636 1
160 164 5
672 677 1
1596 1601 1
1145 1150 1
180 181 4
756 761 9
33 37 5
58 63 3
597 601 5
1412 1417 9
898 903 2
502 504 6
1627 1632 3
789 794 3
1506 1507 2
1618 1623 1
235 238 4
81 84 1
374 378 1
1148 1151 3
352 354 1
1503 1506 6
705 709 5
773 775 1
594 596 12
1687 1692 1
646 649 7
1072 1077 1
396 400 3
1139 1140 2
1266 1271 1
678 681 1
299 302 2
232 233 16
1167 1171 9
485 487 15
654 659 1
1513 1516 5
1692 1696 7
45 48 5
1326 1329 14
1187 1191 2
835 838 1
1097 1101 2
1047 1051 2
1203 1208 1
571 575 3
809 811 5
1306 1311 9
1505 1507 2
256 260 1
1480 1481 14
1189 1193 1
813 818 1
81 86 1
1479 1482 2
381 386 1
430 432 1
781 785 2
559 564 2
1627 1631 3
824 829 9
1696 1701 1
1049 1052 2
8 10 1
977 982 1
157 161 1
774 778 2
118 121 5
404 409 7
1099 1104 2
1103 1106 2
444 449 1
479 483 10
851 856 14
772 774 7
10 14 1
916 921 7
1589 1594 1
1742 1745 9
1449 1453 2
688 693 5
516 520 5
1143 1148 1
1612 1614 2
1176 1181 6
1261 1266 1
1592 1595 9
897 900 3
1503 1508 2
663 668 1
627 629 3
161 164 5
1402 1406 3
769 772 10
961 966 1
908 912 1
138 141 3
238 240 2
751 754 14
1652 1657 7
865 867 4
687 690 5
1609 1613 2
1380 1384 2
836 840 5
1407 1409 15
1710 1713 1
742 747 2
403 405 8
1141 1145 6
178 182 1
169 170 1
1713 1715 2
692 697 1
180 184 1
1616 1619 1
203 206 7
1612 1617 2
745 747 6
173 176 1
1633 1634 16
1239 1242 10
661 665 1
1059 1062 7
1453 1455 6
426 431 1
1376 1381 2
349 353 1
1100 1105 2
1192 1194 1
1655 1660 7
226 230 5
623 628 1
811 814 5
1352 1355 4
1030 1034 6
656 659 5
1057 1061 7
373 375 7
158 161 5
593 597 12
1466 1467 10
1505 1507 2
22 26 2
1206 1208 5
644 648 2
592 597 12
66 68 8
743 746 6
1547 1551 4
108 110 3
1281 1284 4
10 15 1
129 134 1
326 330 10
623 627 1
349 352 1
67 69 8
168 172 1
401 406 2
364 369 15
225 228 5
930 932 4
1392 1397 5
1036 1037 6
653 654 1
1145 1149 7
351 353 1
917 922 7
56 58 1
1280 1281 12
1087 1091 1
1188 1190 2
1643 1647 1
186 191 1
353 356 11
654 659 1
1254 1257 3
1691 1695 1
193 198 3
223 225 3
1279 1281 4
946 949 2
1571 1576 2
1525 1529 1
828 830 9
112 115 1
1464 1469 1
595 599 5
942 947 1
930 935 4
191 195 2
1072 1077 1
221 225 1
784 787 2
925 929 1
308 312 2
425 429 3
1392 1395 10
1301 1306 3
1608 1611 4
583 586 12
136 140 3
1083 1086 10
238 242 1
364 369 15
693 697 1
1361 1363 1
339 344 1
1081 1086 10
120 121 15
652 657 1
586 591 6
438 441 5
975 979 3
189 192 1
427 429 3
1051 1053 2
659 664 2
1281 1286 4
46 49 5
1443 1446 1
880 884 3
1235 1239 5
323 326 3
1189 1193 1
903 905 10
1551 1555 3
1474 1479 1
757 761 9
776 781 2
563 565 1
862 867 2
731 734 9
1684 1686 1
697 702 5
1715 1720 5
580 585 12
156 160 1
265 270 1
42 47 3
664 666 1
1592 1597 9
361 366 2
1566 1569 4
1348 1353 9
268 270 1
610 612 2
727 732 9
1697 1701 1
1368 1371 10
1696 1698 8
1421 1425 9
667 669 2
486 488 5
1487 1491 6
1553 1557 3
1275 1277 14
117 119 5
1187 1192 2
1729 1733 1
982 983 7
7 12 1
1074 1079 1
1655 1659 7
645 648 2
422 427 1
1542 1545 15
1645 1650 1
463 466 9
904 908 5
734 739 2
1565 1569 1
3 7 6
203 206 7
1464 1468 1
1477 1482 2
1048 1052 2
139 143 1
409 412 5
863 868 2
1736 1741 4
668 672 1
1588 1590 4
414 419 3
747 752 2
926 929 1
1342 1343 3
830 835 1
1341 1345 3
22 25 2
1526 1529 1
319 323 1
749 750 4
601 605 1
207 210 6
429 433 1
116 119 5
1437 1440 4
1039 1043 6
1434 1436 12
401 405 2
540 545 2
1649 1652 8
1429 1432 1
336 340 2
1339 1341 6
76 81 1
1654 1657 7
206 210 2
781 786 2
1506 1507 2
1388 1391 3
604 609 1
745 748 6
726 730 3
103 105 4
204 209 1
959 963 5
136 138 6
1717 1719 10
243 248 1
463 466 9
1288 1292 2
1039 1044 6
1735 1739 1
1403 1406 3
1464 1468 1
1515 1519 6
1049 1054 2
630 633 1
372 375 7
1354 1357 5
329 334 6
1241 1245 1
632 636 9
608 613 2
553 557 12
741 746 2
1593 1598 9
1005 1010 3
430 434 1
1607 1611 4
1029 1033 6
359 364 2
270 272 10
1268 1272 7
1206 1209 5
1001 1005 1
1101 1104 10
222 224 4
1077 1079 1
615 619 1
415 419 3
70 73 1
1700 1705 1
458 462 2
901 903 10
873 876 3
114 118 1
798 801 3
699 704 1
1165 1168 1
1103 1108 2
1072 1077 1
95 100 5
1682 1686 1
424 429 1
668 670 2
840 844 15
1492 1497 7
1031 1033 6
1030 1034 6
237 241 1
196 201 5
50 54 1
1345 1349 3
65 68 2
1443 1447 1
287 291 6
1461 1464 4
1524 1529 1
1110 1112 6
1347 1352 9
1650 1654 4
1491 1493 3
1361 1366 1
899 903 2
120 124 3
1596 1601 1
1399 1404 1
309 312 2
1226 1227 5
1478 1479 8
72 75 3
337 339 2
1362 1365 1
540 545 2
960 964 5
583 587 12
1244 1246 1
598 601 5
1437 1439 4
628 633 1
1735 1740 1
590 594 12
384 385 9
1428 1433 1
187 191 1
1461 1466 1
1517 1520 6
153 157 3
500 504 6
1011 1012 2
1190 1194 1
75 80 2
11 14 8
1200 1205 1
593 598 4
1437 1441 4
1160 1163 12
1031 1033 6
1024 1028 4
1478 1482 2
1018 1023 2
35 40 1
458 463 2
743 745 6
964 969 2
169 170 1
1289 1294 2
15 20 6
288 290 6
1377 1380 2
1069 1074 1
1117 1118 3
278 279 3
53 55 3
1671 1674 3
1049 1052 2
313 316 2
828 831 9
17 21 2
1123 1127 2
235 239 4
1036 1037 6
883 886 9
848 853 2
32 37 5
1115 1120 1
903 905 10
555 558 12
448 452 5
515 520 1
1073 1078 1
892 895 10
518 523 1
71 74 1
230 232 1
823 827 5
570 574 3
1703 1708 3
1227 1230 7
242 246 1
785 790 1
450 454 5
1025 1030 2
1303 1304 12
1157 1162 6
1611 1616 2
155 157 3
692 696 1
41 44 3
1106 1109 1
749 754 2
1355 1357 5
106 109 3
133 138 3
1238 1242 10
1287 1288 4
250 254 5
1350 1355 2
1467 1471 5
1256 1260 1
276 280 3
291 294 7
1405 1409 15
1570 1572 15
549 551 3
24 29 2
1459 1464 4
698 702 5
785 789 2
926 931 1
1215 1220 2
1453 1455 6
271 276 5
663 665 1
1292 1297 1
1275 1277 14
838 841 5
1034 1039 6
1353 1358 1
1149 1153 5
1230 1231 2
1453 1455 6
1182 1186 2
207 211 6
904 907 5
356 361 5
622 626 7
1288 1290 2
321 326 3
1351 1355 4
664 668 1
1215 1220 2
1430 1435 1
748 751 4
198 202 5
674 676 2
1138 1143 2
952 957 3
1474 1477 1
257 260 1
1467 1471 5
853 855 14
327 330 10
1513 1514 5
161 162 5
1026 1030 14
350 351 1
1731 1736 11
555 560 6
409 414 5
291 295 7
1566 1571 1
602 606 1
1132 1134 1
713 717 3
372 377 1
477 479 7
1644 1648 1
1036 1039 6
222 225 1
749 754 2
689 694 5
656 658 5
271 274 5
1505 1509 2
1640 1645 4
220 223 8
440 443 1
1006 1010 3
21 25 2
1238 1241 10
1273 1278 2
175 179 1
1526 1529 1
47 51 1
744 748 6
253 257 14
1525 1530 1
286 289 6
1242 1247 1
1065 1069 12
440 442 7
343 347 15
1639 1644 2
44 48 5
1437 1440 4
1517 1521 6
629 633 1
1341 1344 3
869 873 3
1591 1594 3
438 443 1
535 539 1
944 948 1
192 194 10
327 332 10
1339 1343 3
156 161 1
1689 1692 3
1509 1510 1
1608 1610 4
1554 1556 9
1731 1733 11
1569 1574 1
494 497 5
275 279 3
479 482 10
1053 1058 1
498 503 1
1019 1023 2
402 404 2
3 7 6
99 104 1
421 426 2
1070 1073 5
237 240 2
238 243 1
609 614 2
1099 1102 2
851 855 14
1266 1269 1
1256 1260 1
1554 1558 9
819 821 6
41 44 3
499 504 1
560 565 1
1307 1312 9
235 240 2
335 339 2
419 423 3
428 430 1
692 695 1
802 807 1
348 351 1
666 669 2
677 681 1
1044 1046 2
889 894 1
774 776 4
628 632 1
413 417 1
740 745 2
599 604 1
1636 1640 9
382 384 2
1085 1089 2
835 839 1
1290 1294 4
226 230 5
1639 1643 2
1166 1171 9
828 831 9
144 147 10
1238 1242 10
401 406 2
1696 1699 2
1433 1436 12
578 583 3
1635 1639 1
665 669 1
693 695 1
715 719 1
1029 1034 6
838 841 5
182 186 9
551 553 1
64 68 2
1085 1089 2
442 445 1
655 656 1
1180 1183 12
885 889 3
1549 1552 1
76 79 2
403 405 8
1402 1404 3
1300 1304 6
286 290 6
980 983 1
529 533 9
1368 1371 10
735 740 2
111 113 3
1189 1194 1
1131 1136 1
1050 1051 2
650 655 1
729 733 9
1501 1505 2
723 726 2
1510 1513 1
1278 1282 4
954 959 3
1102 1104 10
337 338 6
6 10 1
438 441 5
1099 1104 2
1187 1190 2
879 883 3
815 817 1
1039 1043 6
1700 1703 1
731 734 9
1099 1101 2
181 184 9
853 855 14
467 471 5
1233 1237 1
380 384 1
952 956 3
1290 1294 4
374 379 1
1386 1389 3
1518 1521 12
1441 1443 2
1635 1638 1
1569 1573 1
331 335 6
161 162 5
1571 1575 2
195 200 1
344 345 15
1450 1451 8
778 782 2
1108 1112 3
1555 1557 9
416 420 3
1352 1357 1
1279 1282 4
1300 1304 6
702 707 1
400 405 2
207 212 2
160 162 5
73 74 9
423 426 2
1539 1544 1
861 863 10
4 9 2
1465 1467 5
951 955 3
908 913 1
610 613 2
1301 1304 6
683 688 5
889 894 1
66 68 8
379 384 1
341 343 4
269 273 5
17 21 2
336 338 6
130 134 1
41 44 3
495 499 5
1445 1449 1
5 10 1
770 775 1
1421 1425 9
1051 1055 2
1528 1531 2
579 584 12
1726 1731 1
672 676 1
1136 1141 1
439 443 1
81 83 5
757 761 9
1335 1340 3
117 119 5
1333 1337 3
285 288 6
447 450 1
1582 1585 1
1644 1647 1
1283 1285 4
795 800 1
550 552 1
703 706 1
499 501 11
1276 1281 2
1573 1578 2
1651 1655 4
157 161 1
1519 1523 12
409 412 5
1223 1228 5
7 10 1
1565 1570 1
619 621 10
1686 1689 2
1341 1345 3
1054 1059 1
1669 1674 3
1232 1235 1
222 224 4
1320 1323 15
106 109 3
1049 1053 2
154 156 15
823 826 5
781 786 2
1213 1218 9
1054 1057 3
486 491 5
343 346 15
712 716 12
1280 1285 4
1022 1027 2
617 622 5
353 357 1
203 206 7
645 650 1
723 727 2
1086 1090 1
719 724 5
65 69 2
702 707 1
1036 1040 6
35 37 5
1595 1599 1
52 55 3
354 357 1
1743 1746 12
177 178 5
1265 1269 1
1241 1245 1
604 609 1
393 398 3
1136 1141 1
1173 1178 1
1334 1339 3
1617 1622 1
545 548 6
1310 1314 9
741 744 2
1327 1331 2
1401 1405 3
1443 1448 1
1144 1146 4
112 116 1
859 862 5
351 354 1
1346 1349 3
1362 1366 1
1278 1283 4
643 647 2
213 217 5
1332 1335 3
515 518 12
1403 1406 3
838 841 5
331 335 6
1074 1079 1
54 57 1
1709 1713 1
740 744 2
325 328 5
706 711 5
411 416 1
74 77 9
483 487 15
255 259 1
1264 1267 10
225 230 5
739 741 2
1377 1380 2
603 608 1
716 719 1
1700 1705 1
603 605 3
523 525 14
1706 1711 1
2 6 2
1102 1106 2
1272 1277 2
1716 1721 5
180 184 1
352 357 1
1102 1104 10
473 478 1
1698 1701 1
504 506 10
1425 1429 9
496 501 1
1703 1708 3
822 827 5
747 750 2
904 906 10
1240 1243 10
277 279 3
740 744 2
394 398 3
119 121 5
1342 1343 3
713 718 3
1482 1487 2
138 139 3
207 211 6
1727 1732 1
787 792 15
906 908 5
1215 1219 2
364 368 15
1728 1729 3
832 834 2
1150 1154 5
1526 1531 1
415 420 3
1047 1052 2
1048 1051 2
376 378 3
622 626 7
232 233 16
428 431 1
1308 1312 9
1489 1492 3
1388 1392 3
46 50 5
1634 1636 1
664 669 1
1068 1073 5
1346 1351 3
987 990 5
1695 1699 1
1007 1012 1
1699 1704 1
1442 1447 1
1636 1641 9
270 272 10
274 279 3
906 909 1
1112 1117 2
1380 1384 2
966 969 2
626 631 1
887 889 3
505 509 5
821 823 2
442 447 1
69 73 1
1254 1258 1
1106 1110 1
1583 1585 5
1686 1689 2
376 379 1
980 984 1
1137 1142 1
338 342 2
735 738 6
917 921 7
1650 1655 4
628 633 1
1253 1257 3
598 603 5
338 343 2
190 193 2
1267 1269 1
881 883 6
1219 1224 5
655 659 1
1627 1632 3
412 416 1
712 716 12
782 787 2
1301 1304 6
1549 1554 1
879 883 3
249 253 5
1069 1072 15
1208 1212 15
143 146 10
441 446 1
265 269 3
1444 1449 1
1386 1389 3
1075 1079 1
775 777 4
1479 1484 2
263 266 7
421 425 2
1332 1336 3
875 879 3
466 471 5
1022 1026 2
450 453 5
1328 1333 1
1470 1473 2
481 486 5
679 681 3
250 252 5
1024 1029 4
1513 1518 1
1474 1479 1
1733 1737 1
594 595 12
1022 1026 2
1285 1287 12
970 975 10
1480 1482 2
223 225 3
564 568 1
1325 1328 10
607 609 2
80 83 5
1355 1357 5
1338 1340 6
1551 1553 3
62 67 2
56 61 1
925 928 4
1440 1443 2
579 583 12
257 259 3
1006 1011 1
1330 1334 3
681 685 2
1704 1708 3
750 753 14
653 658 1
1115 1118 1
124 129 3
282 287 3
55 59 1
1332 1335 3
1516 1520 6
606 609 1
1550 1554 1
727 731 9
460 465 1
1404 1409 15
1055 1059 1
1308 1313 9
381 384 1
1220 1225 5
1240 1245 1
79 84 1
1287 1292 2
1333 1336 3
961 963 5
422 426 2
1180 1185 2
1736 1741 4
465 470 5
1284 1288 4
1517 1520 6
16 20 6
1147 1152 1
1140 1142 10
583 588 6
1399 1404 1
907 912 1
447 450 1
241 246 1
707 710 5
719 724 5
1441 1444 2
1401 1405 3
44 48 5
386 389 3
1191 1193 9
361 364 2
1424 1428 9
1075 1080 1
777 781 2
75 79 2
903 907 5
239 244 1
786 790 1
14 19 2
516 520 5
1329 1332 3
124 129 3
1349 1354 1
661 666 1
1322 1327 5
22 25 2
1036 1041 6
1542 1547 5
424 429 1
871 874 3
358 362 4
103 106 4
688 692 10
500 502 6
679 681 3
1692 1697 7
1226 1230 1
965 968 6
1160 1163 12
182 187 9
283 287 6
1138 1143 2
1509 1512 1
666 670 2
1443 1446 1
611 615 1
902 907 5
203 207 7
812 816 1
603 606 3
1732 1735 11
628 632 1
6 8 16
247 251 3
419 423 3
1632 1634 4
363 368 15
1085 1087 2
482 486 5
463 467 9
632 636 9
1077 1078 1
928 933 1
742 744 10
47 49 5
400 405 2
1681 1686 1
800 804 1
747 752 2
669 672 1
370 375 1
318 322 5
160 165 5
1362 1363 1
142 147 10
1101 1104 10
1422 1427 9
1131 1134 1
1182 1186 2
881 884 3
817 822 1
1739 1743 3
739 740 2
441 444 1
341 346 1
1303 1308 3
1627 1632 3
534 538 1
883 886 9
600 603 10
905 908 5
1254 1257 3
1280 1281 12
1351 1355 4
117 119 5
1505 1508 2
1242 1246 1
1633 1638 1
1385 1390 3
964 969 2
1164 1168 1
114 119 1
611 612 2
224 229 5
1646 1649 1
1262 1265 1
703 705 3
1000 1003 1
1326 1330 14
953 958 3
1032 1033 6
1471 1476 1
1500 1503 1
1110 1112 6
949 954 3
1517 1521 6
1263 1266 5
213 218 5
1270 1275 1
685 687 5
68 71 4
1208 1212 15
1330 1334 3
984 989 5
1327 1331 2
154 158 1
998 1003 1
592 596 12
1253 1258 1
1517 1522 6
1436 1440 4
309 313 2
1585 1590 4
1206 1208 5
64 67 2
1344 1349 3
541 545 2
225 230 5
981 985 7
914 919 7
1303 1304 12
123 128 3
1048 1051 2
850 854 2
661 665 1
730 734 9
679 684 3
736 741 2
1468 1473 1
858 863 5
592 594 12
703 707 1
981 983 7
1111 1116 2
1547 1551 4
210 215 1
628 631 1
192 195 2
851 855 14
81 86 1
1272 1275 4
72 74 3
566 570 9
880 883 6
1381 1386 3
647 650 5
1176 1181 6
237 240 2
1644 1647 1
1421 1424 9
132 137 3
287 288 6
1246 1249 2
1588 1590 4
1269 1274 5
52 57 1
416 417 6
1386 1389 3
107 109 9
1267 1268 1
740 743 16
609 612 2
1464 1467 1
679 683 3
773 775 1
47 49 5
1474 1475 15
1278 1282 4
644 646 2
58 61 3
582 586 12
738 743 2
1398 1403 1
1022 1023 2
8 11 1
1233 1237 1
859 863 5
1030 1033 6
860 864 5
311 313 6
739 741 2
1507 1508 14
769 774 1
1234 1239 1
126 130 1
21 25 2
741 745 2
42 47 3
1726 1729 3
914 919 7
1542 1546 15
1636 1638 9
1688 1691 1
666 670 2
1064 1069 12
211 215 1
772 777 1
320 325 1
1683 1686 1
1095 1100 6
22 25 2
677 682 1
360 365 2
282 285 3
621 626 7
1429 1433 1
979 984 1
386 388 15
693 696 1
604 607 3
1361 1362 6
1506 1508 2
1122 1126 2
1379 1384 2
875 879 3
440 443 1
1738 1742 1
1633 1637 1
1632 1635 1
462 467 3
645 646 2
1714 1717 5
724 729 2
402 405 2
1510 1512 1
694 698 9
502 506 2
1201 1205 1
478 480 10
1161 1165 1
679 684 3
861 864 10
812 816 1
382 384 2
1085 1090 1
1207 1208 15
1461 1466 1
1256 1260 1
1244 1247 1
305 310 1
1256 1260 1
20 24 2
1439 1444 2
784 787 2
471 476 1
1031 1036 6
32 35 5
721 725 5
1446 1450 3
9 12 1
722 723 10
1243 1247 1
206 209 2
1357 1362 3
1303 1308 3
1001 1006 1
749 750 4
1306 1311 9
1230 1233 2
42 46 3
804 807 1
352 357 1
112 117 1
1085 1090 1
1415 1418 9
924 928 2
693 696 1
551 556 1
1572 1576 2
655 660 1
1377 1381 2
678 682 1
446 449 1
1486 1489 6
1043 1046 2
342 345 15
883 886 9
706 710 5
853 854 14
445 450 1
730 735 9
1408 1411 3
666 671 2
1689 1693 1
902 905 10
667 671 2
233 236 4
1037 1040 6
255 259 1
1246 1251 2
882 884 3
1505 1509 2
886 888 3
102 105 4
555 558 12
1218 1222 5
113 115 2
784 785 14
897 902 1
1717 1719 10
551 554 1
183 184 9
606 609 1
883 885 9
1428 1430 1
693 697 1
1568 1570 1
68 71 4
1491 1493 3
83 87 9
463 465 9
507 512 1
1695 1699 1
1367 1371 10
734 738 6
598 602 5
1573 1575 2
706 708 5
409 411 5
524 527 14
1422 1427 9
248 252 1
1281 1286 4
1121 1125 10
232 237 4
702 707 1
125 128 3
1052 1057 1
1145 1149 7
338 342 2
444 447 2
987 991 5
370 374 1
356 358 5
982 983 7
532 535 3
1362 1366 1
819 822 6
1550 1554 1
1066 1068 12
1508 1511 1
705 708 5
731 734 9
1429 1431 1
1177 1182 6
504 509 5
1185 1189 2
1335 1338 15
160 164 5
1472 1477 1
518 521 5
605 610 1
1501 1504 2
750 754 14
1567 1571 1
815 818 1
772 776 1
1246 1251 2
353 355 11
1551 1553 3
1463 1467 1
1310 1315 9
1204 1209 1
1614 1619 1
1130 1134 1
1324 1328 10
594 596 12
11 13 8
451 455 5
483 488 5
1436 1440 4
1445 1448 1
1420 1424 9
1448 1452 4
254 259 1
215 217 5
1667 1669 15
1572 1574 2
888 893 1
1265 1269 1
470 475 1
1337 1339 3
1503 1507 2
278 282 1
45 48 5
1629 1631 12
1036 1037 6
1051 1055 2
1736 1741 4
540 543 10
1427 1430 1
123 128 3
808 811 5
167 170 1
721 725 5
750 753 14
1390 1395 1
1240 1244 10
967 970 2
1459 1464 4
117 118 5
128 133 1
1681 1686 1
443 446 2
1647 1649 1
776 781 2
1404 1409 15
1567 1571 1
1483 1487 2
283 286 6
1465 1467 5
1569 1571 1
305 309 1
1359 1363 1
1616 1619 1
1241 1244 10
531 536 3
1516 1521 6
788 793 3
1437 1439 4
1104 1107 4
40 44 3
1645 1648 1
645 650 1
1598 1602 1
1572 1575 2
1206 1211 5
286 290 6
1563 1568 5
407 411 5
1391 1395 10
685 689 5
453 458 1
1697 1702 1
224 229 5
301 303 11
6 9 16
1686 1687 2
991 996 15
966 969 2
907 911 1
382 385 1
970 975 10
137 142 1
1178 1183 6
751 756 2
631 632 12
96 100 5
1580 1584 1
748 751 4
154 156 15
521 525 14
1445 1448 1
1165 1167 1
951 954 3
1102 1106 2
1139 1144 2
1627 1632 3
704 708 5
812 816 1
284 288 6
47 52 1
1484 1488 2
84 88 1
1322 1325 5
272 277 5
381 386 1
1212 1216 3
664 665 1
278 280 3
1502 1507 2
1677 1681 9
1287 1290 2
234 238 4
914 918 7
582 586 12
1568 1573 1
86 91 10
1075 1079 1
1737 1741 4
1147 1149 7
878 883 3
48 51 1
531 534 3
240 243 1
190 194 2
1723 1728 1
167 171 1
1172 1177 1
631 636 3
1102 1106 2
594 595 12
1486 1491 6
1022 1027 2
337 340 2
953 957 3
901 906 10
1278 1281 4
1425 1429 9
923 928 2
1303 1304 12
924 928 2
384 388 3
118 123 1
172 176 1
1273 1276 2
1083 1088 2
1347 1350 9
1186 1191 2
1711 1715 1
571 574 3
501 504 6
647 650 5
647 650 5
119 121 5
1488 1491 6
1102 1107 2
693 696 1
1361 1364 1
1497 1501 7
1386 1390 3
176 178 1
651 655 1
108 113 3
1478 1482 2
1712 1714 1
1451 1454 2
325 329 5
77 81 1
1711 1714 1
467 470 5
461 465 3
531 536 3
604 609 1
1677 1682 3
815 818 1
560 565 1
1419 1423 9
1144 1147 4
630 632 2
567 571 9
1415 1419 9
1283 1288 4
772 777 1
477 481 1
566 569 9
1303 1305 6
1511 1514 5
608 611 2
440 442 7
489 494 5
1109 1113 3
11 13 8
1104 1107 4
1548 1552 1
1572 1574 2
226 228 10
462 467 3
1002 1007 1
1471 1475 1
1238 1243 10
1463 1466 7
1385 1386 3
1217 1222 5
1743 1746 12
1611 1614 2
1327 1331 2
408 412 5
715 718 3
249 252 5
1385 1387 3
118 122 1
1523 1528 1
807 810 5
195 199 1
1492 1497 7
282 287 3
1033 1038 6
1498 1501 7
1348 1353 9
1469 1474 2
1272 1275 4
858 862 5
483 487 15
1683 1688 1
931 935 4
1685 1687 1
830 835 1
1128 1133 1
517 520 5
161 165 5
973 978 1
666 670 2
545 548 6
819 824 1
19 24 2
47 52 1
1337 1342 3
726 730 3
1723 1728 1
128 130 7
1071 1076 1
75 80 2
923 928 2
1645 1647 1
118 122 1
634 638 2
730 735 9
1741 1746 3
169 173 1
1491 1493 3
