1774 1753
907 943 1
1599 1629 1
229 236 1
1316 1325 2
774 808 1
1091 1121 1
1323 1341 1
226 254 1
246 257 1
1287 1293 2
384 421 1
1264 1283 1
1187 1214 1
839 842 10
1279 1315 1
97 109 2
1722 1758 1
1716 1745 1
895 933 1
539 547 2
1483 1518 1
1446 1461 1
1680 1717 1
822 856 1
428 450 1
1591 1603 1
858 883 1
1011 1036 1
1729 1755 1
911 925 1
807 846 1
1666 1703 1
1526 1552 1
840 868 1
728 732 2
102 119 1
1537 1576 1
295 331 1
1270 1309 1
1413 1422 1
1226 1249 1
643 659 3
1705 1717 2
318 358 1
1323 1334 1
1682 1719 1
1716 1748 1
1655 1682 1
1107 1134 1
1043 1067 1
78 87 1
1409 1444 1
1615 1629 2
748 769 1
1690 1701 1
854 859 5
1585 1592 1
270 285 1
1146 1183 1
1326 1334 5
134 149 1
241 281 1
1663 1678 1
1354 1374 1
820 858 1
1001 1016 1
233 252 1
1522 1542 1
1206 1231 1
610 645 1
1148 1161 1
1472 1477 2
205 211 6
1096 1124 1
1266 1281 1
480 518 1
876 888 1
106 114 3
1380 1404 1
978 1010 1
1133 1144 1
441 469 1
1032 1054 1
615 624 1
382 385 4
1651 1662 1
1614 1633 1
1660 1665 1
1355 1367 1
279 311 1
35 71 1
1447 1461 1
1389 1404 1
1115 1136 1
416 447 1
905 923 1
366 389 1
1655 1667 1
1674 1708 1
865 900 1
87 94 1
373 408 1
56 69 1
1458 1467 2
726 757 1
491 531 1
326 331 3
105 129 1
1480 1495 1
907 919 1
403 433 1
575 582 15
1574 1614 1
685 712 1
358 389 1
1031 1052 1
396 404 1
184 192 1
822 833 1
600 620 1
769 805 1
714 733 1
1736 1748 1
164 204 1
425 437 1
355 367 1
1122 1130 1
927 941 1
1520 1534 1
137 159 1
264 271 1
712 719 5
1722 1737 1
446 477 1
1102 1122 1
857 869 1
112 151 1
413 438 1
1234 1261 1
1581 1596 1
872 882 1
1250 1278 1
1567 1573 1
140 143 3
1222 1255 1
837 863 1
221 256 1
1060 1081 1
572 608 1
824 837 1
127 143 1
1599 1639 1
418 433 5
1395 1418 1
1360 1362 16
744 753 2
881 908 1
874 893 1
1732 1760 1
97 111 1
1405 1421 1
883 901 1
1669 1701 1
145 169 1
182 192 1
174 201 1
265 293 1
1653 1659 4
1578 1583 1
281 290 1
1735 1750 1
1722 1731 1
612 634 1
1335 1356 1
1483 1490 1
1726 1765 1
324 358 1
583 620 1
285 291 4
929 965 1
1151 1159 1
275 299 1
1636 1652 1
1623 1633 1
805 813 1
1736 1759 1
1277 1285 1
692 711 1
1611 1646 1
844 877 1
394 432 1
1720 1759 1
122 149 1
341 367 1
902 914 2
1158 1192 1
1480 1500 1
407 437 1
861 885 1
60 64 1
490 530 1
1752 1763 1
1365 1371 15
1384 1407 1
276 300 1
1217 1256 1
414 422 3
880 910 1
1692 1715 1
1043 1064 1
269 282 1
1429 1456 1
539 574 1
542 556 1
97 123 1
101 118 1
17 39 1
635 656 1
36 50 3
584 608 1
416 448 1
997 1013 1
1165 1168 9
1089 1123 1
1483 1492 1
927 963 1
1222 1246 1
209 244 1
655 693 1
1238 1277 1
160 198 1
673 686 1
758 768 3
1535 1569 1
1351 1388 1
1516 1552 1
159 186 1
354 383 1
547 578 1
1230 1244 1
62 86 1
665 674 2
1376 1399 1
184 218 1
1604 1632 1
657 681 1
1401 1438 1
617 650 1
387 414 1
1416 1427 1
211 234 1
645 651 15
1196 1221 1
906 945 1
1611 1650 1
572 587 1
420 455 1
930 939 1
1273 1285 1
1497 1509 1
1587 1589 8
415 438 1
1121 1141 1
1668 1697 1
429 466 1
859 863 1
1357 1384 1
184 192 1
1272 1280 1
970 997 1
921 953 1
582 610 1
672 697 1
55 66 1
1581 1609 1
752 759 3
826 830 1
1747 1753 2
941 975 1
339 364 1
1335 1370 1
1202 1228 1
28 51 3
407 418 3
498 504 6
715 751 1
192 216 1
105 128 1
1752 1769 1
284 312 1
1359 1399 1
979 991 1
843 878 1
1119 1148 1
926 943 1
411 428 1
1222 1257 1
940 951 1
382 414 1
669 676 2
1283 1286 3
500 537 1
654 689 1
646 661 3
110 114 3
104 140 1
1453 1474 1
115 127 1
1147 1158 1
240 267 1
1398 1425 1
279 289 1
75 80 1
399 409 1
1727 1755 1
113 144 1
201 231 1
991 1017 1
450 485 1
1469 1500 1
1047 1082 1
477 506 1
1238 1254 1
1476 1509 1
859 873 1
288 311 1
1161 1172 1
1387 1418 1
412 418 9
1456 1496 1
1447 1487 1
690 701 1
228 243 1
376 401 1
151 187 1
1338 1367 1
895 917 1
26 51 1
55 63 1
79 103 1
83 120 1
574 607 1
1735 1737 11
623 642 1
1194 1228 1
777 784 1
480 501 1
1663 1699 1
130 142 1
1109 1123 1
1070 1081 1
1738 1774 1
657 670 1
990 1023 1
800 828 1
1580 1602 1
833 843 2
1517 1554 1
1236 1260 1
1220 1229 1
194 211 1
1713 1738 1
1311 1317 1
761 763 12
1124 1154 1
625 641 1
462 471 1
1324 1341 1
1548 1557 1
454 469 1
1352 1366 1
1403 1419 1
1680 1709 1
83 95 1
940 960 1
267 305 1
758 793 1
1199 1226 1
1598 1628 1
1146 1185 1
211 214 1
142 175 1
1080 1088 1
1520 1525 2
1586 1606 1
18 33 1
699 718 1
1213 1247 1
3 32 1
792 817 1
1567 1600 1
480 504 1
99 138 1
5 17 1
9 20 1
564 578 1
565 604 1
396 421 1
1709 1746 1
651 666 3
692 706 1
1632 1655 1
713 753 1
649 653 3
522 544 1
1014 1019 2
1739 1749 1
949 985 1
423 455 1
1624 1662 1
826 833 1
453 475 1
68 90 1
1451 1479 1
1179 1214 1
1280 1316 1
913 924 1
1714 1729 3
266 296 1
601 638 1
1431 1453 1
1086 1112 1
1653 1658 4
992 1010 1
744 762 1
483 499 1
96 98 11
448 473 1
818 830 1
1386 1423 1
111 118 1
398 426 1
566 596 1
526 552 1
1040 1069 1
1191 1200 1
15 54 1
171 176 3
763 781 1
831 867 1
334 367 1
869 905 1
1228 1250 1
78 118 1
1117 1126 1
1229 1254 1
781 807 1
856 869 1
436 475 1
661 699 1
1430 1464 1
681 714 1
1107 1110 5
1134 1160 1
124 161 1
930 947 1
1622 1637 1
1004 1031 1
1531 1562 1
413 422 3
1429 1463 1
742 751 2
847 849 7
1352 1375 1
981 985 14
242 277 1
242 256 3
306 320 3
449 453 10
1172 1186 1
1655 1677 1
1648 1688 1
795 820 1
1622 1636 1
1743 1749 2
515 532 1
1183 1223 1
1039 1056 1
953 971 1
408 420 3
862 880 1
1070 1072 1
496 502 6
1491 1531 1
1461 1478 1
16 41 1
781 807 1
1573 1586 1
143 153 1
1334 1346 1
1748 1764 1
310 330 1
751 777 1
1646 1665 1
1495 1521 1
1512 1521 1
42 45 3
622 642 1
294 300 3
595 621 1
353 374 1
849 868 1
242 280 1
539 562 1
552 577 1
33 60 1
1508 1532 1
1477 1490 1
1025 1039 1
1118 1143 1
1269 1280 1
223 230 1
1533 1567 1
1588 1601 1
854 866 1
1120 1157 1
1690 1696 3
240 243 9
429 459 1
1585 1598 1
192 215 1
1334 1362 1
185 202 1
769 780 1
35 65 1
1718 1734 1
447 460 1
1055 1069 1
898 904 10
899 923 1
701 708 1
1331 1359 1
494 503 2
148 166 1
626 628 4
1242 1266 1
1016 1031 1
1218 1222 1
1331 1361 1
1339 1343 3
426 456 1
1441 1454 1
1078 1097 1
569 575 1
1300 1318 1
1133 1157 1
500 537 1
442 462 1
1557 1568 1
236 253 1
189 228 1
1105 1138 1
233 272 1
199 209 1
1606 1622 1
1685 1724 1
431 442 2
1377 1382 2
256 293 1
1143 1162 1
242 271 1
882 893 1
1014 1023 1
1076 1092 1
561 597 1
92 126 1
358 394 1
338 346 9
353 357 10
187 203 1
426 453 1
409 414 9
1411 1425 1
675 689 1
463 472 1
1182 1189 10
930 967 1
300 331 1
725 764 1
658 679 1
583 620 1
24 63 1
248 270 1
647 687 1
1006 1026 1
1290 1311 1
1118 1142 1
1657 1668 1
630 633 5
1371 1400 1
807 824 1
5 33 1
678 704 1
500 517 1
1061 1073 1
956 982 1
1564 1573 1
502 526 1
176 177 2
927 957 1
641 654 1
963 992 1
1516 1534 1
1241 1254 1
1555 1570 1
1067 1079 1
1357 1386 1
255 291 1
1445 1474 1
585 604 1
1116 1147 1
643 664 3
150 183 1
927 932 1
1412 1439 1
272 283 1
622 642 1
415 423 5
295 328 1
1001 1041 1
1754 1773 1
734 742 1
158 194 1
1724 1736 1
73 110 1
875 896 1
187 194 1
821 835 1
899 919 1
938 964 1
258 283 1
925 929 3
808 835 1
1236 1263 1
1467 1493 1
946 985 1
413 419 9
290 326 1
1689 1702 1
587 605 1
1704 1735 1
1473 1495 1
944 969 1
731 760 1
731 735 1
1471 1475 1
1044 1083 1
317 346 1
219 246 1
21 31 1
1370 1385 1
1064 1093 1
300 333 1
315 352 1
480 499 1
420 445 1
663 673 1
92 131 1
49 61 1
779 785 1
507 545 1
315 343 1
149 173 1
60 89 1
1442 1480 1
1434 1451 1
1589 1592 3
898 914 2
462 490 1
405 419 3
281 300 1
1723 1739 1
1 11 1
1231 1268 1
1148 1163 1
699 714 1
871 874 1
318 324 1
247 276 1
95 119 1
1569 1575 1
312 328 1
694 726 1
1556 1593 1
1415 1424 1
16 45 1
1479 1513 1
1541 1572 1
687 708 1
202 221 1
750 783 1
815 825 2
492 505 1
486 521 1
550 584 1
432 459 1
790 802 1
394 402 1
824 853 1
739 749 2
590 604 1
1536 1551 1
1493 1528 1
1085 1110 1
894 927 1
1327 1348 1
625 663 1
1050 1077 1
1640 1661 1
1067 1080 1
664 669 3
197 228 1
1345 1359 1
579 604 1
481 496 1
1144 1163 1
195 209 1
268 306 1
262 299 1
412 415 9
1343 1372 1
490 524 1
210 244 1
378 395 1
388 407 1
986 1009 1
1551 1555 1
1068 1080 1
1276 1307 1
1076 1094 1
735 765 1
67 82 1
955 960 2
848 878 1
988 1026 1
1372 1389 1
745 769 1
965 991 1
108 137 1
946 956 1
1374 1382 1
539 559 1
1375 1405 1
582 591 1
740 770 1
1590 1607 1
165 196 1
1022 1037 1
1534 1541 8
973 1001 1
392 430 1
1455 1475 1
13 43 1
571 584 1
1407 1436 1
1087 1104 1
1506 1539 1
1652 1678 1
944 977 1
1245 1249 2
637 643 1
1343 1376 1
1564 1593 1
690 723 1
1413 1436 1
1563 1583 1
525 527 10
967 998 1
1373 1374 7
1211 1239 1
292 313 1
1094 1110 1
938 968 1
1488 1524 1
1738 1763 1
459 471 1
1630 1649 1
644 677 1
1493 1499 1
648 677 1
1380 1387 1
1021 1056 1
32 62 1
1717 1732 1
1363 1373 1
1698 1735 1
1068 1098 1
927 946 1
1079 1094 1
819 836 1
572 590 1
82 111 1
480 487 1
706 730 1
624 660 1
978 1009 1
531 567 1
55 66 1
45 75 1
252 258 1
897 932 1
626 650 1
1489 1499 1
915 941 1
594 619 1
1326 1366 1
709 717 1
175 177 2
339 356 1
716 754 1
1052 1079 1
655 669 3
1688 1698 3
1407 1412 1
185 197 1
937 950 1
1634 1644 1
813 853 1
736 769 1
688 690 7
406 418 3
928 967 1
1126 1158 1
956 970 1
832 859 1
567 584 1
184 210 1
733 757 1
695 712 1
589 623 1
1534 1557 1
1551 1563 1
950 954 8
1462 1491 1
1521 1548 1
973 1012 1
1727 1734 1
1614 1624 2
326 361 1
53 55 1
571 580 1
1388 1410 1
80 93 1
824 857 1
582 595 1
1259 1296 1
951 966 1
33 53 1
504 523 1
543 565 1
1446 1457 1
1044 1071 1
3 10 1
287 314 1
96 100 1
16 20 1
851 871 1
689 715 1
1327 1333 5
1122 1162 1
994 1020 1
1374 1411 1
170 186 1
628 664 1
294 323 1
1497 1520 1
122 160 1
1039 1059 1
689 697 1
1040 1044 1
1139 1161 1
353 358 2
598 630 1
464 487 1
1339 1372 1
12 43 1
1160 1197 1
1261 1280 1
166 179 1
1619 1646 1
1561 1586 1
1003 1043 1
416 425 5
1267 1287 1
1226 1249 1
1667 1704 1
996 1024 1
1005 1028 1
280 294 1
232 269 1
1303 1321 1
1714 1750 1
120 140 1
240 260 1
197 230 1
1008 1012 2
1174 1211 1
948 969 1
463 498 1
1350 1354 3
1463 1481 1
966 979 1
1193 1230 1
1336 1350 1
1582 1606 1
1019 1029 1
185 219 1
1041 1070 1
459 489 1
322 341 1
135 156 1
929 960 1
321 330 1
1232 1244 1
181 221 1
1306 1341 1
1316 1335 1
40 58 1
223 257 1
830 851 1
1206 1244 1
1264 1292 1
1497 1524 1
721 745 1
574 578 9
1519 1524 2
714 727 5
1368 1399 1
1056 1085 1
920 938 1
705 733 1
1728 1747 1
1532 1550 1
895 918 1
1247 1280 1
1224 1240 1
1282 1293 1
289 326 1
1588 1601 1
1345 1348 5
211 236 1
1250 1281 1
1708 1720 2
677 701 1
1542 1571 1
620 627 1
1377 1410 1
1670 1699 1
756 780 1
183 214 1
1046 1059 1
1324 1332 3
276 299 1
625 628 4
782 813 1
622 634 1
531 568 1
677 695 1
771 806 1
280 294 1
1236 1263 1
838 859 1
147 173 1
1235 1274 1
1189 1202 1
471 480 5
1684 1694 1
963 973 1
722 748 1
259 280 1
1618 1651 1
791 801 1
983 991 1
622 638 1
699 724 1
1093 1122 1
489 504 1
624 661 1
1032 1035 1
1005 1043 1
1562 1602 1
1461 1476 1
1741 1752 2
266 277 1
1020 1055 1
1378 1400 1
809 842 1
2 20 1
581 585 6
478 492 1
10 14 1
667 679 1
1509 1541 1
301 307 1
400 414 1
305 341 1
1476 1499 1
928 933 1
154 168 1
1365 1374 1
1409 1420 1
599 628 1
270 288 1
1011 1030 1
383 397 1
1 17 1
1428 1436 1
1403 1428 1
274 294 1
1206 1238 1
1095 1129 1
1200 1211 1
1654 1658 4
1340 1363 1
1410 1443 1
697 713 1
1332 1350 1
1145 1157 1
758 761 3
430 464 1
371 390 1
275 313 1
474 487 1
417 453 1
657 678 1
679 703 1
76 95 1
1451 1464 1
1748 1757 1
466 506 1
567 600 1
332 342 1
1234 1271 1
691 717 1
1663 1681 1
129 142 1
1037 1062 1
1340 1374 1
418 453 1
1341 1380 1
180 189 1
700 737 1
1499 1519 1
1582 1615 1
1661 1669 1
310 328 1
1465 1501 1
1629 1646 1
118 131 1
449 478 1
672 695 1
1206 1217 1
892 928 1
621 641 1
355 383 1
775 798 1
1225 1252 1
292 314 1
506 522 1
1485 1518 1
727 753 1
1028 1040 1
684 694 1
584 623 1
1287 1322 1
336 339 2
1437 1476 1
650 676 1
323 351 1
1589 1625 1
1618 1636 1
753 775 1
461 466 3
575 583 15
1221 1236 1
470 508 1
71 98 1
159 174 1
1516 1527 1
710 726 5
1164 1184 1
944 965 1
1012 1020 2
1296 1308 1
515 546 1
589 620 1
605 625 1
1025 1032 1
1365 1399 1
737 755 1
1682 1704 1
1064 1072 1
715 755 1
1288 1316 1
1697 1724 1
124 157 1
888 902 1
1123 1157 1
999 1021 1
72 100 1
83 108 1
1564 1592 1
584 593 1
462 467 3
1498 1514 1
1657 1678 1
50 88 1
1406 1436 1
485 506 1
803 815 1
384 413 1
767 783 1
202 211 1
316 340 1
359 395 1
1266 1274 10
533 550 1
1646 1677 1
984 1004 1
376 381 1
1343 1379 1
883 906 1
1351 1372 1
242 255 3
1330 1343 1
1597 1634 1
1573 1594 1
1654 1674 1
1446 1457 1
1192 1230 1
1128 1144 1
1675 1698 1
581 614 1
1471 1484 1
1609 1629 1
420 425 5
1722 1739 1
239 269 1
1698 1708 1
1703 1724 1
1037 1070 1
1448 1470 1
1373 1385 1
1617 1629 2
970 993 1
472 502 1
1385 1400 1
1524 1563 1
637 659 1
290 321 1
1582 1614 1
209 228 1
848 877 1
239 256 3
45 70 1
1235 1256 1
1648 1654 3
507 509 15
272 309 1
1297 1321 1
138 148 1
1439 1449 1
1298 1334 1
1374 1412 1
899 925 1
1261 1274 2
157 189 1
337 363 1
746 774 1
1170 1183 1
233 237 9
561 577 1
940 966 1
387 422 1
952 986 1
1164 1201 1
401 404 7
1411 1421 1
211 230 1
1238 1246 1
1465 1487 1
1106 1133 1
121 123 2
1002 1010 1
453 463 1
1143 1155 1
1252 1256 14
1702 1703 1
619 644 1
282 283 1
1244 1254 1
1648 1673 1
802 833 1
1184 1194 5
936 967 1
851 866 1
1475 1504 1
775 794 1
797 824 1
1404 1408 3
117 152 1
1004 1012 1
1654 1673 1
612 630 1
512 540 1
1680 1697 1
471 502 1
1682 1704 1
1102 1107 1
1309 1348 1
1200 1202 1
379 416 1
1421 1442 1
962 1000 1
1636 1667 1
418 426 5
1288 1293 2
356 391 1
1344 1347 5
1280 1314 1
275 289 1
560 568 1
1222 1244 1
190 196 1
326 347 1
476 487 1
838 854 1
1673 1682 1
1291 1323 1
541 542 6
800 823 1
176 203 1
279 285 1
842 878 1
625 648 1
18 53 1
1177 1192 5
634 663 1
864 894 1
1499 1510 1
1134 1163 1
557 571 1
1223 1257 1
1667 1706 1
304 315 3
1604 1632 1
1344 1357 1
440 466 1
1503 1518 1
1184 1212 1
1382 1414 1
360 374 1
552 584 1
212 221 1
1047 1057 1
1492 1504 1
586 595 5
368 407 1
82 117 1
356 390 1
86 122 1
1581 1599 1
957 971 1
92 110 1
784 814 1
1489 1495 3
1350 1359 1
880 907 1
1499 1502 3
559 597 1
539 562 1
761 769 6
745 769 1
1426 1444 1
239 258 1
1419 1433 1
273 308 1
891 908 1
1176 1203 1
932 940 1
1202 1206 15
733 750 1
417 449 1
1613 1638 1
1687 1703 1
604 631 1
540 556 1
744 768 1
256 273 1
1257 1290 1
215 236 1
475 503 1
1640 1656 1
353 392 1
1558 1585 1
1171 1193 1
358 377 1
1088 1124 1
1633 1671 1
505 517 1
768 778 1
37 72 1
143 147 1
630 651 1
756 758 3
75 91 1
730 768 1
402 418 1
1313 1352 1
317 325 1
1274 1279 1
653 679 1
911 946 1
1739 1746 1
1146 1160 1
696 729 1
1410 1437 1
740 760 1
514 548 1
681 693 1
572 576 1
373 375 4
1715 1743 1
496 529 1
231 257 1
1373 1381 1
654 664 3
1749 1756 4
1060 1081 1
710 718 5
1597 1623 1
1643 1669 1
1640 1653 1
481 484 1
691 695 3
1357 1378 1
655 676 1
1565 1593 1
574 585 3
611 639 1
1664 1691 1
1671 1681 1
1200 1227 1
1643 1678 1
1321 1332 1
598 633 1
1190 1229 1
1522 1534 1
221 228 1
992 1019 1
616 640 1
984 993 1
1020 1040 1
655 676 1
1583 1604 1
1069 1092 1
512 524 1
1287 1305 1
573 593 1
1641 1649 1
50 63 1
1586 1624 1
1372 1398 1
1106 1142 1
1345 1374 1
1131 1169 1
374 408 1
6 45 1
88 123 1
227 249 1
1359 1365 1
1278 1307 1
1443 1482 1
35 47 3
251 258 1
1636 1669 1
480 505 1
949 958 2
1474 1479 2
667 675 2
1587 1622 1
1354 1359 5
558 576 1
1416 1449 1
1098 1129 1
340 374 1
620 622 5
1582 1610 1
1166 1196 1
1113 1140 1
1379 1385 2
358 381 1
642 649 3
580 598 1
1686 1709 1
1686 1706 1
630 650 1
749 773 1
1351 1374 1
575 590 1
1493 1532 1
10 39 1
1553 1568 1
1539 1558 1
67 69 5
517 541 1
1172 1177 1
1439 1468 1
1723 1762 1
1645 1651 1
1304 1308 1
1525 1546 1
805 827 1
1422 1440 1
147 182 1
278 286 1
333 342 1
712 724 5
1325 1335 1
1471 1507 1
1335 1358 1
1766 1770 1
1025 1035 1
1146 1149 7
956 993 1
1188 1222 1
1080 1086 1
248 270 1
1158 1197 1
1665 1682 1
649 677 1
1536 1558 1
1466 1493 1
1109 1133 1
217 230 1
689 721 1
544 558 1
188 210 1
1342 1360 1
1720 1746 1
1676 1701 1
861 875 1
510 528 1
872 912 1
484 513 1
1042 1081 1
553 561 1
237 254 1
805 834 1
889 927 1
183 196 1
1501 1509 1
1306 1339 1
245 261 1
1086 1102 1
1302 1306 1
1309 1325 1
1589 1613 1
1392 1397 1
601 622 1
952 983 1
860 874 1
1318 1352 1
694 717 1
316 354 1
1670 1709 1
559 578 1
52 76 1
142 168 1
537 551 1
1103 1141 1
789 803 1
59 97 1
790 820 1
825 852 1
799 833 1
1132 1171 1
1270 1286 1
116 118 2
636 672 1
1599 1617 1
454 478 1
663 677 1
54 79 1
352 375 1
272 276 1
1771 1774 3
449 489 1
800 824 1
1113 1147 1
351 364 1
731 732 14
1154 1169 1
131 149 1
662 676 1
1510 1540 1
1071 1090 1
170 189 1
682 707 1
1653 1664 1
694 700 1
424 454 1
211 241 1
1499 1515 1
667 686 1
1144 1148 1
1320 1359 1
960 965 2
103 134 1
1484 1495 1
431 447 1
610 648 1
737 746 1
734 745 1
130 159 1
1590 1614 1
1510 1545 1
914 943 1
1241 1277 1
486 518 1
1634 1658 1
218 255 1
462 475 1
114 147 1
880 893 1
1721 1746 1
1137 1155 1
140 144 3
412 429 1
1567 1576 1
1258 1288 1
972 1010 1
1368 1399 1
472 495 1
1556 1563 1
559 583 1
513 519 1
1230 1250 1
1111 1119 1
388 414 1
128 157 1
278 281 5
454 464 1
891 905 1
941 952 1
287 327 1
1298 1333 1
1352 1363 1
1125 1151 1
716 726 5
1393 1418 1
1497 1503 1
589 602 1
104 136 1
1144 1158 1
1236 1248 1
470 489 1
1680 1718 1
807 843 1
956 991 1
700 712 1
380 403 1
1465 1497 1
345 351 3
46 54 1
1586 1603 1
1032 1058 1
1353 1369 1
831 860 1
140 162 1
1572 1612 1
767 796 1
1651 1682 1
567 574 1
737 744 1
994 1024 1
369 385 1
737 757 1
221 248 1
930 953 1
726 747 1
940 948 1
123 149 1
1312 1321 1
244 278 1
1023 1061 1
88 98 1
647 654 3
1619 1644 1
1644 1671 1
1095 1105 1
663 693 1
51 85 1
599 620 1
218 224 2
481 500 1
75 91 1
1068 1090 1
1446 1478 1
792 831 1
1543 1546 3
377 397 1
597 606 2
482 491 1
891 930 1
1391 1419 1
93 127 1
1147 1184 1
1255 1289 1
972 1007 1
1753 1767 1
1466 1505 1
125 138 1
1746 1747 10
925 958 1
502 507 1
541 559 1
13 51 1
66 69 5
553 561 1
1155 1160 1
489 510 1
1610 1632 1
237 272 1
1385 1393 5
728 763 1
1100 1122 1
1601 1626 1
716 722 5
164 192 1
938 973 1
335 360 1
832 847 1
15 33 1
894 919 1
485 505 1
991 1004 1
211 234 1
782 816 1
1684 1712 1
243 257 1
1249 1279 1
569 606 1
1329 1338 1
212 233 1
17 32 1
903 942 1
1509 1534 1
222 236 1
717 728 5
877 917 1
1026 1045 1
22 54 1
1530 1552 1
1255 1276 1
1660 1690 1
1032 1066 1
1183 1210 1
372 407 1
350 367 1
360 379 1
278 312 1
1708 1744 1
1390 1430 1
1635 1643 2
1076 1080 3
675 690 1
128 163 1
553 590 1
399 437 1
277 281 5
113 123 1
1012 1023 1
253 277 1
1499 1531 1
1246 1250 5
329 358 1
789 800 5
499 501 6
1510 1546 1
1278 1290 1
1244 1280 1
956 986 1
455 493 1
1179 1216 1
132 144 1
270 277 1
46 69 1
1296 1297 12
398 407 1
1576 1603 1
1173 1193 1
1288 1318 1
980 1000 1
622 653 1
1666 1679 1
1656 1676 1
151 179 1
523 560 1
305 325 1
1346 1369 1
1650 1672 1
278 316 1
1559 1587 1
1434 1439 3
606 645 1
749 787 1
1047 1087 1
887 903 1
26 49 1
1622 1642 1
369 399 1
106 133 1
1500 1507 1
286 315 1
1106 1111 5
1366 1393 1
1125 1137 1
1225 1237 1
59 98 1
1678 1716 1
922 958 1
948 953 4
860 867 1
1282 1319 1
563 587 1
1549 1565 1
136 162 1
921 950 1
1118 1147 1
1500 1511 1
1651 1689 1
242 262 1
1316 1355 1
1262 1278 1
218 247 1
669 698 1
124 160 1
9 31 1
928 968 1
171 211 1
1068 1098 1
592 603 1
704 721 1
1428 1446 1
237 266 1
1323 1356 1
1441 1480 1
1203 1220 1
772 810 1
188 196 1
1176 1184 5
1689 1712 1
