1717 1677
1053 1079 1
1612 1623 1
1618 1652 1
970 981 1
1486 1493 3
796 830 1
367 374 5
681 719 1
1637 1674 1
1597 1621 1
180 207 1
25 61 1
1570 1593 1
1669 1705 1
609 630 5
149 160 2
585 621 1
999 1031 1
1238 1267 1
1100 1138 1
107 111 1
1014 1022 1
1577 1609 1
1705 1715 1
1523 1531 1
1512 1526 2
1483 1508 1
1472 1495 1
784 820 1
1657 1667 1
1673 1684 1
457 481 1
572 610 1
530 565 1
1657 1668 1
1288 1297 1
1097 1121 1
203 208 1
817 829 1
1207 1231 1
1327 1340 1
1283 1322 1
180 185 3
628 650 1
116 130 1
416 442 1
393 421 1
562 574 1
1069 1079 1
873 907 1
882 894 1
1567 1590 1
692 711 1
324 348 1
169 206 1
111 119 2
283 303 1
577 614 1
627 648 1
1093 1114 1
1425 1448 1
272 275 3
435 461 1
1629 1665 1
1453 1475 1
226 238 1
963 971 1
1387 1402 1
1242 1265 1
61 96 1
364 401 1
1235 1261 1
1109 1123 1
689 698 1
1686 1691 1
553 573 1
899 911 3
1048 1086 1
256 296 1
274 303 1
970 993 1
1017 1049 1
579 600 1
22 29 3
909 944 1
1650 1679 1
1109 1119 1
998 1024 1
576 612 1
1514 1527 2
1335 1346 1
1304 1311 1
1345 1349 10
799 833 1
668 679 1
1607 1633 1
1578 1587 1
225 261 1
1105 1142 1
1526 1537 1
453 468 1
254 279 1
1473 1491 1
1486 1514 1
14 51 1
1304 1339 1
698 716 2
1401 1422 1
600 612 2
1610 1648 1
1113 1152 1
284 301 1
1141 1162 1
621 659 1
1654 1668 1
96 121 1
380 402 2
905 911 3
355 371 1
1554 1568 1
659 699 1
1020 1045 1
1014 1042 1
1400 1415 1
729 750 1
459 485 1
1345 1349 10
1595 1614 1
695 718 1
527 564 1
467 493 1
416 447 1
870 904 1
317 343 1
1525 1531 1
825 843 1
186 208 1
788 814 1
242 247 3
1662 1678 1
509 520 1
1511 1534 1
529 548 1
1251 1263 1
1429 1457 1
977 1017 1
1399 1401 12
959 986 1
1085 1105 1
1535 1543 1
214 229 2
323 358 1
1523 1562 1
1503 1524 2
240 242 4
153 177 1
154 173 1
1365 1382 1
843 873 1
952 960 1
748 765 1
1040 1058 1
747 782 1
1025 1063 1
607 641 1
482 502 1
785 818 1
1306 1343 1
372 378 1
884 917 1
1407 1415 1
243 251 1
734 761 1
1220 1259 1
237 269 1
1404 1425 1
703 717 6
248 258 1
1114 1142 1
1139 1176 1
15 26 3
779 787 1
1180 1209 1
643 668 1
708 714 6
260 286 1
249 275 1
194 225 1
1348 1364 1
346 348 1
35 64 1
688 720 1
548 578 1
861 877 1
353 385 1
138 142 2
298 313 1
1502 1516 2
990 1005 1
718 725 2
1226 1252 1
1218 1239 1
1533 1543 1
864 878 1
1242 1264 1
1314 1353 1
658 678 1
1593 1615 1
487 497 1
84 121 1
1223 1245 1
1443 1472 1
266 296 1
852 869 1
719 737 1
826 834 1
423 444 1
1119 1145 1
1157 1191 1
1093 1120 1
89 107 1
326 340 1
693 729 1
585 602 2
424 438 2
1481 1487 1
812 820 9
255 276 1
882 913 1
201 235 1
1189 1208 1
884 908 1
626 629 5
700 716 2
140 148 2
740 775 1
1235 1274 1
1120 1148 1
1231 1254 1
334 341 1
509 541 1
178 209 1
154 158 4
1235 1241 2
1667 1675 1
1633 1672 1
1561 1595 1
1055 1062 1
969 981 1
1476 1510 1
919 949 1
380 390 10
167 178 1
1670 1695 1
793 828 1
1185 1204 1
1061 1081 1
925 934 3
129 153 1
50 64 1
1107 1117 1
1154 1178 1
1652 1669 1
329 339 1
1547 1585 1
282 306 1
865 885 1
1215 1251 1
1119 1145 1
1570 1600 1
1632 1634 5
694 733 1
453 469 1
207 231 1
784 806 1
906 943 1
1519 1540 1
360 380 1
547 566 1
62 80 1
447 454 1
1500 1540 1
1313 1352 1
310 322 2
463 472 1
623 637 1
975 992 1
1563 1601 1
385 411 2
1506 1532 1
1253 1285 1
1024 1045 1
932 941 3
245 273 1
1094 1106 1
1589 1607 1
615 634 1
449 465 1
619 648 1
468 490 1
707 733 1
604 622 1
1094 1104 1
671 693 1
1098 1112 1
1206 1245 1
288 305 1
177 190 1
1237 1267 1
644 679 1
824 841 1
1597 1629 1
1582 1601 1
1134 1167 1
1532 1538 1
1316 1318 1
537 574 1
1075 1113 1
526 532 1
121 148 1
979 1007 1
1082 1117 1
1287 1289 5
1677 1712 1
1057 1089 1
1262 1302 1
414 447 1
281 300 1
645 670 1
785 807 1
666 685 1
1446 1452 2
387 401 2
733 736 1
622 642 1
718 747 1
1007 1032 1
299 308 1
1129 1159 1
1173 1177 1
737 775 1
1071 1094 1
1644 1676 1
1047 1073 1
1246 1266 1
991 994 15
370 389 1
1260 1293 1
990 1006 1
258 271 1
774 782 1
250 264 1
1500 1514 2
449 463 1
1558 1569 1
1216 1242 1
749 760 3
1442 1476 1
463 503 1
516 528 1
321 330 1
671 691 1
791 807 1
940 945 9
1495 1533 1
402 431 1
485 506 1
319 359 1
373 379 1
842 850 1
942 967 1
1651 1668 1
1347 1374 1
1673 1676 2
1295 1321 1
309 329 1
115 121 10
1545 1574 1
236 243 1
307 321 1
765 784 1
1644 1667 1
188 225 1
548 578 1
397 428 1
1252 1288 1
47 70 1
1160 1164 1
1480 1501 1
984 1000 1
1109 1121 1
956 975 1
603 619 1
1040 1079 1
271 282 1
532 549 1
850 881 1
421 442 1
245 276 1
1548 1555 1
1013 1053 1
1393 1412 1
494 529 1
303 324 1
612 629 5
1116 1122 1
806 814 2
730 742 1
598 615 2
1336 1344 5
465 497 1
662 698 1
1373 1380 2
40 79 1
529 542 1
451 461 1
755 765 1
1364 1384 1
1230 1249 1
378 406 1
288 316 1
34 43 1
1237 1247 1
304 334 1
233 236 6
1009 1021 1
1452 1462 1
1243 1252 1
1330 1367 1
463 495 1
842 848 5
1014 1038 1
218 220 4
296 311 1
760 790 1
331 361 1
1192 1210 1
1499 1508 2
1338 1364 1
285 301 1
1215 1246 1
416 427 1
926 939 3
1572 1598 1
366 371 10
23 32 3
1263 1298 1
735 762 1
178 212 1
584 590 6
657 692 1
203 239 1
1594 1630 1
204 238 1
581 618 1
145 185 1
308 345 1
1687 1688 1
815 843 1
1596 1601 3
1496 1506 2
945 955 3
559 563 1
16 34 3
1413 1428 1
982 1003 1
1180 1184 5
264 278 1
1500 1520 2
1332 1360 1
386 415 1
1553 1584 1
161 164 4
1466 1492 1
879 895 1
596 626 1
1048 1086 1
1157 1171 1
179 195 1
864 877 1
970 1002 1
306 322 1
1660 1678 1
1044 1066 1
413 432 1
1193 1210 1
666 681 1
812 821 9
948 975 1
434 463 1
1327 1366 1
1674 1700 1
715 727 2
1236 1247 1
987 1011 1
1280 1308 1
189 206 1
1421 1439 1
895 901 1
1247 1282 1
1186 1189 1
82 103 1
1587 1613 1
346 356 1
90 114 1
1021 1037 1
1415 1441 1
546 567 1
203 224 1
401 421 1
379 382 10
614 633 1
1221 1229 1
226 243 1
895 926 1
1214 1235 1
1441 1469 1
572 582 1
1117 1142 1
1459 1475 1
790 826 1
700 738 1
624 643 1
193 207 1
1142 1171 1
173 208 1
1480 1488 1
601 617 1
1498 1538 1
1662 1696 1
1424 1442 1
1352 1382 1
42 70 1
889 902 1
342 379 1
1511 1528 1
331 354 1
728 753 1
1576 1601 1
660 668 4
211 228 1
651 671 1
1049 1088 1
503 530 1
1548 1560 1
1280 1319 1
199 201 12
840 860 1
1595 1632 1
1291 1297 1
509 535 1
510 518 1
1227 1260 1
334 345 1
18 49 1
779 793 1
1300 1335 1
293 311 1
1049 1084 1
223 257 1
1466 1493 1
1291 1329 1
1109 1146 1
911 942 1
1608 1644 1
1029 1066 1
836 862 1
583 594 6
1264 1266 12
1654 1682 1
497 529 1
1118 1133 1
490 502 1
1347 1377 1
1584 1613 1
931 944 3
1330 1340 1
1344 1381 1
115 135 1
720 744 1
372 379 1
1489 1504 1
1659 1698 1
1362 1392 1
715 738 1
930 955 3
1220 1257 1
269 294 1
77 95 1
1210 1241 1
138 159 2
1195 1228 1
1036 1043 1
1315 1341 1
1030 1065 1
572 605 1
618 633 1
1047 1067 1
822 835 1
785 798 1
1130 1144 1
1689 1717 1
1234 1249 1
931 956 3
992 1016 1
1221 1253 1
1602 1604 10
1685 1716 1
1091 1123 1
1536 1553 1
1392 1412 1
487 502 1
194 221 1
930 967 1
941 975 1
418 434 1
531 546 1
995 1018 1
254 259 2
85 108 1
1527 1566 1
1103 1127 1
60 73 1
996 1008 1
42 66 1
1189 1217 1
1395 1400 1
363 369 10
1424 1435 1
522 548 1
883 891 1
1182 1197 1
1041 1046 1
509 547 1
886 896 1
775 804 1
496 501 3
578 588 5
765 800 1
493 519 1
354 391 1
286 320 1
1207 1217 3
1037 1072 1
1292 1326 1
202 230 1
1052 1073 1
750 775 1
291 301 1
901 936 1
1034 1040 1
676 705 1
1024 1046 1
1252 1265 1
1485 1507 1
81 95 1
168 206 1
1264 1287 1
639 678 1
409 443 1
808 824 9
557 589 1
848 888 1
316 347 1
780 810 1
1145 1182 1
1222 1259 1
741 779 1
1650 1653 15
864 865 3
539 572 1
1455 1473 1
1524 1552 1
1564 1573 1
1517 1531 1
1056 1096 1
450 457 1
1007 1030 1
691 709 1
1185 1209 1
1121 1143 1
1099 1112 1
1216 1238 1
833 848 1
492 497 1
1506 1511 2
896 917 1
1130 1164 1
1600 1631 1
1460 1492 1
457 489 1
668 687 1
680 703 1
4 14 3
1550 1590 1
720 722 8
470 479 1
534 538 1
341 377 1
1207 1239 1
866 870 2
1410 1444 1
1452 1466 1
825 862 1
1388 1409 1
1487 1522 1
1607 1644 1
787 794 1
1524 1557 1
194 211 1
184 216 1
1162 1181 1
629 644 1
1175 1200 1
98 120 1
874 909 1
1381 1390 1
233 252 1
698 711 2
1461 1476 1
1246 1268 1
1698 1702 2
1263 1270 1
1633 1670 1
1240 1273 1
714 742 1
1419 1441 1
1003 1013 1
389 414 1
1090 1095 1
575 609 1
127 139 1
283 312 1
1524 1553 1
26 58 1
1184 1215 1
555 586 1
655 693 1
1253 1265 1
365 398 1
786 819 1
204 226 1
1057 1091 1
703 726 2
872 895 1
1551 1570 1
557 594 1
1007 1015 1
170 174 2
1544 1572 1
96 115 1
814 831 1
1171 1206 1
901 923 1
1234 1269 1
552 574 1
149 151 10
504 516 1
1550 1554 1
441 461 1
1511 1525 2
179 214 1
944 971 1
487 495 1
552 583 1
1052 1082 1
778 786 1
929 947 3
139 144 2
593 624 1
206 221 1
1414 1447 1
544 548 3
1264 1286 1
1196 1206 1
937 961 1
1266 1290 1
1642 1658 1
201 209 1
1463 1476 1
952 969 1
1289 1298 1
1022 1031 3
885 897 1
1475 1507 1
683 701 1
1457 1473 1
950 982 1
615 626 15
621 644 1
1554 1587 1
704 717 6
1343 1360 1
1711 1716 3
1285 1298 1
305 336 1
1506 1515 2
1497 1532 1
1410 1429 1
553 577 1
191 193 15
464 474 1
664 684 1
1381 1414 1
72 111 1
1559 1597 1
1194 1210 1
959 969 1
130 135 3
95 118 1
264 293 1
1011 1013 5
59 83 1
181 185 3
627 635 1
902 931 1
1044 1053 5
597 608 2
1684 1696 1
195 209 1
610 637 1
470 490 1
617 648 1
540 571 1
1270 1299 1
779 783 1
1353 1376 1
1680 1688 1
1341 1355 1
860 871 1
1132 1170 1
831 869 1
1283 1309 1
154 186 1
659 697 1
626 662 1
599 634 1
1441 1456 1
792 828 1
494 499 3
1214 1246 1
1197 1200 4
1477 1510 1
1231 1270 1
1509 1518 2
1691 1694 8
406 415 1
1152 1176 1
1283 1315 1
852 868 1
1352 1365 1
1688 1709 1
1398 1402 1
1452 1458 1
1246 1264 1
967 972 3
496 510 1
250 260 1
378 397 1
17 55 1
714 737 1
1219 1242 1
1032 1057 1
1642 1663 1
1382 1399 1
699 702 4
1031 1066 1
973 980 1
1292 1331 1
1537 1546 1
297 316 1
1490 1513 1
721 747 1
766 782 1
482 516 1
623 635 1
200 219 1
1606 1622 1
1383 1411 1
183 207 1
934 973 1
681 693 1
1304 1316 1
223 244 1
1671 1683 1
791 824 1
1438 1466 1
1506 1531 1
1211 1223 3
1153 1171 1
219 256 1
49 65 1
1261 1273 1
1305 1307 3
1543 1575 1
606 627 1
764 793 1
1392 1402 1
1526 1530 1
997 1006 1
1401 1413 1
807 844 1
1415 1419 1
486 513 1
824 836 1
881 897 1
355 383 1
1375 1401 1
1285 1299 1
1161 1200 1
342 373 1
301 327 1
813 821 9
1454 1458 2
187 206 1
826 840 1
580 597 1
829 858 1
571 595 1
806 844 1
911 945 1
995 1004 1
1097 1100 3
1384 1398 1
1315 1342 1
887 895 1
332 370 1
114 124 5
598 611 2
1447 1460 1
619 655 1
210 215 1
84 122 1
636 676 1
1531 1535 5
1590 1614 1
859 863 1
446 472 1
1438 1453 1
1496 1514 2
351 359 3
652 673 1
973 987 1
21 60 1
1402 1424 1
1489 1518 1
979 1007 1
1354 1362 1
1385 1391 1
596 600 10
1540 1545 1
1215 1252 1
1462 1486 1
495 501 3
1686 1710 1
1449 1459 1
1200 1228 1
19 37 1
1550 1574 1
140 144 6
1541 1581 1
1603 1640 1
357 360 6
550 555 3
867 886 1
1420 1460 1
1452 1460 1
1094 1107 1
1108 1128 1
1009 1025 1
623 656 1
772 774 1
1207 1222 3
1006 1014 1
1508 1510 2
145 178 1
913 928 1
1240 1248 1
1035 1042 1
922 956 1
294 307 3
1098 1131 1
404 421 1
1332 1371 1
1286 1309 1
1589 1603 1
125 134 1
1104 1132 1
1219 1228 2
27 48 1
358 393 1
325 357 1
968 983 1
461 464 5
1475 1495 1
969 996 1
1477 1514 1
1619 1655 1
1457 1464 2
608 645 1
1056 1093 1
564 603 1
1388 1425 1
277 300 1
349 376 1
90 124 1
651 674 1
1641 1661 1
1053 1070 1
1372 1382 1
125 147 1
32 61 1
602 618 1
304 334 1
110 125 1
4 20 3
56 68 1
1505 1524 2
1368 1407 1
434 443 3
985 993 1
1521 1539 1
1253 1279 1
1483 1502 1
514 523 1
945 978 1
1449 1460 1
717 740 1
1391 1405 1
568 596 1
971 972 15
863 867 1
267 307 1
886 905 1
282 307 1
647 657 1
1187 1202 1
1470 1481 1
1226 1263 1
441 475 1
1502 1535 1
664 668 4
457 485 1
1302 1335 1
1384 1413 1
992 1013 1
545 574 1
1472 1498 1
1239 1253 1
218 254 1
739 765 1
1433 1446 1
1248 1266 1
313 318 2
1347 1376 1
869 888 1
1101 1121 1
829 837 5
1466 1489 1
931 963 1
886 901 1
1324 1332 1
92 103 1
698 731 1
1618 1647 1
459 469 1
772 800 1
722 734 1
120 156 1
1226 1264 1
1579 1597 1
1288 1313 1
1458 1475 1
297 327 1
536 571 1
759 763 6
1149 1158 1
1274 1280 5
1069 1104 1
1686 1710 1
299 310 1
1459 1469 2
1050 1061 1
954 959 1
680 719 1
400 426 1
1070 1091 1
1382 1400 1
1235 1260 1
1410 1434 1
1489 1526 1
1186 1221 1
1384 1414 1
1178 1185 5
900 917 1
1026 1053 1
483 487 2
795 817 1
723 725 14
696 723 2
504 542 1
117 128 1
1526 1535 1
906 939 1
1501 1531 1
1156 1196 1
1458 1476 1
847 856 1
1022 1047 1
479 506 1
386 409 2
696 734 1
1554 1565 1
844 857 1
1597 1607 1
411 417 5
484 514 1
1212 1246 1
1153 1180 1
913 942 1
1338 1358 1
962 975 1
1579 1614 1
1361 1368 1
53 68 1
774 802 1
1206 1246 1
1514 1541 1
1408 1430 1
1557 1588 1
176 195 1
564 572 1
1523 1543 1
1108 1143 1
853 879 1
1258 1272 1
186 196 1
571 607 1
1646 1658 1
186 223 1
1614 1647 1
1404 1437 1
739 763 1
871 896 1
1082 1112 1
1114 1139 1
858 885 1
1683 1702 1
1649 1687 1
265 305 1
90 126 1
1517 1546 1
1633 1642 1
1240 1251 1
1548 1571 1
1142 1170 1
1293 1323 1
1616 1649 1
672 705 1
87 105 1
1089 1116 1
1360 1381 1
330 342 1
1219 1226 6
217 245 1
431 456 1
1215 1221 3
1315 1325 1
1550 1567 1
410 413 10
1201 1229 1
178 196 1
115 151 1
912 933 1
207 239 1
1272 1311 1
64 96 1
581 592 2
679 697 1
891 915 1
1238 1277 1
623 653 1
1339 1374 1
571 602 1
760 770 1
421 452 1
167 181 1
633 651 1
161 195 1
149 160 2
1355 1386 1
273 291 1
634 663 1
234 256 1
1001 1016 1
1486 1516 1
588 593 6
419 422 1
939 976 1
25 59 1
191 226 1
1494 1528 1
725 741 1
318 333 1
100 137 1
1502 1525 2
1464 1498 1
893 921 1
1331 1347 1
1041 1051 1
634 659 1
412 425 1
532 571 1
1325 1329 1
197 214 1
780 791 1
1167 1174 1
155 167 1
432 459 1
1106 1135 1
1259 1266 2
556 592 1
690 719 1
297 304 3
1112 1121 1
1412 1429 1
331 350 1
923 938 1
1099 1124 1
714 722 2
1199 1208 1
51 63 1
753 763 3
755 778 1
354 381 1
1546 1548 7
1628 1636 1
1588 1599 1
257 293 1
1465 1478 1
1550 1588 1
253 286 1
1221 1248 1
15 46 1
457 493 1
747 769 1
1216 1254 1
1132 1139 9
28 68 1
191 199 1
1684 1690 1
782 818 1
49 61 1
1491 1506 1
1001 1032 1
1087 1103 1
1652 1658 1
1189 1220 1
816 846 1
1065 1094 1
1070 1097 1
793 818 1
633 660 1
1567 1586 1
1194 1220 1
637 669 1
1 39 1
1186 1216 1
459 479 1
1682 1696 1
439 443 3
641 665 1
109 137 1
152 168 1
322 354 1
228 241 1
846 879 1
1626 1654 1
987 1023 1
204 215 1
757 759 15
444 453 1
670 706 1
853 860 1
1550 1560 1
171 199 1
1335 1360 1
1628 1653 1
228 254 1
1321 1330 1
832 871 1
230 253 1
1379 1385 9
1253 1264 1
48 61 1
756 793 1
1078 1115 1
166 176 1
450 486 1
860 894 1
940 966 1
559 580 1
1575 1607 1
274 314 1
966 976 1
1495 1501 2
836 849 1
612 614 10
416 429 1
850 853 1
671 678 5
979 1006 1
190 200 1
856 893 1
1652 1661 1
832 867 1
207 232 1
978 1016 1
663 669 4
336 357 1
173 194 1
581 593 2
1621 1634 1
209 231 1
456 475 1
498 510 1
804 813 1
810 837 1
77 86 1
1075 1091 1
1331 1362 1
519 552 1
879 896 1
1019 1044 1
1055 1082 1
209 234 1
404 436 1
1313 1334 1
21 51 1
1596 1601 3
233 267 1
1613 1616 9
983 995 1
817 852 1
1535 1542 1
1454 1477 1
1665 1672 3
1666 1691 1
1232 1255 1
603 611 4
51 80 1
190 216 1
1602 1611 1
728 760 1
3 8 9
1391 1423 1
1074 1076 1
1403 1436 1
526 543 1
1048 1077 1
257 272 1
823 834 1
559 569 1
1561 1577 1
1151 1170 1
1091 1103 1
1580 1590 1
1602 1641 1
840 846 1
651 674 1
727 731 1
426 446 1
1668 1679 1
779 811 1
355 369 1
1141 1165 1
992 1028 1
1162 1167 3
906 932 1
1637 1675 1
1076 1082 1
742 745 5
1319 1337 1
1647 1651 10
507 530 1
1568 1582 1
947 953 3
566 592 1
4 36 1
148 173 1
1214 1220 3
1457 1494 1
431 463 1
943 983 1
1534 1545 1
1157 1184 1
588 602 2
69 75 3
545 583 1
887 908 1
345 378 1
1352 1381 1
1487 1494 3
1538 1564 1
775 788 1
423 460 1
1078 1098 1
274 285 1
848 863 1
1529 1543 1
1427 1434 1
526 557 1
223 259 1
605 637 1
1497 1521 2
1682 1691 1
367 379 1
808 841 1
1221 1254 1
1420 1426 1
1053 1084 1
1172 1190 1
165 187 1
1027 1033 3
882 907 1
1660 1683 1
125 161 1
1210 1220 3
1174 1208 1
477 496 1
1437 1462 1
311 344 1
691 705 1
272 303 1
11 37 1
275 307 1
844 867 1
1588 1596 5
481 489 1
838 841 16
690 700 1
1596 1631 1
1276 1288 1
1467 1491 1
1169 1204 1
64 85 1
110 132 1
849 880 1
1318 1343 1
1162 1198 1
573 599 1
1058 1085 1
400 416 1
354 379 1
1210 1216 3
912 941 1
480 497 1
1351 1382 1
617 649 1
1504 1508 6
250 283 1
1608 1620 1
1569 1602 1
1005 1010 1
488 516 1
1342 1367 1
811 829 1
324 350 1
551 577 1
1082 1095 1
92 132 1
1039 1067 1
1056 1081 1
153 175 1
45 61 1
1479 1496 1
211 213 1
438 446 3
1384 1403 1
1629 1636 1
922 949 1
265 276 1
1184 1187 1
975 998 1
1517 1534 1
1374 1414 1
577 587 5
1426 1451 1
666 686 1
1587 1618 1
516 549 1
503 523 1
1165 1191 1
461 479 1
1333 1353 1
1286 1317 1
1424 1446 1
1470 1481 1
1317 1356 1
759 781 1
1433 1461 1
1560 1587 1
89 104 1
1503 1541 1
1164 1173 1
1022 1035 1
991 996 15
1683 1692 1
1660 1671 3
368 401 1
1404 1413 9
461 470 1
1447 1459 1
146 172 1
167 179 1
13 23 6
265 286 1
569 589 1
1465 1475 1
1499 1518 2
960 993 1
898 914 3
1097 1133 1
648 654 3
72 95 1
304 342 1
893 930 1
495 505 1
1694 1706 1
709 730 2
963 971 1
1017 1025 1
267 307 1
1349 1352 5
1662 1678 1
917 948 1
849 856 1
926 940 3
1666 1692 1
1473 1505 1
1077 1113 1
634 643 1
823 837 1
1229 1264 1
481 520 1
1413 1428 1
250 273 1
460 491 1
403 443 1
273 286 1
289 293 4
374 381 1
332 353 1
172 181 1
1190 1212 1
1134 1140 3
1056 1078 1
1458 1490 1
1223 1241 1
612 620 5
309 348 1
1453 1454 1
354 359 3
1650 1665 1
688 703 1
1439 1452 1
1319 1333 1
706 742 1
605 642 1
64 72 1
22 38 1
634 669 1
494 508 1
716 753 1
1645 1648 1
1325 1361 1
1409 1421 1
167 202 1
517 536 1
1432 1471 1
1344 1359 1
1263 1266 12
891 921 1
1332 1356 1
1525 1548 1
908 912 9
219 250 1
1448 1484 1
1091 1111 1
215 220 2
1470 1508 1
998 1032 1
1636 1659 1
209 241 1
1239 1269 1
1580 1617 1
814 827 3
3 20 3
1197 1206 1
1033 1062 1
1558 1598 1
1042 1072 1
822 857 1
1279 1288 1
740 759 1
806 825 1
1283 1306 1
422 454 1
840 875 1
483 500 1
1554 1559 2
574 593 1
280 297 2
5 15 3
607 620 5
607 620 5
1276 1298 1
1432 1442 1
599 600 10
1374 1384 1
206 228 1
492 515 1
157 187 1
1000 1018 1
1260 1297 1
893 919 1
1080 1082 1
455 459 1
1410 1438 1
966 997 1
1141 1153 1
1616 1638 1
483 508 1
1362 1379 1
625 632 1
92 113 1
1128 1164 1
823 847 1
589 620 1
702 711 6
324 351 1
217 233 2
1676 1703 1
941 969 1
1003 1016 1
1563 1569 9
409 448 1
1160 1196 1
713 729 2
5 28 3
1369 1401 1
261 278 1
970 1001 1
568 581 1
625 655 1
1457 1461 4
353 364 1
487 522 1
269 308 1
943 965 1
1120 1132 1
868 889 1
1279 1311 1
1330 1337 1
1000 1009 1
212 233 2
1545 1568 1
1475 1515 1
885 924 1
1359 1386 1
1519 1542 1
134 143 1
886 891 14
51 56 1
557 580 1
1238 1273 1
1213 1225 3
