1929 1700
1773 1798 1
567 570 5
608 626 1
989 1029 1
966 980 1
148 169 1
1098 1133 1
696 715 1
430 459 1
1481 1500 1
1024 1033 1
1456 1458 1
1434 1464 1
358 385 1
1789 1818 1
1468 1502 1
1735 1767 1
469 490 1
1123 1127 3
603 634 1
13 33 1
1804 1837 1
721 740 1
1830 1853 1
1246 1276 1
1445 1466 1
739 767 1
793 813 1
1490 1500 1
415 453 1
1455 1478 1
1873 1890 1
1607 1616 1
158 193 1
1676 1703 1
1128 1138 1
430 466 1
808 838 1
1237 1241 3
1685 1699 1
1141 1170 1
614 634 1
374 378 1
1283 1313 1
1545 1571 1
1581 1599 1
631 667 1
193 222 1
1560 1579 1
727 767 1
1064 1103 1
123 132 1
1806 1821 5
859 868 1
1315 1327 1
869 892 1
61 65 14
1711 1740 1
1816 1820 5
875 893 1
1242 1254 1
1244 1275 1
1853 1878 1
369 371 15
247 271 1
904 938 1
186 204 1
1350 1359 1
1867 1907 1
463 494 1
316 336 1
1098 1130 1
1634 1659 1
1069 1073 15
326 356 1
969 994 1
1383 1395 1
216 242 1
1258 1269 1
1405 1444 1
1499 1518 1
1173 1187 1
584 598 1
1314 1335 1
1097 1114 1
1474 1493 1
223 243 1
1406 1430 1
1358 1394 1
824 857 1
185 221 1
803 827 1
1209 1213 1
1372 1403 1
372 390 1
1322 1338 1
435 475 1
749 778 1
221 256 1
806 841 1
315 319 1
943 958 1
1188 1207 1
1446 1456 1
1431 1456 1
1667 1681 1
172 182 1
869 874 7
777 812 1
544 548 1
189 207 1
1906 1918 1
462 480 1
18 23 8
1306 1343 1
698 730 1
1011 1028 1
171 207 1
64 98 1
17 27 8
77 93 1
1786 1818 1
1288 1307 1
1408 1421 1
1284 1318 1
517 555 1
141 158 1
1255 1271 1
414 439 1
981 1015 1
1070 1107 1
273 294 1
1387 1412 1
786 819 1
787 792 1
1292 1312 1
1883 1911 1
697 707 1
1458 1466 5
557 572 1
1577 1597 1
1011 1032 1
1055 1088 1
1414 1439 1
1403 1440 1
950 985 1
153 186 1
1305 1318 1
529 544 1
1019 1045 1
944 948 3
588 623 1
645 665 1
738 763 1
356 377 1
1279 1312 1
48 61 2
229 269 1
653 674 1
1693 1699 5
1708 1716 1
1335 1367 1
132 166 1
1615 1645 1
696 731 1
1682 1712 1
1593 1630 1
1863 1890 1
1131 1157 1
204 208 5
702 735 1
374 382 1
1170 1187 1
855 861 1
1037 1056 1
1144 1162 1
1586 1609 1
330 352 1
262 275 1
1 21 1
219 239 1
33 68 1
1293 1327 1
615 618 1
539 548 1
1348 1354 1
201 227 1
52 90 1
150 175 1
792 821 1
1306 1327 1
491 495 5
1893 1903 1
49 69 2
385 390 1
1364 1391 1
1777 1804 1
1155 1190 1
432 462 1
751 772 1
1709 1747 1
543 556 1
938 962 1
469 479 1
214 251 1
1479 1512 1
403 429 1
1 6 3
696 704 1
699 703 1
1177 1210 1
1434 1441 3
391 414 1
650 672 1
1770 1806 1
562 590 1
1592 1611 1
1342 1371 1
1157 1189 1
238 253 1
511 544 1
1624 1642 1
1737 1761 1
570 582 1
121 143 1
199 220 1
131 160 1
605 642 1
1305 1339 1
1899 1920 1
928 965 1
1351 1368 1
1491 1521 1
1319 1350 1
977 999 1
1650 1670 1
1825 1840 1
1021 1041 1
1455 1474 1
1536 1538 1
1345 1358 1
1166 1175 1
394 433 1
300 332 1
1237 1264 1
1827 1842 1
660 678 1
1582 1588 7
222 254 1
1874 1884 5
723 751 1
348 362 1
1023 1056 1
188 227 1
1088 1114 1
574 583 1
1009 1030 1
1794 1804 1
3 39 1
960 995 1
1067 1099 1
775 792 1
1509 1522 3
426 440 1
159 165 1
1617 1622 1
1360 1399 1
1436 1469 1
1422 1452 1
636 652 1
1917 1929 5
1657 1682 1
866 895 1
1167 1198 1
708 710 14
1590 1615 1
1095 1118 1
1196 1228 1
265 279 1
809 837 1
162 202 1
683 694 1
1116 1123 1
1193 1229 1
584 619 1
457 475 1
1019 1045 1
1877 1906 4
1323 1359 1
1245 1254 1
1358 1363 15
624 659 1
85 113 1
1788 1826 1
1906 1919 1
458 468 1
1354 1373 1
251 286 1
58 88 1
1366 1386 1
1076 1084 1
1859 1866 5
206 242 1
1855 1861 2
923 934 5
1041 1063 1
406 446 1
1899 1924 1
387 391 7
612 630 1
860 868 1
115 149 1
1114 1154 1
293 301 1
892 932 1
1052 1073 5
629 643 1
1489 1506 1
995 1030 1
532 545 1
918 941 1
843 881 1
920 928 1
1815 1825 5
310 333 1
197 224 1
1107 1122 1
961 998 1
458 469 1
1259 1297 1
1033 1043 1
280 305 1
1650 1668 1
1785 1791 1
1248 1254 3
1341 1351 1
878 883 1
1472 1510 1
1810 1843 1
1332 1355 1
824 856 1
1018 1027 1
1500 1511 1
1020 1036 1
1794 1811 1
192 197 3
481 488 2
1793 1819 1
1625 1639 1
860 862 3
1578 1611 1
657 673 1
1295 1328 1
1379 1418 1
1383 1416 1
1904 1909 1
641 649 4
1371 1388 1
1853 1892 1
1079 1086 3
872 883 1
176 186 1
441 460 1
1126 1133 3
712 722 1
582 604 1
51 79 1
1430 1444 1
1305 1319 1
558 570 1
124 163 1
1613 1653 1
18 55 1
462 482 1
1513 1534 1
241 250 1
669 693 1
1106 1123 1
1343 1360 1
1042 1082 1
1688 1708 1
724 749 1
1151 1153 8
376 391 1
303 309 5
190 209 1
640 670 1
1521 1547 1
366 382 1
253 268 1
696 707 1
487 490 1
1224 1232 5
972 1004 1
1647 1657 1
591 603 1
200 236 1
556 587 1
259 282 1
916 949 1
1897 1922 1
48 75 1
295 332 1
1100 1126 1
17 25 8
906 915 1
232 249 1
1398 1432 1
1108 1124 1
1004 1006 5
838 866 1
751 760 1
246 282 1
1612 1620 1
1369 1384 1
1864 1867 15
1762 1771 3
1347 1376 1
475 480 1
291 314 1
1639 1678 1
1063 1101 1
769 785 1
743 764 1
1477 1509 1
1682 1717 1
477 509 1
1286 1319 1
1676 1683 5
1828 1843 1
635 653 1
232 242 1
754 792 1
977 1011 1
1836 1852 1
474 497 1
92 113 1
280 289 1
53 88 1
67 92 1
1290 1308 1
308 340 1
1025 1036 1
1311 1320 5
742 745 9
1229 1250 1
398 433 1
563 567 5
1696 1736 1
1560 1595 1
984 994 1
458 480 1
782 801 1
864 894 1
1331 1354 1
504 521 1
375 400 1
326 358 1
1805 1840 1
82 121 1
207 222 2
359 395 1
239 274 1
46 85 1
337 356 1
675 682 1
738 776 1
636 647 2
1150 1166 1
1080 1089 1
731 752 1
377 399 1
810 839 1
1795 1830 1
1822 1862 1
1079 1119 1
1123 1153 1
901 920 1
1532 1572 1
145 183 1
1431 1452 1
59 96 1
1288 1321 1
1552 1567 1
1475 1493 1
1864 1877 5
1484 1491 1
1906 1920 1
1662 1694 1
505 510 3
52 85 1
398 408 1
250 259 1
59 89 1
1835 1849 1
1162 1184 1
1066 1084 1
1417 1436 1
1910 1929 5
692 724 1
1243 1252 1
1754 1764 3
1586 1617 1
550 580 1
1668 1694 1
861 892 1
18 50 1
358 364 1
1756 1765 3
806 845 1
91 97 2
1387 1396 1
1757 1772 3
625 626 3
390 430 1
1476 1487 1
1395 1412 2
510 525 1
1099 1108 1
136 148 1
1428 1466 1
776 780 3
226 245 1
767 787 1
103 110 1
1129 1160 1
1315 1349 1
1570 1593 1
1659 1686 1
897 923 1
757 772 1
288 294 1
514 533 1
229 254 1
787 804 1
1069 1091 1
761 795 1
620 637 1
883 920 1
1040 1063 1
106 135 1
922 949 1
1213 1243 1
931 936 1
1793 1818 1
1159 1197 1
755 772 1
570 573 1
1463 1476 3
1168 1196 1
1511 1529 1
102 118 1
1214 1250 1
1267 1298 1
23 42 1
1261 1264 1
773 793 1
1631 1671 1
1257 1264 1
1391 1399 1
18 44 1
1295 1329 1
1285 1299 1
428 438 1
1435 1461 1
990 1025 1
1251 1267 1
885 914 1
1126 1138 1
1846 1865 1
962 967 1
1467 1478 3
245 266 1
459 460 8
1561 1568 3
1735 1768 1
958 960 3
231 246 1
601 614 1
735 742 5
1481 1505 1
1831 1849 1
886 918 1
85 86 8
933 939 1
1641 1647 1
872 876 14
77 92 1
864 896 1
238 241 5
1269 1275 2
1592 1628 1
125 142 1
1267 1276 2
1861 1893 1
573 585 1
837 863 1
1542 1568 1
839 860 1
484 498 1
848 883 1
650 684 1
675 701 1
1148 1167 1
1562 1600 1
43 58 1
179 193 1
1195 1217 1
954 977 1
1183 1217 1
1698 1707 1
104 133 1
135 155 1
1203 1217 1
799 837 1
892 923 1
675 711 1
138 148 1
690 727 1
632 664 1
157 177 1
187 202 1
542 547 7
9 38 1
979 1016 1
1406 1427 1
545 553 1
810 825 1
1757 1777 3
1335 1351 1
703 724 1
1430 1454 1
1004 1029 1
396 416 1
814 847 1
89 126 1
792 798 2
123 136 1
1809 1839 1
168 185 1
1870 1901 1
998 1027 1
1295 1308 1
7 10 3
1321 1324 8
304 323 1
1475 1490 1
1046 1065 2
1428 1447 1
97 111 1
1107 1136 1
1404 1433 1
1359 1378 1
832 855 1
1586 1618 1
1803 1833 1
520 528 3
1769 1785 1
564 600 1
662 684 1
318 344 1
1441 1462 1
1059 1071 5
324 346 1
831 867 1
87 95 4
1182 1216 1
682 696 1
1448 1462 1
1666 1698 1
1517 1555 1
992 1027 1
1846 1876 1
516 555 1
665 683 1
1896 1927 1
1800 1830 1
917 928 1
937 953 1
709 716 1
95 113 1
1517 1544 1
1114 1121 1
1807 1810 5
200 222 1
75 87 1
746 756 1
1192 1203 3
1337 1357 1
405 429 1
1008 1043 1
1319 1342 1
357 393 1
192 210 1
1612 1637 1
1164 1193 1
15 48 1
997 1018 1
92 105 1
607 612 1
291 309 1
1801 1816 5
484 500 1
1152 1180 1
1601 1623 1
809 841 1
48 79 1
472 477 1
963 992 1
748 774 1
118 149 1
1004 1023 1
1387 1403 1
1885 1913 1
1304 1316 1
1555 1593 1
276 308 1
1615 1628 1
1559 1564 3
1112 1125 1
716 719 5
1890 1897 1
1622 1662 1
1352 1368 1
335 369 1
1055 1087 1
1434 1454 1
1530 1566 1
1206 1214 1
1722 1731 1
363 377 1
556 568 1
1675 1687 1
547 582 1
383 396 1
1840 1877 1
580 593 1
124 130 3
900 910 1
1165 1203 1
328 340 3
1191 1207 1
1602 1634 1
1039 1064 1
1439 1454 1
1585 1607 1
1582 1588 7
1621 1639 1
19 37 1
951 968 1
310 344 1
1149 1181 1
1140 1164 1
1850 1871 1
819 851 1
571 577 1
1646 1665 1
641 657 1
1087 1089 2
1370 1390 1
1161 1186 1
709 719 1
1726 1739 1
1500 1531 1
1230 1245 1
48 53 4
267 273 1
1502 1520 1
490 501 1
1836 1861 1
1863 1902 1
469 484 1
1893 1902 1
135 148 1
1232 1243 1
1546 1586 1
391 401 5
945 960 1
746 785 1
948 971 1
967 984 2
1434 1453 1
477 511 1
298 309 1
884 905 1
1512 1516 15
1015 1041 1
765 803 1
806 834 1
585 600 1
1081 1090 1
287 316 1
802 815 5
1785 1812 1
738 773 1
289 299 1
114 122 1
436 443 3
179 213 1
393 414 1
722 756 1
333 354 1
782 796 1
799 835 1
1028 1062 1
376 416 1
867 901 1
1002 1008 1
123 162 1
896 907 1
1751 1755 1
591 595 1
1615 1619 1
1773 1810 1
521 524 12
1384 1397 1
1851 1866 1
6 44 1
890 905 1
1779 1817 1
1790 1822 1
1168 1191 1
209 218 2
1109 1119 1
1418 1450 1
301 338 1
1367 1405 1
853 861 1
1012 1038 1
390 402 5
958 959 3
1132 1157 1
581 590 1
1412 1422 1
634 667 1
99 125 1
66 97 1
585 614 1
1410 1431 1
1485 1514 1
1649 1665 1
117 125 1
775 790 1
1688 1690 10
1747 1776 1
1164 1168 1
666 676 1
885 897 1
225 234 2
1291 1321 1
669 705 1
282 294 1
1257 1297 1
1744 1751 1
1012 1047 1
229 261 1
900 912 1
755 764 1
54 68 2
477 501 1
1843 1848 2
602 605 9
918 929 1
80 88 1
764 797 1
1575 1588 1
1853 1883 1
657 697 1
1745 1776 1
1263 1292 1
66 101 1
624 627 3
1452 1470 1
281 298 1
1238 1255 1
138 143 1
1689 1714 1
1000 1026 1
1885 1912 1
1456 1462 1
942 982 1
1095 1109 1
1393 1398 2
1130 1151 1
1520 1546 1
1281 1286 12
1262 1281 1
983 1002 1
122 159 1
1153 1175 1
1452 1465 1
1015 1027 1
1371 1409 1
502 519 1
1776 1786 1
195 211 1
1171 1210 1
669 682 1
1704 1706 1
673 701 1
803 824 1
1830 1859 1
1531 1548 1
1104 1129 1
1905 1923 1
1463 1466 15
1169 1184 1
325 362 1
901 929 1
1025 1063 1
1442 1464 1
509 522 1
738 756 1
1301 1338 1
1147 1149 1
461 466 1
312 349 1
1041 1052 1
1777 1803 1
919 952 1
36 38 7
1858 1888 1
1743 1754 1
754 781 1
329 339 9
282 322 1
843 879 1
903 937 1
302 327 1
1721 1758 1
48 60 2
1194 1233 1
1834 1843 1
1476 1479 3
369 388 1
852 883 1
799 830 1
186 204 1
653 661 2
802 831 1
1264 1279 1
1859 1888 1
2 25 1
708 726 1
1604 1631 1
1094 1118 1
1451 1456 1
854 893 1
1502 1505 1
87 127 1
833 864 1
553 565 1
1585 1625 1
1208 1233 1
702 718 1
880 899 1
1868 1892 1
1119 1152 1
1581 1595 1
1441 1476 1
1306 1315 1
1430 1444 1
1606 1645 1
481 488 2
1164 1187 1
936 967 1
868 895 1
718 724 15
177 210 1
538 552 1
1532 1567 1
898 928 1
1155 1160 5
543 570 1
178 212 1
184 201 1
50 70 2
1195 1212 1
745 766 1
1660 1663 1
1696 1736 1
719 732 1
860 864 1
1025 1039 1
633 659 1
1547 1575 1
697 722 1
1874 1911 1
274 278 1
876 892 1
160 178 1
1879 1914 1
349 377 1
1596 1622 1
206 232 1
1539 1545 4
692 712 1
156 190 1
152 190 1
304 332 1
430 458 1
990 1013 1
1203 1233 1
1532 1543 1
931 969 1
168 190 1
1267 1281 1
451 457 2
891 931 1
493 533 1
86 118 1
1541 1579 1
1499 1522 1
647 677 1
1093 1101 1
868 888 1
280 299 1
131 132 10
48 67 2
17 41 1
966 983 1
827 840 1
904 942 1
1452 1467 1
322 336 1
295 310 1
1172 1185 1
203 231 1
1498 1522 1
1555 1582 1
1784 1786 1
1597 1632 1
373 381 1
1329 1360 1
1225 1256 1
1478 1483 3
196 221 1
1773 1807 1
489 501 1
1858 1886 1
902 913 1
332 363 1
602 618 1
1747 1767 1
879 889 1
434 440 3
9 29 1
1487 1527 1
1681 1708 1
499 520 1
555 559 1
245 261 1
251 255 1
831 845 1
1766 1777 3
509 512 1
1038 1046 1
894 934 1
290 306 1
538 545 7
952 964 1
838 841 4
134 138 5
451 458 2
1653 1681 1
1548 1557 2
224 249 1
1789 1828 1
90 106 1
197 214 1
1155 1172 1
1516 1536 1
1387 1393 1
1331 1348 5
358 373 1
729 733 5
1332 1363 1
1569 1590 1
1151 1171 1
397 424 1
1594 1623 1
1346 1386 1
773 797 1
957 970 1
373 412 1
1228 1254 1
1712 1734 1
123 157 1
1114 1126 1
232 257 1
1170 1206 1
505 536 1
233 252 1
761 800 1
1323 1351 1
384 386 10
313 353 1
1550 1576 1
1613 1633 1
40 42 6
1067 1104 1
974 979 2
1567 1588 1
1377 1382 1
1765 1804 1
1053 1065 10
815 830 1
1254 1279 1
26 39 1
385 414 1
1475 1495 1
1400 1429 1
1266 1276 2
1740 1776 1
230 266 1
639 674 1
176 216 1
1288 1312 1
412 418 1
509 528 1
1094 1121 1
1078 1089 1
1352 1363 1
1661 1671 1
593 617 1
1018 1050 1
1354 1358 1
318 341 1
704 733 1
1654 1688 1
1075 1079 1
1579 1590 1
1122 1146 1
229 238 1
360 384 1
1575 1604 1
134 146 1
993 1008 1
1412 1434 1
1255 1289 1
1720 1723 5
1781 1821 1
486 526 1
420 439 1
1649 1667 1
1267 1281 1
945 971 1
1115 1127 1
625 631 3
380 420 1
727 753 1
1602 1634 1
1051 1065 10
677 685 5
1569 1577 1
1589 1599 1
1016 1053 1
627 654 1
748 763 1
1044 1060 1
565 596 1
794 799 6
944 976 1
1558 1583 1
1601 1617 1
1348 1358 1
302 313 1
1781 1821 1
1739 1748 9
239 267 1
725 758 1
1435 1475 1
204 239 1
626 634 3
664 696 1
1791 1794 1
1529 1568 1
461 499 1
485 494 1
662 675 1
279 288 1
1471 1492 1
1159 1192 1
508 516 1
1657 1676 1
216 236 1
516 546 1
1596 1605 1
1201 1207 3
1056 1076 5
1566 1583 1
1326 1348 1
1787 1808 1
293 298 3
1468 1478 3
38 68 1
877 887 1
181 214 1
1660 1698 1
444 474 1
485 510 1
1433 1439 3
147 186 1
953 985 1
820 832 1
1478 1502 1
1132 1169 1
1781 1790 1
1349 1372 1
244 276 1
1493 1512 1
512 519 5
67 86 1
91 101 1
1450 1454 1
1330 1347 5
637 660 1
929 940 1
1204 1209 1
1023 1034 1
1394 1433 1
9 35 1
1785 1809 1
264 281 1
768 783 1
875 883 1
1397 1417 2
1067 1107 1
1032 1038 3
1778 1804 1
167 198 1
1345 1359 1
530 541 1
1101 1107 1
810 842 1
647 670 1
1496 1524 1
1636 1661 1
427 466 1
1262 1271 1
689 727 1
68 78 5
1222 1228 5
1296 1329 1
965 993 1
593 613 1
1328 1348 5
1519 1542 1
1746 1774 1
902 923 1
60 68 14
472 508 1
245 259 1
976 993 1
99 107 1
32 54 1
1007 1022 1
475 495 1
1445 1474 1
566 580 1
106 144 1
775 786 3
467 492 1
231 263 1
1578 1592 1
1048 1073 1
514 534 1
1029 1055 1
1566 1585 1
1109 1142 1
1396 1400 6
1755 1764 3
899 905 1
833 858 1
531 565 1
1762 1802 1
40 44 2
1300 1322 1
196 224 1
980 1018 1
133 139 5
258 278 1
1442 1468 1
1409 1426 1
1602 1642 1
1810 1825 5
1120 1140 1
1560 1579 1
649 658 1
1477 1500 1
1687 1709 1
1906 1915 1
1751 1777 1
1077 1098 1
636 651 1
823 843 1
887 910 1
763 779 1
238 253 1
1001 1025 1
1800 1809 5
1036 1045 1
1100 1111 1
497 525 1
1737 1754 1
276 303 1
1354 1359 1
790 805 1
637 662 1
1887 1914 1
236 247 1
224 264 1
437 457 1
456 477 1
1049 1082 1
343 350 1
1678 1718 1
932 959 1
1102 1127 1
739 755 1
895 925 1
1617 1653 1
1845 1862 1
59 68 2
1612 1639 1
391 415 1
381 397 1
342 353 1
1530 1559 1
1757 1780 1
1724 1758 1
10 22 1
982 999 1
596 629 1
375 391 1
304 341 1
1768 1799 1
1325 1362 1
1436 1468 1
1501 1507 1
1382 1418 1
268 285 1
1767 1795 1
337 351 1
413 439 1
1422 1444 1
240 252 1
120 153 1
983 1007 1
1188 1216 1
1569 1602 1
1343 1354 1
1211 1240 1
617 636 1
305 312 1
1000 1033 1
1658 1677 1
1424 1463 1
1261 1285 1
548 557 1
1074 1093 1
1106 1133 1
291 301 1
1544 1577 1
844 870 1
58 64 2
1536 1554 1
1151 1171 1
589 600 1
1249 1286 1
24 55 1
662 687 1
968 989 2
115 152 1
1440 1477 1
1855 1882 1
481 498 1
739 750 1
634 645 2
266 277 1
1186 1207 1
46 86 1
617 657 1
591 612 1
661 683 1
356 382 1
92 119 1
3 35 1
575 587 1
1868 1895 1
684 699 1
1094 1111 1
971 999 1
595 598 2
1672 1700 1
56 94 1
970 984 2
251 272 1
1643 1657 1
1306 1340 1
465 499 1
842 857 1
464 479 1
809 849 1
1357 1396 1
544 559 1
1384 1393 1
951 969 1
1163 1193 1
1401 1438 1
101 120 1
1368 1400 1
1865 1905 1
1877 1915 1
308 319 1
855 880 1
587 613 1
1285 1321 1
760 772 1
260 291 1
1241 1275 1
504 537 1
599 622 1
1377 1382 1
1047 1066 2
1387 1398 1
841 849 1
1559 1581 1
1453 1491 1
724 744 1
1205 1210 1
90 122 1
522 556 1
670 684 1
839 844 2
871 874 14
375 396 1
972 981 2
311 335 1
568 574 1
311 347 1
1074 1094 1
305 338 1
1061 1074 5
1032 1071 1
1559 1587 1
462 493 1
73 99 1
194 214 1
4 13 1
363 390 1
1113 1134 1
767 804 1
1770 1774 3
150 176 1
1011 1037 1
951 977 1
1357 1362 15
1356 1386 1
45 75 1
1693 1713 1
1070 1100 1
1651 1670 1
1765 1798 1
792 826 1
662 670 1
1528 1551 1
1393 1414 2
1735 1770 1
960 982 1
1543 1569 1
1082 1109 1
1555 1589 1
1885 1915 1
1687 1703 1
244 247 4
1335 1369 1
408 442 1
756 766 1
840 855 1
1382 1413 1
1460 1494 1
504 529 1
212 244 1
1450 1459 1
972 977 2
191 210 1
1611 1615 3
1303 1333 1
390 427 1
1031 1049 1
81 91 1
148 154 1
1026 1066 1
1212 1247 1
807 825 1
718 756 1
1077 1099 1
1678 1710 1
1361 1377 1
585 621 1
388 407 1
1497 1529 1
736 757 1
412 446 1
873 881 1
315 328 1
920 924 4
746 769 1
488 490 1
1405 1442 1
1824 1840 1
1081 1121 1
119 144 1
1800 1836 1
613 650 1
1902 1908 1
1651 1671 1
1792 1814 1
1349 1372 1
606 639 1
1416 1439 1
266 302 1
1736 1762 1
1392 1420 1
918 930 1
489 494 1
968 998 1
901 910 1
866 880 1
1782 1799 1
1757 1792 1
1581 1605 1
1454 1461 1
683 696 1
1151 1167 1
1268 1296 1
649 683 1
355 360 5
1791 1809 1
757 787 1
1724 1736 1
217 251 1
429 439 1
1164 1179 1
1542 1578 1
491 513 1
535 542 1
1636 1647 1
1558 1584 1
431 438 1
1449 1452 1
167 180 1
187 218 1
1297 1318 1
1609 1635 1
260 283 1
750 765 1
540 577 1
793 806 1
1115 1136 1
1451 1457 1
1155 1185 1
525 551 1
285 323 1
1731 1736 7
603 613 1
1111 1125 1
45 73 1
750 753 1
1048 1058 2
795 824 1
7 37 1
702 715 1
390 398 5
1682 1707 1
1532 1554 1
1575 1595 1
1891 1903 1
1185 1221 1
1516 1528 1
454 492 1
1588 1621 1
178 188 1
517 541 1
253 268 1
1344 1367 1
586 614 1
1536 1554 1
721 745 1
801 832 1
649 669 1
136 148 1
1091 1099 1
1865 1870 15
194 230 1
895 907 1
44 67 1
911 922 2
203 227 1
1249 1268 1
1604 1610 5
1887 1920 1
683 703 1
1835 1851 1
1120 1132 3
1200 1211 1
1249 1266 1
1461 1467 15
250 272 1
1084 1093 1
1592 1631 1
603 627 1
1873 1890 1
1747 1779 1
1787 1793 1
1322 1336 1
1850 1863 1
1798 1831 1
1526 1531 1
530 537 1
1025 1031 1
282 283 8
1678 1713 1
1762 1797 1
1152 1168 1
28 40 1
325 362 1
1456 1470 1
1409 1445 1
1563 1590 1
422 426 1
92 115 1
931 948 1
306 327 1
502 525 1
858 870 1
1414 1441 1
1077 1101 1
1704 1710 1
48 69 2
304 321 1
375 391 1
1719 1723 1
1807 1842 1
1662 1690 1
742 756 1
1845 1878 1
659 693 1
410 427 1
46 65 1
1797 1802 1
460 500 1
505 517 1
1813 1833 1
587 599 1
190 199 3
1655 1672 1
1894 1922 1
47 57 2
545 572 1
303 322 1
828 832 1
370 386 1
460 498 1
317 344 1
1799 1810 5
1449 1489 1
718 756 1
1020 1054 1
1224 1229 5
1524 1560 1
1393 1420 2
120 126 1
1572 1609 1
1787 1793 1
1884 1893 2
1147 1173 1
7 21 1
1452 1471 1
449 472 1
899 935 1
1027 1039 1
1784 1815 1
120 125 2
519 524 4
762 767 1
872 882 1
735 756 1
115 140 1
942 980 1
1566 1602 1
1769 1776 3
1539 1555 1
1175 1206 1
430 446 1
242 249 1
717 750 1
1374 1381 5
1520 1525 1
