651
1.3 445.06
7.69 409.66
3.88 287.02
7.85 -318.86
5.0 -304.64
7.25 -283.34
8.5 -424.98
9.18 110.64
8.78 8.36
3.52 -479.67
4.06 243.41
7.73 -475.67
1.76 346.52
0.99 67.45
6.08 -421.46
1.63 -352.94
2.4 -322.45
1.24 -391.41
0.55 -352.82
6.38 -11.71
0.15 218.26
6.16 -345.81
0.25 392.16
6.86 407.75
3.15 -344.97
4.3 469.33
7.51 -197.93
8.94 -196.83
1.68 217.67
5.96 245.96
3.73 -132.8
9.74 323.97
5.33 352.24
1.03 -68.46
2.96 -7.61
1.77 218.54
2.4 21.2
0.93 162.16
2.55 -11.31
0.84 24.84
7.76 -425.86
4.0 368.7
2.49 31.7
8.26 -400.36
3.93 -71.8
7.28 -275.94
1.21 -4.87
2.94 169.24
7.02 205.73
7.83 -207.13
7.44 4.4
8.72 -450.31
1.54 -463.29
0.32 93.49
0.18 -76.61
8.58 391.29
0.84 -104.43
1.52 -470.73
7.5 -104.8
4.4 499.65
5.22 -33.84
0.24 -165.38
7.59 -175.78
4.91 73.32
4.42 226.78
7.92 342.89
5.02 -159.89
0.13 -198.51
2.52 142.78
1.65 -357.21
5.93 372.98
7.98 -434.93
5.89 -117.54
0.51 195.4
6.68 83.18
8.99 115.76
3.34 218.78
1.52 -456.8
6.69 21.79
5.0 -285.21
9.48 -116.88
4.16 -238.93
8.03 -282.21
8.76 89.26
9.34 426.75
0.33 -194.07
4.4 -344.69
2.61 -142.2
4.97 -277.87
4.6 484.86
4.89 -481.76
8.73 -127.21
6.31 347.72
9.03 -451.39
5.47 -374.92
2.92 -317.82
8.9 -282.14
0.46 -317.85
8.02 288.42
6.78 -153.48
8.25 14.93
3.21 -278.7
0.09 473.63
5.44 13.35
2.89 -106.56
9.88 -156.55
2.47 23.19
4.91 197.07
3.67 479.64
1.98 30.72
1.28 -76.0
5.08 407.77
6.14 68.78
3.72 -166.59
5.32 429.78
4.07 197.62
9.44 -341.97
8.75 168.07
1.94 -173.43
5.14 -396.44
7.39 -87.3
9.75 -402.01
5.85 303.99
1.16 -85.68
6.66 -230.4
8.14 496.9
6.52 -327.03
8.26 -175.7
8.14 -496.11
0.62 336.49
2.25 331.76
6.49 -237.08
5.3 -11.01
4.36 -473.36
6.93 245.13
2.31 18.6
1.33 30.9
2.7 -262.74
3.11 -152.54
0.76 -358.31
2.52 -434.34
5.23 -310.16
7.73 -292.15
8.87 -427.61
5.59 248.35
2.08 7.34
0.45 51.74
6.83 182.99
6.72 -57.52
7.68 300.71
2.91 261.16
5.98 -125.89
9.4 115.23
5.09 33.41
6.01 -349.49
9.05 -451.64
4.35 76.65
6.57 -243.3
8.82 434.12
6.57 -361.01
3.73 -467.44
4.63 28.81
3.29 154.35
9.56 -437.58
2.34 -94.07
7.15 134.31
1.63 142.41
8.34 355.38
9.91 12.25
6.3 247.89
4.79 270.57
1.98 -350.1
4.84 246.32
6.73 130.76
2.49 132.15
8.21 -47.22
3.33 282.87
5.73 -443.93
1.55 -318.14
1.07 -0.93
8.25 -489.29
5.4 -122.75
5.12 122.81
4.44 327.18
5.28 454.28
1.55 496.45
1.27 -364.27
3.61 -382.25
9.16 -415.25
1.88 -433.13
5.21 -77.01
1.09 249.77
3.69 -499.18
6.07 396.36
6.86 65.0
6.19 372.92
0.2 -158.61
1.75 -352.09
7.09 -319.12
7.06 -27.48
5.08 -344.14
1.87 -245.26
6.68 -388.22
3.95 79.16
6.82 -206.91
1.0 41.96
4.02 -4.67
1.9 226.05
5.09 192.59
7.45 -347.74
4.2 210.08
9.92 -194.41
7.68 396.63
8.68 384.67
7.37 -288.1
1.85 195.76
2.06 -495.33
3.91 -11.07
9.21 -246.67
7.82 -414.82
2.46 8.35
8.49 -401.3
3.9 -382.81
2.88 344.47
5.49 -31.48
0.58 226.32
8.58 330.43
8.92 118.84
9.68 342.28
0.71 -41.69
8.54 -87.75
6.69 285.18
3.58 259.16
0.1 122.95
6.58 249.25
8.99 -326.91
9.34 -389.25
4.69 -117.01
6.98 97.78
1.81 -13.71
1.31 32.79
3.56 463.46
7.29 181.0
2.34 -66.4
8.6 -86.12
7.87 -319.35
9.17 262.17
7.08 332.19
4.59 -211.91
8.16 -411.37
5.85 -119.55
7.93 335.42
0.69 -134.2
7.49 -426.46
3.22 -351.89
6.9 -97.25
8.29 239.08
7.43 132.66
2.47 486.46
8.77 469.66
5.57 237.11
3.7 -121.9
0.72 294.75
0.24 -135.22
0.41 -303.9
9.79 479.7
2.17 83.19
3.99 396.02
6.56 -144.7
0.65 89.39
0.42 -382.38
1.67 -69.98
3.25 476.4
5.63 208.56
6.08 250.1
7.87 107.59
0.42 217.87
4.17 462.53
1.34 14.78
0.04 434.29
7.58 -361.38
3.26 192.16
2.19 130.29
4.98 283.9
3.6 44.14
3.58 341.15
6.02 71.38
2.15 -273.94
1.31 -66.48
4.01 276.38
3.33 482.1
0.28 -77.81
0.56 401.64
2.05 391.44
8.65 295.13
8.07 -207.59
7.26 -314.04
5.35 153.37
8.67 -117.23
0.99 -351.71
2.43 -233.12
7.2 -161.9
5.07 -69.55
8.17 -432.08
1.02 -423.44
1.51 398.11
8.59 345.04
7.72 111.73
7.56 -172.27
2.24 -253.17
7.33 37.26
6.2 481.2
7.3 271.71
8.07 291.94
6.15 -383.55
9.32 -144.22
2.98 354.3
1.38 -178.58
4.24 376.03
5.95 234.36
1.06 -383.23
6.97 -381.4
0.79 285.52
5.83 -378.94
2.23 151.55
5.42 452.45
1.53 262.22
9.22 -248.52
4.69 -30.31
7.94 -277.68
4.61 229.89
2.28 -440.53
9.39 340.1
0.13 -21.15
7.27 7.85
6.54 75.46
7.98 -239.47
9.19 262.65
0.68 80.86
9.08 -459.4
4.06 -212.38
3.77 -195.33
1.68 -9.08
4.04 -450.82
4.21 238.54
2.4 293.86
6.36 -446.2
0.85 -362.47
1.11 266.39
1.01 243.03
4.58 -493.97
3.11 129.4
8.1 64.18
9.32 448.87
0.65 446.14
8.86 144.95
7.51 -17.18
6.12 -343.9
9.64 170.55
6.6 -359.97
5.98 189.6
6.26 -113.75
0.42 -118.06
9.33 264.12
4.37 -139.76
7.55 -110.91
8.39 -304.66
9.04 -32.69
9.81 5.98
0.89 -149.08
8.81 -51.38
8.61 -228.97
3.77 51.05
2.9 -321.35
0.19 -495.73
4.51 485.33
0.71 -426.02
0.96 -446.12
2.99 279.76
7.97 -321.43
3.39 -495.42
1.94 -443.78
5.7 -392.48
7.28 -123.57
1.68 95.49
1.46 417.6
6.65 428.61
4.77 -282.06
6.97 10.33
3.08 49.77
9.61 -66.9
6.16 118.54
4.81 -318.44
5.31 -389.5
7.95 -137.16
6.4 -235.41
9.96 337.37
0.3 337.5
9.26 175.9
8.17 38.8
6.76 242.87
7.97 40.63
1.31 43.15
4.87 363.08
7.47 184.47
0.92 -219.41
7.95 -444.91
0.73 216.05
1.0 -11.27
0.13 -30.01
9.88 -405.17
3.97 311.27
9.59 306.09
2.96 396.03
2.6 342.86
4.89 -300.81
5.28 205.89
6.17 -307.77
3.2 -82.08
7.58 -100.88
0.05 207.17
9.5 367.83
3.39 -10.43
9.32 136.6
6.0 -234.58
5.49 -177.0
7.42 181.0
3.92 321.08
9.7 -385.51
5.32 -331.46
5.16 89.75
7.01 58.64
6.07 364.58
7.49 497.33
9.41 179.87
6.75 466.13
3.79 -40.83
4.94 -118.35
2.57 -327.38
1.41 206.78
7.92 -60.63
4.41 292.96
9.26 5.43
4.57 -220.13
9.38 298.18
4.32 439.06
3.57 -458.85
7.8 345.57
6.41 -39.97
4.47 -447.29
1.78 -268.84
1.98 493.86
1.9 -436.15
5.56 125.24
0.15 129.19
2.63 -408.35
1.06 477.42
3.42 472.1
2.66 -55.51
3.14 -132.76
6.82 380.82
6.13 133.97
2.71 474.28
6.55 223.22
5.1 187.41
8.34 397.69
8.25 -29.68
2.47 -22.89
2.41 -62.06
2.34 -38.74
8.2 -276.64
9.99 -222.53
0.64 332.9
4.36 -419.51
6.7 191.83
9.17 477.87
0.99 -286.81
9.84 -140.94
0.65 99.54
3.93 144.78
1.64 395.93
2.5 -15.87
5.42 436.69
2.13 -251.91
7.93 381.28
7.99 -239.86
3.37 -277.59
4.21 -483.9
3.63 -411.56
6.04 -106.76
7.4 -183.93
0.37 -42.55
7.07 -209.6
9.35 -165.73
4.75 -410.76
1.96 212.46
6.03 -216.43
3.69 107.97
4.37 370.06
8.28 -485.92
8.12 -460.89
6.38 -454.8
4.24 148.46
9.3 214.73
7.68 407.31
2.07 57.36
3.24 -301.25
0.43 -13.35
9.21 164.51
7.41 -95.91
1.0 -81.59
5.16 225.17
3.7 408.2
5.17 -499.44
9.67 297.79
9.37 -476.18
7.15 -53.62
1.2 -297.48
7.31 143.45
2.32 38.54
4.61 388.9
4.01 -28.36
9.17 432.73
2.49 -205.04
6.76 -490.86
1.05 -382.63
9.08 -200.81
7.53 23.63
3.84 -298.12
2.48 -57.78
0.83 -239.88
7.2 213.87
5.62 221.27
5.28 270.01
4.37 -320.22
3.82 258.33
6.78 -378.66
2.46 209.96
9.55 -234.42
2.05 20.33
4.93 159.82
1.02 -264.8
0.1 384.83
1.82 -100.79
4.33 486.79
2.83 466.73
5.05 123.58
4.47 -314.47
9.08 397.09
2.31 355.57
5.53 139.02
9.23 267.47
6.07 222.31
8.65 -300.02
8.11 -428.17
4.12 327.15
7.2 305.35
8.03 150.19
7.13 -14.45
2.72 410.55
7.92 272.52
9.35 361.05
8.31 -481.45
8.32 -205.06
4.38 -98.58
4.8 -432.64
4.84 88.25
9.69 256.32
4.51 281.97
3.08 -113.24
3.92 251.36
6.56 487.11
6.42 199.77
4.6 -326.57
5.31 430.55
1.51 -36.87
5.02 379.19
1.69 -464.53
4.42 356.06
4.81 209.42
4.97 2.99
1.51 434.12
8.22 -261.97
8.25 -276.46
8.22 380.71
1.13 439.32
1.84 3.73
0.73 -315.65
1.47 458.37
8.97 -335.63
0.48 246.44
8.44 -428.31
6.27 -360.71
5.8 -129.91
2.32 13.5
9.37 -390.23
8.62 484.59
0.09 -229.36
6.14 424.9
6.29 -83.55
8.15 349.2
4.53 111.25
1.61 -463.57
5.43 473.95
1.54 430.96
0.58 -301.0
5.83 -278.57
2.2 369.68
0.01 -291.3
0.78 227.59
4.57 455.83
6.5 146.9
1.43 165.59
2.89 117.95
2.18 -202.85
7.15 72.54
8.71 449.01
8.43 -280.22
4.41 43.06
8.23 366.67
2.69 65.33
6.19 -53.56
6.96 418.8
4.87 -128.22
6.02 209.43
1.66 -87.56
6.55 -414.75
2.98 -171.76
3.18 233.64
0.2 471.86
0.6 -339.86
2.53 -370.6
2.72 -427.45
0.62 -318.98
5.98 82.04
3.71 30.16
9.88 -156.99
3.67 48.44
7.14 273.03
8.03 100.87
6.32 -424.64
7.9 465.15
7.89 406.9
7.77 -368.76
4.51 -258.3
8.49 24.17
4.74 357.89
5.65 -291.6
1.6 -120.88
2.29 -420.07
8.64 -418.22
