500 1950
300 290 824776174 634849259
282 76 582550044 517991724
139 273 206765291 326743155
36 340 794138701 501822061
74 339 695193313 969574033
319 38 742655590 270976943
70 9 474232678 200972544
22 459 906894462 929625296
383 68 492178975 839250414
158 403 270471298 261789365
158 207 699876104 789640037
111 35 359905593 797659799
22 291 255387408 782156077
153 13 0 246488838
234 252 152782497 781871115
471 400 507982127 861231441
418 369 426542218 955497148
345 75 963351817 915961691
457 441 277040496 662603866
349 372 321401462 96717534
438 345 92044385 488350403
17 292 922356059 387896351
359 407 787799045 623100242
436 129 136515773 435644272
17 103 480590189 720774764
490 287 26280263 68111019
360 320 181327750 594453807
135 143 601217758 303804036
3 171 478409161 727472604
36 308 491577957 683813832
393 408 448911912 298417616
284 343 112089788 709281823
424 395 699858373 826920792
189 434 746735842 424716635
474 8 280169261 571276391
431 110 66996684 310538209
451 4 413163609 776522980
382 73 227946074 634890266
105 498 377843864 839228676
344 198 885072258 673083131
130 435 817100330 409992310
273 136 784810830 259866762
294 33 929655744 642044866
468 249 807760370 950935863
463 85 935651810 772369045
397 434 478794243 546883237
200 497 121521473 7294857
85 53 375396547 647066207
200 169 283377690 723666810
171 59 0 417314274
81 203 791350891 40779314
434 491 299318188 116085475
335 419 906245922 652629999
139 257 85754802 465548931
381 248 48445435 818857482
252 156 823338036 636803885
466 54 858825841 941431854
389 431 871158144 80135956
96 494 315935199 934250415
167 190 285555427 155685830
287 408 989081926 127274994
127 187 531609516 678457025
452 15 404993851 446225326
17 110 477527037 16568851
239 445 983872757 419723741
287 340 817099718 118095223
114 434 686173090 361080253
65 312 123534836 321263572
75 298 597668069 463892016
330 216 723321604 638040420
373 380 66334808 762253956
196 87 135909279 152783551
319 172 206888061 661790546
73 236 498220396 15484375
410 295 271986467 835468852
215 15 377856267 983280086
80 23 471637565 381889595
288 110 701418273 594043878
339 388 895347023 15788984
12 125 0 979901627
274 309 783075494 877122344
264 259 121810502 735682281
381 484 58334540 849330054
205 311 613586426 444752313
221 96 880433341 172386128
197 135 558253475 305203785
405 434 807723166 178205301
160 428 906996162 501350374
256 270 684554708 924505801
65 287 992901068 834303556
229 228 982522873 79381835
454 236 847343868 973282765
63 66 881444338 216320461
15 31 513185688 38032082
434 194 261796613 187036877
80 30 927569817 974083
66 262 645061227 865747192
458 194 662340947 713482734
440 287 630868535 6233442
423 328 688730097 248056484
333 1 72211162 118930030
459 29 144940153 233558822
469 62 943320739 568220157
185 49 892378560 842205414
489 178 210086506 700545279
5 52 342462059 636724954
493 370 548057498 784797884
195 73 457275763 817681657
128 305 920507958 964380535
497 436 864168016 790501049
193 405 68105423 633948319
388 253 627860773 576163333
403 320 735986133 290703635
243 61 270139116 616681391
432 301 547205798 742392435
45 315 708222563 540180374
272 273 59603175 789679215
11 83 837412496 918737170
192 345 791839318 859963752
367 339 464841349 704938607
359 52 151345201 306564295
498 320 272163334 630823022
356 258 506312845 936206195
392 194 961441757 764030527
193 323 97469739 322212995
159 212 755994021 45084123
353 79 485715414 317694977
181 1 474093355 832076140
349 440 58064659 525669889
488 71 613025199 720555146
63 130 346362509 38305590
299 97 986232796 426854283
215 159 587902980 482789202
292 152 380983748 507424116
476 201 512395582 144135717
148 388 842609904 814535739
157 32 791834942 376718852
334 253 193680642 350127182
143 296 739869697 5092182
327 480 568841297 735235779
335 347 317695056 73321035
134 66 207664718 687912200
297 189 940469252 395195039
4 78 0 743199521
156 190 625507049 278263685
31 331 938886686 133205089
462 70 165001398 754026421
171 469 606117937 515352278
270 363 294829040 169026417
374 88 474537407 613667951
127 140 72135170 804678643
21 309 534639476 930779980
310 369 604033763 237838602
24 421 590373761 775002810
127 324 733024848 14765181
38 418 656782905 565993597
228 391 939267186 135633530
437 384 53967550 582942489
224 361 664734755 622608013
382 389 20852196 532221562
474 243 256019663 201918830
307 43 428561066 709110175
225 28 658799869 262423236
277 122 452364785 115229398
418 194 133955939 550538323
170 229 278949410 353017594
139 287 358313309 206018010
437 355 169951448 688471940
459 121 790538496 820928165
439 466 613503928 169025829
56 181 809340028 517887704
120 10 366593011 485754897
128 361 444371400 781609928
30 438 670952815 732726266
132 407 136528583 582397602
135 398 313277065 806338617
193 429 630104140 423347951
468 48 409320195 60866970
196 464 872693368 396044416
233 1 737849075 598017141
405 191 295186612 806191561
421 26 756858129 733130100
362 26 541109696 222892219
456 258 150897109 136004527
208 183 926282270 203251185
318 38 10462537 453527243
70 53 462564417 474548179
235 171 572151900 276886285
47 463 403079784 247065041
484 258 844899247 273983950
448 391 566431588 572851187
88 477 513160167 184136636
286 224 309022492 281609203
280 176 389026690 196722033
171 301 0 613745022
378 133 697796359 152153359
134 438 150850837 918391586
74 402 208426902 947084747
279 308 839958053 51729306
324 342 714340909 320518681
300 150 417084423 751229488
119 327 241424746 309300105
499 250 32694635 420167756
125 107 606557910 763864222
433 306 175297891 703814567
195 190 850292956 500070256
140 148 332630694 107812887
204 189 684390484 106245335
319 118 883107747 622009574
251 184 11867399 212382029
194 362 506710161 77250259
387 141 35921792 356001123
257 288 352156242 297169815
217 440 336697294 483393979
472 390 955395021 969101751
393 163 563190167 457883964
188 479 892627706 396616855
115 262 465070775 457746831
48 214 9917810 268275859
234 301 658117787 205545411
183 104 80225769 900843547
284 241 648287075 488594360
395 394 794243499 486211754
40 30 83457998 995924723
330 376 841895828 644474728
393 272 123178856 751018868
15 112 513499915 913672342
464 468 196119648 978956507
92 438 53581195 238115334
38 182 51002158 764809108
48 168 302554964 535816102
261 19 845362984 185696073
48 497 981865535 94122307
65 25 39785685 996892003
396 394 254482219 795720380
60 269 147894973 761849593
472 412 441085804 608391570
478 320 773115044 912076214
268 278 825068548 164033229
460 237 958401391 138317616
491 282 467753777 728505915
278 25 21066851 520995518
495 340 170993413 199610568
256 176 171873036 904623127
463 55 736123731 985065588
371 202 596455173 193460281
23 367 535800217 394779770
11 436 515511410 398450040
483 257 844777572 969814321
332 194 778128170 475387726
10 378 965418349 618441687
297 60 287313786 899222448
390 468 878942107 820864588
238 175 129313713 601885470
61 487 359086132 41126141
425 204 744905999 586229362
261 276 772102311 666392928
425 129 105921557 43196134
355 143 409823373 201129175
178 463 16410724 195586483
362 10 135553037 210328821
326 322 668028247 735423960
148 406 54657153 21486714
111 120 86052620 288452603
466 127 727068774 112709246
189 276 87020769 176203911
445 499 1725698 905011572
378 131 818707109 819947243
61 225 652967303 873751050
103 212 969654800 236521737
9 187 917892529 761011925
319 274 57215339 113924365
461 423 173256274 252589459
64 493 899293830 502255538
167 379 507153976 321010504
221 150 671632101 800309609
285 404 667903822 422435952
253 435 576541627 506969983
439 393 808871197 659581241
392 82 129095736 950274511
130 112 931644027 719476553
219 232 604906651 175207176
90 100 0 979316027
227 423 251049162 209381495
358 449 413370350 90351672
144 344 438893790 605494732
210 409 452551366 560098221
213 231 847885203 47729335
315 382 966168480 730611233
331 405 886069068 557676406
142 55 785083199 787511984
299 257 767037065 564310955
234 422 456114829 798229986
297 192 810818500 108042485
424 165 732595134 994591565
132 332 10860772 785262318
77 238 671255892 388487863
102 450 484897442 875515555
87 370 70599431 931658525
81 195 753532796 417724677
102 205 86528197 182537788
161 116 386209948 177427985
194 291 744524772 702302401
178 321 135949843 599726459
338 145 622405443 211404617
132 331 342910157 705328779
15 238 851732170 997785849
329 291 910033239 956149125
274 207 541982992 28049076
264 288 874217584 518529920
475 23 145095960 701721017
271 212 394162347 802738031
128 3 959033237 46142125
348 104 507324737 372809225
305 240 487019842 595561793
202 467 288066651 275355385
146 151 156448070 547685359
479 360 586747250 149261497
6 88 669072847 57938122
413 284 574329220 51254780
462 181 319235249 591042813
494 71 410988470 170845870
246 145 919352593 262412734
434 167 455934506 613188664
465 392 244240680 903113151
119 213 778575518 376663588
469 490 932160310 227860129
371 65 401113600 561975751
337 404 991225122 596185455
343 44 481142032 619645121
88 286 584679734 198798864
214 189 465022259 103326648
173 19 286019057 689579547
212 305 536777943 271012021
149 480 960276165 503305240
386 145 459285574 70730496
294 461 336602940 724366636
339 454 533596047 562249032
494 219 212674539 753323240
211 320 653538204 182501912
139 163 409936785 891749080
393 498 70340036 231484497
207 348 934758230 20660065
105 137 311695654 874783860
474 339 575823342 140876934
35 135 851472597 583849928
48 414 506830000 805639453
258 278 309042350 295311929
81 494 888420060 954697542
453 233 238768524 53477079
115 367 836060897 999239631
460 345 56608556 543589957
96 261 819041041 798444840
89 192 598850744 308392959
408 110 112581634 124756972
337 309 755143468 998950731
486 300 603668573 934302214
380 399 243963508 828666948
111 78 660795922 493088494
2 298 947722486 36961
119 191 992205002 166452231
279 289 897818136 269113043
255 450 424159463 577328792
23 400 595534160 45900283
87 452 457016705 150965769
212 353 390410006 66335025
324 122 702009345 107603438
410 227 387324115 110339989
224 216 72826517 412716427
477 38 954380879 648413700
153 360 810414941 548670660
252 173 405001112 463855263
105 217 591997791 827864104
482 26 599280834 675196848
406 130 172345483 769804241
188 235 0 270315352
79 197 141898593 157199102
206 133 641792335 213210627
253 265 125438949 533683318
424 204 841606286 643196382
73 434 821756771 325191975
390 316 654035936 610449856
83 334 344564566 169793048
175 287 279723693 990652155
224 122 596566576 61941259
391 68 297213974 903844756
412 361 358321394 684215254
225 417 568431890 829656384
162 152 89602368 841844577
37 5 14557298 824151687
422 234 649441851 449538811
390 385 290696638 808461723
317 414 271709289 504607284
26 177 325824765 304848824
113 220 554475184 55442936
415 199 440250171 763211005
117 338 464456573 77846404
223 493 60700826 962722168
146 145 728033188 71999530
122 290 660396374 385422510
286 261 866509195 870448778
124 61 969602441 291469198
294 468 795623937 70558913
191 315 811971675 333906234
396 185 862814427 238115996
306 98 803505332 100033732
431 464 153539807 762037701
482 276 627809635 818880385
340 454 442575628 117597711
343 38 79793263 658128075
157 219 446130502 960856063
362 169 207200432 120409759
151 109 905904209 824880380
328 87 70068892 539780842
437 429 823680394 92612363
344 48 964137569 455748136
322 184 324021649 562394043
76 90 888736029 326750751
282 348 575996076 994513018
409 432 644724152 822996907
428 165 789869282 145129746
66 289 75096631 807463383
31 24 354116139 242926601
35 443 587842671 804983206
292 217 636447739 210344808
312 131 155160452 426784822
472 2 917924394 88536792
240 162 229811477 723999376
60 469 609540438 280267422
478 380 834306121 359138946
361 273 2450303 522787591
394 269 675501266 464124340
189 366 561318949 609958917
29 301 41265633 937603396
368 82 322308176 200637100
204 9 594580791 788495321
196 498 266993783 583599161
478 181 471298401 332940422
432 223 150736521 329566403
266 280 523159808 832620520
182 362 372855863 807881724
205 386 436266710 637263163
265 301 814691071 662265544
300 27 662190880 476698705
484 240 442484528 134092195
327 269 223384714 340516876
240 47 578532365 523436784
188 12 798628484 681519173
497 372 622206822 546985299
302 227 0 705624043
488 457 985590182 96846717
341 215 898592504 347618028
209 75 558854462 621046200
69 440 460880983 601706812
81 6 395090643 407960406
121 246 767801490 706414966
56 426 692782045 891333622
216 280 716699930 876259497
435 186 760281048 427198695
49 409 597637006 691013857
273 405 950423477 840106490
189 408 171408846 887104945
171 348 149623978 620579208
341 118 955225053 349618112
64 230 136097230 515587844
475 150 260244803 608830826
154 16 864870716 253884502
194 386 53934670 348629952
471 137 345385061 155546414
437 24 653713710 520582625
396 131 362411972 46852522
256 395 55542337 481561517
457 72 800010 465092514
347 21 299768010 612030688
146 431 631417654 670194450
123 413 164112345 488199583
405 314 107824075 320888144
268 7 263975829 419036632
385 405 4805036 827939164
356 436 578320749 410424852
437 388 798809969 526349646
433 98 860499536 664223981
278 254 738666792 954337576
257 482 292433501 190550195
308 293 993885954 162346040
221 272 314213175 531448676
310 37 77108410 429412820
105 250 982584683 629251406
50 186 31757817 156325730
466 12 993809602 560062280
251 275 763764521 939871956
393 334 688737795 694401363
44 405 509778758 757940694
109 472 739205224 277560398
298 438 753931372 125174982
74 463 920729890 771978114
204 451 750292342 802018398
336 362 329943049 145308327
342 264 880806573 911636426
52 154 33098840 357743509
118 359 194677385 843325620
460 253 553889787 527854708
405 319 705156394 437652275
323 166 621220965 334442599
95 26 627153726 890359863
98 474 564385276 435460504
389 275 530752099 574405422
181 307 275867476 392490004
93 200 576664997 118574551
235 275 907389934 446429734
396 363 26959876 389511019
387 97 377456330 659928913
470 100 499999524 2279267
263 22 715101003 165899585
295 282 586903278 837651149
327 49 265993235 148806278
414 255 345569520 665163171
57 349 216695190 832623723
376 469 413553224 459086252
138 96 157162372 860582631
298 165 380622933 424745688
294 399 606717265 62575725
3 346 871115913 517140052
52 121 288869814 633601574
339 243 612810322 522575178
294 494 605989144 154715447
155 153 690837049 993820386
119 192 541334680 179847877
297 483 551746060 13091126
358 149 770450732 120759278
174 61 366774592 186224183
478 469 365513810 598084320
363 15 148894416 698952581
279 170 113427663 245566421
177 192 397842536 770771183
410 37 726152670 148294589
141 262 192014719 540117640
195 455 168974729 230846665
264 497 956527955 471039893
294 327 97879146 490070844
301 322 722359512 496445282
262 17 551019920 280305141
235 14 474619797 573956971
320 68 207850772 286142532
495 235 719224468 387208929
314 139 613266721 170272340
417 416 148757561 367439913
79 260 104527355 533713308
472 424 394591176 93918675
223 92 358153073 664468342
382 29 785469441 713750365
397 50 96266587 16077112
417 453 506987611 514392330
493 248 709146845 923838351
280 196 126771619 372042428
31 321 436544203 284712987
175 481 609908611 254024380
184 413 373933136 398060952
333 51 24382025 605925112
162 367 959393945 53541758
118 458 459378753 611392468
71 139 501499429 996116230
48 123 443654679 787771594
76 222 697440124 868001031
242 158 341395564 144450777
178 447 220070577 163352606
291 455 653008195 951171268
488 293 463657509 490318693
82 110 503025332 728394887
424 22 403033351 23158698
190 493 853419618 94855169
69 210 961300270 811694835
166 392 646694018 670149785
494 423 460918426 678447433
199 310 294426871 134984844
478 352 251112574 907437481
441 474 465398297 110726987
237 376 822899099 905647907
456 141 60240932 260109325
227 311 456276760 439823844
97 163 589761047 701679305
168 371 820741991 750433469
377 336 94022979 668475563
168 347 670347629 435674574
416 398 665354127 106212846
126 201 178045519 697975421
493 267 721706265 525338574
247 205 453646116 716655643
8 209 517184487 819301170
60 227 519601466 515835514
464 158 520754870 189627487
481 129 249405925 492055043
468 423 849207555 604480153
358 483 344984699 790186912
383 124 0 30753253
16 289 974736355 303477985
447 491 599131531 289046588
257 196 619342596 805043938
453 178 688617574 36008119
413 32 934752104 401684217
253 96 998410363 480739027
212 163 221406070 583418334
335 296 161169089 513490361
457 265 918345272 241386059
272 123 647343314 121594633
208 479 321212975 267487451
205 445 253390382 344805886
93 96 81799049 963594600
108 414 559961183 450241772
492 7 410462208 760411836
358 323 906142013 919991669
178 432 708294759 419955423
377 343 262800252 448258942
405 319 453016836 968944060
400 352 0 997539883
458 459 95561414 129916298
27 265 0 315189869
453 97 470125114 21799218
40 203 0 133380513
401 172 379745673 733241580
241 48 680059082 708526667
254 7 378407984 275868853
370 481 272165933 767933062
152 255 836602769 195766507
438 469 809746861 529100404
28 353 538638568 493078502
210 295 667192999 295130245
160 287 745872004 89090150
339 2 980374459 951043529
332 429 0 264887832
407 177 950956440 67124664
442 24 865722760 517385920
478 459 138359187 23709771
316 74 17671952 875401318
448 454 182262939 891649290
368 139 872317618 32538888
464 198 629825928 719050283
374 384 441872316 415189784
485 226 917347016 86535046
129 327 721984341 722042131
421 180 771371513 347237634
379 385 195844281 818959078
265 122 791567436 812023129
200 95 402095920 534944396
219 434 869759833 944523834
268 447 650606509 101164186
474 356 869324546 354263483
117 395 901203862 473093398
380 136 712004470 870997409
473 380 887200555 546626765
301 471 91173957 29617782
18 318 618720988 319092954
174 386 747354006 803881287
220 232 71649992 105385376
61 473 636412680 984857274
380 56 0 147642595
375 412 693436434 990352791
324 454 147243798 577850705
457 487 876496123 865032048
90 468 875815767 857379764
248 420 716778451 740807815
19 309 780631517 273590103
459 241 0 668688394
297 409 737218346 745256989
116 467 14471825 30776857
490 340 226070246 928880978
447 362 470655886 956552344
40 387 890263717 46829826
17 424 615817734 527636597
378 49 696095711 496732708
412 90 516390111 953177653
166 444 370180920 246348415
41 2 488092049 64537493
475 19 197450709 220426282
283 446 326609400 395048877
183 335 598643734 624308053
163 172 112816431 959034269
8 302 744767930 307319989
187 372 434301188 605717812
332 44 696834805 714535683
69 480 305349150 127478886
435 74 870380179 885618422
238 423 387327070 630246864
60 104 532078719 263664474
129 390 0 212798471
40 2 446918847 55146722
233 244 376828464 35770940
196 59 161872772 303544315
225 65 179095449 552824351
300 1 551341291 174940259
257 129 401648597 887001153
248 4 993574691 122743460
356 235 274601443 392733787
357 395 166921353 63323865
204 181 35997912 533256540
152 338 438175502 6599933
377 396 828649383 15317283
438 485 13331752 469105930
160 481 518680388 241510443
125 432 24686367 35874199
270 336 957041553 974544642
102 130 3856641 906403720
165 485 703779699 335162414
329 277 872992290 88099650
388 191 771570315 435024231
145 149 981294972 23579242
223 123 244975839 629085913
191 462 385207214 901867378
69 283 0 780623510
499 252 676168326 147265785
128 155 598189529 518240165
22 261 490206098 834806750
88 194 592093414 972966101
318 211 369013798 577456600
138 341 989483610 920191581
74 193 450563530 803736960
190 175 220115784 350352356
325 33 217562085 254043807
458 11 583136109 257871526
70 252 807936964 18025134
146 130 413537737 629287496
133 487 452464838 662236301
246 173 208032535 218371695
135 479 41524772 427967877
446 466 681401208 173111330
276 149 609177618 237803472
83 138 854755235 784749756
313 140 716399855 410358982
269 335 815257352 771377321
404 13 768188872 805129800
363 192 978409354 251688535
438 127 239173030 25441057
42 447 130614254 378297700
228 314 392445254 861373937
24 424 564548652 765820323
34 421 999188968 379730524
192 317 827600080 630360357
234 308 998649668 736298144
53 406 0 751669485
494 159 944609548 262352192
261 402 871688766 801834817
64 132 508051184 491069476
458 302 27329286 682388818
195 340 539414468 807156477
276 51 383556322 633712223
489 14 11726337 912481458
284 164 235946290 825194577
312 358 347276600 190614864
134 31 840498580 807170213
439 5 611889079 394649542
272 472 839852606 405669405
184 182 679108769 547084736
341 15 734889687 418663988
400 427 727723542 40259132
40 8 625578452 951838714
428 388 639181114 59314531
95 329 94153951 369580113
455 234 191102403 308417092
188 401 727342272 702456854
391 227 730429020 120959185
404 68 980784066 992163681
183 210 132026305 602365537
115 437 131599252 472581487
358 138 511972583 281072490
55 471 577515961 896643985
21 127 207438002 676673439
155 224 127278221 725855256
495 248 870725116 844232466
171 400 429322112 390048622
262 327 233525548 423112032
473 164 54439032 906911518
39 263 902529952 64892343
5 314 124198608 199262351
95 148 515352065 242606493
119 3 324687560 113839476
309 254 952044478 788440037
337 409 585782701 224410561
216 416 869417795 42568860
229 500 102841404 975810273
60 345 458399278 517409595
220 99 368886092 272310043
174 458 467711794 169483789
225 386 822744275 198318889
210 389 355309924 846493598
260 93 131466557 649272591
392 261 881705962 303122965
112 95 0 426600309
20 48 443233054 248397392
421 323 448404453 204656760
482 29 534695968 324693880
147 143 31377212 139750787
209 57 147888807 376498739
451 305 793808500 729164571
49 399 798425336 3450799
158 154 517112588 262374877
242 239 0 727359116
42 444 111800895 203513935
321 25 810779506 394326985
188 272 150512752 639593749
4 73 540401333 187810093
450 474 358498590 317885974
239 287 922662185 682181675
197 205 937192229 669468555
374 181 879571235 109504699
106 88 673685314 523658486
455 470 784163888 997866157
454 168 487459819 881626435
474 352 487533624 496967925
313 377 178478715 140534256
436 216 828397900 670654100
201 332 571537058 760102961
178 349 573775854 88498250
221 145 272673027 842567071
437 286 15658076 448713219
291 491 456966432 456643357
394 405 312771456 780609892
37 107 423895064 197601629
467 270 180314627 355130653
434 292 42143906 987496327
250 268 934757166 668550265
305 51 931990783 573470194
214 261 231608496 978296825
459 87 410150238 657184897
423 16 111984530 186318537
28 361 80635686 903404927
2 113 23722153 273023110
310 185 387276438 610370875
161 65 410714539 421402986
71 61 384242915 777641265
500 297 22811213 611353292
342 381 131134087 381579819
199 100 591709395 201416015
369 494 623633077 835861660
191 213 431596793 833238107
34 33 138587267 564545254
233 398 795675549 64717340
234 411 44450732 498354013
392 143 734739860 220436884
92 347 124368379 973401275
421 230 16369097 280511586
440 358 257747278 752247177
223 216 404917122 962089783
209 217 877701146 990093449
227 290 542032041 897930427
408 340 859964213 974813359
392 128 412765382 280416122
47 387 355623435 584735097
252 435 866862881 642278527
185 360 89277238 68569911
297 390 266498944 393538053
35 212 71268133 479645756
81 253 564757932 353280165
58 242 203747684 17493664
459 31 363737362 765984139
316 442 826104918 728281478
299 3 405427269 543336260
227 220 313433911 85218875
201 102 882422855 26428086
440 397 793703120 64493565
10 220 305917159 173984971
186 95 729894935 516397419
353 130 599279220 399062272
333 146 915356518 45686738
232 455 630190368 377514207
363 99 675256278 607524746
370 24 619572933 168064344
151 117 402915503 664362016
345 333 668656190 500771831
19 201 579440744 5136446
54 45 108791355 581945856
332 63 580834909 241192750
481 456 716263044 408840053
328 217 975328393 964807556
491 271 513785901 650436621
254 334 26962206 918463656
311 482 158686426 322000857
84 8 200974699 757275233
312 496 867807770 16474797
404 252 460301874 977011116
380 3 19124333 970610719
116 11 956258489 716826495
312 343 725345058 817665831
201 324 738896183 311565556
437 433 208098075 865915650
254 328 258993215 754975539
307 193 808446055 888866203
466 361 760031126 268899813
369 148 203722700 278775789
483 239 142830708 328734891
44 439 919460716 717244162
388 473 529118897 360025585
212 294 995528453 950141251
134 378 741932784 947493372
242 280 799077127 724341120
456 330 652701520 807093102
209 245 112382013 764464607
67 155 946360243 520650076
408 315 679440179 980020846
204 398 404709423 259195923
66 10 132437020 760774894
5 150 423424300 936089067
147 469 306053497 257167905
274 116 919779393 993600272
183 493 717826553 531648737
246 472 543635809 379388112
240 314 439939183 498160764
49 74 0 292036653
345 209 171348092 555956329
14 227 406111437 152252343
417 67 655417712 772997918
285 330 636664638 394715754
380 356 123880091 990034511
270 352 621713310 680377642
90 36 671986990 826269006
437 164 956834176 384574359
272 315 410545768 398280967
224 151 937596634 546536947
74 219 266720824 42528529
233 97 220524351 8425992
366 343 152727222 581305561
420 299 516608578 612566000
55 174 103827770 128898565
367 490 6546361 828604509
170 11 952122023 870286572
281 1 354038280 753395262
204 283 207825809 842851758
304 104 159248131 530225577
11 229 64569051 839564588
475 491 391226980 678806327
135 453 712149661 843605307
212 477 280409242 869478164
99 217 144434735 460296424
301 47 804764116 989936010
282 349 805856849 21182204
194 205 469746945 824458954
95 375 662772876 902479324
393 427 157479363 584514535
221 207 407719053 323637801
234 390 329735609 828535373
192 198 29295441 187656215
470 15 961400773 706004779
114 244 926257074 696188302
207 382 695548883 656469824
325 356 52316577 782679614
477 52 456453397 801833783
32 160 469216429 467261518
337 414 32304507 666414515
86 88 135075371 233333183
304 214 276556189 552647128
375 475 37885610 432791532
197 26 312415119 956610549
352 122 911424097 874333679
43 105 615796626 551665028
272 235 333337593 644818807
38 292 186488615 349895908
168 372 623610170 971255999
390 16 362076 799154890
185 26 885900718 167298066
272 483 761121893 623993644
223 357 280519619 468767051
148 154 917292748 200855053
133 441 16628722 4597233
314 89 629826545 234065226
53 120 874300738 6707088
429 288 477582413 761753471
349 234 335726937 85306712
14 269 926780533 919146863
103 170 872500067 263903883
492 485 553949835 941471687
492 104 517551097 106667776
136 88 890721975 463936100
356 43 420888344 474686183
366 427 529147644 934508215
201 260 71683096 570429798
260 395 495179044 837881872
327 252 385160449 578492303
214 343 800680282 156993269
210 426 454276757 937323579
58 374 499646508 40008730
472 188 499605208 660612400
162 478 768809139 444343227
294 365 280338178 527537633
162 144 215399449 60539627
335 86 371834820 21945885
328 430 23671258 986872982
230 305 81223376 269350047
54 473 190473826 990524649
378 74 581036584 128704076
378 64 631923470 166484861
169 172 382187662 954880730
221 144 884936857 266762040
448 491 768082341 119092913
115 187 422449095 190281592
243 396 448809791 71186221
73 263 565916717 541751896
333 4 119334678 618620302
419 263 836548753 628507007
176 381 131941862 913637204
334 347 962983015 570889799
344 142 594916492 307339127
313 438 140005282 565336723
349 484 0 428158261
210 208 553879122 929071161
319 31 345079524 404969420
406 159 5310864 237271197
6 140 356135200 108895682
42 429 836446911 584002307
256 6 797393259 686166780
19 371 402421306 443601951
7 105 109661020 334380224
398 450 414220923 6546522
420 293 773129398 64689220
79 227 220322591 378676432
180 384 589211214 103713562
487 53 0 17017962
74 429 539989815 482274372
268 99 804800638 690996198
286 266 285344889 405619649
235 19 626299846 69070872
445 400 338836251 530228612
41 431 34298906 832699484
260 363 105149274 797958061
423 408 478875493 970241397
100 213 617635881 774133584
260 66 159963257 706085111
247 471 689278552 332132010
74 169 684843934 644775103
111 328 842088518 704789940
185 361 233348454 237232965
271 151 661789006 582744800
202 97 0 952345539
439 204 650956629 23308218
147 491 47995444 777763794
431 438 774326168 788902826
225 304 386778463 963870973
183 241 843096886 875212617
458 145 80446084 973130122
269 368 961170626 669227413
404 329 455013509 69049536
480 385 415787308 188619098
260 315 747275183 228258886
205 256 396654015 407117823
387 15 58580864 571270913
14 45 405814216 576649422
426 256 854567958 120437998
475 250 968741122 337532096
304 433 358364905 701965208
461 14 118388961 302572994
287 418 257814926 367014309
406 305 56423701 96837317
461 294 727966568 663289264
486 177 727477692 788119730
74 300 914077996 554381243
314 246 978039757 373375770
330 460 59740659 643646768
147 363 897336145 933414043
446 219 319853125 59939498
277 346 125882708 906155475
387 284 681372525 265994563
153 369 539964245 1220616
346 111 705596408 797438650
450 90 354871775 92412834
443 136 246482261 510675257
130 297 465944055 967357168
12 273 166910316 193493970
153 347 995269143 81246209
64 9 360764093 956591772
362 373 742028167 41431742
191 11 95847853 668389365
334 181 915518827 269229742
345 485 77428903 875867313
199 490 494716366 619024474
449 458 0 111913969
93 378 500272815 228222415
22 364 116945178 928694711
370 130 71201704 177040226
448 349 671876632 65882791
450 22 55998731 612291294
190 429 225288169 738746200
445 200 878243492 99838256
296 337 754297940 38912074
354 167 244337758 439869560
194 342 135192508 462452902
100 500 83835854 728152133
109 82 376657039 465774147
385 25 180224085 296836311
153 108 733981010 303127294
145 152 763234813 641060886
112 178 211487594 844368195
437 259 97300324 679384792
131 299 641536096 355576579
65 30 712738285 201331633
146 184 381660984 160416259
157 96 122938182 755398879
69 197 163647826 106608698
366 50 791855274 437999411
210 466 18019032 124829021
279 200 451217867 352525415
30 186 63118511 932356804
46 223 879926322 77811159
288 46 653369951 750268622
481 472 330421807 593600570
395 406 489279934 165142624
216 1 476017836 388617362
213 362 755340568 617716628
331 434 471750205 695690093
247 399 139342995 95231576
235 199 233878656 462112598
443 466 267537664 373135155
394 124 452995183 828276161
388 387 68847157 698878254
423 174 280343340 324940239
67 466 242498908 217309933
71 403 937917280 737980730
350 105 917240414 588954740
300 353 859544386 772060365
70 50 917641 791426415
225 63 529757053 232548150
289 378 432011513 987464876
227 81 912286818 922030098
49 170 31533643 309926267
378 136 648710119 829042757
1 27 279735634 868706337
496 126 912460169 703977956
95 369 870733326 716461044
295 191 135697735 219431032
299 369 512116512 23772527
41 95 497866576 221033788
291 11 554706544 392174273
61 488 146106736 739950763
195 297 516127860 433239273
186 255 7421487 807776358
360 291 197225587 689350879
20 216 847081150 200541839
27 189 466923369 630451035
275 78 573482156 560005599
349 282 76914186 707527591
375 451 611442097 786991191
80 222 45046274 530674571
474 171 189161512 879206352
190 405 23712310 502162087
204 181 963820239 908619462
370 441 987567366 536993745
323 351 788206600 108105893
315 12 861094113 509554381
100 146 266073464 666091820
176 315 613100077 847241280
61 127 736732939 295182396
238 267 847063443 423412100
174 42 520194526 211740006
164 155 834845676 274571038
461 429 770749601 991398833
324 49 228402001 183480071
156 99 398799911 665119905
371 290 0 359613567
425 346 735133273 841305678
88 481 967007988 179169724
220 124 458103838 947650335
441 291 462061781 789646649
24 407 849237978 648685567
301 349 983599832 871657850
134 296 793130835 102176294
311 170 671187252 522379557
24 344 752538588 578689038
325 392 80258806 693033365
434 33 418947562 371044643
388 495 474390127 570347833
445 178 58326874 969403084
218 258 973849459 540053736
395 161 0 485394185
175 408 106522286 559266416
228 45 918672890 976338825
291 204 201358508 700248214
90 272 483116604 666130819
341 244 298985555 5311785
58 449 444134056 928477842
254 405 133804459 434845618
221 393 530643498 397923051
104 394 871518025 336794664
90 278 436133286 532398505
353 496 776211966 780678866
192 382 766411198 868776201
108 116 459118413 125818651
467 345 132535509 610901332
143 211 861149182 351659191
238 410 835204012 251841406
124 34 225231357 828543520
21 228 892004347 995136042
19 153 273090419 112048313
165 59 248595003 563254152
453 96 719922417 600654418
310 22 650422308 653894753
215 320 904674745 874950902
185 131 0 448469130
294 379 96444135 24277303
427 361 346906710 161148055
458 192 738262852 897267672
92 135 999620089 184321949
490 331 712624895 322308992
425 18 0 249902817
304 142 232919814 283283810
196 26 389604155 364203265
157 103 109761987 766649592
486 318 583065999 73270220
190 100 987948395 593973765
313 130 528606471 352982180
224 232 325350380 717931252
52 239 559306964 217758122
110 135 895235017 869632897
406 92 667336546 552276155
271 119 354513141 164278485
231 55 751052913 336939652
393 138 490120644 722615139
332 153 26787063 897253690
450 208 54297301 612742069
11 417 416162547 491212998
66 487 821142974 877205429
319 403 456792422 332620306
13 102 94602065 868947945
261 363 19956309 149290251
425 404 278538974 639483697
492 73 944685664 784326868
409 272 875430590 914973978
226 28 0 235503530
418 483 447025244 239541095
352 145 312521690 632752021
59 127 798910553 784741669
65 496 423582463 920288562
75 59 764249952 926342086
289 399 727304192 56447814
290 464 0 642907985
44 446 0 544652153
445 355 615776519 693457063
205 42 50517525 944093796
453 375 510952165 366997705
209 320 235861402 444467714
346 236 637488733 307174026
187 270 630325555 398122610
372 230 564822804 323189687
268 367 711078591 659359096
22 268 187733133 599809951
5 190 115967015 187071453
329 462 812419376 877628932
409 203 730451383 411610045
416 108 347863955 978838707
470 36 456558175 500278156
223 357 884108903 203993420
198 78 888528278 225904605
219 97 990449515 148551666
98 100 686521521 670595472
142 431 218466168 974896331
100 497 797640965 800448934
225 187 451752402 55103878
209 489 626557335 625195232
79 195 0 298181719
154 210 534370255 711127144
316 290 333592653 530049445
445 162 754211287 927118100
7 92 751267867 415206626
304 259 348575912 744041313
427 61 661681735 243366050
387 86 318222168 634573651
416 317 415765699 226901244
237 81 806890339 417856473
107 263 639990128 641532047
497 257 843540016 651650351
426 250 623228036 451036708
276 181 52642689 615772313
356 379 356247613 325941588
90 242 846027453 104256064
173 118 621921521 388101364
23 446 815535693 921192177
41 88 448179780 266367803
107 246 750264805 93927204
71 67 345747473 712080626
374 240 918281550 133510846
47 41 540301610 46793832
294 190 608713105 78567738
295 448 511336139 372523426
389 123 580957898 792008740
23 362 201434283 866039804
453 159 98883135 256107450
381 390 320721373 725706134
256 60 915216499 168687547
230 26 963848611 966533398
348 226 881852339 411216584
498 281 308050209 755321738
112 171 23025520 451774057
348 478 177639616 604725942
338 119 9108393 535946742
379 165 365910962 527588044
195 70 429925044 975969298
76 149 912056105 480478427
268 41 382970070 149367838
450 412 397050677 201704196
322 446 410642075 506199007
349 296 0 867596556
280 1 911857842 609995663
409 492 840976826 272209546
282 205 437423482 734302166
225 170 471580635 78914397
46 227 247909814 937310011
336 284 977436839 246038587
100 254 35076287 143574790
468 464 758065512 109961840
382 338 922865615 623918627
458 348 123765539 803590005
270 54 250243272 386217894
298 1 642075112 620657437
452 230 766355743 745940582
93 414 505865337 755405803
63 159 362301961 364298954
167 97 531279093 550908940
75 403 262056591 764722293
67 390 309397689 84440591
468 140 38400264 865476429
365 304 637704795 304738486
288 119 23540288 24672187
100 418 935243213 838071523
383 296 411327141 202238141
336 291 154811872 676618351
284 434 315707759 875529519
30 298 66945038 334683326
255 121 16807056 85106476
319 93 152806542 638179043
128 25 240149687 260169249
22 11 101741551 907241890
316 123 0 980151138
70 403 800881362 114317870
186 201 106675497 536616903
212 285 984724289 740608770
291 86 370161782 866902231
298 191 855658814 854183211
379 474 777795834 6180753
463 370 451138279 765471771
331 453 599500746 212180158
82 285 183327314 165662422
128 352 912696001 234365465
417 121 710010569 193467019
322 276 436123237 609250453
442 180 219409155 214501047
89 309 641221050 76794884
113 101 76774882 171162393
121 470 446017766 999344040
121 426 620782644 306920232
33 464 566818026 230446739
331 447 615713121 161494712
324 105 227430890 633643086
27 388 657815217 757989167
325 256 916012931 958095928
312 141 34041495 289740873
191 111 574233478 125957779
87 29 823433071 952721960
29 50 988624905 960084526
349 257 892283726 832020494
234 364 838521771 433001662
380 445 958317514 887862419
382 203 445038684 828395623
46 262 692710627 152723553
360 490 982250482 591163078
206 134 841532368 377582380
302 135 40471835 668742192
12 220 297207285 819845887
227 240 553782013 917712532
404 419 477220776 660951921
47 221 374666920 477210984
191 110 910886122 628706438
92 148 705174462 507588144
77 443 39865371 531109945
492 398 800646273 760581972
434 414 257063235 958934563
335 466 805261364 175535857
456 150 342990715 619005764
328 474 537225612 542277871
16 339 100882593 789178142
138 382 227358458 683866935
142 354 82033589 53472980
266 378 549350260 589722265
387 339 955871284 1534469
298 39 532311424 528783928
120 324 100921002 551198801
401 66 821970511 150557037
1 235 377138557 929421762
396 230 614063682 678986587
216 114 596924073 251725492
33 474 134702265 530523921
447 114 847843847 635600025
64 411 676880491 71183314
3 320 374029457 255166123
404 440 129538773 335724529
208 454 742722012 995483643
430 57 339716051 158820937
462 377 421222837 934500888
433 255 996862058 417342699
463 107 271629131 941757615
402 80 0 62090826
191 359 572625333 379895122
123 228 277921992 885353205
73 401 465862741 493836523
66 182 437388376 145388531
484 347 0 207779161
397 343 847683329 31025409
115 270 779304627 999283184
127 445 633099110 56482679
482 369 733969244 188672989
425 312 917587839 922509252
488 248 961361774 144484492
377 201 136099122 64258742
158 89 151295017 151580820
434 173 331595387 440516348
129 8 636328783 258117551
359 410 145375586 23491089
496 74 450595895 806064942
482 132 516146764 569173306
119 140 460546764 112618732
238 407 47082451 554990615
72 222 832001241 58291312
31 326 343225164 35855313
333 66 685814554 887876362
100 427 66354627 226843701
309 61 891927368 897809919
99 368 979999954 80569059
461 460 221475786 962706159
78 310 605347861 219330004
445 204 566960685 272393927
337 41 763603825 298045541
333 492 314440896 697160688
252 233 326209703 517878673
237 295 719613499 720405451
23 404 962980693 267127097
184 42 732976538 870213157
261 464 854588921 933513498
274 109 495054986 393684677
93 354 95020753 281518110
321 314 349996879 273669231
55 172 133654135 38049143
233 86 780073467 655687260
44 208 507078764 869857695
220 321 341724859 557589337
102 30 651973945 822470918
418 209 451310426 648185610
331 250 225546094 820838311
105 334 563836246 149514224
417 183 113503616 942516872
7 290 212653758 218980629
183 242 239689794 567249413
201 124 30718294 454785030
76 102 110361263 85329148
174 330 449733936 803860334
434 36 286463797 141723906
218 164 0 287361198
271 272 262656802 123517559
235 273 764018930 556747214
261 10 0 780084757
83 495 389763528 481942047
291 449 830148059 686902727
115 15 514030569 607638169
11 61 769565912 14263415
330 17 504328370 961177460
252 66 294767163 609046101
462 125 296811062 638500365
159 228 378772707 793251857
272 278 17762826 281909984
292 33 841372020 231303869
165 151 729510399 908656819
122 109 2188115 405301840
352 329 104573850 508827974
427 348 35850477 903304041
188 373 0 335768217
471 304 554467015 3006072
23 474 283647149 475329618
315 231 527590696 156341484
337 217 284114758 536404931
181 92 550008774 509671704
321 469 6828566 469735126
173 417 955229999 895117446
500 175 398172774 989096139
316 178 514122694 575486314
488 424 19786040 541680198
15 244 272597425 330557576
216 14 629800256 491137754
327 269 704099340 171672014
385 464 726504084 652926126
121 204 243527648 10368864
187 487 305356368 417910993
277 369 360478086 670002031
472 488 132047543 25615444
491 362 720783509 211295181
101 66 108925342 742167809
57 288 230075034 31976043
468 261 214249723 981341772
8 315 692748616 89546729
375 150 234382513 84277238
20 268 165900552 835298059
88 30 617218854 391202395
28 246 363305560 830086885
40 323 738386909 509814670
375 207 147455845 793826734
121 109 617072780 723466548
419 80 355622418 792873601
134 130 872679859 680295143
208 465 22232777 273519081
486 429 507297767 127417240
320 398 238043554 830059487
72 202 904024410 86214061
207 126 222868319 785608005
473 495 323658859 771242159
361 4 941170476 887502569
464 148 318302341 545494736
6 156 114608321 31082913
147 451 318909901 199016457
78 493 989209945 809458926
362 138 960653312 147269419
224 344 260554728 224790592
23 297 803521611 44015873
47 491 188970852 942974907
289 97 633818309 177088340
322 187 601990171 256850955
465 350 78415193 755565687
24 387 205838823 756980947
433 6 277645315 175038535
305 328 751558679 56179110
179 176 575639003 246420465
134 152 113752602 655587019
265 483 787073316 49093663
409 237 428810201 336615542
412 296 322846586 344159532
137 432 202837713 321472802
139 320 501870233 133941738
6 128 905314401 549807109
115 38 473681556 624341988
331 45 187821076 46805528
379 189 691189800 207436069
190 176 451588546 36126794
116 171 606919599 595168177
63 306 252160129 135499985
263 137 277475244 569720118
120 183 108264002 993155694
94 265 578747658 547041042
451 277 833177748 845903400
189 252 0 981133106
246 438 906237180 355322052
355 461 772031794 77140645
447 454 800384813 756128048
471 427 375487210 401379714
69 19 402304335 228357720
418 111 63813590 464532000
255 158 575457702 107557347
360 486 335525531 28678792
421 193 999072614 823208252
350 179 513312265 657847000
129 135 791440729 420455817
213 192 167602692 62138726
498 186 480253125 155110737
29 3 984603890 568567596
280 329 857280727 498659095
433 211 424791019 907490825
377 59 703700324 813903824
26 125 147621002 940429333
376 218 232703876 178342111
341 50 439223838 866044966
105 277 546698987 744171237
33 130 511355465 237688905
119 345 642722915 944792929
88 241 272523205 184414187
168 351 267551552 971313487
24 76 982109322 427974526
447 342 507764201 343563923
206 467 613328959 925747842
452 97 609165179 420737480
352 115 777568124 996761723
41 73 533843429 647595073
270 248 263672001 267264468
307 2 322805762 930979688
318 222 683653057 132237660
266 108 457659936 839632656
347 409 466076674 25619409
159 199 74570497 180113020
488 383 255222022 848334261
37 97 263802221 114460762
104 473 945438944 85659995
494 485 869550728 826321543
170 136 866280861 906442373
453 233 235542857 638273615
91 287 623846259 462698906
342 174 7173307 883862874
77 42 73943269 246148891
237 162 601827706 873503373
283 150 247039781 201156279
345 482 637103041 144863788
252 248 363408470 228674023
408 283 900816181 357082859
457 474 700201068 433478225
125 274 0 786568677
63 90 10072565 706021564
149 252 554228819 62720847
336 117 115689552 13075505
355 17 678671316 980129729
225 309 525199373 234520098
116 56 19997314 56022890
156 227 919702313 334462599
114 61 345891798 569067494
217 365 980971403 86540956
194 40 851118141 878929283
196 72 882301949 415061981
32 492 35687204 484333657
329 256 133925789 289094040
287 87 337725227 733205830
36 211 82757461 467402067
83 24 392832362 721459397
88 306 88075739 239731429
263 162 250549447 970619369
467 165 601168758 810951097
261 209 352432717 866420264
96 3 366411503 488877779
261 76 857060503 306966105
195 7 758314305 317637265
378 401 257695308 825130402
460 431 0 701139854
206 316 295691602 224765333
235 500 50547264 905575542
318 287 437142969 835351232
222 487 594062549 371528792
465 204 320897324 204543499
290 441 500979014 524881395
319 143 282809830 498000329
145 30 574779193 196109237
407 478 387850859 157984641
417 430 957732473 914534757
219 211 232226636 322188214
188 261 763009450 668768549
186 408 302395061 507658682
113 126 820366907 139518570
159 174 690461520 92515803
289 229 797186970 13598203
357 2 151751044 850240989
449 366 182779840 455441402
142 66 767262180 344718443
62 363 903330146 267619736
379 23 512048210 829887707
161 318 24675108 244223900
276 209 787618715 36606921
322 229 346705877 600736257
331 467 820037084 613011656
354 110 105989423 8331442
372 168 28807707 67727884
367 496 461203500 872085397
21 489 0 329944417
275 342 824212504 151253079
129 463 65531655 462127225
8 62 0 898055063
25 83 411054337 416573733
43 348 830023858 177115975
214 197 230753334 807472159
250 288 143831662 662646810
492 478 506863873 625559796
274 192 20838903 102694769
47 41 96836695 272965877
454 135 456351243 198729217
377 53 651617634 462596347
309 249 310233265 970037659
47 155 68096105 265476222
242 449 534577327 896788375
129 341 529865251 592304469
406 422 417358440 361255231
254 131 284481823 666094006
404 428 975801032 416562280
1 33 294236006 922752423
14 369 247002912 952758546
16 419 991243722 345094320
181 294 967445662 332541628
418 468 214674286 42006164
438 204 592363075 946828216
230 455 74285979 811843320
14 92 289835733 623136302
423 466 285139567 266753568
194 193 0 897977896
329 33 465576670 424057302
7 61 657280807 967645616
187 268 757731680 807904685
490 182 168057141 340326233
449 5 675218895 846122690
42 270 225228094 183532357
432 220 923574809 872818905
13 406 868185331 911385751
412 173 825173832 949068708
195 258 34875658 750436665
96 83 23922930 215464288
500 393 432967869 512155429
461 364 424518867 546584919
120 239 997722725 437259718
244 221 725970463 437486143
164 386 730495851 64377275
375 402 638655013 386065464
437 168 306149390 274258514
355 109 49570817 148138097
146 454 978155974 693779858
154 436 602728164 853935515
12 248 777604468 423677352
17 331 815864165 999364942
107 226 218901124 772927092
24 150 321018413 105333469
443 375 984367324 832916908
272 345 495147026 83430893
260 432 647292339 97558913
100 439 563998864 252057541
131 135 803261669 530166507
71 222 967106743 736065885
303 442 954880653 659555659
240 437 233862063 872935428
107 337 280947451 904884727
149 469 897006306 693701991
427 241 177636730 363649529
28 302 783009356 483635862
124 438 22098818 60685984
42 95 967966669 144810322
138 387 604109488 976746202
195 341 996714800 562637672
154 295 492149219 114657073
165 220 694328618 300073024
195 370 946722173 424989807
444 316 195708013 46808105
436 152 874196338 112081963
449 494 684147312 583275629
53 401 325800909 806856986
410 319 933886396 287023145
491 403 556254537 723874218
135 200 306003863 316185019
106 396 928271035 696427556
404 23 744783229 773390659
61 69 700157871 102996138
384 428 971104734 907462033
265 48 288483243 811786024
66 377 796646988 414381025
147 35 648574150 201748862
30 330 619399741 13187689
214 29 820467778 543981806
424 27 920271864 861279841
310 324 113632131 135944264
285 404 926881959 702220814
330 124 325054913 963256461
364 357 71022032 661677927
81 71 359618522 248837854
410 179 792432441 638547925
200 164 349036858 974711021
380 237 171657347 605331523
198 286 424986742 617796778
338 388 35728836 470415912
460 430 99863040 375092306
362 461 286931734 187247981
348 216 19225153 604803134
118 123 940797927 886435485
258 44 230618089 604773938
259 297 250947668 124976212
16 339 252154911 879336677
96 490 619211971 897537357
327 301 545041280 763115185
111 82 694399966 881779309
3 427 263270492 64198069
183 75 690767621 476854457
382 347 507826255 330265501
145 198 876418829 460635404
352 479 348289021 635814890
297 306 631583270 716399207
168 341 896751976 209458977
124 200 102384105 515729388
41 480 790247421 350309914
438 274 811852354 877303253
124 368 910294075 985209877
66 12 298948150 234346043
161 170 18596455 177426572
170 306 677993211 781729755
180 435 447121840 231831153
176 146 472241120 105240332
286 43 802018864 913906587
231 51 436402703 232209552
54 282 815186986 197765267
477 327 536083124 487258547
353 223 201199001 98400300
68 376 492681907 826433238
322 407 158491035 618830000
171 239 16557954 478451307
283 304 0 244156182
126 402 886128198 471095363
324 447 945663299 162613777
409 255 203305981 225171621
22 382 530213590 431776327
243 13 208571345 81777771
323 207 355688709 58270913
203 78 913428532 147370630
148 321 807249233 374614373
335 409 377848365 168992904
232 205 183357900 771298423
290 435 793690860 582174158
84 79 772236671 953572984
87 21 428723262 348214890
88 33 501210122 655656474
446 405 620514732 887957149
301 125 758335814 139206301
126 397 95938671 532489973
379 226 917538992 663723008
406 469 136435083 546748133
474 429 347003874 39918573
237 462 92158043 179020124
480 105 349035659 341907382
307 169 833447371 222517860
156 263 787675391 220918795
7 292 334377479 441661673
230 70 462447373 575038752
313 465 686421839 571486889
446 181 780515981 626784676
182 118 249723145 583973612
297 115 732780503 321786909
37 274 282591469 874723051
76 217 617533833 73626184
390 478 329995842 224544497
1 484 374749518 748274791
446 207 904594958 619981797
453 191 737494905 686746857
35 473 825683402 253218179
415 226 776255901 441915385
11 487 10700055 97899025
211 71 603834954 14630688
493 295 766978357 60307401
31 443 80899374 368146220
70 482 98093910 190242152
444 138 510831113 179635766
86 110 875806212 126991956
249 118 669015368 337603172
376 200 313580230 807770317
95 443 405117890 356886636
309 157 190761472 577432265
206 76 941545991 625170243
319 313 839156238 394785176
356 345 619025398 887175076
498 83 675160781 935184784
361 134 994285036 511874641
254 128 892756528 917122685
87 445 80472109 199917785
420 437 854580055 438184973
294 54 261710504 926888452
40 166 0 267847746
350 159 9319149 781470432
119 392 608106980 315866930
155 26 897505316 171693117
258 457 809530016 952677403
321 18 110259742 180046926
62 176 850589122 296258935
428 483 748641600 940292729
392 61 836233787 802929036
98 77 250730725 768669382
57 404 0 621015469
355 399 901246771 956003260
99 249 653741917 168161539
127 292 757081521 995701314
377 268 448217801 110011189
270 219 13023749 991281604
2 304 540422762 6554883
320 383 20046531 571238036
16 467 191908019 107522980
133 195 79787914 480322596
122 3 411813797 312337309
457 458 110223115 911196143
361 208 685698885 940675064
423 63 243299295 625917167
471 235 117026384 683334869
43 365 931836797 307691104
277 480 775534249 371361673
88 346 263965671 637798725
273 36 35275303 341037870
264 271 168946170 426784265
36 209 942311902 509773927
71 45 65949686 863694441
179 479 163449218 136019707
128 98 377535141 194134906
395 281 892337649 404523445
201 260 188739930 301109959
227 135 456636168 744667188
123 433 17510552 396332185
390 276 753649817 532438387
90 56 61625515 788839089
78 155 263197951 455968186
403 50 882585341 466224785
113 270 212773118 734539327
305 40 632821897 112778820
165 168 119324821 361768199
200 471 0 832802948
273 309 704292549 254918393
204 270 521160358 415211058
275 142 460605568 100375067
48 106 256793031 335989529
355 452 330586215 637684083
451 340 411868611 276423008
157 86 201380743 455383164
29 83 484264198 302829507
172 292 685241403 393885287
128 25 360221916 69973296
62 380 263755776 587396084
233 420 397772160 964097815
443 188 598236216 164776436
208 310 912849658 623489253
261 452 584063991 659627444
405 297 458608393 443622472
160 486 276875556 276760827
15 282 22087124 44757817
204 144 577106524 119728535
256 211 661208210 10750962
160 418 833560885 626278719
362 363 292945468 12734541
453 253 542716482 962227607
374 416 380972519 770310847
260 86 574404071 100494981
233 387 177319746 374942303
35 16 619988892 825246420
467 351 84366828 40776453
358 42 290123194 233360427
478 72 149067027 947285315
17 136 558523607 569239309
246 39 359670461 430635104
447 492 909546581 575815029
450 255 200831560 511811231
444 269 225709946 969324334
418 455 828039081 99380524
169 64 539872543 363781484
69 90 619247235 257745783
88 476 176390240 6099005
498 248 92546079 262822824
245 168 78105588 332806946
176 101 264072746 893355160
109 298 298408582 899079265
156 299 883363857 830171433
340 118 471973296 966859402
348 221 880033039 328453995
187 40 345118394 14299439
124 402 519347147 600414873
113 33 701348733 875549706
320 244 21023989 982087521
181 12 561088590 999771113
273 302 427470201 663711179
269 121 732855310 517354809
474 430 985698258 717334844
20 165 812570490 300121150
154 59 738306782 921403781
458 406 623822785 91584201
292 72 919301811 244345662
410 446 262251241 739856904
335 307 11401658 804992083
140 66 327280288 940307451
191 467 784034642 128858781
98 113 459438974 113424038
