2000 1800
1980 1702 3107947 932758106
896 651 826206 95681293
79 1144 4312657 125268186
399 1192 3398930 225144223
1713 254 4929403 37280581
1734 1954 1237000 504193234
1490 1128 4429000 204407795
1247 153 3200995 94919115
1762 917 2142783 983551899
662 1621 8851216 10809261
1808 863 4412853 567234619
36 1328 1283519 324918479
674 693 3923214 480984825
33 1214 828631 611776110
1954 1734 1236996 378516375
151 317 2084740 438653302
323 1726 58411 190647096
135 759 1356559 812071791
1885 1564 4175127 787464615
525 326 3062282 407974709
1361 647 1044884 539510725
1144 79 4312658 262285470
1751 853 317372 445247613
1782 1212 1224923 465743569
915 1632 1037983 703308854
917 1517 692807 159658939
1885 1590 3970017 866656991
908 806 3182917 244223071
761 1487 4306353 239903865
326 525 3062280 174217442
1771 1621 4878442 642019644
1060 1314 4711282 488434845
1111 1188 4726092 541249598
254 1713 4929398 886347280
388 383 4772083 713654018
1893 1770 4885508 684001747
1339 564 856263 818967004
1517 174 3310383 455646604
1468 1133 3695678 106120853
998 1782 5574651 189941357
568 19 6885084 869772560
1828 1150 1856933 548494727
863 1808 4412852 664547994
1212 1782 1224921 916311709
1579 619 1883470 23141972
1666 792 2984234 348911437
725 1986 1006427 61649714
87 1674 3088087 386005198
830 1804 4114740 673106664
1212 1782 1224922 457442495
381 1732 4939386 951347462
1686 1107 3900382 73904274
320 705 873012 235107451
1252 1808 740686 724268670
1696 1834 978786 684315905
105 1748 146706 729495995
1786 60 2900142 531484561
1769 1306 3153834 842258829
1713 254 4929398 318487786
540 1943 2950170 372515124
95 140 641245 447118896
1288 1245 4228144 271347582
1265 1136 184678 267142801
568 628 5308982 709785157
792 1666 2984234 532389642
993 1912 4987836 733946277
1361 52 765140 30287041
616 1696 3740987 672718058
1361 647 1044890 944217973
1025 1966 1424119 390955974
1212 998 4349729 733798933
1192 399 3398933 534842116
1847 1732 3116387 667240153
67 1483 2292388 881916007
82 1920 6868902 966193791
846 93 4717683 794526311
1580 1631 137399 566564515
1782 1212 1224920 337260847
307 690 1787121 651723576
647 1361 1044885 835390515
87 1710 3764999 209002050
1398 740 1825365 642108022
174 1762 4760353 744121060
1765 792 3656486 631126293
1931 1676 441865 363011033
924 839 4862778 515992194
1698 592 1207456 16274507
819 1245 6905415 67031020
602 1426 426636 128430059
761 1487 4306354 518146382
320 705 873009 60584893
1361 52 765143 246403334
1624 19 3676208 817942734
1575 1864 4172871 275383300
87 1674 3088093 150534841
1269 106 2004668 778416123
236 1610 1475086 835257126
594 1772 4834251 894553329
333 281 2295698 530954837
24 545 3926871 502029616
264 1699 1655144 898482223
1375 1433 3231038 962322774
1314 1060 4711279 962201920
561 792 2222678 352719901
241 1179 3871588 845788006
540 1943 2950169 464563858
952 303 3056329 238880900
230 1152 51652 843312919
1765 792 3656487 700276898
1361 52 765142 989097300
39 801 4898927 595606469
8 377 3880465 472704430
1487 1115 3429715 95024579
1800 805 3534292 346732480
1342 1972 1506117 199431293
571 551 4044804 848744511
180 1122 1946379 864663551
703 1903 2197501 566621518
117 965 2860529 503561949
781 819 4433981 20158175
24 545 3926870 538873484
806 908 3182912 232939996
725 1986 1006428 79436440
952 303 3056330 957736501
1819 1855 303869 463310475
525 326 3062283 524040047
1128 1490 4428995 433632300
833 88 2677711 385330393
1669 1111 10211604 322099914
1652 1996 2982434 399700395
1309 1338 525650 720878692
1800 805 3534303 36128162
715 664 2711509 912965624
806 908 3182910 524202847
1358 776 904134 728323842
1881 461 878433 370057525
475 498 1556675 359151541
174 1517 3310383 701231326
236 391 1444120 243113361
52 1361 765141 257449869
1893 1770 4885509 92661210
19 568 6885083 180315383
690 307 1787120 580652857
1430 631 1553973 504243823
1770 1893 4885512 784991674
1426 602 426637 777027141
211 1840 1767011 642680397
32 624 1254162 915352637
619 1579 1883470 849035990
1535 1061 960601 495940633
174 917 2617576 153554214
1727 109 4341819 762365852
251 173 3162637 406660116
561 1666 5206906 303490975
543 669 614320 587687039
846 93 4717681 367497368
945 349 1226550 490267651
19 568 6885086 893065086
499 33 581296 240526721
525 326 3062280 853712874
830 1804 4114746 235318634
1804 830 4114745 608400133
413 1945 984768 259912461
1517 174 3310381 445968736
179 1513 4483163 813764886
1212 1298 1208862 590064265
1772 594 4834251 770294275
441 1049 4557503 313874482
616 1696 3740982 398712834
241 1179 3871586 982808489
254 1713 4929396 570812595
592 1698 1207464 92648623
87 1710 3764997 746394159
1468 1133 3695679 838379469
507 1127 1702857 375558403
1309 688 4307077 458347266
628 1624 2100108 534629862
381 1847 8055768 755043507
1513 179 4483167 840223429
1668 592 3974578 234879575
269 302 2596372 775175410
1468 1133 3695681 515921468
1102 1908 1750303 578821074
1338 1309 525648 14308207
1150 1828 1856931 201769040
1804 830 4114745 260602742
1334 1489 3907751 922073908
315 334 3040244 922654462
1986 725 1006428 278030233
1768 816 4332748 702035412
1765 792 3656489 45358323
302 269 2596375 296812744
1339 564 856261 163809335
307 690 1787122 724530478
1705 199 3387911 377464228
837 211 6728573 724987537
612 898 1715757 862632528
917 1517 692809 664971566
1762 1517 1449977 408484903
1060 1314 4711282 978683482
1283 1149 666902 495335401
1399 643 3485086 321913369
391 1610 2919199 974294527
593 432 3977475 390235418
173 251 3162636 450277296
1610 236 1475086 17538620
1214 499 247337 824317001
619 1579 1883470 948670328
631 1430 1553975 958996048
568 19 6885074 201185208
189 1745 4593925 653216606
33 499 581293 966694115
827 1598 2605380 290881502
1365 924 676704 601672524
282 1436 1857273 555556533
853 1751 317374 98820394
1298 1782 2433788 480077352
993 1912 4987834 758604966
1669 604 3887035 522216504
1111 604 6324570 737486947
33 499 581293 52101998
592 1698 1207457 426930386
1191 1142 2276826 690787209
705 320 873008 788979801
819 1288 2677280 663064660
1624 19 3676209 272518110
1710 1674 6853084 672049939
1328 36 1283517 951684023
433 1235 4364416 564193786
596 1656 2854441 992955510
1212 998 4349728 583345324
1903 703 2197505 123081175
1751 853 317374 651951509
569 505 2706281 834843407
619 1579 1883472 110678020
1060 1314 4711280 931275125
140 95 641249 924576486
924 1365 676707 892633218
898 612 1715756 246455106
1535 1061 960599 477338062
1782 1298 2433782 571696400
1954 1734 1237005 662299320
1834 616 2762197 568537646
369 424 3826867 911969524
1710 87 3764999 91217864
1192 399 3398934 28078487
1990 333 4560167 236076366
1252 863 3672168 432146948
1150 1828 1856931 542783426
1399 643 3485091 36144894
892 1864 292062 306474022
596 1656 2854443 801603015
1107 1686 3900387 285424247
1316 478 4954664 976721131
561 792 2222678 383770428
888 1313 4158877 515662220
1762 1517 1449974 104927633
1391 1674 712909 103945943
1188 604 1598480 201834921
1819 1855 303864 273719122
79 1144 4312659 869035385
801 39 4898929 49249148
863 1252 3672169 88358270
507 1127 1702856 760944737
1848 1282 4722079 719339303
1309 688 4307080 140699179
1245 1288 4228144 793679479
1333 1780 992194 697544516
326 525 3062278 109614360
1800 556 1065786 517622222
93 846 4717683 315327709
792 1666 2984234 689555486
1632 915 1037983 610409082
1734 1954 1236998 542775043
892 1864 292060 262706268
792 1765 3656489 656022230
82 1920 6868900 888785234
1903 703 2197503 486623188
1666 792 2984236 123011058
1075 263 2431211 161442110
653 1203 1796291 448483177
1748 105 146707 524381033
596 1656 2854444 859085078
1554 1211 223828 28535863
24 545 3926874 164415788
24 545 3926872 546501438
19 568 6885078 920004349
52 1361 765142 677738675
662 1621 8851213 521266190
140 95 641246 372181899
525 326 3062283 464998035
1014 433 1924557 953743342
499 1214 247339 170493666
1765 561 5879165 189607934
1786 60 2900146 588791077
1179 241 3871587 90245262
1483 67 2292387 655203998
1764 476 927111 486164946
82 118 4115220 185020978
1265 1136 184678 589298193
1677 1601 2251841 4348957
391 236 1444116 648670350
369 424 3826863 938565892
1834 1696 978784 380658071
1981 304 1535072 228329768
1535 1061 960599 159400121
1621 662 8851213 348487605
1855 1819 303867 424232363
1416 1550 1908624 92161783
254 1713 4929398 372310938
166 963 2669694 89277705
374 307 1962107 104193086
1313 888 4158871 335947470
1513 179 4483165 133210625
180 1122 1946379 673001717
1487 761 4306354 423985596
1686 1107 3900388 767717367
441 1049 4557505 168395843
1782 998 5574649 38406047
176 1791 3585578 85637460
1513 179 4483165 379055546
839 924 4862778 3821512
1698 592 1207458 763360188
924 839 4862777 506854379
274 270 1211599 393237069
1575 1864 4172871 896761764
781 819 4433980 384583919
153 1247 3200993 438205812
662 1771 3972775 994354515
39 801 4898929 985552711
1212 1298 1208866 235005109
839 1365 4186073 158674952
1361 52 765142 746727229
1864 892 292061 490815
1556 102 2901482 197358146
236 391 1444114 19799056
525 326 3062282 520213592
60 1786 2900134 320594173
690 374 3749230 985993257
715 664 2711511 752436538
556 1800 1065788 168582605
213 1980 38910 203374915
781 1245 2471445 791991717
19 568 6885087 34125404
323 1726 58409 768946066
455 383 6728781 902055330
263 1075 2431210 62351156
792 1666 2984234 377340506
625 710 2689664 832978689
1780 1333 992199 560569517
317 151 2084741 791849405
703 1903 2197503 289668610
1468 1133 3695683 212801288
1345 1756 3957019 952543560
1782 1298 2433789 448336196
1345 1756 3957021 302771874
1847 1732 3116384 960087715
647 1361 1044885 975168902
885 1807 2348816 953416289
60 1786 2900138 51698305
1517 1762 1449977 702628426
1014 433 1924559 350621655
908 806 3182914 734785485
282 1436 1857280 43468292
688 1338 3781434 299595847
1635 306 794396 158856968
963 166 2669695 891184967
816 1768 4332746 183023584
1905 1965 1602367 540707489
851 1122 2049808 395303618
476 1764 927110 430711762
805 1800 3534299 32804132
1780 1333 992195 859757429
1122 180 1946380 883566288
647 1361 1044886 84104582
1762 1517 1449976 911606876
1590 1885 3970018 896435686
1751 853 317373 682074168
625 710 2689667 729196883
1288 1245 4228143 189180067
1212 998 4349729 689524532
315 334 3040243 533785225
24 545 3926867 805635387
688 1338 3781433 994643071
1490 1128 4429000 198760230
93 846 4717677 850959172
174 917 2617575 957506013
1025 1966 1424123 800716735
604 1669 3887036 925369935
1965 1905 1602372 91538002
1576 929 2268774 399428259
1980 1702 3107946 475325879
1848 1282 4722077 245402932
653 1203 1796286 891160248
551 571 4044798 20861666
693 674 3923215 830570641
189 1745 4593928 515073808
1943 540 2950170 46037577
1309 1338 525644 110737251
1828 1150 1856929 501057897
1338 688 3781432 764328407
1666 792 2984235 145629994
892 1575 3880809 645294994
839 1365 4186073 59333091
1666 792 2984234 955211702
19 1624 3676205 280093502
1342 1972 1506114 274533242
841 1589 3714880 556165996
963 166 2669697 635307150
1768 816 4332746 968059506
1535 1061 960599 784886171
1698 1668 5182036 838138974
254 1713 4929398 313305467
1361 52 765140 160498831
1188 1669 5485509 841820820
281 333 2295699 515175104
1804 830 4114744 434080434
1245 819 6905421 666516313
1908 1102 1750302 844057924
282 1436 1857275 538415789
1339 564 856263 450165356
1780 1333 992199 85779093
105 1748 146705 331961143
1235 1014 2439862 540605373
1252 1808 740687 439900538
628 19 5776314 855648331
612 898 1715758 21703981
781 1245 2471445 193122617
819 1245 6905418 449569001
596 1656 2854443 162618308
1269 106 2004665 380096374
1309 1338 525644 761594960
1713 254 4929405 201161601
1668 592 3974578 482305062
1771 662 3972778 458659822
1338 1309 525642 704693339
833 88 2677707 337960674
189 1745 4593924 174754502
353 1264 3044457 716717360
1610 236 1475086 426214572
475 498 1556674 313739469
1676 1931 441864 852441140
525 326 3062282 499624208
199 1705 3387911 496758787
1905 1965 1602366 687131982
688 1309 4307073 6943698
151 317 2084741 80956617
593 432 3977475 591487768
374 307 1962108 549114706
333 1990 4560169 415341427
965 117 2860531 329743390
475 498 1556675 51193285
166 963 2669697 122444067
616 1696 3740992 905027015
839 1365 4186074 329241991
1578 526 431295 936688055
766 59 1494759 986956777
761 1115 7736061 520622284
1965 1905 1602368 116397962
917 1517 692808 938399287
963 166 2669693 153696690
792 1765 3656488 929947285
1762 174 4760354 110364775
801 39 4898925 681724292
413 1945 984765 475814452
19 1624 3676207 189061784
1587 986 1991375 667692263
1590 1885 3970013 879964020
1338 1309 525646 239818313
151 317 2084740 656462186
1589 841 3714881 174590437
1345 1756 3957021 290899358
52 1361 765143 559354810
24 545 3926872 692790608
1682 905 1270677 502073374
88 833 2677707 68761385
1990 333 4560168 553996218
1133 1468 3695677 653508348
1587 986 1991376 521518346
302 269 2596374 648317752
1980 1702 3107948 885711631
1702 1980 3107942 28702441
1954 1734 1237004 707404555
1745 189 4593925 806529244
1049 441 4557504 520702793
441 1049 4557506 443198353
1713 254 4929401 276337006
690 307 1787122 867566584
1748 105 146703 213534757
917 174 2617572 206962955
688 1338 3781434 752850214
424 369 3826860 146870757
908 806 3182913 312067928
863 1252 3672170 621343289
1580 1631 137397 583566669
1264 353 3044458 222244904
476 1764 927111 703177659
1298 998 5558594 109654820
604 1111 6324569 985613072
556 1800 1065790 429660987
1756 1345 3957021 579046297
605 1617 3763239 651581961
1564 1590 205107 60384196
683 1584 2179342 751654043
432 593 3977473 940648285
1674 1710 6853083 973415241
315 334 3040241 843042174
1990 281 6855865 334230960
498 475 1556675 982640228
374 690 3749227 889489493
1245 781 2471443 908450360
1122 180 1946380 593649265
929 1576 2268773 662047824
1598 827 2605379 206049378
1734 1954 1237004 359643820
604 1111 6324571 136136431
1734 1954 1237004 793034475
952 303 3056332 670793919
545 24 3926867 498905222
561 1765 5879163 211722548
19 1624 3676209 11504022
725 1986 1006429 571614107
1847 381 8055775 812088586
1387 282 1891592 656461023
945 349 1226547 366967879
1391 87 2375184 307491739
1022 1642 2972502 973496969
307 374 1962108 231677437
830 1804 4114743 408567285
1579 619 1883467 496734972
805 556 2468510 595537606
1179 241 3871586 876084051
1762 917 2142779 31933464
270 274 1211593 448901675
1490 1128 4428995 382144153
1624 628 2100109 140682445
1645 483 182233 462384474
851 180 3996182 971834976
816 1768 4332748 500267836
998 1212 4349729 418682596
1635 306 794386 637124658
1200 25 2609114 611170483
1288 819 2677279 586896745
302 269 2596374 580807903
1556 102 2901478 769231081
1288 781 1756705 156665459
1578 526 431301 19283707
282 1387 1891592 215530330
830 1804 4114741 562461341
236 1610 1475084 912932844
1981 304 1535072 47500182
1624 19 3676208 626133799
986 1587 1991377 42917523
353 1264 3044457 168847097
1025 1966 1424120 252187494
1791 176 3585579 760753831
281 1990 6855868 64409972
109 1727 4341821 798853950
424 369 3826862 188815024
424 369 3826868 569142738
604 1111 6324570 370975867
87 1391 2375186 833799639
761 1115 7736060 468328527
499 33 581297 905269329
1338 688 3781435 860092036
1399 643 3485088 604987375
545 24 3926872 237737361
1834 1696 978788 273470918
1668 1698 5182039 716147052
88 833 2677709 404646372
761 1487 4306352 681166885
1864 1575 4172873 664570662
604 1669 3887034 123430071
1881 461 878433 541632619
254 1713 4929397 726584282
662 1621 8851207 617955305
604 1188 1598480 709968191
693 674 3923216 824962642
304 1981 1535077 128091176
1713 254 4929400 339731304
1192 399 3398934 944436767
1598 827 2605378 143987110
87 1710 3764998 25973128
1314 1060 4711284 59321806
1333 1780 992196 26446366
1696 616 3740991 36747713
304 1981 1535075 580336589
1314 1060 4711280 526846286
819 1288 2677276 228472985
1490 1128 4428998 360969216
499 33 581293 482647769
499 33 581293 892423916
888 1313 4158873 202572810
1893 1770 4885506 670464864
39 801 4898927 420345787
1578 526 431297 832552730
1288 819 2677278 856593647
647 1361 1044883 924339299
1391 87 2375184 234824352
1192 399 3398934 251143968
998 1782 5574651 772829492
1819 1855 303870 681923680
1513 179 4483163 521720942
1885 1564 4175125 321665998
1769 1306 3153833 112708277
1666 1765 672255 657056837
36 1328 1283517 456146891
433 1235 4364410 649542509
816 1768 4332748 581008356
1107 1686 3900383 134943702
1436 1387 34312 90598366
1430 631 1553972 991386103
1652 1996 2982431 367154336
1338 1309 525645 623845357
1610 391 2919199 744231572
282 1436 1857276 846472856
1762 917 2142777 177588029
1149 1283 666906 882143521
1487 1115 3429707 348018844
917 1762 2142783 263778899
60 1786 2900132 525656310
1575 1864 4172867 252515804
455 383 6728774 613214836
1298 998 5558597 23401306
1247 153 3200995 925536235
483 1645 182233 687597988
369 424 3826862 236824053
1666 1765 672255 976739605
87 1391 2375184 207438390
1483 67 2292386 759204066
476 1764 927111 646873453
1365 924 676703 779832399
1632 915 1037984 426460614
885 1807 2348816 746850371
424 369 3826863 309238905
1624 568 3208872 647114280
455 383 6728774 140694167
1769 1306 3153833 23979694
461 1881 878434 762957145
105 1748 146707 165016406
383 388 4772084 389839229
545 24 3926874 871832537
1772 594 4834248 157605392
1387 1436 34316 167194601
1550 1416 1908624 566741400
52 647 279749 25010047
1214 499 247335 415028355
1578 526 431295 897985578
1800 805 3534292 957831465
602 1426 426635 557692945
833 88 2677707 846760803
60 1786 2900134 139650845
1855 1819 303871 115293092
1828 1150 1856932 361083896
1361 647 1044884 50227679
1144 79 4312663 971448008
1211 1554 223830 756209924
1430 631 1553975 393520976
334 315 3040243 697163722
1669 604 3887035 948025402
1361 52 765139 397384579
1203 653 1796294 245491774
1288 781 1756702 186278178
1288 781 1756703 257591710
1732 1847 3116385 503688720
132 1274 4816261 600853170
715 664 2711509 843268975
1214 33 828629 800377760
269 1469 679451 266862257
326 525 3062281 341410254
1211 1554 223828 616131740
1645 483 182231 729278613
79 1144 4312659 60366378
605 1617 3763241 116211115
1980 213 38911 157713180
674 693 3923216 623852924
561 1765 5879164 356688116
1629 699 2707349 485258822
674 693 3923217 943661593
766 59 1494758 364343754
173 251 3162635 278867214
213 1980 38909 92136628
819 1245 6905425 797175933
1674 87 3088093 96693483
1288 781 1756705 897171398
1288 819 2677282 865217354
625 710 2689669 941178420
986 1587 1991373 515288584
334 315 3040242 743034328
1212 1782 1224920 409377352
592 1698 1207462 564565424
669 543 614318 654210173
1631 1580 137399 234610407
1345 1756 3957020 199541297
1908 1102 1750300 280199671
833 88 2677713 544809675
594 1772 4834251 187451939
1212 1298 1208861 128325130
1980 1702 3107945 755785853
213 1980 38908 612771638
199 1705 3387911 9265613
631 1430 1553973 985749825
1745 189 4593926 274128090
349 945 1226550 351107413
1686 1107 3900388 931319674
781 819 4433980 139264695
87 1391 2375186 709416718
1264 353 3044462 71471745
433 1014 1924557 602209095
908 806 3182913 170521322
1203 653 1796292 265274058
1391 1674 712907 750651217
1398 740 1825368 768926422
896 651 826206 160264974
592 1698 1207456 116777519
211 1840 1767013 412707299
274 270 1211601 324302349
1765 1666 672257 119547528
1316 478 4954662 749719712
1945 413 984769 545751380
1025 1966 1424120 182329963
792 561 2222677 785680238
1338 1309 525650 252050012
1734 1954 1237006 660833445
106 1269 2004672 607095118
819 1245 6905417 18362165
381 1847 8055775 629840134
391 236 1444121 96312956
1212 998 4349726 141677540
1212 1782 1224920 385631049
1610 391 2919201 821503492
1893 1770 4885512 380055570
781 1288 1756702 649221016
36 1328 1283517 600991788
24 545 3926869 447220104
33 499 581293 709927641
432 593 3977472 397623016
1847 1732 3116385 997520367
28 656 1811890 971306380
1144 79 4312659 973014017
540 1943 2950168 841124862
604 1188 1598479 721267558
317 151 2084742 193852685
1025 1966 1424121 201960003
1489 1334 3907750 212001768
853 1751 317374 526513945
604 1188 1598478 855690800
776 1358 904133 500268343
1375 1433 3231039 107954670
1903 703 2197502 610843619
320 705 873013 995541728
945 349 1226547 488054304
740 1398 1825365 177292796
1550 1416 1908624 677066291
377 8 3880474 943188704
1399 643 3485093 117797358
140 95 641247 320786452
612 898 1715757 587500548
568 1624 3208871 168686198
1765 1666 672257 695764939
1864 892 292062 27958079
819 1245 6905424 639379854
564 1339 856263 736149083
1025 1966 1424119 834410847
1580 1631 137397 541353717
1334 1489 3907752 587788420
819 781 4433982 198580419
1656 596 2854446 904801780
781 1288 1756703 749922583
1387 282 1891584 737755824
79 1144 4312657 687369604
571 551 4044804 853842829
543 669 614319 570062932
333 1990 4560171 197882560
388 455 1956698 947032964
1214 499 247335 990689754
1309 1338 525648 561942403
1144 79 4312659 791607049
1107 1686 3900384 295802488
1391 1674 712905 956271738
230 1152 51650 238147600
1945 413 984765 264564344
1702 213 3146859 550485293
1535 1061 960597 847191405
1387 1436 34316 527778525
269 1469 679451 457378386
1387 1436 34315 294045314
28 656 1811892 467316933
1102 1908 1750304 564909559
211 837 6728574 335202842
1298 1212 1208859 261506693
766 59 1494755 499277049
32 624 1254163 638582179
1676 1931 441865 808150340
135 759 1356557 135674550
898 612 1715760 556037419
1981 304 1535074 103313072
647 1361 1044890 114937164
1702 213 3146859 763741398
264 1699 1655143 995058645
561 1765 5879162 347388072
388 455 1956698 154322424
1936 1507 1251922 751430173
230 1152 51650 880161882
476 1764 927112 54932906
1288 819 2677276 414880117
1136 1265 184678 889589096
556 805 2468512 294203665
1433 1375 3231044 381815846
699 1629 2707347 573427844
1245 781 2471442 493969983
1426 602 426636 478581142
1025 1966 1424125 970987751
19 1624 3676211 526911903
315 334 3040243 202929446
1358 776 904133 191983356
1127 507 1702859 102714707
1288 781 1756702 876908550
1954 1734 1237000 428401130
499 1214 247335 183110589
1932 1678 4363655 354174076
180 851 3996186 305969618
839 924 4862780 672861738
1676 1931 441864 321069813
651 896 826207 467463576
1288 819 2677280 114541115
60 1786 2900137 450738142
374 690 3749225 973576908
917 1762 2142781 291616786
1980 213 38912 525718175
1624 628 2100110 807589895
846 93 4717675 838640960
846 93 4717683 458353988
674 693 3923211 495255561
688 1309 4307077 252845192
564 1339 856262 502770139
399 1192 3398935 22113077
1387 282 1891592 907535069
1107 1686 3900382 290044326
1488 91 1984273 978074086
1014 1235 2439862 187100771
87 1710 3764999 567075090
1387 282 1891585 624490239
179 1513 4483169 264331006
1840 837 4961560 86632054
643 1399 3485092 335117077
1936 1507 1251922 748046971
507 1127 1702858 214673678
819 1288 2677280 732602966
1309 1338 525648 54449576
594 1772 4834251 916051428
1658 398 1757632 995160133
705 320 873007 963127812
1391 1710 6140181 197000573
915 1632 1037983 953298891
307 374 1962104 519257713
1203 653 1796294 598998021
1269 106 2004670 406513178
690 374 3749226 397770905
1734 1954 1236997 28028694
1834 616 2762201 240744522
1864 1575 4172867 414828427
1149 1283 666909 430318891
669 543 614320 837470237
374 307 1962106 341273653
1188 1111 4726088 816418709
596 1656 2854443 741265716
1245 819 6905415 383696861
1770 1893 4885509 981022055
593 432 3977474 85759879
1212 1298 1208864 983214462
8 377 3880471 833794935
1771 662 3972773 235628808
1366 1302 112418 937299569
908 806 3182915 215875316
1188 1669 5485511 106201642
1786 60 2900135 719235569
270 274 1211597 256536470
1391 1710 6140181 89783818
602 1426 426636 63283895
674 693 3923212 70874279
819 1288 2677276 746158955
1932 1678 4363655 10653121
1893 1770 4885508 533534728
1800 556 1065786 125495043
666 41 4320380 637286783
391 1610 2919197 924087624
1972 1342 1506116 126579571
19 628 5776314 3140609
1111 1188 4726092 334346854
569 505 2706279 679421330
236 1610 1475084 242978881
1710 1391 6140183 178287245
1674 1710 6853089 510481650
388 383 4772079 15764606
1698 592 1207460 921609449
1669 1188 5485511 393817950
605 1617 3763240 882692136
413 1945 984765 865204493
596 1656 2854439 782437867
892 1575 3880811 602716156
1756 1345 3957023 213306145
792 561 2222677 216232622
317 151 2084740 252153894
898 612 1715756 763966207
1191 1142 2276832 17078171
476 1764 927109 91172655
1361 647 1044885 372892644
1631 1580 137399 442242962
1990 281 6855865 896016162
1881 461 878434 958468044
1334 1489 3907751 430125752
1677 1601 2251843 373894059
551 571 4044802 868098404
1834 616 2762203 215181134
688 1338 3781432 974128770
1936 1507 1251923 966278267
1328 36 1283518 776091241
1152 230 51650 719273896
1214 499 247340 102725716
1191 1142 2276831 781931070
33 1214 828630 711535255
1762 1517 1449976 735547899
153 1247 3200996 980368560
1469 302 3275821 101283434
1696 616 3740984 289114778
1840 211 1767008 657236665
540 1943 2950170 211528563
1517 917 692807 604662432
1214 499 247341 604840356
628 1624 2100110 794241151
1698 1668 5182035 144440230
605 1617 3763238 97579957
703 1903 2197508 703923011
270 274 1211595 373857083
304 1981 1535077 307278535
776 1358 904132 447239209
1682 905 1270679 338012149
264 1699 1655145 35501166
1756 1345 3957021 105117356
1782 1298 2433787 489230110
374 307 1962109 175915693
1931 1676 441864 210551489
8 377 3880467 557841669
1808 863 4412854 671853689
1014 1235 2439860 649294153
1556 102 2901484 928627951
1966 1025 1424125 354297562
1598 827 2605380 699108334
189 1745 4593928 696365340
917 1762 2142782 965312215
568 628 5308990 767879532
851 1122 2049808 648652777
628 19 5776314 374596243
1589 841 3714880 157446572
1133 1468 3695685 609467251
1848 1282 4722081 585931776
1903 703 2197501 332366906
1387 1436 34317 218723900
1014 1235 2439860 399240192
1075 263 2431211 337646631
304 1981 1535077 959067754
269 1469 679447 973227424
174 917 2617574 58693020
1786 60 2900134 176801654
924 839 4862779 566921177
1656 596 2854442 778810584
1762 917 2142779 848665879
1808 863 4412849 224035651
1840 837 4961560 746604496
1128 1490 4428996 962653860
792 1765 3656488 220302035
282 1436 1857276 677193863
1022 1642 2972504 321462634
1298 998 5558585 171785561
32 624 1254164 148643103
36 1328 1283517 816163500
1702 213 3146852 938445642
888 1313 4158871 230761114
1142 1191 2276833 931226967
1507 1936 1251923 147502548
1786 60 2900146 178343876
109 1727 4341821 654154814
998 1782 5574644 650620366
455 383 6728775 348047686
1309 688 4307084 834647363
388 383 4772079 188819827
318 644 302260 757361034
1211 1554 223826 69194315
211 837 6728568 164123239
561 1666 5206908 135894507
1800 556 1065788 727919527
806 908 3182913 627074942
79 1144 4312657 698341999
1666 1765 672256 707921390
662 1621 8851210 167545772
1399 643 3485092 833359881
616 1834 2762201 822730109
1535 1061 960599 428363625
628 19 5776314 362954811
605 1617 3763244 203041987
1656 596 2854441 796656164
806 908 3182910 138961444
1834 616 2762201 814298498
377 8 3880469 211630584
1698 592 1207455 841908653
1808 863 4412850 913157966
87 1710 3765000 395813600
1599 573 1858824 166044794
1391 1674 712908 463106631
705 320 873011 649496209
398 1658 1757634 741171278
1212 1298 1208861 795676137
306 1635 794387 493460870
781 1288 1756702 839507080
1772 594 4834248 172561726
1590 1885 3970015 886497292
1179 241 3871586 810551555
1469 269 679451 566734527
1631 1580 137397 153333866
662 1771 3972778 496752814
1786 60 2900144 171841024
647 52 279745 339461136
1705 199 3387909 827012736
1416 1550 1908623 32509243
693 674 3923214 360447704
998 1298 5558597 237115626
1702 1980 3107941 123843685
604 1188 1598476 283898213
1748 105 146708 708135518
1770 1893 4885509 908428423
1314 1060 4711281 351616858
1022 1642 2972501 820378541
616 1834 2762199 147797089
102 1556 2901479 205132674
1517 174 3310379 646397414
304 1981 1535079 198186506
88 833 2677705 310798154
1014 1235 2439859 936343452
52 647 279748 273599281
643 1399 3485091 684530982
819 781 4433981 793824502
1022 1642 2972504 470883738
1702 213 3146851 33249062
1828 1150 1856927 721151035
41 666 4320380 2339493
1674 1710 6853086 309375508
571 551 4044797 996231789
568 1624 3208877 900375251
740 1398 1825366 474770347
1780 1333 992197 619059227
91 1488 1984272 537177827
1864 892 292062 502361912
1677 1601 2251846 386781561
1932 1678 4363653 471778307
140 95 641248 616160122
669 543 614316 819103082
33 1214 828630 476802707
1966 1025 1424120 97209842
1127 507 1702856 771777401
1298 998 5558594 706430324
1578 526 431294 787456464
388 383 4772081 42546599
1142 1191 2276829 699307085
1144 79 4312662 475495184
715 664 2711513 607235166
1252 1808 740687 760721546
106 1269 2004670 42086425
1269 106 2004666 139068620
664 715 2711514 676883239
79 1144 4312662 350421504
568 1624 3208874 973256230
571 551 4044801 785908162
604 1188 1598476 634438858
93 846 4717679 953093911
830 1804 4114746 276154031
1200 25 2609110 695869549
1800 805 3534297 395157829
254 1713 4929396 485521561
19 1624 3676208 638940807
647 1361 1044884 274538066
710 625 2689668 397738201
1426 602 426636 394348430
1142 1191 2276832 52945614
1848 1282 4722078 242624859
281 333 2295697 476018077
1298 1782 2433779 183828601
1847 1732 3116384 780085100
1313 888 4158877 488762273
604 1188 1598479 309614855
1133 1468 3695683 926973903
1635 306 794382 5032745
499 33 581295 235347290
1828 1150 1856934 301030227
792 1666 2984236 386590797
1298 998 5558597 497634392
318 644 302264 676710730
1990 333 4560173 130571444
1115 1487 3429713 505841927
1666 792 2984235 507029349
87 1391 2375182 81275295
561 1666 5206909 543969416
1144 79 4312660 918111643
805 556 2468513 354621063
1507 1936 1251923 927323671
602 1426 426634 569890107
1579 619 1883470 428502508
334 315 3040243 189100201
87 1674 3088089 87826847
307 690 1787119 446396048
905 1682 1270680 567098851
924 1365 676705 725740395
830 1804 4114743 473962370
929 1576 2268772 552498079
669 543 614317 360555949
1965 1905 1602370 692716862
1710 87 3765000 161064969
952 303 3056330 762580746
561 1765 5879162 242099856
1513 179 4483171 950882790
1587 986 1991373 304555418
1782 998 5574645 604867976
963 166 2669691 604620018
945 349 1226549 188373395
1769 1306 3153835 413501864
1656 596 2854445 362099899
173 251 3162634 451165217
619 1579 1883469 3071300
1391 1674 712910 421143772
896 651 826204 162538481
1366 1302 112419 687440011
612 898 1715760 716664572
1365 924 676705 429657971
87 1710 3764998 100113852
1282 1848 4722079 971880916
1288 1245 4228145 560247491
1686 1107 3900385 507941141
1764 476 927112 875394690
388 455 1956698 166585759
1599 573 1858822 625055123
841 1589 3714880 286476245
740 1398 1825366 678922482
269 302 2596372 688139726
263 1075 2431211 977594472
1433 1375 3231043 55631929
1578 526 431299 293353451
664 715 2711513 857210535
703 1903 2197506 213338169
318 644 302261 628434003
1920 82 6868900 29258647
1245 1288 4228143 74269618
334 315 3040242 168341393
805 556 2468511 405508554
853 1751 317372 342598333
211 837 6728570 549743585
1313 888 4158871 291699210
792 1765 3656487 325541958
230 1152 51652 493413000
816 1768 4332746 85566256
624 32 1254161 210456000
604 1111 6324570 117846841
303 952 3056331 386703064
1316 478 4954666 113850869
1245 819 6905420 110794803
888 1313 4158875 435412026
1590 1564 205108 515094109
36 1328 1283517 107470043
1136 1265 184678 732168654
805 1800 3534303 554466651
1122 851 2049806 309849630
628 568 5308981 282706079
106 1269 2004672 244180765
1274 132 4816262 439130236
1426 602 426632 739688017
483 1645 182234 980420737
317 151 2084740 954303697
140 95 641247 580236685
1624 568 3208873 77342334
647 1361 1044883 309109810
1864 1575 4172871 306436339
1366 1302 112417 343634877
455 383 6728779 354868878
1584 683 2179344 657568165
561 1765 5879163 674538372
1632 915 1037981 597722423
1111 1669 10211609 781438470
1200 25 2609113 382220392
1575 1864 4172873 757929941
1912 993 4987835 426284228
1954 1734 1237005 675129068
1345 1756 3957019 968172538
986 1587 1991372 814628701
1115 761 7736059 261923110
1191 1142 2276827 839992088
1808 863 4412848 999137750
896 651 826208 622622729
986 1587 1991377 77151980
1416 1550 1908626 716844617
1713 254 4929402 876153564
1022 1642 2972503 685123989
1122 180 1946379 629433309
374 307 1962106 776861435
323 1726 58410 128194224
318 644 302262 715956703
616 1834 2762199 385706219
1252 863 3672170 607354975
1436 1387 34316 21479753
662 1621 8851214 549662911
1133 1468 3695679 435835654
1635 306 794392 135203538
377 8 3880467 730486840
1932 1678 4363654 89668015
1214 33 828629 118699707
1710 1391 6140179 483980287
651 896 826206 153885146
776 1358 904132 698299980
561 1765 5879163 589081567
1375 1433 3231042 275992384
1375 1433 3231042 740745212
1142 1191 2276827 760147787
41 666 4320381 759451095
282 1436 1857272 890762290
1881 461 878436 267662352
1298 1212 1208867 626422150
1912 993 4987833 735333912
1235 433 4364412 863519418
1734 1954 1237004 695041779
1025 1966 1424127 724586239
1678 1932 4363654 791720154
1598 827 2605378 343464212
1885 1564 4175125 190474950
664 715 2711513 178017698
896 651 826203 909744106
924 839 4862779 526640638
499 1214 247339 28697040
662 1621 8851210 135464208
1550 1416 1908624 985436175
1430 631 1553973 647602514
391 236 1444119 599586613
1149 1283 666903 159514412
1252 1808 740689 919798167
1713 254 4929397 584160823
1288 1245 4228142 783383428
1668 1698 5182037 174468594
781 819 4433981 959939048
236 391 1444118 625286846
1245 781 2471445 805428215
1102 1908 1750302 527710915
917 174 2617574 910079335
307 690 1787120 75944259
965 117 2860529 815675553
102 1556 2901483 986667450
1972 1342 1506112 967707505
1908 1102 1750305 339897380
1771 1621 4878438 972771802
1656 596 2854444 683644968
173 251 3162635 100184878
1375 1433 3231040 67765853
556 805 2468508 166013781
1191 1142 2276828 134202710
1488 91 1984272 93148656
683 1584 2179342 152103479
383 455 6728775 790235422
740 1398 1825370 943948573
662 1771 3972778 184373028
1834 1696 978786 872567501
391 236 1444118 927685784
52 1361 765140 320818808
1696 1834 978786 3951740
32 624 1254162 997802860
1699 264 1655145 37000279
180 1122 1946378 474009174
307 374 1962105 617636759
715 664 2711513 725689757
132 1274 4816262 509581672
604 1111 6324565 734533011
39 801 4898925 908733737
1751 853 317377 870032497
690 374 3749226 7366125
374 690 3749230 584120908
102 1556 2901481 121060913
593 432 3977474 996879104
545 24 3926873 687936119
1487 761 4306352 731116170
1391 87 2375184 338591112
561 1666 5206909 261446101
264 1699 1655145 659249199
269 302 2596372 689913724
1965 1905 1602372 579018335
1943 540 2950171 557256895
353 1264 3044460 81954281
863 1252 3672170 366678570
1920 82 6868902 793734977
1334 1489 3907751 540067234
1391 87 2375185 144808047
105 1748 146705 708010673
1674 87 3088092 101585646
173 251 3162635 405118251
1686 1107 3900386 177222784
381 1847 8055772 28776246
1149 1283 666907 84105671
1765 561 5879162 260213782
304 1981 1535079 129026226
781 1245 2471443 627008824
1128 1490 4428992 652634107
1658 398 1757632 720128173
1122 851 2049807 675922586
924 839 4862780 41318393
1212 998 4349727 863614140
1656 596 2854445 468675546
1972 1342 1506114 613596795
353 1264 3044457 323399913
1617 605 3763240 239413646
306 1635 794388 870359305
1387 282 1891592 278053740
1342 1972 1506114 601381488
1945 413 984766 345567534
52 1361 765140 799197969
1819 1855 303871 693146230
67 1483 2292386 389058307
1513 179 4483167 150109396
998 1298 5558594 408750952
1576 929 2268773 708911744
105 1748 146705 603101053
1589 841 3714880 524211390
1102 1908 1750303 984999122
1800 805 3534295 672346527
573 1599 1858824 462584358
1965 1905 1602366 770314390
830 1804 4114740 848151634
1990 281 6855867 581535734
1133 1468 3695680 776149553
1564 1590 205109 477593409
1599 573 1858822 623033901
1507 1936 1251920 770358741
781 1245 2471447 113234290
1535 1061 960601 39650837
1954 1734 1237004 604532092
1666 792 2984235 713784216
1288 781 1756704 972873488
683 1584 2179340 242053582
1702 1980 3107939 495093937
1702 213 3146850 835202133
1436 282 1857277 774970228
688 1309 4307083 571360965
52 647 279747 218343208
87 1674 3088091 136710772
118 82 4115218 807596658
441 1049 4557508 859081538
556 1800 1065791 978869663
87 1710 3764998 579466051
381 1732 4939387 579524345
478 1316 4954665 548698717
1698 592 1207462 564345428
391 1610 2919201 582388927
1488 91 1984274 575963713
1212 1782 1224923 310198580
892 1864 292062 892593371
1387 1436 34313 727054100
1212 1782 1224922 375073496
892 1575 3880811 466244362
1804 830 4114743 121710553
1840 211 1767012 919562857
1990 333 4560169 320268400
1635 306 794392 624528290
1751 853 317373 534402809
1624 568 3208878 917828087
619 1579 1883474 808383162
369 424 3826864 973815568
656 28 1811889 817883730
1847 1732 3116385 483255931
1288 1245 4228151 281178842
1306 1769 3153831 133430998
908 806 3182909 430867123
1734 1954 1237002 255848581
917 1517 692806 182519062
87 1674 3088093 869279518
662 1771 3972776 224140156
33 1214 828627 177437185
1658 398 1757634 210986790
264 1699 1655145 728330451
1847 381 8055770 883309981
1191 1142 2276830 557677760
1578 526 431295 561416039
1981 304 1535074 319587215
740 1398 1825369 119764561
1338 688 3781435 729593067
806 908 3182911 942655140
87 1391 2375184 540327948
1834 616 2762202 38267167
1645 483 182233 877034230
1847 1732 3116387 616068221
924 839 4862778 666962997
455 388 1956698 677031228
998 1212 4349728 429463274
819 781 4433981 258684553
1075 263 2431212 884545923
1786 60 2900140 11966217
568 1624 3208879 644066249
573 1599 1858820 391343300
1150 1828 1856931 249730338
36 1328 1283517 217418300
315 334 3040244 31871246
1211 1554 223828 649098384
1621 1771 4878438 141730437
1669 604 3887036 281178204
839 1365 4186072 869083303
1469 269 679449 986686728
334 315 3040242 24724412
1338 688 3781431 994884383
1122 180 1946381 605846975
1398 740 1825368 549274994
388 383 4772081 845827548
1433 1375 3231043 830067556
1283 1149 666904 223816160
433 1014 1924556 489466481
269 302 2596371 494073512
1589 841 3714879 365443273
455 383 6728779 631846816
1668 592 3974577 756822481
8 377 3880472 603414808
1564 1590 205111 287873705
1945 413 984767 309350796
1334 1489 3907751 216080783
986 1587 1991377 764414193
1770 1893 4885508 976924893
1786 60 2900132 485655249
213 1980 38910 755904566
1800 805 3534296 447992333
699 1629 2707348 471687704
1188 1111 4726094 53636348
1142 1191 2276833 827834950
816 1768 4332750 190394039
1980 1702 3107942 412107120
213 1702 3146850 677528292
109 1727 4341820 542285175
1365 924 676707 658061482
213 1980 38911 745192476
674 693 3923214 538467567
644 318 302262 102371337
915 1632 1037985 656368391
1298 1782 2433789 732539295
841 1589 3714881 690357842
674 693 3923218 26903213
33 499 581296 242307518
998 1782 5574652 255360034
806 908 3182911 615701484
1554 1211 223829 520726099
282 1436 1857274 993098877
1111 1188 4726090 137326671
1436 1387 34316 776109070
1666 1765 672256 387164415
1990 333 4560167 167749250
1507 1936 1251924 724674046
1298 998 5558587 31819450
1943 540 2950171 217236132
1800 556 1065793 919467133
816 1768 4332747 459068330
25 1200 2609116 18080657
315 334 3040242 240563436
1624 568 3208876 657556415
1782 1298 2433787 435750759
1579 619 1883472 902316918
269 302 2596376 275039546
1864 892 292061 851170866
1366 1302 112415 991794475
1188 1111 4726093 700569560
1342 1972 1506116 266097867
896 651 826210 2214863
1483 67 2292386 600860602
556 805 2468508 374400990
1834 1696 978787 748241165
1252 1808 740684 130287809
963 166 2669696 773854143
254 1713 4929401 118568916
1710 87 3765001 863757256
1203 653 1796288 328834292
690 307 1787120 272667316
19 1624 3676208 397628108
1144 79 4312662 450903580
1587 986 1991377 334075232
1621 662 8851214 690829498
644 318 302262 82893808
1598 827 2605378 559691243
1905 1965 1602370 667754873
1855 1819 303865 370296388
1587 986 1991372 351344064
32 624 1254162 933999999
543 669 614320 285965524
1235 1014 2439858 218172583
1945 413 984767 412765925
433 1014 1924558 152826270
1765 792 3656486 29997523
1598 827 2605376 340865173
1629 699 2707349 37039756
1920 82 6868898 250069925
1489 1334 3907750 616706928
1342 1972 1506118 22950174
1601 1677 2251847 37690912
1361 647 1044884 938650002
837 211 6728569 362462531
1298 1782 2433783 945378729
1666 561 5206910 439599862
1696 1834 978786 88572458
82 118 4115218 150576414
1564 1885 4175122 246980846
1517 1762 1449978 286254465
1710 87 3764999 205846094
67 1483 2292386 183898511
929 1576 2268772 215332333
82 1920 6868902 768059886
391 236 1444118 802511545
1980 1702 3107943 41507319
388 455 1956699 668605313
1669 1188 5485516 172778368
270 274 1211601 281956422
703 1903 2197504 878872454
398 1658 1757635 77917135
353 1264 3044459 107703337
1579 619 1883472 470321706
1908 1102 1750304 122847129
1564 1885 4175123 769015585
1309 688 4307080 635306916
1771 1621 4878439 449626087
1298 998 5558594 32863
674 693 3923218 84115890
1214 33 828629 739207775
1686 1107 3900383 900034972
25 1200 2609112 116399688
476 1764 927112 480805858
1621 1771 4878436 601648534
140 95 641247 454757046
1800 556 1065791 851230790
688 1338 3781431 169589105
1306 1769 3153834 605369039
792 561 2222676 963529817
1358 776 904130 156265481
568 628 5308987 856165970
1188 1669 5485512 763223615
1770 1893 4885514 805428259
1782 998 5574652 938029232
1808 863 4412854 774001948
833 88 2677704 112247428
1834 616 2762197 668879637
461 1881 878436 285967736
1782 1212 1224922 317172970
625 710 2689662 910207124
592 1698 1207457 667670857
302 269 2596372 584742778
792 1765 3656489 305953820
1920 82 6868901 208773676
1589 841 3714881 428700432
1361 647 1044884 441983216
573 1599 1858823 884983825
140 95 641246 746228886
1885 1590 3970014 696948979
79 1144 4312659 422846654
1642 1022 2972504 736704289
211 1840 1767012 761211301
1333 1780 992193 29779334
33 1214 828630 700482902
1483 67 2292387 987852537
699 1629 2707348 942050582
674 693 3923214 150694522
561 792 2222677 453510969
1848 1282 4722079 670401900
551 571 4044800 799465279
631 1430 1553972 265441122
1885 1590 3970016 108408651
1269 106 2004663 829985805
1920 118 2753683 488149833
1624 19 3676211 578405078
592 1668 3974579 132737827
863 1808 4412856 788949078
1433 1375 3231041 113861974
383 455 6728777 612774466
556 1800 1065788 779292071
1214 499 247341 403857862
79 1144 4312658 117375715
211 1840 1767010 608814258
1765 1666 672255 83709309
1469 302 3275820 158518171
892 1575 3880812 610382341
1624 628 2100110 279512412
1306 1769 3153835 556107087
1192 399 3398934 484084345
1727 109 4341819 411715530
965 117 2860531 312954360
905 1682 1270681 363329335
616 1696 3740987 563381511
643 1399 3485092 44937947
349 945 1226545 567602448
1361 52 765141 905814890
1025 1966 1424121 779902971
41 666 4320381 327565328
561 1765 5879161 40617148
1601 1677 2251847 369582489
781 1245 2471444 931910357
1517 174 3310381 226887728
781 819 4433977 2366996
1192 399 3398933 628977228
628 19 5776319 106851099
662 1621 8851212 775402981
1762 174 4760355 498640316
1282 1848 4722079 781378733
1136 1265 184679 947898260
846 93 4717682 335744543
1674 1391 712908 997901202
1115 1487 3429709 614949360
1668 592 3974577 821001143
1762 1517 1449979 194593190
1387 1436 34316 996992788
455 388 1956698 453612313
1791 176 3585577 370781707
475 498 1556672 533043871
1847 381 8055773 778743738
1469 302 3275819 938648383
306 1635 794394 570107383
604 1669 3887037 30772496
952 303 3056330 633816941
307 690 1787120 287944509
59 766 1494757 710019042
1645 483 182232 408139878
1022 1642 2972500 858975328
666 41 4320381 303847916
1212 1298 1208867 670131245
433 1235 4364418 253597886
1264 353 3044463 247287913
424 369 3826867 862480522
19 1624 3676208 660370654
369 424 3826866 355504821
863 1252 3672172 28749695
1212 1782 1224919 478513087
1550 1416 1908627 181136362
1590 1564 205111 583888935
1298 998 5558596 234129837
761 1115 7736061 468127246
1617 605 3763242 336328735
1765 561 5879166 343964591
1316 478 4954665 867319137
383 455 6728779 503282603
929 1576 2268774 782442108
1696 1834 978786 195298896
1111 1669 10211596 642660299
176 1791 3585579 600284378
1025 1966 1424121 761157722
1893 1770 4885510 632744820
1191 1142 2276832 284892016
908 806 3182909 414292955
505 569 2706283 201046070
1488 91 1984274 687582612
1990 333 4560172 569042447
596 1656 2854445 425511243
1669 1188 5485512 180570798
1635 306 794392 188727565
1245 1288 4228141 980080209
693 674 3923213 89726080
801 39 4898930 624746864
1488 91 1984272 399653187
644 318 302262 20110839
1762 174 4760361 669121046
1298 1782 2433779 215870297
95 140 641249 870876343
853 1751 317375 675285851
740 1398 1825367 225758509
643 1399 3485090 568952952
1666 792 2984233 761512948
1745 189 4593926 294130061
1014 1235 2439859 162878230
391 236 1444117 284669925
93 846 4717685 928497585
236 391 1444120 297889167
180 851 3996186 151222724
1598 827 2605377 886271212
1235 433 4364419 174202330
1490 1128 4428993 575056375
1658 398 1757633 515847068
1192 399 3398933 757141139
1338 688 3781436 727675587
1780 1333 992195 486754529
1128 1490 4429000 298642870
1996 1652 2982434 746678256
1676 1931 441864 22305317
478 1316 4954666 989874732
568 1624 3208873 91147861
1361 647 1044887 641109419
1075 263 2431208 958181111
1734 1954 1237003 37637394
653 1203 1796289 622238826
1990 281 6855869 310940657
592 1698 1207457 784389953
1610 391 2919198 483036217
1732 1847 3116387 164483908
1782 998 5574651 909988494
740 1398 1825370 23857682
1265 1136 184676 956958660
213 1980 38910 917346706
1656 596 2854446 246171642
1060 1314 4711280 359787828
651 896 826205 19205447
28 656 1811891 228375318
573 1599 1858826 377742163
211 837 6728570 528111293
132 1274 4816261 491842043
1365 924 676708 200719600
851 1122 2049806 911194197
1212 1298 1208868 900685083
475 498 1556673 543284693
1903 703 2197503 947256899
1398 740 1825370 841094636
766 59 1494758 451539714
374 690 3749228 275747510
1192 399 3398932 831930041
39 801 4898930 958054183
174 1517 3310379 478476963
282 1436 1857273 317455874
1652 1996 2982433 744630113
118 1920 2753681 688138995
1564 1885 4175121 105956749
269 302 2596374 238843358
353 1264 3044461 930447236
270 274 1211598 793102532
564 1339 856264 902446449
945 349 1226552 159634140
33 1214 828629 195822464
596 1656 2854439 211371247
320 705 873007 144280189
1682 905 1270680 829341202
1629 699 2707348 703265170
1334 1489 3907749 447158069
1601 1677 2251845 324682281
1399 643 3485090 739906147
1668 1698 5182036 734621826
863 1252 3672170 621915349
998 1782 5574650 346246518
1342 1972 1506113 126362756
1144 79 4312659 115748741
1893 1770 4885507 841764154
59 766 1494759 39481125
556 1800 1065790 766799026
1517 1762 1449977 545302374
1885 1590 3970016 517308866
1550 1416 1908625 356202896
1282 1848 4722079 970897966
592 1668 3974578 647424726
1893 1770 4885510 972336073
36 1328 1283517 448473171
391 1610 2919205 497682470
1430 631 1553974 362674135
1635 306 794384 219779489
1632 915 1037983 199040048
1488 91 1984274 212371100
1943 540 2950172 984876639
1804 830 4114745 855814225
710 625 2689666 220185643
1306 1769 3153832 737239102
1903 703 2197505 972196337
1782 1212 1224917 685911697
1580 1631 137397 172074219
36 1328 1283515 619801154
766 59 1494756 79664836
1702 213 3146857 973429518
1931 1676 441866 285958437
1302 1366 112417 448940616
1772 594 4834250 631888349
1214 499 247342 934141925
1864 892 292061 214737865
1726 323 58410 660781662
307 690 1787121 445419787
693 674 3923210 885010618
1726 323 58409 295999363
526 1578 431296 548787519
433 1235 4364415 462078615
306 1635 794390 347657919
1624 19 3676209 985621968
593 432 3977472 661614887
33 499 581294 292573198
1621 1771 4878441 926472544
1834 616 2762204 602956139
1674 1391 712910 465126387
841 1589 3714879 23727316
1436 1387 34317 375237742
1972 1342 1506116 746745208
1191 1142 2276833 572857883
1192 399 3398933 599486652
1769 1306 3153833 427996418
1436 282 1857278 476832290
263 1075 2431210 477874830
1800 556 1065792 666690098
281 333 2295699 132467265
1128 1490 4428996 606259869
1696 1834 978788 558620877
174 1762 4760355 830034555
1834 616 2762205 394903750
1487 1115 3429711 661251893
1587 986 1991375 332705235
1686 1107 3900383 400654461
87 1710 3764999 924961979
211 1840 1767008 315678232
703 1903 2197503 630442968
