500 517
195 187 0 165332020
435 53 982923915 142269397
414 210 943262716 506166229
406 280 787087578 755609471
16 44 985099412 210548220
464 44 484816781 899710550
495 283 945426908 796643549
25 321 998581915 759394800
406 54 343623450 590949729
109 304 713249084 230380403
361 165 386458935 894115092
33 222 369910984 980989789
340 336 600076673 410763276
339 207 83410285 524314357
311 127 587804207 1712636
472 423 161741521 520311373
312 11 0 967800048
113 168 45608369 21344104
359 66 976213550 688720470
409 25 643853182 797541641
285 209 343544696 249790497
320 274 575431110 924474150
60 12 511691758 447769858
354 38 222631132 540453985
20 126 4801606 791692366
490 469 966948238 869618258
52 67 271967072 851244451
250 164 717684561 577538386
496 152 193947465 283426342
467 408 540606341 770544166
296 310 663656930 937924972
433 239 353448894 824547480
336 265 573670992 883758898
107 431 93384375 603881198
375 141 0 463671089
87 83 506412410 876218666
151 14 693972174 448181734
73 90 843066067 313991573
214 139 467675119 996409117
328 482 418209457 260050370
59 198 100405883 970564583
398 356 348531082 839619420
18 489 932121483 196980558
172 302 674534015 145213305
217 472 258413701 180904844
212 344 106170179 585383473
405 137 297565441 197824228
137 94 585351401 419775090
376 166 241708724 614443879
204 104 777514671 765777752
420 2 141219376 467383490
218 388 800578128 812713149
46 401 531808611 446189346
218 408 691585425 782000409
157 366 842450912 997163179
174 190 836375655 123552770
69 395 917179384 756560621
345 233 712646591 172127945
218 181 294906526 892970610
375 171 122544283 720892466
242 322 566970054 899472002
257 247 871946254 261611337
310 80 44940084 508412959
297 294 552151042 313787343
145 9 943255272 137438921
328 458 179318025 289494919
374 202 193167683 7150376
319 278 24058832 901187820
195 439 811956155 967507313
282 248 591130069 265936860
75 120 309854003 347422045
55 206 908970518 44842942
274 37 682693513 919556647
486 143 636056625 511463481
122 364 273100686 592113254
412 254 289247896 909699185
419 397 732509563 346942651
465 378 271596614 485389715
368 197 170951161 299531596
451 251 100104083 65574448
280 159 341736445 630067182
95 251 87383929 378377809
17 128 825386040 713763993
164 426 99901178 51683619
136 104 884281955 806240308
122 28 814330262 842490198
172 227 242980001 360493993
249 118 608704857 10123294
225 37 437135429 542261887
390 22 530905378 232754806
203 372 443315166 917847240
178 363 755622805 623830050
367 349 331169732 295817861
204 85 234018761 974297878
407 191 353780062 831140976
203 231 560704140 719872047
344 232 525619279 818089670
279 265 746877555 945685741
305 498 741946632 320654021
222 331 163996817 433168194
151 95 540116668 685184553
121 457 685751751 138194973
113 255 435510697 466772702
383 396 488164110 777455731
337 358 542415918 699088056
52 299 292491842 125345072
323 346 368051941 514900838
218 47 664745977 398202525
148 372 98241951 292217741
207 268 918548408 149135175
404 25 639771080 148915674
466 83 619347062 160743551
410 363 667098412 447231746
64 17 609904127 956656507
437 460 409792465 496973411
210 174 918223361 296459860
41 292 738316580 875190476
419 301 61675596 677878918
71 373 992494301 456636757
399 61 177250862 678483880
485 355 126461096 868329414
89 91 837425107 378868742
92 97 567145446 364582416
375 172 31220436 445534051
97 12 848687299 840383706
283 379 764720235 585474942
235 421 480751771 838016110
181 25 694896061 370814220
205 380 658777471 786862240
156 395 887275356 792678030
40 347 625082475 809630055
81 340 509689090 632902332
475 112 488324822 512111413
9 369 447173152 292541562
367 56 343149737 314537530
308 100 250251127 620910114
473 68 827858336 616185878
196 226 330390393 859607273
69 428 621865896 987880739
280 374 801082212 486837053
327 172 933807551 482980829
64 132 535903051 433363723
412 467 306105800 571810421
420 435 771747842 21760577
154 337 122075197 53884404
37 100 484921557 506159572
46 227 337264242 456603578
63 106 61048069 340644103
73 174 686457594 74323979
24 479 539376411 101832006
48 233 249654520 244087701
303 296 0 493497417
189 343 564674276 172495783
448 321 700003495 456288046
168 136 418543672 558996470
197 371 368335979 954608056
229 341 235515947 147251943
79 389 317304978 782148698
191 43 790964545 416881128
147 493 183413996 360904191
195 333 647653019 900202972
94 62 169203956 554663921
344 302 516448267 840956557
312 39 78250145 218998994
346 130 509207717 795466730
6 435 144259672 451521121
41 348 675134886 393094409
101 202 442180185 48048982
383 344 894889556 529627845
112 450 303741616 586751927
450 499 631295822 90443341
93 60 316830672 993079052
40 59 252584803 300043820
483 238 49035187 315562495
358 395 328272972 452850935
392 295 620812432 399839961
85 407 168313189 453579595
402 170 52237503 601299810
176 384 974068809 253172782
127 139 940986138 152200674
73 489 659747137 912011004
480 375 190013187 908113984
61 486 589391273 149194897
417 460 340422181 26281548
400 270 190811776 123688519
63 444 148753316 302107129
326 252 709026252 685160706
69 243 513951079 265560920
35 395 70495229 273038919
126 152 791314170 539174137
140 446 508178099 505204517
10 259 93785734 986184012
87 272 840744945 141013492
162 331 337122365 139076151
70 404 9021853 689692804
375 409 762486978 708730151
177 66 420669424 779505021
179 377 851495569 765489397
185 234 686206652 199460095
245 177 0 243221353
460 110 148814060 290311345
252 36 999727009 996700257
475 487 410944415 80806389
459 117 134769128 348682474
392 119 843687555 410434289
350 425 232578018 396214583
199 148 926549864 700082316
398 106 357117659 663316180
138 202 727140208 172255827
493 228 778349300 164668140
239 118 368114760 464329000
353 4 671014368 99957825
391 487 50489678 317768979
30 401 561081003 593794867
296 199 0 738227922
29 158 229752898 383198505
354 491 714636424 320372275
494 209 667715323 122078046
283 192 296315260 669050841
285 157 644018876 982445181
463 405 0 121774892
116 162 966557063 713421242
286 173 775892616 284312841
107 150 71190512 274597474
451 381 530452278 763524788
198 134 262923245 804780692
478 408 368067505 224520297
153 403 46846985 160932869
314 222 73671044 622757443
78 357 999065345 567230457
77 201 367270704 608989360
138 133 723239413 388769538
15 464 626477136 100184487
134 206 59388521 46987513
62 182 488161190 55143423
210 269 244847912 153550790
161 41 865244403 19049585
201 413 293985363 907904040
13 455 669430366 688790673
114 334 748001345 766153748
253 227 939242446 457164093
81 498 159306639 324471311
98 165 456046081 775986396
261 43 762211292 815681823
213 491 598614082 529396726
216 240 686953076 48027821
441 449 915548729 35026154
1 438 4101867 37872954
103 489 289198991 464951232
451 189 116158664 723440733
489 271 552958639 539261001
364 197 746599739 775068243
194 440 134600566 595600213
431 241 206168149 447242375
101 19 451727550 695178329
322 283 275392841 548739952
254 324 662583632 743916193
447 189 389427866 50155202
307 105 69874856 575825934
358 199 0 411067202
26 340 513704804 309741887
440 26 577082278 759632892
57 148 960401309 47880621
484 351 99622053 943378382
76 295 399393340 385845346
330 279 391654127 181855899
122 144 147412682 324559864
490 203 784664776 872661744
490 245 118141255 971468859
34 356 255287960 504627641
321 281 240186844 642579078
18 268 699284317 824869341
455 325 123060768 30964874
432 213 664844360 946568863
300 123 176603849 39459132
461 200 962207183 703346247
152 375 788277398 723690205
45 312 421120891 732741213
400 215 92733613 749539673
117 84 390777423 214398764
276 9 716516018 203009484
212 443 245328289 35424506
445 191 606876320 939574378
115 387 982338648 437403141
240 313 196602253 640363065
50 49 38497785 192502192
349 108 582219064 337051924
368 374 790431603 279186163
77 379 817234086 727798708
333 91 447082307 897133032
205 379 71041297 910895924
67 471 192948925 279294882
63 193 744192494 252505918
56 236 440096668 981170159
27 276 933210599 426845172
102 172 611564793 784709278
188 125 69741841 778963331
359 224 958823631 555328721
500 456 982787674 376645586
484 72 565645407 788573721
216 445 58544793 104195243
385 196 154530563 549794828
187 46 584779966 225094544
481 386 831342073 291081896
204 463 784233407 582859909
2 124 77404485 998996818
75 434 560090262 891380402
131 195 169127379 580281451
175 368 13176879 326034932
328 405 0 396747984
474 377 966949011 943048142
270 93 486768716 908434874
204 317 306444192 814651237
399 395 716047053 166831797
358 221 979812972 416417522
9 2 373623256 340812436
412 108 888823248 625285378
292 21 714972939 455604603
364 246 810467306 860704711
181 184 668258716 556350549
447 284 230892582 317788932
316 465 217414453 819938464
304 244 340559128 877845263
375 358 0 709871243
345 479 130593277 877951525
103 258 159443561 498930139
441 350 685957622 994250598
123 150 962792053 173633072
267 382 648608904 182051300
273 457 601085431 147444710
471 333 892337951 121323713
305 419 316964286 260170939
488 178 258481626 365166477
287 382 23700656 116124308
477 259 897224144 433768612
351 453 279266278 10216663
114 348 960516321 775267834
275 458 653369653 641606476
206 446 486186186 63080135
80 355 702966274 802580705
329 460 665064407 940028370
2 461 429052551 865919165
329 65 606777098 27018830
476 193 480638078 709186585
198 129 674498412 864334513
260 96 890405204 49296622
442 174 948632800 746558830
211 491 383597083 127072229
371 196 956779786 252836993
297 357 268366661 795106484
132 342 609812160 295787109
487 74 271971663 618425241
139 41 127722084 673745008
178 466 972521606 441734387
260 346 631563764 907177797
467 177 0 952783479
105 220 559935355 101996284
266 386 175491960 659830649
494 221 88594606 199047707
391 79 14356807 699343065
107 361 456610478 961719200
451 319 649291267 912195354
400 335 939077278 556696512
245 416 965383134 578024086
393 445 628360486 696145856
253 179 321390646 233011377
135 26 164531059 574210275
296 290 414569404 504000242
274 186 841956513 346399351
149 328 931574811 257362711
337 429 722369565 420820644
420 231 887628694 652236431
326 28 397268457 41575203
455 427 635906520 550855714
195 449 0 209402661
287 52 724724773 701581840
82 106 873388963 633356518
470 32 942231393 99635949
166 80 141594262 230818957
198 343 15869246 244077594
267 365 713674348 611367418
424 352 886118797 937105439
66 192 496226060 32856205
141 220 139215549 109159859
46 415 334560301 71369900
11 187 0 604162895
125 483 922706921 414807675
131 291 928106880 394385357
185 52 563248840 177057843
409 430 251807513 865504870
164 177 233982902 730905558
462 325 790611528 178514598
132 288 377675437 996964323
378 263 283990730 616366758
163 293 496925248 688397626
67 331 709032822 714951949
332 168 962777726 681914070
108 34 466342275 295561919
303 463 0 371826533
464 208 193443997 156885331
342 494 900818720 472111688
466 170 882959704 748272045
29 237 959608760 187526747
164 338 647174333 184398326
263 412 552221806 81767916
298 84 399056145 35261668
351 219 752949325 330989506
264 32 524506677 386370545
453 216 936840770 712981078
464 272 862354163 871608480
7 319 324339321 916583964
470 500 359456983 511045921
209 197 634838514 735598192
78 289 489516896 551474072
392 341 24925842 470644946
264 42 300415636 735635809
240 401 93885480 591727543
50 358 118691729 6686204
323 22 982101908 243252662
120 23 470755878 564240303
485 87 583480743 37098579
315 343 555833169 364103326
473 311 675359925 630542729
453 307 380342993 355457885
333 235 873515223 967048053
350 173 220394774 375798092
372 383 200234596 376850016
256 372 965063979 907298986
229 377 235936518 839955584
373 485 250893788 855671994
312 245 0 570572653
155 200 185182604 197144322
454 111 63976350 860837758
251 353 788084015 472793331
264 265 335571286 661988999
10 169 896167778 417494170
484 248 973930951 877763477
13 431 421103942 919727104
318 331 38933413 153980021
262 166 762889423 55667109
342 345 245057558 22924606
372 275 869699801 315000108
42 451 213771548 494441961
412 438 210255677 498070582
155 176 118277466 263940893
265 120 528641775 546730949
448 460 563567567 825681741
63 88 916514375 504375167
338 146 907298046 706876704
377 109 577361277 386272491
86 196 647228710 358574756
374 277 15114366 554134385
500 462 869309366 650564310
292 420 870233295 547641315
317 297 487438013 556250438
125 74 608599246 194087330
377 45 870440277 135570323
163 217 36737563 411427367
153 434 128744492 628013625
324 394 462152676 845006591
360 391 891789231 824272566
141 449 0 919461917
367 452 305346147 791007217
35 477 114435244 206715859
102 299 232162897 257434688
491 436 726433241 811069873
422 139 726331733 909602141
86 338 292971471 851618245
378 118 302539337 927250047
8 126 230482808 7548999
306 325 567391081 829641372
425 72 695567473 87777921
257 395 746151673 340362917
274 62 752126734 856840185
211 218 83768817 263729393
297 3 205448042 386805468
105 481 913293702 896328100
130 376 461715093 356493784
418 149 271074078 609072231
158 76 946550288 741618671
60 305 54744930 528678855
466 142 704734718 622034936
450 202 364838658 48314530
180 324 9585762 901959273
378 5 851509050 42299360
492 341 330799740 330673317
468 192 821768306 946491437
84 50 795141745 619558769
292 230 190205299 624004826
375 87 365370067 127349060
440 86 927155338 620160417
157 303 323565196 604089408
455 497 299519331 138547521
366 457 97651273 868480971
167 46 982623305 554285606
256 418 853140081 546326306
70 274 644184881 275057659
239 97 610204333 239716112
232 223 351846499 707639865
470 352 278627111 870412814
183 7 529075309 629829671
99 121 846176266 494958689
31 204 162715892 252305289
467 458 179318025 594197119
51 309 179873415 981307130
381 163 753044449 352806318
23 58 453504252 923055132
363 115 17025313 259185960
90 19 368634284 431238204
436 160 334211832 27136453
362 213 32220873 140689296
309 70 209435362 377450731
370 102 631020418 717399538
313 411 237198355 755163348
11 397 628758403 676017842
157 454 820892476 163241688
147 340 654274495 228345294
