500 1929
416 462 728911208 88630488
328 176 129387427 916290911
373 167 988213615 709287154
225 302 999999610 79000168
125 454 886340 312491124
45 10 932080 345367127
71 454 570674228 244804095
322 190 2108863 126671781
488 233 999999240 773852020
461 451 33565 316509498
483 476 215587996 726622440
183 472 83046553 800193365
206 371 281885 61070640
209 53 648530611 258221048
365 392 999999952 950331258
228 112 83772 833610834
486 61 469239344 374921523
99 333 983651221 192775190
468 474 999999341 84445276
50 242 149769724 75081133
107 7 723941126 629324196
143 254 231978058 978650517
75 159 707765805 199151976
207 116 380697429 825623255
129 330 401890718 742885401
240 71 330366112 714892362
21 173 272314 828183816
153 305 626463331 867883735
254 379 676786 699389412
289 196 999999756 16114957
476 43 650021570 303169696
235 101 999999345 902301897
364 291 689200669 796195728
181 481 91158783 622778460
403 400 872332577 728094393
301 207 670074 152424149
473 404 850606156 499624105
271 58 769512183 580117596
425 93 302538917 330903098
154 42 854931291 822508662
395 167 999999776 914012834
226 458 999999419 438998317
475 435 127768848 214968839
360 69 534099271 901405459
267 295 688259053 284350589
222 422 509214366 455008580
194 388 583669061 332923480
356 123 45336511 919740151
55 344 831957591 557675252
366 104 361962024 544911280
95 437 83218 576550872
1 197 644900488 648210223
69 439 999999679 126286698
304 308 945726137 465244990
492 31 305152926 471740337
188 446 590073414 855100851
349 387 254581810 252117960
358 7 999999738 738305896
69 483 921611037 727480421
432 437 107203543 523824225
339 315 716091479 171105485
340 400 239229175 687260666
397 477 260323 211510080
11 228 999999242 54934304
234 419 896479343 609907950
82 235 621942606 342476321
36 347 367269529 869254828
7 107 999999128 946126826
93 225 166910924 188566212
365 392 18149312 37149871
187 245 281504 285126914
256 269 360917738 5862400
334 110 29906 36801253
288 432 773371216 76569134
53 123 757684 42862248
467 131 261893368 920823414
297 393 908246386 889898080
427 177 196195 825799578
257 101 999999335 874261895
146 346 999999374 892979131
400 358 380777 465916255
382 201 755896 196494631
261 272 26230 540954636
408 147 916254368 311712833
70 29 956947 999166404
328 377 939136 656204255
261 438 590553 940719260
420 78 246792 498612050
304 448 413372 670256609
473 445 598448501 523533615
202 459 268834307 777110148
31 432 689310204 746784565
236 390 750788 491612769
114 328 265030 713219599
358 290 583027016 945061688
170 460 746845 153648845
106 15 768188 209191970
472 123 778382 875150639
135 73 999999398 451914087
238 42 534413 646935313
205 477 353638 257964603
372 194 425992873 886541435
183 488 805605809 224910727
130 144 437622738 402304317
206 3 741427810 848410186
50 250 731988 298341568
205 295 275189039 13147550
28 499 165495734 759831089
400 358 999999558 330185066
60 420 501489098 373965854
334 90 450359231 643364598
2 17 251577401 781662849
407 192 832368 160592135
94 21 710158471 682479390
160 443 429866 880888448
198 82 547462 345557071
323 207 991841226 131413910
53 1 999999159 684317222
123 154 74761 406057907
335 78 289655 208326544
258 233 983631 62847042
73 135 509121090 47847051
303 213 54582678 235576484
51 212 562095835 960250716
248 46 178661667 463472703
375 245 999999896 696956767
49 124 812876214 348228193
269 3 779366838 340865778
30 404 851112 311049866
435 44 983074905 911983307
7 21 66316294 979496258
428 61 148961806 558301888
379 322 468468554 142647620
308 186 737502277 305278440
478 84 404144 873863350
379 488 950455221 929763998
110 85 351082245 214871244
358 381 404653 408123885
252 228 227213192 249848338
313 390 999999363 52380996
278 79 20872542 85206012
17 367 358449 276131075
75 181 999999701 968746525
371 236 380442514 60581512
440 423 382658987 874028704
355 46 845998 974294784
396 129 999999822 285324058
26 2 762668885 934766975
487 125 220857312 371412174
480 36 756801999 513577743
494 238 255296 471760811
200 336 160856620 197757862
435 212 54181424 582576465
162 412 274374129 6444592
40 186 227911 41744708
84 53 464863858 24302322
28 166 74776 435165494
331 299 683066499 701350007
349 238 103496608 146434002
247 205 956922749 73876551
19 474 515215 324285439
246 363 690470381 211562643
56 44 754313796 814634274
15 139 64302589 923475800
37 397 180842359 566770000
156 193 218935 590606009
191 20 608619 386939078
54 374 566242 258436229
42 226 735314 491646799
157 378 69633 99266988
470 115 461603418 728426232
339 127 512514 90469256
98 229 29176 340232946
45 19 999999065 899986712
137 221 473552750 464457872
275 287 38629 910325906
252 443 63640240 471299704
155 20 313965 616283332
208 396 381589117 418036194
292 88 967990626 550438985
315 339 999999214 415728132
484 314 258383 140633110
206 149 713462487 220737760
426 96 249723 344304988
179 419 38704561 257137676
418 481 817699 912937907
331 234 158154354 415822597
63 242 457152 689654772
248 294 136890983 947748546
241 139 875171 202605291
190 17 128383686 410496961
287 447 655197319 479084885
285 210 966080120 402617111
169 220 875166282 136101347
23 267 904818 560798085
6 19 453008285 555697044
196 452 515527 838908512
455 190 198250629 455122182
152 160 599534576 988810361
21 7 999999689 9273376
58 22 181612530 648520414
99 339 892823 362889865
251 449 299896 312081324
335 436 89278520 410337441
298 356 968429791 317332197
31 302 999999563 808884384
266 313 0 736112558
318 327 398326967 358182461
157 336 972044 203024320
438 24 754306293 251008639
469 38 974068322 788561491
197 43 235455097 728778282
162 202 408079423 838310536
464 183 999031791 643312636
405 279 128889 809302358
453 191 999999577 694179212
102 18 834576327 214778801
147 83 754874134 604669749
285 411 687218 914593449
193 221 522887718 253640766
12 394 582992383 95289836
399 199 439944 699782875
243 146 999999990 387659022
16 160 888761858 495369776
44 496 288712 396439899
401 115 810952 264916197
231 199 999999760 799004004
334 391 759686 783706184
408 393 999999682 923164452
349 161 243988190 70561655
271 84 224620 454023154
121 322 444706 715096738
107 112 478269729 262737265
247 34 988140 22522118
8 57 8075315 719681707
269 473 683155750 381172214
382 287 186516898 934771845
444 135 577634 112397045
459 202 999999176 668330731
117 489 7294135 961987840
23 465 244282715 55535772
437 145 616968 712113940
135 246 411889188 275192887
255 274 165767743 952096683
81 33 999999079 88471001
81 162 540698629 916665293
139 462 42951698 49604554
19 106 755919814 425992809
337 87 999999816 403673332
11 259 136907214 281095558
227 296 930976 644098973
32 445 650835596 911232613
233 398 510161594 819725363
3 341 276239628 307898655
330 430 845372931 298901282
260 336 14730476 290539774
259 499 868684004 877657015
432 453 418430874 555001703
78 57 189682748 992976089
472 468 201213353 256210518
155 159 350161879 905554964
445 374 523921768 894770921
364 174 757977889 343934250
174 24 988409432 50919372
285 134 562962855 382386293
235 101 601770059 813198056
275 371 499704732 278795721
369 402 528428 449253288
387 34 270872016 988174983
7 132 32342142 740698460
485 153 129194451 578402781
74 324 0 925790801
273 186 862971201 928047736
309 20 937777669 660340309
361 239 836381 350485470
153 270 999999838 213472650
130 211 868707851 182024305
234 20 891657868 342882838
462 192 186087017 179382072
401 354 178703391 345476372
216 75 80050620 60245510
22 327 829776 716497230
498 376 812781211 463150898
110 119 47009488 433745249
301 485 146680326 324404677
353 456 633990186 725876125
99 52 509655819 798133869
116 199 621262222 667400794
464 159 241023450 121156065
209 402 480288896 717320515
316 235 379377777 717756566
322 137 659022791 644900964
202 464 102511823 633788947
329 290 967070173 518633756
223 67 137885 808329537
262 266 4416588 814949554
405 477 555472168 603878544
349 440 626894243 44390416
129 396 746447326 385385120
384 476 150560282 121414478
386 29 242516 804754398
423 484 442099863 131383851
37 491 594012643 734173568
479 186 435591 748931041
282 479 913473838 604400228
60 239 865427681 773906820
133 312 239253399 642283863
401 361 710325367 851705137
266 139 24950158 83784901
112 303 658899048 585847178
276 310 731821 3894385
347 42 8529 206902099
33 81 727631251 898616848
193 139 318180710 771690982
333 174 327373 313622540
317 373 653840374 29727583
469 189 564389 652478278
239 307 392785 869720526
148 96 340206 519102384
297 296 293806281 423949206
151 237 506364973 127193667
433 446 506305060 466844585
299 349 726834 100944535
9 259 759453 470469787
265 343 139847479 88462196
406 33 932779 405074065
414 404 542562515 36919812
260 41 162472320 509263315
14 79 739374 835946560
266 197 383413193 578326361
395 167 944925 442057114
128 231 334151473 994508881
11 257 999999226 752896397
443 190 376153 825977959
157 438 150484459 886942590
364 402 200358724 152478893
375 302 167456 828591266
304 493 7199592 456208774
195 202 719291655 871482361
473 324 931642773 529513310
80 298 552438 587117851
237 384 169860 555345145
162 178 620085 197038393
283 413 165177756 330712720
402 24 920500 562565512
212 98 460135368 720415030
391 435 245175 451882933
421 329 466874384 887044770
313 398 765420558 846503894
495 51 488100561 250948684
214 447 425494357 869560816
310 212 758522634 766189088
90 255 999999270 825230070
377 7 162153612 866401673
203 99 161650 31959342
3 480 34835242 493849874
304 98 609400820 293425273
196 458 505908469 628230721
198 420 378631081 131446120
486 160 913623077 908118942
151 429 247351604 779251242
360 165 999999043 981257452
190 354 814521396 327282804
436 65 435366 766095685
285 144 639841172 51067955
17 28 946043438 790095919
118 137 224442708 527695465
459 391 722321965 736455996
418 56 165165171 756007818
197 228 937016675 771184237
49 232 228805445 392800767
147 43 379198701 551173270
187 107 822461745 723395973
228 82 87912226 15485350
44 427 626305309 610091567
236 243 507589456 337227577
372 393 999999546 49391859
300 185 487220816 529702888
460 150 647680466 870340943
88 240 835876632 883385949
226 13 630644340 539985284
285 110 128711981 998829740
210 265 457069 719896592
355 30 800798005 293190215
436 311 19495295 365086019
185 55 658509089 370075509
231 350 429281220 843013376
6 364 293237576 332561172
160 416 204651 298447815
109 213 328191570 612691586
348 416 122355440 79208994
146 243 868896 636722751
484 238 363781699 15461706
152 210 203924286 248940020
360 365 894427392 938111796
210 363 881347996 87432936
99 163 674356 851734282
270 478 231234162 963462324
196 390 603130096 964463829
57 360 636649 355831760
48 267 428407352 108310806
194 77 334643 495518640
324 293 556765 579187616
111 251 727896 414287275
58 72 548471524 959084034
278 160 691858998 186386847
410 363 327088409 741208569
282 320 269179731 132181792
486 122 767483 603076439
43 227 377592453 962744290
302 78 364128 140442680
321 9 967323603 279853064
246 3 819130017 561828220
198 492 999999794 794397106
116 90 999999214 872175235
40 144 532541387 353190096
39 149 564442264 109015454
468 284 524212291 863939985
385 420 92430442 937092328
288 397 43289162 15475978
444 262 999999241 566173556
34 435 396031366 183910289
171 422 116404 708293300
242 419 226450045 102879273
49 183 939170559 483542419
61 187 142351031 900517226
310 276 999999569 60492784
311 376 999999405 662816114
59 35 740932523 631052141
42 177 588718747 512650849
162 81 540698629 107022179
427 27 477007 981850239
394 132 903355 180418393
251 302 945421361 723366916
133 27 519817 860867043
56 488 747241040 347772356
283 309 951642204 632511679
199 231 432957303 973440452
441 483 162364110 491529667
396 304 999999891 197512320
285 210 966080120 871863845
323 50 933434 683885190
144 70 208106 858063481
489 310 725092142 743043891
252 122 331733021 289319500
290 315 544888 495190772
85 28 565634 596587221
499 58 85191290 685653566
238 274 283841550 193116617
59 99 936663 272765746
227 162 625996113 454635063
222 158 149149 93790734
343 43 741647159 538289703
67 261 733406810 220057620
317 372 357401 309286737
46 355 845998 567066501
41 332 492388 732644060
69 219 999999398 159414570
252 280 761709467 468544784
321 444 996786074 344894646
45 456 999999896 630796487
269 341 440007823 438954011
382 319 245353 565156848
214 357 412898 143481456
37 318 836610608 521283161
332 151 907409 375909062
341 289 632451433 573120015
413 254 393766120 434870901
101 257 278988317 459556772
137 274 134940 901630482
184 316 930430991 206848175
455 214 314039159 934638221
320 264 216000647 651930888
196 452 515527 236477341
230 500 479021642 335985872
296 377 738185217 265591225
80 470 729190940 504395422
3 497 999731 801428719
437 93 316058 917044695
174 191 377934247 661297289
494 69 283159705 170825940
61 245 310421694 72460114
196 102 0 841091905
335 173 526090461 33135862
382 2 807437933 762998140
448 403 999999772 300909370
375 430 971137416 185354005
179 129 999999865 589334872
287 20 132358466 663344664
256 459 500138 471410554
214 365 660533886 889165274
295 268 846133 132573114
409 9 366820153 893500024
379 1 921966 349986918
440 480 948550 652854595
31 420 128529 304052942
452 446 767315789 210262675
87 337 376426 721910419
30 127 616932537 218267569
236 269 28971924 802662547
215 345 452272 120256164
17 40 717114741 399847907
334 397 644297961 348485667
44 249 544459890 534168176
194 252 152925 482903418
282 320 999999831 784306824
149 241 132740641 361534319
262 266 999999254 323627060
39 181 325470472 241669370
228 242 973831136 815794496
236 119 999999577 265746600
217 464 999999881 262967678
469 37 77791353 452149984
444 262 984604932 355533685
474 468 13535840 880193236
304 220 874393 575188381
4 187 702113790 223069541
441 293 547804866 650463800
390 113 63250675 485272203
451 3 559724358 571980580
239 361 999999360 71536719
144 314 182721097 862333627
58 204 269606112 836675893
418 78 934415 566573462
236 47 9700797 828068059
412 368 389698296 218249966
123 2 363312929 29543181
499 97 384305430 190241046
159 228 701655715 505385651
240 220 426701173 865145656
95 460 151451071 280668590
1 39 494736 490001151
362 470 463963595 173726926
237 110 734795660 262711934
131 223 507958199 13614936
461 165 999999969 811696128
358 7 512443900 795103927
154 357 423532283 420600973
53 198 789013 422939211
254 356 661727 339118307
192 5 997441984 544150058
158 109 999999120 831821816
83 21 325161848 812072597
111 118 826656755 32667196
241 12 244341 285485979
144 314 761711141 70760407
140 169 442303605 76860385
491 424 999999687 876973724
291 277 881794 892332970
331 104 475125336 224577420
186 419 929230105 907719203
472 34 398248726 3371715
88 469 999999742 898889905
398 211 130563575 786073157
118 75 999999312 902693724
443 28 999999271 918756482
189 55 508565855 584496002
20 155 999999448 359281481
34 17 222887946 655335553
336 104 586027854 787987533
425 421 628146288 472098375
406 209 610159005 885207700
169 229 228106 615923593
101 257 999999146 304622264
338 471 471953974 813418608
336 338 504320861 652421255
146 325 13189936 214592073
439 244 981826096 346431960
244 93 999999913 200114625
81 14 188006 529312756
283 340 912561766 146780217
486 240 224365813 682235383
164 250 193683220 640909409
313 236 542947418 460607988
222 226 977727966 976507771
187 117 130753972 895657355
81 184 17947 241405242
447 467 864583 154716080
102 60 185917094 448395496
258 88 316790223 899104469
1 373 133264376 725509867
104 383 89864731 525140808
217 464 284557969 905019123
108 276 999999137 192425008
315 398 647979012 50176271
232 28 259170577 218520205
69 197 726900 957555191
56 486 251344147 502150388
324 354 403199377 774618086
221 442 628641448 538399814
91 270 996922 75178158
52 254 806959191 568929430
333 298 61540517 752453665
50 46 106864155 108989030
325 425 244698437 989409765
425 92 947883074 358972243
444 77 625555338 80766898
295 378 867814 261109168
232 139 807928383 375200764
402 393 351296999 623264182
70 260 64440513 946522893
166 220 641813846 980049387
93 109 0 212659354
371 349 733408233 35020947
310 82 401406 388985098
469 74 635475 632680486
472 329 999999589 902348204
440 360 999999254 992191470
162 7 780190098 414340892
42 336 159427235 626361218
292 463 169141 361821530
102 157 605856 933042732
302 225 596602626 204281213
342 20 174781 880923644
380 25 617488435 820902933
111 288 317783164 10277336
238 454 307656 870467919
93 244 999999900 784424837
428 382 872345 267993350
151 316 787576851 314380472
340 407 266788 835194364
256 83 999999620 731163310
150 332 155095458 822028060
283 325 937684 827216128
54 144 119210426 158438156
316 137 589772908 807485402
325 392 178104733 801786656
203 55 323195 542483037
316 468 999999382 393613826
480 239 815922 796430759
278 161 161356312 88114708
236 119 323985382 347153538
162 21 868331500 501265275
2 84 341258 539207852
103 275 592148 426127854
75 330 763878 780202268
143 489 242838453 310311830
264 213 867960 958542193
218 231 290844476 626468394
352 487 521982603 669135769
384 300 603370559 428888840
146 465 71096 94823154
120 28 293788024 942123045
26 17 556550029 594692049
134 2 481433927 737256016
302 497 888207380 457386000
445 198 443151047 967684287
253 249 613066 758202688
384 41 997118094 200999409
333 111 533671 302763279
233 488 63840171 892367912
419 452 999999512 282302874
99 179 930156730 945368709
223 116 508233418 261088724
217 416 118843599 741234157
412 102 738665117 186266000
338 147 403664775 282555535
207 128 10565 7915371
457 463 831902786 633369418
44 128 473940625 722738869
249 99 119340 418850368
242 409 581564 661197915
419 41 272189334 572712699
304 396 999999254 488433330
136 443 274963 635075438
460 1 835231 157313250
75 118 289966621 450475024
82 50 822509470 582973626
70 239 710102435 794321525
8 373 0 782241043
466 42 800709764 961147156
186 308 999999627 63403416
483 265 143291041 838114668
51 433 17274 696223409
315 339 999999611 331339968
407 168 316138138 995180769
109 398 432563184 250410349
471 405 409522035 29914878
431 190 327849467 550016720
490 25 387795506 943557069
471 263 12042 47096399
80 202 98367219 712541118
211 280 659894152 204658658
384 138 996126047 514773459
413 139 658169 499632490
60 193 578514060 776770510
158 213 268152821 204306609
237 82 777193279 925649834
410 144 676541555 675222636
478 329 975012386 289248916
108 276 732877557 201764468
195 233 999999386 825043438
117 187 999999321 950747993
60 198 434986 730472184
275 149 442394 164048150
282 124 872235150 487799914
262 489 745839404 532557322
455 128 589542156 704656651
89 495 463315333 267043337
285 104 39880969 187141576
260 278 35136544 379846613
354 36 204260073 141509652
47 230 52132 303932708
425 402 285368842 350738407
318 343 306262751 422488076
361 291 209850091 128003502
487 494 186906787 996355666
172 215 714360 268020358
27 258 571779754 35610547
354 389 947925 97043032
410 437 357819 26566278
75 312 967132283 887158549
274 465 776078 139588433
122 438 132339 869360636
153 436 670239 471968897
388 56 366467 705468571
305 207 678841396 807961845
439 88 709439 43548487
434 339 782988322 493296367
328 98 278895 589981669
488 227 352196 555785054
406 438 999999685 841583681
118 294 309119207 398083750
423 227 134854542 772404630
36 499 856702481 346313492
247 393 706227764 762332842
373 269 154448 759043703
17 294 868758 343330490
422 468 548937988 264122643
372 46 499488528 662047965
258 461 36678043 884342888
419 25 892058 627616273
159 208 597843586 783037578
353 330 721251929 64607732
462 168 450278949 144446850
234 291 89056087 787851867
244 133 418777669 593207779
408 386 793727296 94005505
327 391 992230130 357984575
299 392 304509737 405551265
496 236 472215 933421436
193 67 118718705 397117153
472 41 192088715 254759441
316 468 328602956 942527260
281 104 329379413 15500218
113 366 87746 723916609
84 498 982704067 522112780
336 187 235222075 636448116
81 108 87523830 497720324
462 50 653884670 521513815
486 291 999999727 724708689
488 381 208090195 72856329
56 6 811159166 957160735
470 130 824816 513489671
162 188 109813082 40344998
216 367 39487313 960763541
458 166 999999890 191738591
443 500 531588778 999155990
264 52 757037599 368984457
53 215 997049147 700581201
453 191 314652152 177810167
1 361 222701374 917549788
38 316 460939064 510584488
398 51 548030506 315694836
183 487 156376 501556910
372 344 454963436 527221915
132 304 559690659 696621367
333 27 144915066 514358196
443 454 811964 301758507
75 123 218334754 280895432
62 43 999999512 432706872
300 250 999999884 841995822
445 499 908438 497671647
3 154 939479002 27570535
64 84 820145796 826705241
286 362 411933966 829459890
180 210 401727671 587162958
262 418 910053060 97156929
176 400 198901733 816905006
107 100 34900205 690439765
480 126 748995902 245980163
109 44 822437445 936577413
102 26 948856348 580063938
476 187 963508594 263604995
207 347 373881222 709077587
116 90 819605 519450352
71 494 318054864 18108940
163 298 983885 710837189
194 99 313704543 747103455
78 419 572363344 684589898
36 456 177199 990477840
389 178 471578 692128208
211 277 999999887 454752227
2 57 490633 300779385
63 83 535894168 192991252
221 208 521100690 931391153
200 313 347029 882682375
422 283 209006 314212636
372 131 624784 877353802
458 166 306077983 57985974
136 135 744424 399496530
104 204 558304 387346499
454 413 999999013 284891063
460 492 92392203 459836688
83 256 223536 469254993
273 500 247909 38422744
440 117 538614 88206965
78 156 20247167 901793124
296 346 999999049 963564847
288 190 454242346 89373886
107 359 999999359 367461191
424 208 607502 495142440
324 12 378364210 357721057
17 230 980189428 254200356
395 59 866526337 761330456
7 395 216624725 246358511
69 219 143825 233384347
439 69 878026560 367178433
237 162 747718912 579014130
433 295 903243985 352425088
408 385 999999368 438571095
284 449 999999924 425155449
18 271 386128960 316225626
56 329 470569571 80000834
319 32 234358571 118699958
467 201 999999625 523835671
395 170 223409 543117351
43 400 702481179 400019892
198 485 485053858 923022360
425 173 274133058 54860972
16 381 825028995 682313725
423 369 908328748 640149835
189 495 101761587 905557693
305 64 733161711 919366212
481 57 855648295 4740597
160 338 280914295 989796640
125 282 749597 99226912
356 491 862955570 638821848
125 366 298811349 838680428
269 167 269686674 586898904
423 482 371226496 26320459
266 430 124957 874291565
117 489 999999562 987002545
126 101 999999276 947987776
25 20 999999407 901249105
393 408 999999679 631514552
49 127 544730 99048815
160 244 340890 405203126
5 437 583906 781745229
238 315 999999707 124233840
26 36 667057 441912108
7 331 999999051 278624702
312 113 225339832 74333002
360 409 619534434 233007157
45 398 999999802 848465009
344 96 262759 58425805
269 453 545323339 720660446
323 272 824423072 5705941
314 105 734889 813293054
232 466 809258 308415575
161 142 999999937 290975174
372 159 563606614 718811257
134 107 999999372 157471872
236 14 990840746 826764995
399 265 265505045 244833581
436 335 999999388 634090661
417 437 470805732 801620323
500 296 154023585 638004067
465 242 212434688 784963474
102 448 661424544 808433496
176 111 592616 448583704
177 362 817717396 669696564
60 349 753788003 704466016
53 164 542680231 867342117
399 435 414251198 548916965
291 363 890150403 821543921
332 190 651681 397751192
269 216 117520060 206933264
120 98 502364527 309926553
270 422 16935629 617397828
73 135 999999721 834561089
344 380 174244752 161070386
241 130 558510 163224620
198 492 166965176 361169809
89 341 794771 534806390
359 139 142117960 775924759
456 130 964717 590236256
252 96 155139231 904589843
59 56 5029439 349827886
257 194 502396119 218256028
351 460 158570316 147483244
139 392 452885515 908489700
339 315 716091479 876257856
457 481 286989139 178112028
360 305 916901514 33950059
318 119 999999067 443048861
2 380 233758 697504937
351 122 842917 662344200
291 486 741160616 434284765
352 334 976605461 95309280
215 425 6596 602100386
86 121 999999154 307262433
468 474 100613509 790310179
54 127 140084972 193935245
378 376 206472710 315701427
433 201 416951158 250364466
202 136 188217 732883224
50 412 183722192 153854680
42 162 999999777 683120354
235 84 548913 580943672
384 228 343020794 577871746
55 446 410728056 353540542
72 364 342111199 767597011
299 145 258012891 628045216
301 57 511535910 280865783
291 363 999999680 502389436
198 451 855025 277982225
98 237 549133882 882311424
324 251 689290 147504645
67 420 794450 948376578
284 459 348459096 832263792
107 359 790620 634799968
446 18 347798 708952704
34 1 863601703 667076788
384 140 149937 321673916
436 491 987559990 576721239
94 391 750904 467560878
403 105 884445 768272276
385 85 924275005 845556163
140 494 30336807 458828214
329 369 268192331 668908556
261 452 506785 797144811
39 144 240886231 621500029
186 56 999999791 294791631
180 99 539648953 517203357
440 360 449461679 96516176
293 287 515721053 786678203
443 421 974843 530139644
350 257 861498484 55204405
281 325 134225 868227198
15 348 32268714 424026005
400 80 640730965 933785097
448 204 133637875 295296626
313 390 206001583 566950996
426 278 997416370 944628708
368 455 12294675 457210934
342 245 494493304 899446500
375 11 881833475 865820511
66 165 780890076 835538346
3 381 326956383 148050667
394 423 757720033 574547476
322 165 703469500 794382450
25 20 999999919 52436918
366 440 233622749 855411227
22 69 528526258 875967267
345 7 400915515 319270615
101 395 114433280 429462015
62 43 532803 15035649
300 73 363379594 897042230
63 22 5153695 112245235
389 331 150893082 849233866
321 499 848640 453793631
464 110 163949496 771774744
284 384 916081420 106107803
369 389 145620668 175517507
307 71 970803427 273181728
250 300 999999584 641859524
271 429 91916457 597396037
472 393 838114933 352993609
45 236 326611547 388870617
89 492 647601972 572803063
299 455 358662 356367110
207 326 145048 76305107
49 278 569440251 567373790
408 116 140299 342712241
43 396 57182096 65520975
197 473 681356 104237972
196 102 999999995 417167538
124 370 67943228 400199004
73 156 636252899 486274862
488 358 999999294 750526313
326 284 261671866 293480524
259 264 575381489 229074822
330 3 32155766 190136563
295 158 33817869 981282831
6 457 296098016 678057227
387 369 661101383 31008765
223 309 766808 578045009
463 113 316229445 665963121
427 416 718576467 758292595
152 3 607558444 510201212
122 390 568270871 435570157
488 333 368895751 231728974
336 198 999999344 368676757
392 304 853011698 849057543
165 79 474026 325754603
459 58 97068785 300153606
373 167 999999529 714734731
97 197 397615281 651428416
166 353 403375 279625479
228 11 515381930 366922704
108 412 596774236 730383611
262 479 591225 931092132
467 131 999999622 169320372
214 85 187484 653135430
236 80 288438489 582396874
281 147 902706604 486216668
61 174 124192604 724709818
150 73 573081 439205105
272 281 394334440 95839090
500 378 642205964 213617965
158 54 460284 771823194
63 328 765305277 171539978
18 89 689272598 609020464
185 98 443352 21877525
37 98 665680 856633823
84 125 213722 50735321
337 498 999999354 740594278
399 224 494393084 509081473
116 29 493640 685745768
382 2 999999401 977621076
385 121 43453 358126751
286 278 91923479 468981522
126 351 173614524 912263965
386 280 521408 108537254
135 136 999999597 766753357
314 340 811335256 230703144
101 257 999999342 768489964
424 491 25297925 433969259
128 240 548784683 842780599
202 95 171098950 8084817
26 477 956996290 838454622
321 14 164683883 573223982
103 45 38022189 787044332
256 304 574304708 748623622
259 303 537423 201287466
97 218 178584733 80057592
307 171 673270412 768206883
66 81 640808 537044802
418 103 189118 130129188
164 319 566324009 186893432
463 15 845876667 407957537
338 386 934373730 367995134
248 299 571403869 356810235
303 276 999999105 29822834
87 62 782667 303931119
382 42 937076600 716624580
338 174 768223328 581366462
497 480 774686 978660934
344 236 461746060 223733162
189 469 999999765 846602166
116 124 838656087 963469979
190 237 514936037 458579039
107 420 225148 814797866
412 248 333414632 737867402
225 228 934012572 494695279
171 187 204762978 539177518
37 469 309169725 786939909
120 431 330954554 404418059
88 78 384320844 719015797
86 409 384506382 530841730
77 327 787569 361535053
2 26 999999795 203547281
93 247 156748101 525217194
442 320 753529 558389685
416 273 364677805 257235794
375 245 877665858 86857882
396 221 66254006 699306922
268 32 212159927 305298124
429 313 914734 338424221
419 457 744168484 518764617
132 319 596474527 520610858
337 498 999999342 488795030
412 155 289537996 458301383
84 290 218465984 542238680
189 363 0 830405218
60 91 906439560 632872094
301 106 999999175 584024978
375 378 887531567 506255235
413 309 950483369 972134345
146 163 764350965 145723987
167 433 438784241 211390134
103 364 926930079 135208889
236 358 887115980 445996903
73 79 994652569 441641353
259 415 605686 900706437
163 166 692956 731807778
160 451 936694825 801534501
479 262 738778992 64840749
137 176 0 185721468
475 443 85756 379796947
296 32 795810314 821096622
240 148 282641 974792983
364 57 536821 193005374
392 139 999999555 15465453
11 237 623478 977583728
323 483 574794 287070949
68 270 718746376 262673958
119 322 78033630 845277540
138 481 171945570 638792757
146 110 124744238 398186891
36 472 215727276 764304929
493 135 31697076 136558985
353 135 436286789 486600387
491 150 97746967 347005695
258 16 214629842 981375347
403 448 813602576 954282085
443 143 205790605 152099190
250 404 959913896 440716906
405 372 583744887 310985906
77 189 712972953 804777075
280 369 993014 635431703
366 259 499875495 223354335
249 238 314320939 896400525
200 336 999999474 524958206
308 88 67031 637925861
306 22 976345788 18524284
42 188 461390 589284435
83 97 605652 594126455
433 289 476041066 785712547
244 307 761338251 556524367
295 345 363752175 204681829
290 54 911353 346893598
449 95 787342739 777187282
228 149 633992818 112249520
263 82 970232197 677709905
58 60 317615 34276306
336 198 934519805 629179272
259 338 812761219 277572279
40 420 372263394 744998301
437 366 953853160 843860351
192 294 851822750 775326523
24 402 999999418 203341426
258 263 98312 646114207
55 249 512989356 62612441
68 450 608093435 502484935
296 138 444774342 435661914
298 234 920796646 627667184
67 355 603940619 507003072
2 411 380888662 264727824
179 286 129580702 633667661
292 4 999999684 802084115
321 210 108225008 173782966
255 157 721198 587669825
87 464 924022 678097759
148 302 853591810 631505846
87 337 330156646 552371458
329 14 792560818 751532094
433 142 181648849 872517207
190 248 796644898 614399767
278 141 56582 770111444
412 472 999999946 744999830
37 469 999999017 265931337
201 228 279481289 808989075
139 48 2697 722563479
389 485 163965741 706136526
195 103 110145805 723910307
313 105 638300058 645734406
428 297 237033 631903839
332 179 636239458 624906886
55 15 721741955 343180189
278 209 215199 115250354
477 269 388865 524314248
393 408 686569 286100788
467 251 92618629 233355140
310 311 336078 983737905
330 56 294177437 439459604
474 331 48845309 932746895
283 19 178711055 781123804
397 438 611304760 696939616
473 398 310753021 224895687
160 54 782991987 951357484
417 362 10754 903643814
166 300 819443918 200095939
446 414 720504 337710438
382 93 222876465 868369124
31 302 426115665 785958640
31 246 946074 169806433
64 145 641856 671558154
372 393 253157449 491886556
237 419 345380 420919219
32 261 583314650 471734705
123 108 681574077 511591611
243 435 34030006 948690661
93 195 361344847 142701814
190 304 183755415 95371268
371 384 489254397 284870766
114 445 94431 743609905
489 198 999999924 768790276
48 444 433887772 449754101
135 73 999999303 518797030
154 208 193696459 4139499
258 383 0 192442442
8 442 526434 553036540
441 31 587027 522848808
331 143 251088684 626612065
496 76 486616 442432556
388 201 739150278 388983424
129 170 610333 801464646
367 17 999999700 769799051
291 486 999999450 219247003
450 319 717283166 939680203
439 218 516198715 568152271
436 388 823885 617689718
425 487 209705328 642118727
188 451 861483130 592152794
352 82 584609913 99496271
473 332 771921 711932899
181 280 940822 860870144
30 243 63809553 512295836
423 41 459423720 291559842
36 354 999999186 244589477
220 240 999999990 956251506
369 342 999999995 566148576
160 94 106204883 216124433
382 150 372890 274688390
197 178 974419676 114069874
388 56 999999607 871947966
402 462 778852 185039959
2 306 540894 312927829
72 111 52997 289543083
281 228 240075751 879682461
389 143 733569 99309182
414 230 631911 524577460
480 70 837778831 550816541
375 432 968003 759505180
447 292 544095756 372388404
306 226 918989104 171144734
308 495 379945732 578026028
278 48 585861139 484539304
94 415 15084 974032318
176 360 659890 521581164
474 468 999999794 331646221
420 40 372263394 508563165
424 344 552607896 794141468
92 412 969068 203617847
478 326 265157033 49645011
457 241 528358318 501862904
335 331 501254 90070172
144 156 462446276 42774905
147 83 999999034 197130942
165 196 651261980 898702950
457 447 916326085 963800960
71 322 208263192 810321810
317 137 326849130 2884683
449 284 287493 564478081
6 364 999999382 244828321
492 430 485739 299998728
311 376 545626316 207186883
17 331 732040383 321015290
219 435 357828212 673007515
140 211 45868686 315818527
76 367 280688 272366977
154 74 717740930 304087548
62 61 24852 765698860
220 191 620289879 694302275
446 34 884408596 811946048
56 377 571513771 145710134
126 401 408775649 352558228
123 224 670098051 798586915
283 270 891965 191812374
438 406 37369844 137224698
44 427 20182113 991372227
426 355 668158420 341549390
71 107 157433137 298593280
270 91 999999039 542740562
136 194 172291031 317803451
319 449 946975321 478092364
499 91 562246056 963086320
477 417 821040021 667529545
406 70 229136 864085175
340 283 999999659 452281477
317 176 216122 306395587
180 425 588926535 664227215
38 173 62333016 605263190
129 125 866640419 647945253
21 365 157785 806381428
476 305 918623233 314305775
374 208 9434 795986408
183 387 541764 380060172
114 382 733993391 353629601
385 408 186728942 689311451
315 339 999999627 285538319
423 482 371226496 28777407
271 147 625017 27100282
110 383 47617 748188221
411 156 524783334 503826921
327 344 999999043 795064861
53 79 794023708 438453414
43 476 650021570 792392960
212 295 140998530 602377726
473 369 261974851 334169825
225 64 235818214 330369750
472 412 846687357 502700992
380 362 531869 140637779
476 218 572398 549415671
363 88 675132 456323589
441 361 569979821 778508275
58 271 999999521 328623286
408 68 752863549 211881040
373 299 512563 306543152
132 481 23297186 24121001
296 346 861130207 216856219
171 79 915644016 37872132
100 439 766313230 13846177
389 79 920769496 789187897
240 404 115219090 747065607
100 250 971744746 581502217
212 415 555303 677836277
448 108 930458715 321864280
399 294 277344905 12662318
196 221 351813936 107352748
58 498 423864247 164560297
297 186 629121 287731293
392 92 365288 895962363
457 491 131173046 177818627
443 162 685053197 865466779
231 287 957582812 401448617
471 416 283144547 188291278
128 81 984128247 813744915
135 317 343235701 204873188
235 387 723908448 32595452
182 295 300963 452955171
252 362 941592166 537147631
189 335 975856051 628113914
464 206 753465298 819015364
375 180 429647 91865643
374 387 196177409 841144567
176 214 530010747 575667228
36 421 709550253 374908792
432 308 277608299 594038740
260 156 683903923 394868253
242 5 851268960 629591121
161 247 819423436 815447854
233 195 274692786 896633002
79 496 70537 373929520
348 314 129896 373662622
218 498 612173657 349181855
203 64 978917888 845761540
40 292 218315 400683254
15 40 707901526 904196209
113 87 764643827 530594317
93 244 999999166 395488413
213 333 883405436 598973004
76 207 745140659 26742237
407 312 181208 142571850
425 291 529649326 846964962
171 233 109236612 862558044
206 262 578413480 552237025
149 141 923521610 847549728
491 472 789712 229306375
410 175 758280766 573137810
409 449 965007644 370125725
66 46 36066804 303255694
381 109 344159270 178260921
394 138 534697 236672208
50 130 226661810 229790055
130 7 64268 899731578
53 330 740414612 172841961
420 277 873964479 4159014
35 132 131383 761005081
448 422 419131094 434256338
96 253 730953840 909955170
307 244 999999443 53758224
99 276 922006056 697976510
236 381 531036016 725971626
329 105 6287 69550421
436 269 681890333 637338854
405 321 127169 672930746
145 6 714938 434764926
407 437 83856 784464141
191 453 999999986 833338908
465 135 528144347 884450426
188 405 410669871 18227027
495 473 96334 582836457
142 493 360987 385937663
414 230 999999658 257016554
409 453 651125 69224912
343 337 942969361 37574579
364 408 671352828 105760769
257 11 945312762 59765983
422 496 269353918 971894362
75 246 43335438 519355331
142 41 596965728 952815924
333 65 521662544 41433073
470 80 242627563 753534561
223 120 999999112 69851265
11 169 165136684 894393861
260 73 470930 444703223
13 232 612229 859997056
159 111 339204 218729363
346 146 807047095 629049448
301 106 999999623 82305573
357 132 509473001 861491559
495 492 56134531 234271091
413 152 189830 222858053
38 63 16605120 399360293
410 304 888281660 401160664
177 412 518282 688936031
457 222 362104 413160510
437 225 638362 68000818
31 288 701114 659706006
434 372 923061835 445056974
177 305 752875306 504528733
187 171 763630240 278707770
393 257 935677 764716800
370 171 259301 77320166
172 92 283622444 349488076
403 306 399241475 928356369
186 111 501051359 857457745
199 80 325125818 376099742
218 296 383859448 851165634
130 299 656698758 666939325
400 333 904410909 371162047
215 224 248323 29077926
133 419 585169941 453235056
333 65 999999319 123252760
90 99 281960052 507675561
259 81 348927997 139101886
28 228 623877579 173792514
477 217 123276170 134470231
391 334 999999431 796414561
170 302 754862754 975555793
348 26 959007897 100601848
53 209 999999027 579192042
344 4 302033553 475558743
74 422 971268180 487762973
318 119 762162665 82944621
228 407 440616 228461761
491 251 750369020 680360880
381 211 965934158 759939827
316 293 730412 470309922
468 364 949382656 752315477
353 139 539556796 991242031
331 7 937432865 298240105
201 29 488066262 871870826
388 434 240805426 360875551
237 314 201738 706715364
492 314 118138698 300168928
460 152 337307195 557788589
308 9 129836413 347905220
219 301 794529748 354709650
133 120 946533473 579619084
337 151 690301159 783130172
434 217 164945392 697865089
243 319 999999592 458357598
107 275 999999688 845573268
279 380 801606798 101453579
71 104 284498 724210272
28 144 582540348 366647985
16 190 545016 777555770
437 281 677281 134498675
368 363 915680803 864544783
424 491 999999493 67994891
181 75 656362400 774299115
210 231 809836669 39199427
273 109 142574040 197917454
456 45 321617 530126398
310 241 42641761 22850844
97 151 183716810 477331483
321 199 884724 178898089
156 396 706801 513505528
395 314 110988993 67662822
107 100 999999551 356417611
167 89 171885730 670868320
274 99 945655 868953045
154 484 935506615 409264755
292 4 260599757 633292086
4 238 728239283 551048010
62 87 999999550 44772887
357 103 846939035 526982756
47 330 318801897 321275209
43 81 594870018 270906676
270 28 483209389 290738318
68 136 278341363 496531707
368 341 320747 317810100
136 215 43404 685766516
330 280 806611 747442266
257 385 735007946 175606945
294 350 999999358 198216208
197 312 135101849 643150982
195 16 766855 340472635
413 454 115325 740694350
15 350 25488737 863313544
452 261 506785 944364165
218 456 326427104 318191978
20 286 906992936 526439339
91 60 999999701 347906986
93 294 514292921 689987422
441 238 235180946 84210344
74 411 726058358 217329242
469 218 958372873 508623185
226 396 149942877 263713414
386 459 94502304 673392405
289 359 122176828 199622912
384 388 815128881 33201080
432 214 340948729 669607052
481 418 999999479 377576244
136 194 999999219 936833570
263 172 180621 210495351
314 154 767363124 166097739
70 240 665210946 810670872
386 434 400598519 466155817
259 498 908714 311359524
26 115 624665341 541966070
41 472 192088715 653716953
380 429 766801636 337976034
162 412 274374129 118438726
284 402 618226101 291705866
366 218 915585 713309125
102 436 300422448 270763142
265 185 838560 642695835
455 482 178249001 194602343
161 142 791975 969879718
244 307 999999186 846336764
344 327 965294 727619799
69 51 621185937 209489273
328 355 13842723 189999028
9 255 76602201 291287409
100 352 134603 825329151
437 438 789615252 268089056
118 367 737415168 128697740
397 343 311207 588074316
286 281 397861 456768095
234 176 519732643 729405222
128 295 364333780 123516337
268 450 999999730 824123920
134 264 160875747 756290962
322 163 782906843 789737477
117 182 986685737 551574101
357 455 404784234 184429369
130 213 234963272 384444181
56 100 971973 944717270
269 341 999999129 198429533
274 385 864717981 180047066
390 236 750788 152424196
83 413 419992829 112139694
468 316 999999964 285129106
284 196 594729314 260767688
246 475 853706 72868033
222 403 936399147 104931701
76 339 434776643 88615986
149 107 386494556 296713906
138 161 154248521 464732673
137 106 653038223 809533962
62 318 813414 546811022
240 329 657165398 411173642
101 255 203978590 758748803
167 96 992394652 732990382
8 249 6604 672979474
157 411 986068 658040341
410 293 481118 733350482
118 246 108967837 812387676
406 276 931613803 517414654
265 38 108788 98719862
402 369 999999514 61518484
429 118 251107 390668890
225 74 541308726 442912316
152 265 327006 577525804
358 22 708649924 34884323
146 465 999999412 742674046
28 443 930659938 571812536
90 116 999999945 21256537
334 110 999999032 649648616
50 403 488219273 805494720
409 147 4156961 146426956
238 494 999999170 646812082
262 111 190921968 66837631
176 17 884593609 819682372
326 163 909610571 336412499
48 345 475618412 6851305
210 468 385717256 14534325
19 99 913674 82935531
101 172 347664118 583577494
319 243 781565821 482588829
360 69 534099271 276444136
214 186 878469 589509864
344 326 652587671 179132129
409 470 838608396 349152805
286 198 734112750 378018601
435 108 181690699 572346413
465 59 625869540 387426522
445 118 22822576 178576007
36 319 996050965 451716184
76 289 187368 876669705
448 18 888769326 872388261
465 68 759691 728059099
54 311 414393597 565453297
42 400 9500 826501107
477 479 245092321 780088441
413 442 950709868 96192501
88 469 948175 397379391
185 381 387701772 603169562
95 221 468277 971806187
149 86 446906 822317654
419 463 688085088 111898076
242 377 571812096 690668418
241 310 279773616 828715901
401 483 338289318 989005517
377 492 761694474 557904956
253 66 84988259 899175248
214 148 797421619 460955644
176 13 582870180 676010469
405 413 491656805 514960479
136 194 999999340 327245424
294 297 967294831 895574954
213 108 751511 571754730
408 385 999999761 450625698
169 327 597761031 262284067
213 326 755769318 289702799
329 472 796636 391406129
257 319 894579311 733732553
305 315 379428 192461384
185 234 626712 715876913
312 304 992560984 761619978
413 184 154420979 725725243
63 328 999999961 362233190
291 1 925509 683840761
362 474 886295114 598123359
366 211 65090108 528715607
119 391 425334358 389688390
94 427 926173575 650063981
25 314 890553767 136247118
198 489 852968 355910777
131 428 413823664 360962727
450 268 313046 557452677
259 415 999999927 905258547
486 127 981905266 893846174
453 72 741944 134672791
435 32 538326493 977500387
485 177 239504 253180270
59 15 511365 786769910
28 310 440469 34524620
194 153 663423098 832413104
316 409 144426096 409865582
199 131 905283555 254419058
320 373 891673806 512055160
265 28 763386473 293849537
477 293 729158297 901137526
95 221 468277 457872445
447 342 831574370 827171913
294 350 547883 552569982
295 158 33817869 497902724
43 138 245399 44676975
311 429 809088 774899430
125 71 584490141 851414914
321 38 566404401 771770738
162 156 999999437 966673807
474 398 549249 219450898
456 189 398806678 794102979
388 363 943703809 561406723
188 496 338242612 245994064
500 52 544742 972181902
313 360 552349093 252296066
2 417 564354998 134323046
488 56 999999564 67244583
220 114 947862066 143142362
493 344 694707137 244871346
121 86 855328 477539044
485 443 931966852 110043800
270 41 312559332 271127189
125 41 861879574 705344707
460 170 999999774 149553029
261 239 319463826 958812429
389 216 336501840 506033007
129 179 743973 816932005
476 341 950368504 69482744
93 215 932733193 897725214
83 23 42125089 589466683
398 45 263200166 921813643
246 152 336696586 627417957
256 495 387379 396595953
78 310 754519261 920074959
357 379 127595919 834008504
182 300 743447036 866777199
223 446 0 282166106
467 201 704939569 12446755
420 22 582076865 197227717
147 483 497591017 991224912
355 155 110412 356736064
431 68 877726120 3523365
82 389 521902 748453934
185 276 659753923 746733727
106 316 860571187 462290217
240 96 847210145 27569863
89 32 151920 875832176
342 264 630491774 799540522
367 438 122809 523235852
276 303 17490757 600640768
85 35 497988488 377892395
452 419 608638029 52550139
338 386 934373730 78196517
456 130 753896271 567561024
271 430 806884 624339246
141 57 365344293 247094319
388 175 416757 806031838
58 30 38154480 257159583
481 338 255936 144727074
378 375 887531567 404116010
363 430 307606 637594882
19 45 855562144 949253275
26 458 733935 235427454
93 244 538869299 567258513
132 42 270421520 236011564
329 472 999999897 811089588
12 241 244341 964367145
137 119 730514455 39127185
12 162 999999230 224379751
300 250 687407408 397276264
265 23 563348696 611687338
129 115 507216 136376415
266 119 112122 977131659
468 35 485178 664214238
14 81 999999814 565209775
101 367 293583 943029077
49 217 829066 40412129
308 304 999999629 149856927
251 149 142072279 448191579
1 53 273016 240753589
55 208 602501529 593011097
425 325 999999727 956237629
76 339 999999134 864659350
101 126 696171 50011561
375 378 887531567 612672711
156 360 944344 588597729
344 233 57800766 634582982
114 469 867389662 123279055
91 301 530816029 929939312
478 271 761770823 886850139
289 433 999999663 87293720
301 481 132483000 238868831
225 471 251921227 898716150
132 260 617017009 761531022
128 156 934770 728081682
392 330 897207 550483174
292 4 999999305 899855017
163 195 919303068 91585073
118 210 708129085 742884727
240 98 627831351 414708503
475 248 971047 545714864
4 347 209323 842443417
327 12 457907991 141174505
315 238 66423819 946958206
311 310 999999322 803373576
34 387 744037 317859340
230 185 9830628 754047994
286 455 611381994 232093721
100 227 952506985 765601513
59 211 11445878 49076246
356 124 688395 419003397
372 376 8904 561256784
73 108 989843 887080586
328 257 55176241 719828156
102 442 212839521 32357847
419 186 999999912 271279
33 210 497611 570063364
194 444 538212896 489082070
467 356 866245 371422148
248 120 538500 317589057
387 72 357087750 937314940
288 490 977034528 804421541
464 231 209256 414370193
164 189 503164 251140789
467 435 999999734 712182113
202 172 267903715 774831986
295 407 666283520 8768911
216 126 826006 597671646
89 276 20665 595754226
25 178 360078664 305111011
309 109 785094322 910669653
281 407 470454914 355997851
270 122 632239290 164679448
141 437 734206334 24654532
254 23 327060 701036837
237 82 999999389 262895546
191 177 955866665 35433170
66 21 422883 113465590
343 53 554243137 306970931
352 296 753640417 895958500
483 499 423672 290823918
145 414 954037 35957433
162 42 410191851 68912967
360 365 999999795 763032646
326 64 18283388 677542214
65 434 879872 274174622
194 118 174297744 688806148
25 20 346581 69715816
289 196 103797676 94980335
383 303 482932536 650199305
71 316 85375 771143933
120 321 933314122 321361527
62 440 656376114 531620350
232 75 390491 633202916
155 182 326518980 934572114
12 162 330795338 544902731
93 204 368660817 144952856
198 164 337300952 464563252
138 394 999999102 435053563
84 272 673637486 29685724
285 337 328804007 564747797
333 370 48093214 784900883
85 240 56956420 74806360
445 87 967900420 667831154
194 118 402622216 480868662
431 366 593635 728682998
458 226 66610927 354378561
346 42 438465 518069933
300 15 386404 9577915
225 7 7354748 919764590
235 74 351555986 603827112
321 380 119771369 488103283
117 27 199690508 340882170
467 435 954474418 441993907
118 152 192545309 471706439
352 302 898901 257437021
449 251 999999018 621113967
146 120 178657054 542003819
423 159 27731765 66951741
156 162 391092384 222942294
281 473 854507607 416018040
463 212 126621649 100964610
146 417 602714225 146412666
461 165 285417035 29470866
431 132 73258765 869293465
454 312 163855909 333741278
12 211 710228 192112714
98 196 968865727 407214456
142 299 73030 163377207
493 157 943541017 511671096
6 141 915483525 632396196
394 138 999999576 159676515
445 327 144470 591037153
498 337 269301259 235509875
66 297 38151233 231805623
65 481 558350941 541333104
185 484 17789467 765511329
273 332 149594676 26842167
304 396 687671 612866402
342 369 485308669 167591906
165 360 0 574500662
277 211 583603221 411729249
88 222 798416618 323216803
489 143 999999438 759023321
336 186 484066 615163019
86 323 153055385 79546337
90 255 129075076 761489867
206 3 999999705 926310947
492 495 999999715 92821495
414 40 84221004 392464368
127 345 574520839 800837901
51 460 349608 559246738
282 490 411748 728727045
64 150 214968327 753935561
187 278 13617 853044509
99 476 737014 476705733
377 196 190427192 136365069
153 270 499529363 170944583
377 242 999999031 407773770
42 255 623300763 466454192
119 21 220040459 608043011
388 201 428959594 460391102
231 416 42108724 73716855
60 239 999999882 173541115
47 259 105762186 119604503
243 181 53570 608656457
387 111 892070982 596435589
2 76 68222130 218683898
267 319 439666758 302776340
103 122 70245545 94441448
50 464 583898 27162209
423 78 20223 566529440
402 222 846624575 67573446
482 309 124591 725974777
386 158 744841388 757100781
375 423 782679793 157673370
197 278 51687 649595580
498 60 452715 467781744
490 432 357199064 542300260
433 142 999999184 297664614
380 28 535797668 982370725
275 107 42529604 760924559
333 227 613499 836874254
43 406 699921717 567112836
301 106 338238663 176066122
488 358 384806064 742747020
52 62 310488 481896446
28 86 945858280 391290995
158 109 138144 378913976
119 86 77088809 976225813
162 30 227509 380557051
307 143 638242562 311770741
34 240 33761 434147781
66 308 694075 224055788
260 132 999999474 208979829
116 352 827459175 803021253
186 56 42409286 385153943
231 177 323282795 131318730
169 134 981963349 146265454
206 88 858737 304855977
322 9 746782330 776394839
496 225 692282338 441965899
440 412 729887940 780748365
489 277 309068586 144855475
495 157 809303083 448427772
82 64 827717724 543191975
135 353 999999499 370790217
99 339 892823 158077739
252 67 595184678 925587315
107 134 576228 866721389
63 271 562323718 348921599
223 120 346599781 283704503
66 455 511058 923637910
398 474 999999667 17900639
338 8 435610969 90094321
232 240 790067213 281821570
438 42 166156476 647882089
93 225 999999053 705156470
65 489 203557819 715097265
171 168 700421 34050817
208 425 249250787 901910706
468 467 468997479 162374344
33 497 729863 272030060
473 465 535984079 90063886
492 49 902997934 489769625
429 485 417313414 69632110
474 305 848722 710612130
34 171 134267456 408040190
180 375 999999166 195142714
65 406 57075168 470988924
