70 2000
20 61 4 475415128
14 23 2 973091942
48 30 11 214642578
5 60 17 247396512
28 22 17 190240495
8 1 16 800478907
11 34 15 627084780
55 44 15 228929298
7 13 8 990919601
67 41 1 652367624
48 3 14 928223346
66 21 9 174101623
63 24 3 65536650
17 6 14 840117841
68 58 4 130603249
37 27 14 789002646
32 18 9 618111950
30 7 15 153862316
34 3 20 612656712
18 14 20 114100138
27 37 11 133113873
64 48 11 741362853
53 67 6 790830270
5 17 11 569461438
23 47 13 834604650
10 24 12 572211249
47 9 13 494299580
49 24 9 790218715
26 48 9 968214624
58 43 0 454518085
37 54 7 82651645
56 29 20 281863574
7 64 4 743805727
6 27 13 695010870
63 44 14 23995497
14 29 11 636563328
13 25 0 728331444
19 15 18 725334545
10 57 14 98656047
66 44 13 235910008
2 44 15 854699277
14 60 18 10639991
31 41 7 24162117
32 42 1 860718569
42 69 12 141513924
38 40 15 258795226
56 40 15 593754158
50 61 16 606586496
8 70 18 170452299
36 30 5 80812660
15 31 12 74193966
58 32 6 860112001
21 19 15 259512975
27 60 4 748181008
48 67 8 705496686
37 11 6 584317918
55 33 9 840888065
36 34 16 711003426
24 59 12 578760186
66 60 10 683797221
23 34 3 125862937
35 2 17 592233077
41 42 19 491861477
13 39 9 680840252
3 54 11 228871606
39 30 8 20586017
37 6 20 798316897
54 37 7 767307769
36 49 9 215418071
54 58 17 614685038
1 6 0 53441928
67 10 19 989120179
31 8 7 677032782
30 59 2 410583167
38 58 5 265229465
19 33 15 159614067
20 33 0 69625937
23 41 15 645007664
54 58 18 458701327
39 51 3 780283887
33 23 6 109171514
43 44 19 275423762
41 51 5 960803319
41 38 6 247121576
24 25 17 875635092
30 10 6 980121392
68 69 17 846733479
64 25 3 231234537
22 49 11 102425862
5 31 0 835140525
35 8 12 543854208
17 24 10 795718505
36 5 7 324308779
60 22 10 694369437
45 62 9 90106955
11 58 5 493710990
28 10 13 752688769
13 49 13 497926449
51 5 8 713045737
13 42 12 834767123
38 51 17 398841338
69 64 8 434268966
37 69 7 764340669
1 52 20 608049029
10 65 8 261523945
59 8 9 918999125
7 46 10 542357707
36 45 14 477413182
51 6 6 632805562
20 53 3 212452470
36 23 15 911704597
38 19 20 775664446
56 46 9 53025856
29 58 12 707699651
11 9 16 445047524
45 50 7 116496126
27 29 7 971177360
54 56 13 830894201
31 38 13 80559030
50 14 7 451960746
62 34 0 341115204
7 57 10 984167184
12 70 9 579804027
64 18 7 488939730
41 51 1 421585030
64 11 11 297041132
57 59 3 523118698
45 66 16 996928563
38 36 2 196361315
55 18 13 913010440
6 31 11 921366047
51 5 2 729374764
57 26 17 978743485
65 48 11 120773171
39 31 18 933443602
53 32 10 372973801
44 5 16 836295837
2 23 2 747443155
17 36 6 328058127
70 68 12 769014322
18 55 13 888874021
39 55 4 268214386
56 58 10 881561874
14 67 14 959767700
70 63 7 357773903
16 51 13 372971208
57 33 12 707558806
61 20 4 382933144
58 60 10 676848524
41 28 7 861966804
64 15 17 280189383
66 36 9 447576467
7 22 8 341176784
45 18 14 665654942
2 67 5 556037197
25 62 5 84361011
15 34 0 960136860
18 34 18 757368916
67 26 14 427664483
30 8 14 790931572
51 11 4 176669416
41 24 0 821765389
40 35 15 965743426
70 4 9 705660212
52 66 6 461527525
11 62 5 807723685
57 36 9 497531751
54 24 1 715295495
35 53 6 359477291
11 21 2 640476906
5 17 12 79418575
45 58 11 176584273
18 44 10 442361044
61 10 19 452335819
15 13 2 525080032
25 4 1 822227529
26 12 3 671602623
18 37 12 135702576
39 4 16 355034961
16 55 7 240062902
14 10 5 908301514
18 65 0 397412926
44 23 6 67332257
63 70 7 504449268
4 33 3 806894438
31 22 15 143259835
25 16 8 193901069
35 68 17 893738830
43 33 6 692942540
53 17 18 61637297
22 35 14 296571525
13 55 15 414666270
40 67 17 533169589
56 68 9 983208829
55 33 15 145414501
45 65 8 394043397
41 22 13 231594516
33 43 3 573680488
2 52 11 726391219
43 14 5 42852140
61 63 4 894931284
43 67 9 389730568
63 5 17 711833151
2 11 16 399380266
12 43 8 941701369
19 60 6 451373711
59 34 18 998226523
70 64 16 225654164
3 4 20 297962011
19 60 16 46038678
23 27 8 751824828
24 64 16 610240422
70 18 17 218768548
61 12 12 67701998
22 9 7 19406938
9 48 5 626095172
44 51 17 660254796
46 44 15 210031842
31 11 8 890386713
59 56 0 643460948
31 41 16 368185170
70 13 1 335848708
50 22 5 739985660
5 41 3 658429352
41 56 9 402210095
66 29 9 126830030
60 44 18 945502625
27 70 16 49034353
5 67 18 940655913
7 47 8 24097976
51 13 5 148591800
40 2 8 997682111
19 20 17 745489639
27 46 19 530770382
33 57 10 702051945
44 38 16 308866834
58 34 17 484423183
34 59 11 368365390
4 13 16 673350649
30 44 6 205598185
44 45 15 82752257
70 51 4 441877288
22 2 6 195955269
5 11 4 125633464
53 63 19 678824309
48 11 8 594475684
48 44 17 271072545
42 54 0 868065104
49 55 10 659021363
60 28 8 804782188
15 38 14 420524598
70 31 11 866442849
11 19 9 921090175
23 19 4 493569999
64 12 4 918442813
36 67 7 929301425
11 54 1 548531004
30 7 2 741646711
18 36 2 945977153
47 26 16 481736124
3 8 16 632788414
68 32 14 131411525
41 61 6 143844707
40 12 8 262146330
54 53 20 827433734
66 29 0 88804845
1 32 15 221061923
69 25 14 4346963
35 37 0 237936959
22 32 10 62280204
5 37 10 803950629
29 7 13 933811624
19 13 9 22041890
66 12 4 38582416
11 53 1 867441807
63 15 2 944599544
47 46 14 851664571
52 70 18 697263846
60 57 17 578611450
7 68 6 697087410
52 6 11 810675944
3 58 4 801333922
8 67 3 658930795
66 62 10 948934707
26 25 15 607845682
25 37 19 493135008
46 47 5 692572805
7 10 12 390266207
54 61 18 914787205
25 12 9 347315088
48 49 8 224011214
40 48 4 536300344
59 47 3 826400449
11 26 13 799256829
13 64 12 736934007
46 24 19 1171010
5 26 9 887387551
12 26 16 123946533
2 21 18 588823827
8 17 10 161028151
20 19 5 93656637
37 33 9 146878905
11 58 7 529538241
2 15 2 110929541
6 44 11 604010890
63 5 3 729151034
14 32 14 752575928
30 38 4 551558800
25 64 2 84608551
26 60 9 709596980
64 51 5 315652966
67 26 2 234772116
21 55 16 60578338
40 10 14 58651422
22 45 4 407381999
17 63 13 23503178
67 40 11 625898750
56 32 16 89098184
63 28 5 172449228
56 13 5 388889609
51 40 7 929277295
7 67 11 649979523
48 34 4 634223876
38 14 2 570146251
27 43 1 712445987
18 38 8 121320627
20 39 17 319642371
16 62 20 171008258
69 41 19 713188788
12 60 20 55145664
66 44 9 436891978
67 29 4 314284709
28 58 12 229940217
35 41 4 726594184
48 2 9 219648652
8 28 1 512659686
1 39 8 430461426
14 54 13 794960821
19 44 2 330280585
7 38 0 860317786
12 57 3 435983309
49 53 6 744152713
21 20 3 984947916
17 33 14 544912509
33 43 13 135863814
65 10 6 490060644
44 45 7 175771102
66 26 14 190912424
38 5 13 189811026
5 11 12 380525127
38 58 6 231443165
65 4 19 453491006
13 11 13 375682428
11 66 6 199838431
6 65 15 180175508
2 13 2 975190687
30 42 14 108253696
50 51 17 681461164
60 25 19 829398232
56 10 16 636263079
65 16 12 994584022
10 2 12 739080158
1 45 2 772481419
37 26 20 602023511
16 13 13 346567859
41 20 4 494448633
34 26 12 456432571
26 56 17 323743254
43 47 8 668507115
53 20 15 434683473
63 29 11 990462132
18 54 20 438576160
10 63 5 76448859
40 51 6 352054184
37 55 17 346923601
56 40 10 732250851
36 14 10 139377930
3 51 8 391038407
52 33 16 866950576
19 14 7 451459154
16 42 5 833562818
4 26 1 69635767
32 51 10 887099224
61 38 1 619679138
51 48 18 524706748
24 54 11 308533432
66 44 1 65302098
18 36 1 254068924
24 19 8 375963984
27 31 4 630687306
1 22 8 331578291
36 12 8 94798441
30 26 18 856676362
69 45 13 680107741
67 35 2 844574038
25 63 2 264492460
50 63 5 388166605
38 62 18 195904955
42 23 8 536176157
63 26 17 466492089
27 40 12 484131734
21 11 13 968053845
15 31 14 870333468
3 58 2 91090393
43 44 9 159856501
23 27 12 867921465
49 16 13 970592955
31 4 12 65004766
30 46 3 757161684
16 57 12 640008616
44 53 5 775553199
48 70 9 774313821
48 53 15 963919462
70 40 15 768883491
27 58 12 741603034
12 65 17 991010066
7 42 14 257529219
24 47 16 718203860
62 21 2 279469874
62 47 14 656104354
63 24 3 55674415
50 62 6 218898410
29 3 7 229219868
11 30 12 260862727
68 11 18 962485277
68 33 9 14897325
63 31 10 660387270
7 40 5 390691844
43 28 3 925868881
62 11 12 489113701
60 59 15 444142571
31 57 13 546632453
35 6 18 562634101
36 41 6 988124513
70 3 11 634736399
11 21 3 556828935
28 39 11 514812368
67 25 16 619684452
60 8 7 23076359
7 8 2 387541131
49 36 2 183222962
31 40 0 680226133
62 56 4 605658606
58 54 16 886562273
67 34 7 924779285
23 63 3 274419390
19 27 2 926890218
42 66 13 355306555
41 44 10 153395439
27 14 2 808650912
36 15 13 90033324
10 56 6 826370477
56 24 19 880039474
41 67 1 407764228
61 41 20 856201185
37 6 20 264815800
32 68 15 529428344
25 55 4 736766965
17 27 8 888853380
44 36 20 250362704
32 7 15 500806696
25 52 20 896904155
55 47 10 544690918
54 40 0 785973015
37 36 0 971044415
56 4 18 676957531
23 68 4 947170822
51 56 16 631620914
8 61 17 296880148
64 25 2 830416422
8 12 6 675446776
12 48 15 59605821
5 55 9 748841423
30 6 0 814084604
10 11 10 431885644
46 41 9 98664694
14 26 10 144362901
34 49 10 576651883
33 50 1 991743669
28 37 20 92701826
20 15 3 891581591
53 3 6 638192876
20 27 19 644716523
2 7 18 453249941
47 34 15 372277385
21 33 9 863466493
69 3 5 229653043
7 44 5 487078727
58 64 8 454892765
56 59 20 56596348
36 6 1 84269763
13 46 1 711794920
4 70 9 323693499
22 37 17 437281514
24 27 2 693070299
56 10 3 122496222
29 4 5 71491707
15 28 19 983173766
39 51 20 586677860
9 69 15 280129109
30 2 2 476611625
31 19 0 243089923
59 34 4 298691329
11 55 2 885925465
6 8 4 215187671
67 13 7 659703630
14 22 3 926647111
54 68 10 409343735
28 53 0 159196928
47 25 4 902965486
23 21 8 98618829
35 26 20 882370385
64 65 19 664455559
51 9 19 471613668
36 57 13 728820961
2 6 4 111320151
5 34 7 872234425
50 69 17 186835270
35 66 3 910964839
32 45 6 800958307
6 45 0 448606471
14 47 1 83982222
40 18 14 412804172
41 65 20 375439921
65 52 0 487990996
22 31 15 218138240
65 35 4 421999549
4 1 11 20616366
23 39 8 950163937
1 40 13 584876972
26 8 19 415333096
25 35 20 321871207
53 42 12 906155190
2 39 8 245400493
61 64 20 889949634
13 43 15 953005429
58 44 10 66407477
21 63 20 647310739
3 38 18 621062033
31 25 18 839684431
26 59 14 390994046
61 32 12 939447936
39 31 16 112866598
32 24 13 54162718
47 62 14 642329257
42 19 19 353662310
39 1 4 641701959
68 9 19 707488767
25 18 10 188481524
19 43 15 320929422
70 28 11 610148417
67 23 8 781721050
24 66 2 556556871
13 66 4 648289938
45 6 3 401515797
66 8 9 204690455
7 26 15 743471479
59 14 10 895291643
24 48 8 587852823
57 54 17 309690876
49 10 2 908011803
47 14 6 851252555
20 6 3 293139019
21 64 3 940226259
9 38 0 319856709
26 6 15 823984519
39 38 6 46171734
64 18 1 58553951
2 42 16 41059781
33 22 11 238310912
4 48 7 628286731
22 9 3 982310085
68 46 14 45469665
18 2 13 187583155
50 17 2 644505649
29 37 1 888818227
70 13 12 80255491
55 59 19 406403027
4 45 1 982067471
66 1 20 419950813
66 63 20 656931781
64 50 11 446928855
32 13 5 405675421
15 16 8 563445407
20 39 2 420867092
44 28 3 602970540
9 8 14 684344329
46 19 14 627594122
59 31 18 997012714
60 39 10 906797084
44 11 19 657482042
8 69 14 674567121
2 61 9 535004066
34 62 5 783256921
70 19 15 856641826
6 9 1 301792616
50 38 16 279339799
58 33 8 497931629
37 49 9 493560747
51 41 1 984683960
24 11 4 244308118
22 52 17 269989942
3 28 7 377218905
9 2 18 673899488
56 31 7 681950347
68 31 15 663412161
26 29 15 167162038
54 43 11 653024143
38 8 5 170609080
40 41 14 664575136
67 29 6 698934537
7 28 6 263758254
8 19 16 660217253
62 45 1 45475042
46 41 16 366588049
28 9 9 910872553
14 57 4 30660235
32 36 11 202822530
67 57 7 477392105
2 52 20 809522815
59 20 1 100249037
2 22 20 701766303
26 36 5 211680726
67 30 12 100234141
8 66 2 594592842
54 13 15 956431892
3 57 7 457535974
52 55 17 812641607
1 20 8 249806613
33 6 12 199251598
55 25 3 91877514
62 57 4 379466706
23 61 19 965777610
7 62 16 270025998
24 49 11 230253630
18 58 13 652256759
49 30 15 245153497
16 53 1 224793156
69 48 14 396431895
44 54 19 267430987
56 33 1 744439258
44 27 1 465756313
23 8 0 764157670
28 3 11 475260838
26 56 20 753197238
55 11 2 104068246
37 63 9 121154719
3 48 3 177119838
19 54 10 946866521
50 53 7 800723679
53 54 10 596622526
42 30 18 171071813
45 31 2 224639817
6 40 10 856337450
34 28 4 937781899
12 36 6 574853335
5 58 0 838740063
37 69 1 745725415
46 3 20 618002412
67 16 7 379001842
22 59 10 703552089
45 11 2 594193962
50 32 9 474550926
21 68 10 508291949
50 18 3 644788244
64 7 14 918246782
64 20 19 640165463
16 54 18 523914951
56 31 6 514965158
33 20 15 717228691
3 43 19 273285851
20 70 4 576758856
57 38 7 472273608
61 9 11 156873385
17 22 17 253871654
8 36 10 406293750
31 34 15 768010417
35 51 12 141603057
35 25 8 598690676
8 5 2 211955910
32 63 6 525092602
23 5 6 794294144
43 13 5 51966700
30 11 16 929164684
48 37 5 87723671
42 9 5 172546360
37 68 8 932449637
8 37 4 745061776
3 44 8 356714289
5 36 6 549062367
35 24 13 949589579
11 64 16 341181994
34 15 9 427233559
68 65 16 690495812
69 34 13 137457593
34 65 7 335858208
4 70 5 361374305
64 58 16 791063886
61 36 3 237217766
47 19 13 364741123
49 10 3 108839200
68 40 6 10364055
35 8 0 526867037
25 62 4 152541919
54 59 15 5158545
61 45 7 406761312
45 46 18 666341901
39 67 18 613534304
45 55 9 316278845
58 42 2 184748086
40 51 3 264670383
8 44 4 328158988
69 5 14 228344344
60 20 10 415683113
51 29 1 873997913
49 42 13 862032276
19 28 19 989130072
35 2 19 257328126
43 41 9 620600304
53 2 9 618253685
36 61 3 296263513
1 45 2 681915521
54 47 9 825196771
7 20 9 216060282
4 12 18 21549996
50 36 0 859900640
27 34 7 770814151
14 8 0 974814875
22 26 0 807847266
68 19 19 13005758
22 29 20 425643366
1 26 1 868660088
40 53 20 369516779
44 52 0 810601111
14 8 6 495264407
16 65 8 682280319
26 10 2 976021456
57 54 13 877601029
41 30 5 681588914
66 26 7 354065711
57 13 8 355831636
1 25 7 154848236
54 52 0 985629334
26 37 19 936533105
15 16 4 493834629
43 11 2 733002858
13 48 16 443562908
11 68 16 807828079
49 28 19 932084365
23 42 4 95828342
17 30 18 742748817
32 10 10 731829265
11 26 19 194788220
4 54 4 775361033
10 1 14 480173072
6 67 14 365514794
49 51 11 551544727
41 60 3 992972838
66 58 0 969805431
27 11 1 442516449
57 7 3 870673194
14 26 17 242750559
7 65 19 778949039
59 23 5 513511801
14 37 7 871027621
11 67 9 722607464
13 48 5 284193913
51 38 1 550232671
31 41 1 591310373
25 26 14 647485442
47 32 16 71744860
45 31 1 667110958
66 62 15 689658475
65 60 15 97232431
15 29 15 423457829
49 69 12 88694661
24 31 13 759536674
47 43 10 785667275
26 42 14 792794788
7 5 13 153204566
58 68 6 205177313
3 63 6 346336892
62 24 16 618334051
59 49 19 795108729
32 64 10 123330276
20 39 8 938610181
53 50 13 953514884
69 39 13 483996289
28 63 3 338669098
66 9 10 683747663
16 4 12 195654791
50 2 14 949151773
47 13 18 495975122
40 41 19 151846951
63 15 2 638800015
43 41 9 775597930
35 6 16 115448732
3 23 13 715822002
63 46 18 57535123
16 38 16 589620914
35 63 3 442816890
24 40 20 103129988
42 66 1 349794402
58 14 10 608664864
64 26 12 506489105
9 29 0 731106208
34 38 2 770407686
53 31 16 335173632
54 7 1 901113151
64 9 3 230997286
5 49 13 195382320
24 67 11 446133112
9 7 11 17827392
45 42 1 312587264
33 7 9 714416950
70 60 2 322671747
7 69 11 826084435
69 7 7 769901873
49 41 11 837514408
11 4 14 75038114
46 45 13 514589301
43 16 10 700745009
35 37 8 700556301
57 36 14 90116952
53 31 0 598721393
12 67 10 183965608
39 1 10 882184421
5 14 10 291932537
15 59 15 569528437
38 51 13 965842874
70 34 0 568611805
42 18 14 220390670
35 56 3 760274428
50 48 14 402029841
35 20 5 494739597
27 1 4 811864626
20 41 20 207938429
64 37 4 642451019
64 2 4 11884736
13 52 14 332476142
11 66 10 22395314
4 30 2 687988953
17 44 6 758400707
27 62 4 244096708
33 64 15 562254118
33 25 10 709504852
24 62 3 634227102
38 16 4 875864726
50 44 7 908959491
12 43 0 774089610
8 17 16 342219041
17 33 1 507110595
25 39 20 97558542
41 47 16 162535483
43 52 13 952466175
52 16 17 589189454
62 55 5 684907921
56 13 15 53328206
16 39 8 373113179
3 23 5 229920067
3 57 6 584042062
7 64 8 972690490
17 32 2 781497479
15 25 1 203167380
45 36 17 551180657
12 32 6 576563145
49 37 6 134752914
21 69 14 856176590
26 15 1 437316272
47 18 0 313124435
26 16 16 675816893
25 54 9 947896164
17 19 8 351220437
45 34 8 31400016
61 36 12 441123338
37 45 11 215671174
1 27 16 88174635
15 33 16 540142921
62 25 5 778768292
44 35 4 159945452
31 36 13 942920454
46 63 8 667178471
67 55 4 310955156
35 66 2 111055741
32 50 9 382217669
28 23 10 167160992
60 22 18 70986753
7 3 18 587554954
18 16 14 426147369
50 40 6 805111321
48 41 10 503339387
70 59 3 813484512
64 18 12 346238659
61 44 11 630543942
22 39 8 705902628
3 15 14 105745112
6 33 3 912124483
18 47 0 231675148
17 3 12 584646685
2 39 14 666683453
32 6 9 533352221
2 68 16 358874250
48 12 18 363776982
44 57 16 306376572
16 25 15 215634427
49 60 7 431713576
57 32 1 412633784
10 66 8 777851821
35 43 7 167895375
3 22 4 477453454
3 9 11 691611963
56 23 20 374916539
30 29 14 234977411
30 32 11 563722434
4 41 1 959335162
55 67 16 26913212
33 67 14 241003305
5 16 20 375817502
29 52 9 650027666
24 23 7 556700607
62 37 20 465932394
31 45 8 279930277
2 7 12 323171639
30 5 9 785021190
33 25 15 296165789
34 63 18 171687614
22 26 0 595372390
8 26 18 456174805
44 6 18 955480866
60 58 10 80540357
12 62 20 325335115
31 2 14 52551353
22 56 18 945328762
20 22 13 435923944
24 53 12 609726537
50 25 7 886239277
12 54 20 959228100
30 20 10 566793573
7 21 11 273079903
26 62 8 406890121
26 18 0 537459008
45 29 19 118259732
38 13 14 832357516
47 46 8 652290685
23 27 11 896404567
46 30 13 465556177
62 51 13 89076520
57 7 7 195987910
16 2 0 412387220
2 14 1 378855199
18 65 4 914376028
45 15 6 644182553
12 28 19 814347702
50 57 17 996664947
29 31 14 425685282
19 59 1 616020290
51 31 1 675530936
39 52 4 716342135
66 30 5 429855254
36 61 17 619732707
64 68 6 855476573
35 31 12 182950898
28 66 8 417010786
46 25 0 37275039
35 40 5 377294509
4 69 0 132088036
55 22 8 116989927
8 49 7 698290860
50 29 20 389813448
43 36 15 803077678
45 49 15 183019816
62 20 16 650107715
5 6 17 341777134
39 57 19 931921826
4 1 1 250002287
49 32 2 375689333
15 59 1 745428630
28 57 19 249482269
49 56 19 78671344
47 50 14 400103136
26 12 14 577703103
33 15 0 904344716
52 56 6 177169113
12 52 14 752228305
32 70 16 696129035
31 20 3 227716637
55 66 8 424311014
44 4 14 159279017
42 2 4 439972967
38 70 15 573036619
48 25 8 136577143
9 14 4 586405594
69 35 3 224516151
67 48 0 68059821
31 28 4 481595852
25 14 5 53613140
6 57 14 171627241
58 62 15 622057102
27 19 7 574792416
1 48 12 693772276
14 50 13 47942838
33 67 14 454026144
59 11 7 481842198
42 52 10 450597913
20 46 19 566728971
49 43 19 367176918
25 26 0 267865005
4 57 5 836590525
20 4 2 355074219
3 16 15 409006869
8 5 20 57034508
37 33 9 786735115
10 8 1 557697205
17 65 1 104754779
39 49 9 556774931
13 65 10 231386929
30 21 14 6385570
45 59 4 220082417
55 24 15 313169215
2 52 15 343946771
6 41 15 419877511
38 60 10 135733361
53 39 2 849296686
8 20 13 434861598
22 1 0 423312217
4 27 13 310040948
59 44 11 492741278
5 13 10 976391611
17 25 2 509330272
69 61 9 694042025
68 7 5 212587736
16 22 11 990538340
43 19 15 803021729
66 46 4 181854674
42 44 16 862701784
37 38 3 112693628
22 35 20 350362272
37 43 13 127718745
62 44 12 625671676
3 8 3 126507066
52 53 3 50297301
1 55 5 282971299
33 32 3 679819328
56 29 20 222121295
48 18 13 265294940
31 4 13 643296642
39 50 10 566625046
46 10 8 607437378
21 46 12 868779566
5 17 10 286122602
23 2 7 430651513
25 27 7 259286007
18 10 6 337007975
16 20 9 851092564
38 1 11 349888481
9 36 8 357984284
22 68 18 241162381
68 15 6 292001738
48 39 13 40484613
13 50 13 44464957
63 1 15 211212768
67 58 3 484824003
34 48 10 917086821
1 29 13 96476348
47 67 18 827700981
57 14 11 943213111
69 25 4 607615785
18 30 19 92400250
42 5 13 637306957
31 41 1 349421971
50 47 8 532315768
8 66 5 584397369
56 45 10 204476761
45 61 7 956098042
57 69 14 614542617
37 30 19 725243045
11 66 10 323245752
20 33 1 495865159
48 68 11 64615192
12 7 13 782009080
7 41 15 234651215
67 58 13 378704578
12 49 11 762208196
55 32 10 896145799
29 49 2 110990775
33 3 1 811103639
29 68 13 108442577
31 51 1 608306550
61 69 16 384495063
13 39 6 227293096
49 2 5 60726838
38 4 12 122706122
50 51 13 529751123
68 58 20 823067329
54 16 12 525487069
5 50 4 407480925
19 17 8 218090625
27 36 14 219716536
25 22 3 676125883
15 23 1 851285986
16 55 16 756448697
67 27 11 479561871
63 4 6 62234911
43 35 7 509540439
54 21 8 84394252
16 53 16 788433523
54 1 20 698731238
58 29 8 111797123
26 49 15 938758404
60 48 1 200447713
52 35 20 141442260
33 55 7 267867305
22 57 1 306068109
55 64 19 77972192
46 14 17 216996354
36 11 10 751702685
4 19 16 860318955
3 41 6 751755147
7 59 11 436118897
10 66 14 275284369
48 45 10 544124578
35 51 20 373267791
14 27 2 947612643
26 14 15 757981322
17 63 19 419472745
8 61 10 803772503
54 59 8 871456320
13 33 17 852292725
63 61 3 503720150
41 20 8 621270855
64 45 16 10011265
70 37 14 784215989
26 16 5 251212669
35 51 7 347203668
7 22 6 887624057
37 25 2 510358366
62 42 7 224241847
60 40 19 200721612
65 28 1 782589428
57 62 3 752814998
25 3 18 881198792
58 38 0 155929050
35 66 17 547376556
21 31 19 670479109
65 30 12 393848750
17 5 20 900293674
62 47 14 310950431
15 19 7 623410648
66 38 4 443925388
23 43 4 430036277
4 67 4 641195544
53 30 0 667859015
14 22 0 930175793
3 52 18 293503592
10 44 11 736781393
27 49 2 685962926
42 39 17 559461199
11 68 13 668583554
50 9 8 852441042
70 30 13 369095556
23 24 2 353434694
31 41 1 569824569
56 32 16 633423892
63 47 13 575685497
63 30 2 816640770
24 42 5 347006881
5 55 3 539970643
33 55 11 812862639
15 69 9 892924514
17 54 18 307902103
12 7 13 64847931
25 31 19 740639985
58 54 18 926591727
14 22 4 357308842
47 9 19 481026373
1 58 19 200141581
45 57 5 936984349
29 60 17 253757812
68 31 0 758624470
63 57 13 850069834
53 3 18 613418529
20 56 4 208110584
23 32 17 81948886
30 62 7 132095136
57 43 1 215847467
28 30 11 417877364
28 18 18 957659463
67 12 7 178356352
43 56 9 539360714
63 15 20 665221373
64 7 13 711730982
36 25 16 511714754
65 64 18 113297512
21 45 12 701423252
30 4 15 795075324
57 43 1 854100392
14 8 6 427978731
35 6 6 154337245
49 56 14 327794449
68 60 19 325522799
50 53 7 463746312
15 60 1 845240139
24 46 6 322503664
43 69 10 503876458
22 42 20 603314480
9 3 11 219838959
44 34 13 643233195
28 46 7 743141207
4 11 18 387279681
29 44 15 133383942
65 46 19 630561637
4 24 8 89973966
61 8 10 980508176
50 36 15 982467340
26 56 11 839122721
35 57 13 275998352
64 8 1 153910505
47 19 18 348107842
6 58 16 600158950
19 51 19 227217692
30 5 10 687359940
10 59 18 659419748
63 47 18 531044467
61 18 6 230731845
68 53 11 52019203
52 68 14 897038921
50 39 10 215141340
50 38 16 622119686
20 61 10 620864158
54 13 14 574401070
64 62 16 140889967
1 8 8 100688068
64 33 17 477645986
20 50 1 470690329
30 48 15 324201191
70 37 14 904902816
69 62 15 194578892
12 67 7 467423128
58 6 9 41830518
4 38 12 895983795
7 16 0 577178878
24 7 14 95097988
13 48 15 540916950
13 25 1 400861334
52 6 12 257672228
24 22 11 280526237
18 49 19 386682380
43 17 0 135677180
49 47 5 156344158
29 59 18 649493576
21 2 1 489435552
32 19 17 710298805
33 54 17 13356586
69 4 1 252454021
70 63 7 474659433
57 50 2 588892123
40 9 7 608823664
65 22 2 893179523
70 24 0 556131974
46 42 1 703655794
15 42 12 928428598
2 42 16 377065320
40 53 4 72175363
70 50 13 112957036
4 14 11 601743314
64 59 4 819101047
64 60 2 440715894
67 26 13 8092661
12 67 0 368955261
61 9 6 930505600
61 8 3 968963610
48 14 0 705494034
66 42 9 308309297
16 49 2 377486055
19 35 7 602933897
12 63 7 818983950
22 20 13 136359800
50 35 10 100045017
37 48 20 754157166
56 18 17 737712343
49 57 5 268860003
5 67 18 319036097
56 45 2 221326910
42 66 0 414616228
60 34 13 658334541
27 37 4 37312801
49 1 12 696905336
70 61 10 320746226
58 15 18 836682322
47 44 9 682211360
9 29 17 380061932
39 24 15 897571020
19 9 1 963846766
58 60 2 206418027
24 27 8 314779896
55 6 18 727462625
9 35 16 591879719
44 70 15 173524004
27 67 2 269286837
64 68 5 893806362
45 57 5 518517368
64 46 17 954132996
67 42 14 12179317
35 29 0 42794900
59 47 2 424134636
54 4 10 563466561
66 3 7 875271593
3 6 0 38461841
13 67 9 758384195
8 21 1 638257114
27 62 1 946855094
65 36 15 498620444
4 59 16 695813295
44 11 19 64484789
54 8 2 632617187
21 64 10 134490348
65 69 1 471688481
24 51 1 532117271
38 58 12 268784505
15 2 1 682856338
63 47 7 635290092
17 16 1 479782214
58 63 16 615262681
15 36 13 379143745
14 28 20 706899897
62 38 14 156208516
20 51 8 412196892
11 30 0 261902725
32 7 12 737666233
4 22 14 117863846
28 4 13 591036161
67 31 11 177541612
14 33 9 622506586
70 21 17 830825540
32 20 10 225803470
36 4 13 216844526
18 13 3 332624071
68 39 17 75432639
55 70 10 284610326
19 12 12 502610730
48 30 3 742584033
16 41 8 826633304
32 36 1 589276233
33 57 10 482984623
20 10 10 940433097
24 50 9 323635832
27 47 7 718002931
4 26 5 40509416
14 35 13 216231245
61 32 12 606488360
40 54 11 204923649
5 20 5 61774308
39 22 18 276048952
3 26 1 658665268
18 65 20 262820399
9 22 12 90230487
56 47 19 857414017
31 2 10 554142696
35 68 17 722727885
68 49 10 22636644
8 29 2 14450541
8 70 14 822203266
36 50 5 24952352
37 52 8 131591191
29 23 20 560319640
55 11 2 627333552
21 22 19 449158757
68 32 3 785207643
37 62 12 558529704
33 18 17 278786259
65 30 8 5756665
42 28 9 32804379
24 55 13 732092009
42 52 4 456237865
39 27 10 199479972
33 10 13 77404012
20 40 5 599682141
47 51 4 974200717
9 20 0 115866843
54 70 0 528622340
46 45 1 136349993
21 48 4 341836775
49 52 6 830882703
40 20 20 300754249
24 33 3 588766278
17 60 20 245219299
1 51 3 598744656
6 17 18 330978458
44 3 10 923763216
22 47 6 199026124
7 62 16 390027581
38 4 16 880511027
10 43 10 411701548
33 24 10 166106684
9 63 1 567179146
51 42 19 5435610
17 53 0 869025659
12 33 7 981113574
32 23 11 338035959
57 36 13 210557489
60 3 14 877674439
61 62 13 973819241
40 7 5 706524472
18 5 18 908504686
50 44 13 279322808
52 16 3 75519263
22 60 20 727355252
53 67 8 184394121
20 66 14 529617117
57 67 7 774811361
17 6 9 523555496
68 52 2 954473668
13 32 5 603786714
42 50 20 29662094
62 41 6 969812121
56 45 9 860015751
7 54 16 303918596
17 1 0 426187242
60 39 8 414609596
28 10 4 279212588
31 16 9 151092419
37 19 5 36077237
34 2 2 60321132
18 42 18 610883778
55 33 20 247496610
49 37 11 966196771
35 13 10 747657589
68 37 8 292418162
59 65 5 694408189
30 7 13 27185984
47 62 16 612823903
40 39 4 363734333
68 13 16 14650117
56 44 3 291154692
1 53 2 781107639
32 49 19 932242847
63 21 14 52769347
66 46 20 71182760
3 25 3 853921472
54 25 18 400598370
51 11 4 150613083
21 39 1 905727368
7 29 11 909787557
37 49 0 182290330
7 52 19 47412114
37 50 15 457701376
11 47 8 92576102
15 56 17 869372705
3 53 18 553672449
28 5 6 246143490
6 57 20 963412518
27 32 1 672762112
53 42 10 42710591
62 44 13 48977386
35 53 16 320311133
26 38 10 892511206
6 35 7 438449996
14 13 9 836200849
46 58 5 458444762
10 57 14 3932977
41 11 11 808488365
1 8 2 575157612
49 11 6 723053834
29 17 3 581450534
7 66 7 743707833
42 21 3 580672577
36 12 6 19543528
11 29 14 546650891
48 50 12 830351884
35 21 9 933260709
52 60 7 153927727
11 34 1 803379824
4 45 16 932480317
67 39 20 12250967
18 58 4 998494138
4 62 6 318192251
40 70 17 17124558
26 64 0 947691514
19 11 17 530729929
32 45 9 819648075
52 6 4 441939356
16 28 4 908788969
24 23 2 111193392
8 13 1 452376462
29 33 16 641508791
23 28 0 49915597
41 39 0 822833221
56 61 14 844222581
63 69 1 283908943
34 6 5 635417407
31 63 10 349801822
64 37 14 150714638
4 26 0 173805590
6 49 15 905073516
16 9 1 831522919
43 31 12 928742763
39 7 16 705279000
50 51 15 902369011
30 14 20 26774755
24 62 13 665257610
54 39 4 808120805
44 41 17 390196162
53 26 10 802560076
32 54 1 780626633
11 70 9 617104518
6 48 17 679626159
39 58 17 554495682
65 9 12 802756182
4 52 8 799261471
4 13 5 815514982
13 69 6 452810861
8 19 3 10927978
4 67 12 402340908
22 34 3 805805947
15 35 8 548768780
64 1 0 348370506
66 52 2 479367322
21 55 19 394464229
14 52 9 897890777
40 15 1 528157668
25 67 16 133688208
60 45 18 698594687
5 70 18 817128603
69 43 6 973711250
11 34 1 358274541
2 7 2 786971769
43 8 9 288444115
28 30 0 483969898
24 36 13 386610709
30 41 3 304181900
4 18 3 514004130
66 22 18 415620538
41 4 1 907324767
2 63 12 877820493
28 9 9 619886845
21 15 16 209278380
21 36 1 338908633
34 70 3 881812176
19 2 4 328815081
26 70 10 907697550
11 38 1 585102925
24 25 6 331222376
66 25 12 266457012
7 2 10 757941241
42 59 6 228705808
25 61 2 392209797
15 45 9 682750805
18 67 3 859631777
67 18 5 412307651
53 33 3 306179197
46 33 17 118712275
40 37 5 162504901
59 52 19 38071349
44 25 9 787106440
42 67 10 9025377
3 48 9 326893736
46 69 7 815390518
58 19 20 141134772
41 36 13 73692989
35 33 19 866631
32 1 6 366709134
38 24 8 278460896
42 64 19 124857510
32 10 6 874207082
32 53 13 838978562
60 61 13 126927407
22 30 0 46398616
15 11 18 519574571
24 65 18 930719042
17 33 14 456256040
8 40 20 537054915
66 60 15 194168879
5 52 18 27325768
1 26 15 34586976
54 44 6 482104101
64 36 11 126084002
30 7 2 603522605
31 18 15 255163622
3 45 6 167765480
35 40 7 669355821
49 38 16 129799927
47 62 18 382050240
70 67 10 357540799
63 70 13 785798887
56 55 0 341219033
36 53 9 425411989
66 70 15 212342153
43 38 16 707705908
32 33 15 170804540
29 51 14 503458833
43 30 20 492005314
34 62 18 402975209
47 13 2 978937990
46 20 19 420418432
24 64 11 975057847
68 56 2 889799288
16 5 1 745728467
11 56 9 865025903
53 58 2 497638938
60 19 6 706579159
57 46 7 657681802
62 23 7 985373095
20 27 17 984302375
61 41 3 183559589
17 10 18 467868192
21 63 14 627414945
44 40 15 463815142
65 3 18 765203021
4 16 9 472807750
68 4 20 258580675
51 34 13 248924134
44 43 7 673663142
16 36 9 242824032
2 20 7 322514320
63 37 4 446303148
18 44 6 117729697
35 6 8 498643381
65 69 1 71684518
18 53 14 280048843
3 31 13 897080679
43 48 14 539785404
4 13 1 461555562
46 68 19 10792385
4 12 4 690970287
23 43 6 699782077
13 30 20 750252320
19 39 5 79492947
51 26 2 210280495
38 41 4 568684762
57 26 14 961138886
69 2 13 745305716
57 37 0 730836778
16 51 3 908280492
9 41 9 690888504
43 69 4 185313639
36 41 0 328691455
9 54 2 859274565
16 31 10 139167536
19 59 19 714074674
15 51 12 145114039
34 54 14 107278351
2 53 4 814516401
60 51 4 474468735
49 10 3 623531741
11 35 1 508277155
64 4 19 991025593
30 31 5 324394383
34 14 15 225679267
16 25 12 266301015
49 43 7 498828919
19 13 16 71535651
6 35 2 658881476
57 13 19 437721437
25 54 18 589594410
27 8 7 149294668
24 57 5 459093585
48 6 3 595663702
5 44 19 395051536
3 70 1 847093261
69 40 14 293827451
58 56 11 834606559
8 12 6 456650997
68 38 7 708816643
8 22 10 921860659
25 44 13 713565158
11 45 1 223636711
64 33 9 634284388
61 6 13 177820063
70 48 9 238987631
52 12 10 206828933
65 43 6 612614852
29 26 15 371206381
16 42 19 771669207
16 54 4 298819914
57 3 9 574332175
9 41 9 65343556
43 3 15 822586800
57 36 6 51658358
6 35 11 935991352
14 51 16 410041425
6 34 9 100260212
31 22 16 873533768
66 47 17 426939391
15 67 2 613237969
64 51 17 59314047
32 59 11 49956632
15 51 12 491458986
9 69 20 297479632
53 69 12 780491879
28 41 16 911011792
44 64 13 115101680
17 21 7 818104538
58 12 10 713033088
66 53 10 385976698
58 48 16 226324402
7 38 11 885675045
70 10 15 816511506
52 24 19 753665431
23 32 16 201462530
35 65 15 959250397
35 60 19 524265309
19 24 20 294510707
35 20 3 934769700
61 68 15 20683352
15 27 6 186703575
43 30 1 862270340
21 25 2 797669085
19 23 8 427046295
28 23 0 85157050
42 10 13 261289228
58 67 13 395596594
2 53 7 946328715
69 10 7 882462059
57 24 17 453265228
40 67 11 457755129
22 26 1 191208135
66 36 9 936007563
45 40 10 180924841
32 49 1 582888511
28 31 8 616225407
55 65 10 70451309
17 41 1 588859654
29 35 0 656406257
7 33 1 730042490
52 50 6 7951297
36 16 15 108608469
6 47 17 941732854
19 31 12 335670672
22 45 10 643463861
65 69 17 324530507
4 1 17 148505593
36 43 8 338732337
69 64 11 747375159
58 48 14 959458537
40 68 13 848448108
54 36 3 520641780
26 48 9 321544794
19 51 5 658677458
47 27 20 239726559
12 56 9 31776767
11 30 0 565650323
13 52 8 86552464
31 22 6 811325894
63 18 12 159398812
39 68 1 479256526
42 54 0 889746250
13 38 1 87620663
68 9 8 784457143
7 47 11 680829052
48 29 19 482657370
38 50 7 806427224
16 5 19 621096363
16 25 12 338711413
14 25 8 786388699
56 41 20 182655052
23 38 6 105860911
22 7 16 239966820
36 70 3 957116200
69 20 5 324766232
4 52 4 662579557
38 31 8 431487109
52 58 16 856664145
36 60 9 568598680
25 66 11 747922262
9 41 10 288643457
19 70 6 151640741
29 38 11 351231568
9 36 3 218571360
8 45 18 570819306
6 18 4 930597103
13 65 10 939283667
10 56 3 469424047
55 16 7 626256964
51 53 10 939018574
62 26 17 690080759
49 61 8 541834768
45 33 16 506708787
2 1 6 763022308
52 39 5 555115000
36 41 13 235547246
42 43 11 279801504
11 51 20 520873551
37 14 7 798406365
14 45 12 38009723
16 12 10 253965834
28 48 15 215012085
39 36 5 748678998
14 20 10 960998134
30 48 11 890467410
63 12 5 753087073
24 59 16 686382352
4 65 13 500762095
51 65 19 90275168
19 54 12 136475460
19 43 15 650205238
59 8 16 53064893
1 44 6 337837804
67 9 1 662622705
26 48 10 989870490
23 53 5 154425101
62 16 0 664084425
56 67 2 546245131
48 26 4 375805564
13 17 4 701556965
55 3 14 838926413
58 52 1 520626110
2 43 5 910858552
60 51 3 226667698
3 33 1 572621244
60 34 13 387530958
24 53 12 381746247
17 65 2 603002079
53 24 5 771016629
47 58 7 394029088
47 20 0 521873542
22 10 18 905172997
55 59 7 968233434
20 7 14 283355506
64 43 4 792389542
6 62 16 610858613
32 16 5 151031826
46 1 18 552199555
14 59 0 606051849
2 35 8 703826239
36 38 1 651494696
42 40 6 440113167
20 5 1 697802472
33 35 4 545177869
41 37 5 494096061
47 53 5 190038242
43 20 11 295971402
9 38 1 459128634
60 25 15 508887802
43 8 7 758687034
39 40 5 993776931
37 30 18 244850071
6 31 9 807171970
3 30 17 373793339
14 15 10 81275605
38 48 15 816647426
55 39 16 79352355
42 28 0 958233620
44 37 20 114118873
27 14 2 940319584
16 57 0 794203957
4 24 8 894408130
3 28 19 655744106
52 27 20 966806100
38 16 20 46148425
46 16 4 672192797
14 68 20 453068506
20 39 7 556238292
31 20 0 807230511
32 40 8 490090365
23 46 2 148137413
52 46 2 564888063
2 44 8 26388748
29 11 9 131379448
24 52 6 331124586
42 9 12 280768683
29 20 10 223626423
20 31 18 871879096
1 15 13 68847129
64 34 8 173450804
22 35 14 301821604
43 22 7 820602127
29 14 11 267853303
15 2 7 43695008
60 8 12 938446760
38 63 11 605081450
54 40 10 260129155
70 45 18 929992935
2 35 8 861034000
1 14 15 794048148
54 59 5 691638048
23 11 6 212150181
52 41 17 110524898
5 37 4 28756202
62 15 18 34563564
10 43 16 268059116
37 26 19 222681007
55 59 6 547611956
62 44 12 498697752
24 58 6 744866061
14 32 8 202465415
44 29 7 72540673
7 61 10 486727176
45 31 9 942169177
47 69 20 312903674
47 48 17 796190524
18 63 12 595469252
35 12 4 754893146
14 34 0 146418062
57 18 14 71127064
2 69 15 549989018
49 19 5 810751164
35 39 15 12865796
60 18 15 313084249
55 6 10 147066355
44 43 19 110501517
58 13 16 255908484
45 38 1 427067860
59 28 12 430847814
54 21 10 870941836
39 40 5 598373355
51 40 6 891892194
20 43 10 925788065
69 10 3 785655182
64 17 2 265902028
52 42 3 141382284
51 24 9 682600894
48 17 2 709304699
31 21 15 367180162
1 10 14 347688208
63 38 18 54916510
15 23 6 506608546
29 56 13 487143907
46 40 5 223222184
21 19 9 768610931
45 15 10 622839410
17 3 6 3395813
27 8 20 495790960
28 50 14 992652565
54 29 8 762474569
66 57 14 163264885
48 26 4 897766296
54 53 2 568317958
46 3 11 417578526
70 19 12 684911573
38 41 9 919910690
4 70 3 74508554
13 69 6 187818072
23 60 1 660025397
52 23 17 378406170
70 4 0 595168324
58 2 18 130723859
56 11 3 823163868
41 19 9 339388867
62 58 0 407991896
70 62 13 110281222
59 4 18 716032756
33 22 2 821074979
34 59 20 264078644
62 14 20 17088271
49 20 3 62180323
44 41 19 842876341
49 3 15 182597662
56 67 10 335129128
45 9 1 988167667
69 27 17 881600897
15 27 1 135491352
40 14 10 954559505
36 29 16 793987600
28 56 19 501048250
40 36 20 344965518
48 66 1 933366985
2 28 18 671272774
56 45 10 141390684
30 58 5 696021546
41 26 3 667514686
5 45 13 925350678
29 33 3 905564825
30 33 17 798312203
3 8 16 685671417
39 60 15 48920073
23 58 4 161077759
59 1 11 74259309
11 68 16 181994858
29 50 7 354831845
39 2 6 330726304
43 19 4 896025139
6 59 20 49702661
55 52 17 595536399
30 4 11 542163857
68 24 6 980225270
18 56 20 334518141
22 21 19 929837505
57 15 13 695401833
60 11 6 118176952
12 62 10 804768333
53 31 9 682016072
18 29 14 771522738
52 26 11 89449736
62 43 5 886038493
65 6 13 196074452
23 9 2 58659445
29 20 18 87333824
26 25 1 89771158
17 55 0 57928086
55 21 2 776291762
52 24 18 440556953
38 48 6 102958316
33 13 6 511696988
60 68 10 191690750
50 11 10 63673294
2 19 14 876525140
65 19 20 376663481
18 14 10 61036214
8 16 20 751443656
46 50 11 972900246
