500 1710
262 470 457523988 431224668
462 168 865918279 251923526
104 322 171999639 302452694
194 416 864569430 564775311
265 217 365810267 854224778
41 121 974894707 553222955
220 165 200076553 62032931
476 308 380071474 604556560
109 257 683257174 197360913
383 297 157893644 380982034
466 129 604090644 199788479
476 136 526334119 855713673
113 490 135590855 961644776
52 271 187971862 396459064
99 323 70510504 962557912
156 113 204168741 878514215
444 70 419589018 151118689
31 433 550667643 949679985
388 361 749423558 521666063
478 33 322301947 762771367
293 101 944797255 277453389
235 289 209696028 749577158
292 249 590733121 607068915
377 425 391667305 843976675
412 50 387869550 54184638
131 2 838101282 787036500
447 426 48539807 611697582
215 188 344378410 893713760
415 360 829161480 16078575
134 491 338986169 279842393
81 472 58932039 906477261
466 405 443528346 450341715
386 459 973009920 586739274
335 492 597997795 605032471
265 392 910805917 135717362
90 443 952548715 291086852
195 93 184111174 52890860
495 204 367298752 125297455
274 383 242448438 915189596
304 258 666537626 713958932
450 100 449279744 799093673
13 35 204079993 933319131
320 217 0 591692627
468 113 845137369 19412498
355 157 338890911 75295785
383 205 341920655 778142823
189 353 80642046 20519487
162 317 859199062 42528161
202 340 45509070 263264188
227 9 702500196 443027559
231 428 943053776 468004173
411 141 915777290 138818373
218 354 620093164 643517365
467 129 922460756 799902023
465 404 949779999 358124012
34 340 292683783 816092517
111 317 247774935 452201072
85 215 473298777 212296813
442 408 416412148 669931448
123 155 164764025 691710307
415 193 473237798 691664627
357 478 800916262 928005873
462 126 411127513 30528555
282 227 781314543 31844173
260 290 680314133 222571224
352 203 476562407 716630520
193 1 269541816 292294950
131 446 686109866 650455801
310 64 434440496 495159894
333 164 859804456 64765031
226 279 873853782 292068134
454 115 439694094 88388801
4 434 101350222 472523938
460 58 700529414 666384377
135 47 7362886 168195135
35 291 804044431 793259022
167 94 942978677 109290064
395 498 931107114 827370926
334 98 28355368 4779519
159 38 159378429 206968338
187 104 702685032 662294280
169 154 973490849 806412924
423 500 516807272 945300309
330 424 672409123 32841162
466 352 967419300 164283960
81 163 980509294 158503199
461 139 943336764 262180525
417 187 854805791 864131525
126 171 982335415 214061110
183 396 105107239 578391401
291 74 211042049 664833581
273 230 788505376 64906122
467 105 804848875 838507636
289 317 699799778 64656286
309 204 404966063 343706312
278 119 480423459 835536563
429 13 656228449 955215825
267 427 897843220 213532261
92 129 819413080 165992352
151 100 766836922 562226452
130 166 605604462 721519766
400 31 566653797 103221960
139 47 540532712 16344781
420 173 235013851 824595080
333 355 39284547 688846932
414 139 161666411 930543989
209 478 404323019 244632929
445 206 44614822 88503907
238 94 350123271 22583064
293 332 484649471 573400036
113 35 564940379 96993376
391 449 823608866 16200860
112 152 732211162 841955804
191 272 766211545 907499792
22 369 187542085 50707233
304 164 710767328 34746293
168 20 12283387 7264368
158 377 175694248 210583463
273 419 645052045 711692237
359 375 314255490 349872915
426 240 840178459 735760934
353 445 69809383 210675807
216 176 992025548 678484944
30 89 853827657 282792818
80 56 841638049 998508294
472 477 458691517 139919993
453 382 736378609 962186110
113 331 669755729 702919662
208 267 761967604 400866350
489 224 411607616 39023551
206 140 390713770 861253732
488 238 321290751 494750879
171 368 635890983 565402025
127 231 51056957 332624810
155 150 218852904 23310847
223 153 728789859 866445902
389 489 989288266 165599220
349 32 209771808 31901825
305 54 921715117 169248643
196 346 337088482 309928335
316 443 11263566 852508710
69 370 693999774 486764033
300 246 633411707 1940902
474 459 94009843 419653176
25 427 931652474 845078029
324 268 914303978 721243853
338 323 192967825 309663334
188 311 114083570 764562656
473 444 806041219 706785019
245 266 918418119 84290727
241 158 381544181 808966293
241 72 304818010 46047938
406 115 609243770 113024229
101 227 731991989 133225697
129 444 703470401 726779857
117 152 661641195 96477917
108 460 721298752 470213290
297 462 813506879 354444243
226 402 406915380 440844103
41 134 115245510 969868837
491 420 299239395 595301256
271 240 541194734 451990096
373 484 318516810 825730053
105 342 81605452 719127190
387 405 746268715 960181797
481 107 841384278 563001255
260 57 639008590 741396447
174 329 491281413 996799139
444 94 18165465 53748832
258 27 212684212 943419402
364 372 647034636 248118834
143 468 18451611 734242607
428 146 291124736 745584604
3 287 20586589 497264678
493 192 861863971 795775402
347 203 638451566 830132817
352 69 122424911 94743112
419 309 860859802 887202540
12 389 908156428 302149820
364 185 388054383 150068018
44 363 657586393 46621546
375 311 928331120 890906315
369 376 802644946 559617660
426 425 684213270 439510694
105 8 787716607 26040621
469 133 347092040 185211671
179 176 947189531 164226769
385 371 494762375 830830673
272 37 794205871 403840662
2 43 641930588 847035367
350 212 249978003 382002703
110 481 146545233 699444609
399 380 233694763 670769066
299 421 566099177 706939466
86 5 232172013 480017243
202 201 860541027 271672253
381 147 29277817 236566937
89 57 631069992 258234338
244 345 401275477 576592260
53 68 524441432 305148228
84 480 756495425 842902445
277 47 449163060 100592889
133 198 688090362 836751745
80 101 81448212 388737137
288 364 903534990 631288134
286 303 827965194 109104358
193 78 565100955 205436102
437 113 854058778 747220505
379 278 929905529 929509315
269 272 234548181 268247993
408 4 569853248 138785126
173 496 974626164 343000684
69 382 266704417 360568614
396 277 256964499 481059143
285 262 76420592 546564195
291 157 646316955 473896223
5 117 145236126 343373764
151 165 472667751 363976124
296 238 316882404 837445389
435 391 612016931 347954738
320 307 280014269 785472203
308 43 291006657 634911481
21 384 235441226 783287216
32 500 811554930 500795780
459 77 474448279 258322131
261 398 405665168 283224916
215 173 868895134 800257641
177 57 661339710 929100384
40 233 524256978 552473691
263 221 231607942 160743257
395 438 775387033 891613518
242 48 972147654 493690241
381 272 858107504 804832611
431 480 254105977 781737795
330 156 871726372 58399485
31 407 351609496 958128167
169 308 80013064 403073359
462 428 106865646 530685907
336 148 116325335 520021251
358 458 362353699 651337301
461 70 732917633 401355382
486 225 655111086 723255979
223 176 723085185 996199321
186 26 45288027 48092408
111 261 313394214 279489523
75 33 829520991 701941935
484 127 960100513 138781978
401 160 668532154 227537283
279 6 637281835 927007050
116 342 564570349 536974489
329 317 441412480 373048030
480 486 796181966 674615620
146 425 801679348 66885092
75 437 456293341 441022112
116 140 564521387 844227925
244 164 415883301 451679390
55 453 724165688 216272831
165 453 804608978 957426628
462 183 536115043 453337117
307 332 383505370 161734364
344 243 618230667 729580410
465 188 624683317 76454137
46 184 872026134 638258870
181 269 188886250 882121109
225 130 458652422 516193195
50 345 40037072 967291547
115 416 731428491 167727199
132 402 792658487 87934927
483 271 164980882 602755547
167 184 715452270 876705058
117 469 489193654 986344402
492 236 493619579 758089557
397 462 608850991 371990029
124 139 784250692 383254178
457 477 711744756 572855800
239 402 307501433 14004045
498 385 846453030 3203700
400 273 604698785 554867888
188 307 25517057 675119691
437 322 12775839 160271049
212 295 445640498 394948089
338 167 57825741 7960465
315 235 353612976 860702668
88 380 163021196 510727919
42 428 199592488 747063452
278 143 65853224 700845935
29 131 975425120 84514814
321 268 901068442 608179030
203 374 363020230 473173550
410 444 852581306 665694855
314 459 602401124 346930434
238 500 591774729 230857415
66 263 736874832 995367408
416 277 954538081 727740953
221 17 514795425 495895249
112 94 902496347 152698299
209 411 540592696 35617353
471 75 664125122 21617026
447 350 203073803 548188153
73 457 43778199 317477498
449 173 667028049 966201440
392 459 252608253 857369156
307 256 910187763 974286148
324 262 518849369 183467449
500 458 282704482 635867272
311 148 95062459 646498901
69 183 56460090 439570772
13 280 648202393 74318236
496 449 355735778 675807456
112 96 522432868 840424520
315 420 298186174 240129937
317 400 638236047 781834155
126 278 533816135 282337068
46 439 666288232 839338422
349 280 758785988 364591975
55 36 829366303 534947876
176 12 394421070 146138940
205 82 219396904 141746073
337 9 568236031 674185432
249 76 178381632 370773980
27 426 467803291 164020872
198 81 122500968 218133333
131 428 773045773 292347412
442 384 83695457 534336653
398 4 586987598 627728530
461 396 643468457 916276210
259 8 714452405 363875321
139 8 243997483 286456468
325 440 738851547 725998979
192 179 678053043 655200425
459 234 703561054 376300526
499 181 728760338 886153338
441 112 98898090 320890273
270 85 394953554 745223448
168 140 861421672 686476979
2 270 132844839 178457230
171 221 922187922 81865340
430 274 463852346 201137678
488 76 969433441 35045665
241 482 148629329 704007080
61 33 505987572 498403604
377 81 118050238 596794972
477 447 729140923 950528246
485 247 921507739 983064552
6 379 194302866 582843164
235 342 611174512 473465725
125 140 64136427 728802458
153 152 333294145 413931366
106 139 4247527 971017235
267 29 465751650 255597977
334 450 227500061 725976862
152 297 930959254 971226269
228 408 162454966 992170928
433 168 220387290 884838776
473 100 703169357 392971121
387 348 879554419 563849463
45 422 993551133 135962327
445 464 348425079 396616623
116 394 838895331 645678023
183 10 318438230 442793292
122 452 621287243 660710018
37 444 442017073 403000842
488 487 203413613 704908092
13 243 126961104 757958215
276 449 27339893 757623280
23 295 9547488 154854912
459 295 688676170 603599173
70 327 166710407 142772000
158 93 339036880 826244155
500 348 445298559 313313584
172 419 682509064 45952350
425 496 547452276 535425853
18 1 719692235 387481211
88 464 813785314 974002020
427 387 86827433 217977191
152 397 158159672 38348420
450 87 632996693 910256633
90 149 325091960 372380159
229 474 605940201 128645313
440 228 678238493 854563781
282 178 77150581 775911067
69 238 230661578 850407159
298 142 953630266 704659250
447 134 120429878 348776695
112 424 352717782 205558176
43 16 866319929 217196861
104 19 810088351 811530020
336 26 562036000 146250694
226 25 525131000 207605015
368 376 80935779 113362905
217 52 134446075 962471343
254 466 548759131 940967469
426 478 525871535 980347772
286 231 460140598 826894033
149 399 573936895 761092895
441 272 344939808 516928061
73 222 653205819 322795359
120 442 992835856 120333638
111 324 937594709 589475993
127 232 342332938 398137025
365 12 595165533 594890843
110 492 436280983 702093117
219 247 620985693 768832251
353 264 649472194 980120683
422 5 600099620 594465104
285 347 527713265 646024289
249 279 419044304 581574467
496 427 774182477 625019882
358 13 643920377 185642017
178 239 639292813 427515146
491 468 754124202 566309409
425 16 835110956 33253938
232 176 195658447 284332741
455 91 704333698 37173155
302 106 244483189 715881971
112 228 230774343 111346523
177 341 6303923 157202172
333 60 990433387 58668226
24 137 160078293 579648614
136 487 56190318 87183180
16 72 679152393 279119753
275 105 776444324 4768438
106 212 688714413 340323343
178 295 336149550 938216748
345 73 536501079 570447484
28 250 750464855 854906710
353 58 886131149 111409359
219 72 634942198 462036429
173 35 779048817 400930340
296 253 303231304 794633003
24 34 29434654 558448664
135 29 69046802 792770764
77 114 166241967 889654012
435 70 168859255 790039741
140 126 61859377 774045082
213 500 571277087 132426079
331 206 532977485 149065341
357 320 813961627 888183311
6 245 0 702227980
467 194 951275215 512857127
370 463 196019561 726852461
52 120 508788193 653611203
485 203 581614776 632790403
131 177 882091307 840715742
120 114 374775901 234953681
91 5 859015591 313623315
477 7 437109638 948479333
110 35 334014721 694124980
500 393 910780023 777943723
438 424 465836789 981361378
139 124 57173609 325187511
52 73 156129860 712196382
395 429 565132418 947111604
429 497 26001210 972744009
192 467 840341976 846431752
439 394 841505827 62564235
206 268 250966034 955188387
1 323 147447558 788086078
86 183 26183196 893276306
3 204 872179471 324820694
209 126 47799110 600794909
252 55 185749237 830159186
215 96 611528824 99094904
118 466 237409663 188525513
63 146 749019544 680455391
402 427 87016575 161725363
154 218 45732354 33229110
194 434 38186297 189791704
62 259 472388157 788974016
191 34 679697873 205536861
343 199 769548347 437276028
41 487 224473586 698354962
486 400 435077426 17591040
11 462 491277743 428914918
390 111 997672541 640012898
25 467 45119041 753805023
291 482 332975560 300314525
339 345 469982412 60672907
493 117 754973688 950308674
146 72 976786510 208246667
215 350 870826179 115192489
18 27 508047812 18573421
452 334 572678995 600611704
36 452 614520072 149459522
346 62 829885513 610397459
195 64 244065732 751121922
63 388 911981150 963346019
439 381 486281230 758878134
422 288 271700480 28443156
4 338 636161026 255514956
89 156 693573307 359957594
251 354 400416811 988960467
288 170 883830473 785926467
149 469 820813225 597761407
302 439 604806342 863270520
20 398 598940238 827812477
128 419 303909040 548922940
459 108 619868435 960702868
196 286 646121014 859699413
389 164 871645883 960526706
404 67 175296115 715106695
217 284 623573612 619202657
327 289 627087969 836617836
3 258 98745877 372428149
144 327 345023784 595806793
190 394 888820050 597894379
467 50 271541179 917928595
420 29 338913085 879793017
449 197 185191795 425285066
150 294 685566605 856033811
178 481 385803015 416815584
287 35 517104688 244112840
306 498 876162209 395230242
324 257 303442707 852043137
185 287 733353113 504456938
347 245 863492323 951625491
131 154 308552195 979710760
324 58 11272879 966332479
289 6 462892192 203429901
247 213 408838483 418364212
387 33 549281935 553297883
215 178 154697767 914321126
440 417 382049176 579273459
346 435 307702686 844017344
402 230 5774692 26633363
341 190 643644107 892887415
30 424 85540675 117242483
28 460 236445146 334229475
447 194 883484925 232308516
410 162 187214989 607061501
189 270 180008080 22599463
208 232 346881170 319450824
467 233 588964614 545735498
351 80 592342724 915768941
1 358 778602049 597115169
169 212 39788659 837179022
149 273 876405520 979063011
496 456 15984018 3615961
467 320 279140917 333680971
457 62 37406058 801518075
74 383 282479365 586567540
65 270 691767399 330505488
156 146 704687970 891146698
400 131 84694946 140638273
361 461 423620125 781493408
199 443 621051164 7779811
216 457 743420864 916956795
372 73 975512492 43483007
365 219 862105527 442868555
83 252 769974388 805766230
452 61 543221861 673077948
173 147 310115426 279046294
23 153 781373531 205627399
6 252 964438815 824750745
293 14 300263326 64351410
154 48 894220739 657856081
3 251 200407317 677848334
395 62 68037534 658189735
375 185 331250433 732108380
434 459 29304580 101965524
238 380 164823851 849237468
240 319 13388684 514428611
486 159 331742930 245307431
303 38 485280040 926173817
308 86 462570955 909880432
50 37 33988920 514340665
339 366 931715871 417071605
147 436 47746893 959810526
199 381 748288468 494082516
207 297 732587274 619519485
1 480 302999757 185855859
492 412 759973417 170161808
379 231 432402385 143304274
345 479 12847134 599254750
81 196 814637391 58784899
381 141 494027374 135269364
167 339 345294016 26441622
46 40 34341960 130663295
167 422 708271661 676963960
44 195 885946176 945337097
390 129 172795137 485433242
484 62 19514168 549903873
3 456 328635201 553770846
432 342 859424508 571532222
452 224 991134389 305457811
152 369 44561545 640702824
152 256 360024959 140658362
338 137 871633896 950543323
81 43 543691540 959244636
271 350 601560409 644480888
432 172 298629583 502114423
212 99 425402712 46401147
384 343 314713448 835349165
284 320 791853561 982856602
309 151 26026531 358624896
179 193 410498919 508589696
301 498 491823352 623378727
178 391 901205645 376811569
144 52 785495462 237037825
244 190 189467911 631313863
211 192 910685748 41533924
335 298 569356902 153669804
451 350 677429228 184729204
70 304 734670720 999583927
399 178 462278642 319157861
335 452 77954384 202791585
394 27 55533166 225816464
196 217 803977801 827583912
453 311 53816605 942753258
461 458 887080250 766285901
357 1 692435466 981258641
360 161 476805775 131481260
76 183 454003084 925091958
342 26 419673492 66705516
371 479 274366402 587011643
103 142 933231131 558929674
83 485 493138663 381008594
19 327 426048833 156855197
114 264 515037241 591026652
120 310 29130165 313047289
222 495 148322065 617319550
180 82 575558436 466758271
343 410 851459040 353005810
62 91 841982422 479294071
9 152 658696638 804114305
312 92 976097003 529381645
386 3 152211198 614603596
13 74 699368146 412534392
457 438 884450671 299582526
220 125 839637086 809394897
26 177 840501744 817154764
393 357 869342152 206478243
290 179 41661250 430303094
455 43 570787030 515591652
191 461 469707404 131407584
295 408 483658540 503483224
301 403 593300534 747940879
370 313 733877405 386919207
497 116 590952646 656007221
290 478 123613763 220326575
264 464 578475276 865858584
125 168 479460418 430359468
244 353 132310974 162277490
332 269 300234412 726807443
225 210 67812706 726137718
484 12 915500290 281000610
412 388 241544545 830176181
97 73 41586678 505724182
95 492 153869269 776786653
164 277 113932411 247047138
249 267 237042931 588823379
315 111 528524097 538904377
457 196 191408126 496845853
228 47 183726368 701978786
236 340 52059659 816420482
428 238 512751919 182679718
262 253 686811070 170145726
5 302 345068670 301681363
246 95 740135896 646742409
443 357 592958263 107887412
158 96 583462918 976024098
156 121 297222213 903261373
57 110 710602347 469686544
103 353 856261185 233912557
48 414 128053548 563842335
99 387 787865644 704077277
28 370 997882248 857158026
232 46 676975701 894008630
455 173 915010486 308919514
101 292 451758019 198520233
69 423 600942816 319613392
436 91 657198542 137061446
175 7 300024159 155444478
392 22 393736307 294873115
72 126 261111820 106957501
433 276 50069235 573178735
153 11 101861316 901428788
185 79 193156796 435316521
160 380 298195119 337776668
300 391 461325645 837890241
128 234 968442991 764856098
494 190 138782195 372748480
389 157 356251662 877473547
83 261 106998749 372794499
409 123 713839383 567703615
172 383 419239248 735731230
392 37 86376955 966174222
323 274 114372605 585568037
475 80 199739657 87416712
113 56 693283201 305860040
32 237 101787922 606837470
290 141 156952955 171129922
231 130 96069015 216257759
218 318 956635528 189361045
14 83 33554206 2645906
392 230 319723258 721340441
434 105 239016509 972953741
478 332 772109474 739867761
23 422 762389704 136385701
100 33 113296975 143227627
338 138 360480250 42745301
484 410 852433709 85635476
65 143 996158386 839611851
2 415 717860311 276006193
458 442 918385739 940859955
149 64 526745364 620957994
413 250 858347389 949668253
453 355 106810536 465504198
49 252 836154377 847797591
88 114 338985631 835573752
315 109 965429184 663543022
141 483 916799364 704100908
423 29 778291821 517844549
459 51 528229293 327752641
209 500 482935 693715531
108 184 258540476 688522512
254 433 497166487 686765305
499 227 444465736 216466703
79 142 139140140 452155183
341 261 226445374 726263489
236 293 545090201 374440291
290 248 591178179 612192053
445 167 647034289 378563433
334 114 441734034 801275266
341 5 651023819 886999428
10 154 535389429 752620569
311 472 685998773 765993300
101 320 807709903 917104322
290 496 470925386 209053544
367 386 35156764 986302458
473 287 688417734 907458802
475 90 232516814 424461264
218 11 393447246 430501973
160 433 978060761 74950807
445 443 8340197 61297549
481 43 571084783 194267936
373 233 849582392 807746796
373 437 88142100 407385045
121 422 954666316 360939193
35 138 585370881 401300000
217 198 959132676 951868767
492 239 551745711 256988801
410 403 576191292 541467550
371 497 713542232 290045544
13 306 241067224 554540518
154 336 541659325 942136177
345 437 631349302 381852719
79 365 87789885 650709258
254 137 701818646 800839419
4 226 993323438 181585303
198 69 411705184 790390132
128 445 739818733 418890228
351 82 243786308 75600561
306 171 494345597 955419750
434 420 233546514 613225859
166 384 639150176 908615708
155 131 454719685 732633561
401 75 749792359 587301836
393 24 28211651 886034644
213 428 85881849 267662400
259 441 390294134 286335344
396 78 80770307 885551828
81 229 98800309 162805570
94 154 565272206 339051469
172 80 110420415 661197811
311 458 310668647 963364939
204 406 944032741 639404474
263 154 237730985 430769832
369 245 786518958 732292023
135 497 6712610 904922097
446 2 364899341 213387084
424 447 538617770 434980536
313 261 978306924 395926913
483 238 655928028 852490732
15 305 460471218 33649073
372 479 170880088 964044160
384 47 290625793 812615771
451 489 459361910 135131135
305 113 878932328 450391025
377 96 351319686 338928000
144 414 856630615 839966365
323 60 230371081 512086579
136 413 43987756 692176038
232 305 245687666 620150145
285 133 788691340 640360465
32 489 919770323 429195148
285 138 69809288 927753136
218 326 607528180 793703625
133 62 940726408 506513127
399 332 106788559 601949529
357 410 227570150 128590649
77 107 662457519 934300405
395 29 831743090 587015185
7 149 834139806 189046636
345 305 346448285 855275203
244 424 333483166 298897225
237 121 324136142 259465067
284 344 729570251 307655399
494 487 282207046 323240033
16 292 122627681 179568187
39 60 973327556 45114462
347 490 847466657 142462815
171 360 835216418 617519223
365 241 337789114 8785913
286 181 267950197 784258936
115 31 258950139 681975050
62 131 974950909 850639260
323 116 102856915 307638196
388 411 425200696 600132709
20 24 367161897 100694871
452 416 792242174 636948270
401 201 796149233 202160307
15 132 35200396 67012650
114 330 687589917 733915814
136 382 146664663 367622507
476 336 64782796 157543861
479 386 165538880 473857433
414 265 407937598 950132442
156 376 78062906 61439735
291 280 885582959 793471314
9 6 0 241304167
480 413 437684061 905401627
245 85 379143637 175713269
236 381 762424097 157110289
191 305 649660813 475452339
207 500 88599915 255838107
9 127 777339023 275797866
179 440 321252541 682426185
52 7 68810482 125012715
207 117 542149416 964079512
377 267 338457877 347630676
444 418 9533054 394907264
474 265 110810679 290033221
91 439 74133832 821209812
65 417 5239847 566860756
286 374 133809653 41156104
219 235 575521536 947952181
448 187 76141431 781108503
111 420 377041330 812749254
3 103 843181531 591220013
481 303 243090396 440436127
256 96 694303091 116626655
284 189 706708534 224439505
283 355 686855614 918407081
302 90 405037199 900467790
460 372 981327920 833061401
254 379 689908637 516215504
50 334 984141734 79792853
256 281 859970017 544359307
317 142 976966575 611435577
487 163 865837752 342672846
422 269 558357594 179574949
274 171 980244566 75640394
284 437 501167071 904174188
249 378 75325705 934626895
56 290 273252306 341882986
224 399 710883047 353229164
97 298 333757136 538737592
389 347 651188808 831271517
172 49 58684222 73797994
75 175 955209421 524977578
319 62 784255259 729207286
253 56 243270897 592830431
478 485 556585470 68480390
225 253 343818692 432386837
267 364 567884841 164490588
443 61 126569645 449727639
22 317 401134655 124934326
248 141 921083962 373748837
414 425 30008661 579525023
31 269 382855963 409112044
382 58 38128683 185048761
47 448 583813147 526143159
24 231 9956541 241576540
200 141 167980937 362315190
70 131 907997487 710665600
209 358 633348371 720652098
476 166 129854106 631561959
224 20 375400912 157149102
5 117 111085170 389800743
195 199 681426339 178665718
237 312 343548267 349946784
144 340 242091459 319817729
266 248 299404828 563512751
442 367 897299525 874068755
50 349 377731564 489211985
216 406 890246834 929441438
204 200 748207969 23505982
122 73 274080690 64791551
480 58 378243214 956524502
166 117 959758336 877444592
471 358 210124975 80811605
366 206 423587351 36080190
148 452 186961609 473490628
382 159 864938535 527470952
351 498 347120303 355358143
48 123 703212653 439421173
141 86 657345304 712274552
499 325 270703696 432785493
71 359 653866005 944228436
383 53 216409084 171077544
105 409 240366848 791601370
485 391 339232308 261455029
56 23 46413461 283766904
193 147 43827816 883784915
187 441 83631181 78685156
9 101 731464934 24453229
247 457 716430497 513541181
417 165 956745521 962129443
473 299 783402460 465126299
191 340 924057754 522447414
68 3 960021204 501605350
98 498 404076815 685927120
359 95 156403198 611669654
474 116 527802758 145851619
210 314 683251754 873963470
95 247 422838936 827069986
177 173 521791040 584079104
317 359 942489802 309413286
195 469 468918083 710665934
69 173 224372708 897535316
273 109 309598086 896987854
195 52 2398477 913999537
443 7 770254521 960191313
445 320 10380021 741749928
165 468 760780675 237967124
84 112 251594868 398979135
374 155 580711872 891111344
165 173 736766518 113426340
15 34 242610409 527082834
183 102 88916234 906927803
87 166 637829482 452847190
472 203 496791552 545911482
222 330 984569947 63464849
215 218 40347356 486104576
472 489 457702557 525528603
233 26 495943355 798147984
79 491 153880096 558063065
7 380 876001257 766424951
58 276 324935588 117503183
415 305 650495955 717469865
297 388 248979981 770914764
351 497 27289357 206011577
57 258 311484476 964563236
420 34 357099019 640600219
138 165 972335428 205981039
263 259 465090712 758413054
407 327 924055144 143463657
148 165 455514206 645962567
81 92 825487042 538838727
53 355 732267902 80314707
314 458 37737349 938689703
166 138 925840630 942962441
69 81 871052955 956829575
476 33 435393585 306120839
68 130 726480442 624475242
228 242 148546309 626275386
409 324 439671462 810248414
442 493 514115461 945863280
375 103 597565048 533528451
479 67 827435782 653641828
358 197 507219476 499116210
282 338 276683946 144155915
94 121 401751819 592538226
54 280 974480049 923795509
323 317 394029387 741754622
219 443 537056091 197251145
260 283 280730224 71145576
422 313 361513455 130001176
270 468 222656406 220436663
122 453 396513270 99947204
239 375 157520601 690869546
27 59 955137228 818345014
232 246 122022504 859280304
85 194 446853874 530791333
334 221 735926827 137373199
371 114 702367043 555641101
196 405 488731864 221595786
379 52 589094101 639857468
185 440 251172333 238441458
25 423 143368686 880931033
468 87 637696979 450585844
372 8 603334513 364874410
9 341 196178733 701659636
248 105 564731825 988166018
411 459 934862122 215880510
255 389 352100607 714791279
266 296 984988142 513499039
127 146 336907773 999266702
393 276 946520150 86926570
214 407 782630870 217447949
32 151 107179709 776295802
444 458 952352904 645679775
304 260 419586755 979125822
479 241 228474354 531871039
429 492 506089563 18656343
443 349 541353439 354764965
378 385 950410425 468178839
212 393 477252319 689831901
256 438 143885912 972363698
239 345 718736956 311791422
369 14 245895717 134316278
287 12 915409239 548742865
466 500 494573813 817682318
320 36 707381416 928769407
133 48 406870748 216733833
492 209 453100300 3165372
457 119 315893920 188547403
452 443 998042127 50159763
81 343 518999375 302770315
226 125 519861677 914598630
449 437 263643048 600074825
391 429 365652279 906220610
450 462 73764352 723419150
356 15 576264920 409944716
438 175 9545408 521627202
181 370 800934711 29825182
311 121 600203354 758917684
189 91 203412631 654444426
192 191 221640434 973826688
45 84 597325886 563797066
51 130 222639429 117154376
232 176 45218124 541358856
479 470 95254754 701780415
494 318 317538580 888847650
336 172 986804904 226430301
323 321 26873047 614089458
89 398 538900819 430130263
13 124 991451351 982962090
48 239 110757422 335424357
262 452 689457164 267699110
100 293 495913689 951767520
492 288 400094496 984168227
68 451 462399764 626679270
201 170 815376610 636907967
13 77 140486639 426420226
319 465 822758335 920851710
311 22 4827495 266690204
65 349 992593131 5214624
488 23 741581198 719911859
185 301 862044452 311072980
412 303 174833623 354648187
422 12 697355398 443105232
208 23 988187664 469571798
35 6 845106374 105316980
197 405 880939856 695215763
212 1 100186681 380820612
109 76 303267475 827277766
299 149 152465686 570199458
380 451 736315661 290655906
352 493 4296332 86529908
388 306 223908995 35821558
304 197 81628808 871015555
74 3 151247027 951956838
231 24 816508291 597400805
50 93 144577061 449842950
460 54 363921542 559399553
66 85 83623409 571553959
251 216 704179806 827835652
87 144 353065912 884458268
138 360 223096415 111378828
181 258 542548562 543303446
367 166 153039867 234778151
342 385 360293955 757549475
106 14 77149813 115009566
117 198 839178329 567481442
102 450 431448212 502811663
334 259 994058996 330460947
375 471 364521019 9463106
452 285 935064882 602485132
363 183 887466499 144611573
9 290 925238061 976330253
173 375 891415849 52485440
65 366 68692553 384620319
495 57 679180506 104295663
441 153 731720457 51529809
360 245 0 889402333
433 276 325767589 261526036
62 387 76007791 10014209
422 254 645918910 570433409
43 173 26273677 769672174
481 463 549721660 980759877
37 216 540409691 105893724
211 353 469279867 96886998
8 434 673932696 213205496
482 345 693395970 902361496
430 377 259721394 328243054
445 436 9836441 181754804
16 102 658593852 205976464
489 255 18028430 959612416
182 141 819324228 431846919
490 9 701683715 505705923
292 402 453515605 832537053
477 396 409094258 558518914
73 187 28863586 88633583
183 112 257979486 630860402
286 118 911059211 274407882
433 223 424715006 909777150
176 495 40291646 471529869
46 28 931249659 931904236
200 23 629738201 786818924
13 426 773007677 535782487
276 241 711689220 577201687
102 237 796117682 473722669
260 156 788597596 89000762
353 464 397823648 8704813
238 180 821596863 76136603
203 488 489175215 307478704
250 170 144320623 365808478
454 252 943009086 957624330
70 265 690996727 926747094
25 153 390373349 36862582
192 387 166194076 120406804
35 4 879444425 466626314
412 32 140638357 521132860
360 356 965544775 829962958
378 319 390288591 454491459
38 331 986144791 420049935
87 95 249078912 177613561
340 425 467276757 959723146
162 244 271184992 377296450
381 270 227025154 81819901
276 87 189331339 425111981
232 8 555098842 439695528
49 245 798445008 459322399
100 134 355879088 993774828
32 291 536751649 648985216
283 274 984467739 887659223
239 394 989748749 457119659
254 342 674345024 792760015
431 171 983624809 461981725
371 291 501110242 292227305
223 22 318540123 311041688
308 407 264709206 374553098
491 189 755501406 361217195
99 20 352948569 244824272
102 23 640216995 932762813
355 307 648410923 873564241
132 391 450597510 874745630
228 182 491167792 437048847
416 249 887258406 766881245
97 379 848350166 369297823
228 327 856933918 696604982
350 110 219707352 237352902
156 270 125846571 828086128
288 134 257730013 182448784
255 212 933078406 430875663
190 26 646025477 351269003
239 105 696247764 827363678
270 162 292814057 449910540
331 122 430225906 706314571
144 52 648799573 281197720
468 428 891272978 824285601
148 311 511221874 51917894
143 286 253350809 222171743
64 307 379186191 344135945
58 370 106068695 633018352
421 157 506826916 660662073
69 35 272674381 197953054
24 402 430344023 812053338
222 163 477384067 305050431
104 362 297330848 862449390
173 483 117284375 521716219
48 312 280271338 61535854
42 294 211843534 292796262
411 231 958449297 696987297
242 159 980343294 52069116
145 453 532568585 131734770
494 318 892745467 288177136
103 127 637492761 45945461
153 392 900034777 47020309
283 252 319062559 842464231
244 97 871733407 892081157
292 406 436320748 343125164
462 27 559813004 722886926
30 494 280314303 131810863
110 362 372526930 300482562
373 156 414570062 210066343
68 134 368003831 429979844
399 308 797905376 602758623
281 313 279108931 348587907
357 96 215851253 926155109
47 428 706665049 682704481
290 192 642759548 754582990
362 449 665214596 769053638
329 464 16211406 606340919
425 355 512707750 439954448
293 342 417378283 213727179
126 170 353525513 598500774
6 403 292537062 715485369
492 222 454495969 626695983
156 102 789820277 38347697
348 338 529858538 359056886
120 497 838547614 183484572
3 184 508492347 689877760
328 79 350539723 518585507
45 307 963312649 411028595
278 163 139905112 561353120
398 2 766884944 667409050
445 182 143416745 404952466
202 418 323191918 487602371
30 397 532055371 342085814
193 143 661104930 10771347
336 184 327347318 326277571
322 124 228029799 947584090
427 487 557959915 900166081
341 350 802898919 514548917
173 164 944840509 422111231
271 210 295286787 247949623
381 419 349039063 101897508
324 390 43509729 469609620
172 420 621853037 372646579
225 458 992111994 704195635
351 341 797932868 588066084
478 23 525475594 321794338
459 175 491254802 374952971
148 81 606422678 724963407
135 54 726304054 602638154
317 320 0 338581551
489 264 209163029 582479361
427 338 850787305 219826453
433 409 226375470 695599208
56 172 430784422 49464547
82 33 899170951 647164762
301 39 555709049 66683309
106 228 666100224 239538766
26 397 111533486 277329025
419 248 843730451 175603297
427 414 75169436 867467291
414 378 722664364 609678015
20 499 640024680 698236822
263 29 238347564 227290272
353 406 988364021 574702077
454 196 990551268 175383355
250 23 341763666 107565246
184 408 911965769 15530295
177 233 145109783 339483177
52 84 523688014 892113263
376 355 633288187 101755081
466 255 294156971 199733686
405 271 966419301 554285297
262 356 522144129 557807037
300 491 475035230 601308586
332 39 79220395 843279087
476 408 906125989 889808813
374 158 187877754 963976519
456 13 333259020 570147853
9 406 613313230 943053366
245 459 183781941 582896660
298 296 534833338 894659508
304 220 66878355 708446913
413 329 815859811 192604778
293 361 798981550 496029645
236 481 124912961 509484831
426 390 573907542 277670128
254 491 14309989 336258863
487 108 214044255 149317749
374 423 480037540 57684888
119 388 982682248 500627012
106 448 947438997 415489638
475 327 284705952 967754914
415 35 663065237 708747230
397 460 433353429 861732794
4 225 425197372 158972017
31 85 387586393 721713724
490 264 172759103 278725821
347 424 130731339 807117594
266 86 808631607 765014374
7 261 205370130 500447439
403 163 403830002 559162180
217 231 0 311022305
394 150 222481266 878810050
125 205 906802591 598059669
40 68 571059036 386322269
53 261 708017174 261283736
397 415 489799112 300677776
172 131 296894554 917400240
135 262 767609538 845833975
118 37 981085852 335807091
430 352 664738486 664159513
133 444 496628527 689455896
388 319 330864706 9501945
339 163 280888532 871065723
235 348 737061897 35539260
134 392 301640275 535609618
454 41 259360569 30831136
209 318 39166981 553882687
175 364 687864395 396894604
296 435 825495262 704828244
348 391 616386870 401752023
317 133 72706660 291811849
346 288 868683330 568653382
456 291 88286510 338143790
241 360 683081154 472357203
438 44 849819157 932908393
351 7 489692362 117136727
142 102 783793066 523453006
93 138 721001330 504865426
389 254 357828106 67782683
323 213 501460652 587696183
370 160 179967089 137950263
182 440 245884756 544690410
409 215 345309492 880945849
348 215 365272701 222628622
97 201 509012362 504452862
474 430 42198273 646876261
297 23 367356121 710555956
46 47 534192375 948859224
214 212 487855436 96792412
111 436 741990223 98485939
124 347 135731138 875617674
477 91 360990704 987066582
99 162 291101822 154049532
480 365 444002806 905005414
87 88 86918478 228490190
102 331 63940891 25125080
302 364 886298052 764215847
325 31 202423670 657537811
393 86 358393503 608125644
471 364 661044019 272677154
22 44 513711138 590857912
48 184 430822059 129411311
51 26 933390183 368099864
399 137 176474190 990545692
449 270 222689770 871759811
471 149 32952666 274594023
473 8 89736998 883299998
146 29 192111374 877911946
349 342 824867907 635823282
328 348 953993124 778374921
360 269 108201646 173483575
141 323 785825099 282455080
28 68 500603492 349524185
304 385 438544609 975133827
374 382 766140215 581793532
455 106 115690491 469520518
325 273 612763943 136998075
150 317 820752855 225098749
74 326 952638898 893674960
130 236 609602659 785163457
180 389 293455212 225065309
279 327 946727336 359039972
254 433 828175923 464785831
154 340 223164127 326891426
134 35 866078739 903660633
101 263 642649800 751584141
26 305 326783622 565997399
350 104 348896511 51828556
114 218 663205385 291462506
495 359 58787441 26853291
348 191 866468925 106900363
41 372 374003307 260350265
403 209 337253370 972111312
88 100 141379048 756156827
192 390 455794499 347182695
450 115 421877536 602026823
326 470 173706700 183959553
127 92 503090434 647283796
31 465 808008899 549832855
167 389 739312551 568382992
351 432 102199351 165053204
139 80 634916829 604330789
76 167 889295563 399802203
137 13 516421180 618501514
243 394 349154733 235556401
471 170 995639988 532187098
455 151 890691246 759355748
464 334 305532695 190582757
196 30 765096697 451804861
497 13 209449430 631585254
412 136 958804787 459425107
269 407 627686340 191710505
411 364 127469873 831709175
344 282 667203279 33699541
100 136 843262377 268754535
191 21 111844442 36883748
245 298 699785922 922722200
188 429 316648767 537041956
499 9 444465736 506470977
281 261 879060297 509105471
413 455 370619071 154927193
247 423 384877037 228649088
299 377 340219334 960375472
421 219 905939510 261554955
356 241 85471618 579725908
118 41 541354347 572887057
63 431 517807664 76322785
297 304 468905335 932347
176 360 345229465 491362748
22 130 278299472 650029720
191 370 545394965 52254205
436 71 633562138 688101421
333 364 579308305 918242
306 47 401324971 726828960
125 138 558051349 774188061
146 10 290477526 711372660
34 216 56494293 65714826
364 275 891191924 328815369
328 310 214673656 68211957
311 350 626610921 803495737
445 236 302920851 69618462
30 270 670642653 649542311
8 251 888363713 774577276
272 210 521671255 127038194
466 264 778885633 820564099
271 172 736925914 373053879
37 223 205201129 512159686
491 52 23777546 304944784
136 74 742743431 828078645
84 33 466914970 626648101
86 170 820831149 644932833
162 362 868669217 424845660
408 278 403951989 321898728
108 233 675460738 90741974
252 3 982491385 539204922
34 231 284143340 935008444
273 482 19926823 896958632
205 316 983601713 975484561
299 358 77744168 413033748
147 240 856094431 93425182
469 382 983590426 155732354
217 6 280086802 950235343
52 123 779252111 93982337
81 154 283168260 227402854
183 223 166928966 640462171
308 62 361308899 185915757
291 72 593200317 182657266
104 443 127368337 270755711
476 295 444308245 319892808
360 61 0 85346490
241 255 382601336 513916747
202 203 930639621 482687795
405 35 685424830 896623007
325 153 637249737 106398433
282 297 452555925 83662414
329 15 461065000 96097434
414 323 376957604 601282038
22 97 518005662 831886883
111 175 644111401 751178445
31 405 429310550 969082941
38 46 200285666 423504285
287 399 883792227 187786793
127 219 818487823 282672093
213 381 743274893 351000898
181 444 854958768 202567171
122 286 14534994 841080079
343 453 728244450 712141791
46 485 672286248 264294209
460 478 114957670 521178609
16 348 350045396 876437069
175 108 631713404 458531228
227 106 697617115 889540485
309 334 292837475 848435383
455 350 175572709 45438302
164 323 854857734 310699118
500 195 929743195 903535008
300 71 250100624 377222730
427 90 650237244 877270436
275 78 237370881 904928844
108 260 446182656 135950393
51 122 137014519 73297171
414 35 933558832 930439316
246 163 363004967 959975845
28 197 472756740 598044811
495 327 321925284 593504342
180 225 750933934 680391620
408 184 132894612 330457959
318 80 449487760 230637307
7 224 464114433 332626556
242 145 965897471 330691720
427 488 920973534 812786820
329 500 756358130 594889627
91 413 699495865 46575852
308 241 143835833 930319580
148 345 692499913 821198072
24 298 875591763 70217507
190 321 412407982 685799633
17 295 381366179 341763904
86 173 529565753 722761431
113 354 689020410 233221851
19 144 564331661 415781145
227 127 982161368 556988689
33 130 137051296 991845542
116 141 711592387 652995834
119 47 119059208 951690191
365 352 861180737 761465604
156 133 329510441 916530663
462 494 115616845 622557639
172 404 801446799 63482605
440 227 807045556 784748179
272 203 24062204 306474288
349 416 327495802 485481103
311 192 66545603 136744773
56 302 55183120 544859688
285 472 830263995 818216450
406 263 781644479 67831400
299 367 621180433 576462048
168 294 440747831 649146564
328 5 703772416 429918024
1 380 964564172 697572294
269 149 710109834 718823652
154 163 569225615 111085540
22 140 138546946 778968129
356 362 455134166 530838135
216 27 226149999 12636221
9 465 66770715 321286320
279 3 226389175 706509032
49 257 433376120 711006910
94 457 151302644 241426367
186 356 488389083 803668138
61 478 930513872 955271199
210 431 457183150 351711081
440 303 127967179 535477882
22 96 498518516 883097054
435 471 590186778 688168314
261 169 808680709 67359115
170 398 333499667 852823442
452 166 170352821 351334854
11 443 711400605 616346815
166 130 995779782 323194212
243 36 674903874 338876937
47 159 137641853 931014299
1 136 471677943 316291770
273 317 575947710 712426545
450 225 931540183 373223969
198 500 679065973 190933573
355 66 453259537 836742746
239 429 796364829 191379637
342 356 185474067 958471471
195 9 831403969 933929216
231 227 0 806938208
53 323 94588678 60361007
347 350 454439629 453299939
126 122 961072807 38291277
494 290 778611750 197769287
350 271 933492409 998576889
144 258 596208698 12802786
18 156 402710906 553660964
500 256 273655513 317958065
26 467 621661087 412129397
44 76 272057301 680472070
335 125 636369816 441500001
409 146 834665592 832287375
111 460 763654181 151918347
78 322 762321927 723324111
129 440 329930360 806400679
171 39 537373081 665052849
484 265 804774276 464594822
122 176 629517367 283645627
180 103 900655153 836433793
407 176 70159889 447954305
133 108 945326686 144504826
312 67 89404470 496610444
198 330 646183774 355865145
402 269 351121079 296241836
27 351 727279936 532955379
376 395 463257134 784352795
196 250 923694979 725442418
199 240 269921058 75514994
315 479 686335801 476714274
480 382 528014853 507424666
98 118 724771746 64562918
446 497 455804099 476242108
433 268 849974058 81231212
276 403 196800044 436108245
37 208 127437098 805717678
439 218 780935974 320024508
60 105 687544488 525714416
382 402 605389489 265405119
111 251 903009108 569838044
13 285 486067546 771897398
439 326 492501942 502705094
179 367 385588779 451975942
433 414 97446420 979589615
218 1 454701413 674153780
238 366 300611305 608176795
59 309 585093638 154750192
482 108 963141756 320033934
138 27 947925750 679049856
16 374 527671655 392981116
281 419 825451464 70384182
2 36 64358049 80504240
328 368 732676887 421173008
81 93 671347044 287381798
242 197 892453615 986729141
386 263 787905508 389556237
304 297 384983452 613716389
142 137 53952779 684296368
174 486 224652268 385764906
375 70 607741228 414935575
347 457 15703219 172569515
189 432 73664089 705486575
114 134 237497285 738667648
30 466 856724013 484516729
26 291 908615247 769390190
475 158 307745715 299879915
215 491 363666232 662640106
434 331 742101027 548213164
81 202 205318314 360674019
400 458 868320554 469891935
322 180 586935766 668161365
459 164 241075373 639132030
52 335 402621944 654389049
256 238 495968563 759987412
80 60 741319798 711404419
457 352 138122943 217628395
456 369 671625811 51395853
85 213 28410470 37058931
322 266 916677719 213337359
242 77 49712908 630413622
339 190 187778811 187517257
63 38 306175521 671299439
320 355 892948016 757382073
469 210 365138951 529417431
20 223 758022012 826756180
36 227 384775415 684771566
343 357 97975808 457230410
134 219 5951282 375027451
132 141 49683359 126054338
432 470 398631639 515446892
316 344 953234335 375543457
217 348 789033910 853747476
193 425 777831600 405617103
152 69 518728991 789435584
276 45 260390319 634890775
412 229 956405357 111671809
163 435 83857717 532898841
475 386 170446508 89568460
149 59 502693329 216557375
26 278 832677967 265456239
324 12 968357966 861113643
21 444 979632940 814046724
308 192 804426404 693577084
280 189 992328485 965042174
151 79 288726536 544578266
57 272 583330253 331129062
189 208 95853563 588989482
459 34 757543617 98265094
234 298 553145413 16448077
266 103 971302368 316943535
383 223 969884295 900992871
381 330 768007221 149550175
28 309 979203740 911085361
475 39 410165833 331923773
281 129 945497831 371663944
396 215 919900001 610853666
288 229 285476324 488403229
202 179 19013834 951868278
482 69 828342985 67745631
303 78 888134798 533288473
446 164 747760441 769012156
237 181 868552376 285484030
114 246 827145526 947227911
395 245 770225014 435216989
31 463 807158242 127718066
378 215 379088778 748150037
402 303 87767921 559386668
130 246 309166990 802107162
92 107 270660543 72479401
267 121 391751594 570924717
396 121 467931015 461987046
48 274 170017484 450182343
418 190 733806246 278809548
263 34 783261464 110277503
293 465 983305994 138766814
408 389 783218907 695529559
177 173 480344168 392726198
317 61 0 796854683
205 119 317005591 390130778
484 400 544537082 75205485
428 309 861383850 79679269
122 330 129634296 85637256
405 406 925734661 754611801
176 94 85309341 676583170
249 112 820780819 530765190
361 76 182016834 284296081
346 424 190215243 889582973
194 34 94481407 72274977
291 486 302252989 744824316
309 4 453705623 404810883
383 219 567310674 130866601
292 115 173968890 299516112
31 82 143188993 57232287
78 491 928171227 331682719
6 44 293897343 359798626
113 192 733204987 115333614
222 100 692734053 424785520
460 33 864991064 941795109
21 242 581437104 251596577
291 19 759511634 488325019
206 286 211331159 692359115
472 187 102987828 590592504
409 440 282526716 517033350
443 340 909723574 246326147
200 369 143469209 858383354
228 146 248594311 259008807
490 94 33388803 111265093
123 488 135546903 556123605
365 364 552254297 228823121
100 359 246410046 930061635
139 5 90001755 373987961
208 379 56037016 538895602
34 457 741786470 400131172
367 427 96295666 77371790
354 418 564677962 679712564
246 168 164821978 535414682
224 390 573673111 385152777
154 390 909301859 126543964
240 367 449173805 194567903
294 70 690994399 991120462
