1000 2000
595 436 0 777774731
158 400 0 885578063
137 799 0 941879599
371 893 0 177140978
79 578 0 947608080
565 143 0 986826600
576 334 0 444093301
356 811 0 265152375
151 641 0 104628073
384 730 0 464499532
498 61 0 582436371
427 272 0 475357763
436 92 0 798172480
181 228 0 463561489
912 402 0 310228447
626 33 0 880932849
685 363 0 504553170
836 123 0 904719916
649 758 0 324098442
322 635 0 831756827
143 934 0 745741469
303 831 0 323272492
786 378 0 981872756
554 238 0 301361980
799 315 0 383076741
45 530 0 204869643
559 315 0 748981445
972 190 0 801132831
590 284 0 703663597
235 975 0 799662390
14 94 0 816729647
136 812 0 685653172
354 585 0 79199246
151 443 0 923591248
777 454 0 898120670
936 299 0 859921113
743 761 0 307746778
910 254 0 908688383
628 855 0 609472953
698 926 0 557519045
226 482 0 526526426
566 143 0 515340017
726 517 0 528941053
666 728 0 735815174
350 375 0 108102840
154 33 0 679460094
610 380 0 276800517
58 587 0 745316754
68 694 0 54656104
699 568 0 785367820
398 195 0 783815187
762 648 0 521187569
704 252 0 445640120
395 753 0 345906048
525 692 0 829377321
330 744 0 335735739
97 85 0 382997638
96 255 0 91364722
149 112 0 393482181
266 548 0 102558897
179 465 0 3701269
103 298 0 716613098
415 762 0 514428271
659 791 0 685282837
925 973 0 478865502
950 789 0 607983139
120 865 0 98009434
556 721 0 317895953
886 861 0 156305351
660 225 0 509494887
199 901 0 640318228
678 560 0 397384746
334 68 0 777943775
965 770 0 655547181
14 365 0 83783235
615 560 0 877264191
484 933 0 928187666
207 140 0 149128387
38 609 0 966133092
639 956 0 17583446
908 872 0 245662122
758 538 0 20213124
877 135 0 951926272
288 339 0 789003248
866 657 0 273768875
571 135 0 637644848
650 215 0 233764403
434 465 0 511484701
173 290 0 200335652
402 672 0 689819081
855 248 0 399392174
201 256 0 366100458
745 928 0 251208227
546 66 0 369236152
425 791 0 955565576
520 115 0 918179868
532 783 0 540190740
932 587 0 902218647
197 928 0 566701599
292 268 0 256343057
160 453 0 134584086
723 21 0 882720350
388 34 0 867762458
14 970 0 821197556
70 591 0 216992382
45 911 0 511381604
274 278 0 91648098
867 33 0 895584231
340 807 0 87040783
553 216 0 87841705
463 541 0 143767188
881 696 0 780784875
426 367 0 399068421
357 537 0 916743736
272 173 0 731627852
685 270 0 128835229
282 603 0 799751941
932 993 0 174119833
364 412 0 46304171
13 324 0 232291074
696 88 0 298061112
242 87 0 399929430
643 904 0 50071391
672 858 0 30798231
426 609 0 222209370
925 844 0 367878641
727 95 0 164313813
486 270 0 369417021
794 286 0 438764191
450 610 0 597890673
500 180 0 129199013
800 175 0 283473009
137 353 0 559917082
746 173 0 264501493
400 616 0 548283144
304 119 0 378436151
161 641 0 983991090
974 265 0 502398881
21 618 0 373952738
345 16 0 100786478
757 438 0 408742532
668 331 0 918583621
382 667 0 495044005
313 330 0 792682216
495 733 0 848160656
239 148 0 311835402
601 116 0 886876851
283 721 0 427223060
575 887 0 581010521
818 314 0 58943028
331 707 0 840453202
630 149 0 891167127
483 216 0 88734561
121 584 0 615630628
867 718 0 392069497
566 187 0 427569193
250 414 0 877301586
200 6 0 893849027
583 853 0 488901979
343 272 0 628713201
405 622 0 200198561
5 706 0 406044620
130 308 0 915805354
394 428 0 326825666
520 414 0 69630250
166 196 0 546732428
615 52 0 424978206
591 389 0 225346778
79 156 0 506846054
362 607 0 792155777
393 171 0 7454781
180 995 0 402711980
457 226 0 597872143
731 438 0 338985854
602 817 0 601959440
506 855 0 770758031
930 525 0 88224866
728 567 0 432544567
625 893 0 828900168
124 41 0 352199596
399 95 0 688802756
950 447 0 281914277
636 530 0 893811257
764 238 0 136418985
304 997 0 470287159
696 452 0 449009985
188 686 0 79970603
796 180 0 821044891
652 255 0 858624785
790 718 0 566190735
163 687 0 418826185
544 661 0 829549221
713 772 0 503199206
748 819 0 941061160
673 840 0 875019275
186 995 0 67096491
428 716 0 698766334
171 950 0 615017502
35 73 0 829006816
943 142 0 146510938
547 59 0 494744010
419 145 0 694674606
90 49 0 612198420
450 304 0 103707168
429 833 0 698500352
414 232 0 743702966
288 163 0 217546173
428 539 0 543830508
283 386 0 948865846
775 378 0 227567695
429 368 0 149074298
264 495 0 864199359
401 523 0 994663987
876 643 0 294173643
574 943 0 522468567
676 118 0 742556826
266 797 0 898243550
657 282 0 716370104
39 709 0 501119014
989 21 0 849904678
265 716 0 457891166
18 622 0 449933514
79 612 0 677596972
453 334 0 96096872
407 456 0 714039814
783 856 0 687716642
136 690 0 668689462
999 262 0 256139521
262 619 0 79405328
634 262 0 333076194
146 664 0 698390347
392 866 0 730196235
916 153 0 642940593
270 72 0 525435714
284 23 0 512085933
157 522 0 509408145
333 481 0 430420898
961 653 0 66665149
291 689 0 10300
516 360 0 863052627
452 982 0 460280222
150 788 0 950961746
158 483 0 974852971
482 720 0 562242846
752 303 0 291156357
386 944 0 299186620
761 147 0 133600261
476 332 0 473686660
751 528 0 412645643
400 219 0 6849022
301 6 0 644035453
604 729 0 909613780
293 842 0 769310303
743 308 0 866256950
281 879 0 895713029
469 85 0 988416807
388 705 0 951185409
995 745 0 876256857
501 512 0 966286587
80 802 0 206302945
360 310 0 191661710
875 641 0 92168507
671 271 0 75732935
66 777 0 355586584
407 738 0 799743789
813 333 0 201141051
542 911 0 561007489
64 164 0 37119444
732 638 0 347614013
259 896 0 204790637
971 945 0 344434553
891 629 0 38013783
520 974 0 928079325
489 293 0 214261241
436 701 0 196070024
104 201 0 563896784
897 556 0 78315237
483 235 0 890369369
187 609 0 16544727
432 477 0 419533984
425 49 0 870302386
281 422 0 547506557
671 435 0 240866652
351 343 0 954190667
449 832 0 46977229
139 939 0 668464108
873 943 0 614504931
924 422 0 435246080
742 46 0 407813852
382 130 0 405398641
617 103 0 601390853
840 958 0 496093938
554 124 0 910078213
905 954 0 291315244
818 646 0 102379843
258 336 0 393348915
369 605 0 345342631
208 163 0 668925796
69 180 0 923971527
50 278 0 14590053
346 542 0 919083920
435 893 0 705067696
957 941 0 545495316
614 529 0 341008066
657 349 0 968659242
305 660 0 77409329
644 206 0 242133141
708 121 0 893416042
89 76 0 601973077
564 463 0 152517794
562 740 0 547843516
442 259 0 579082868
696 621 0 704079091
78 428 0 47919606
475 238 0 416410977
349 921 0 38192653
597 399 0 945590325
77 707 0 398091598
109 912 0 610693936
530 734 0 229380450
72 848 0 458379904
837 959 0 350685540
430 218 0 645462138
898 271 0 984491135
97 101 0 492284253
932 877 0 643828652
192 942 0 650938989
963 903 0 501804121
523 170 0 923553891
801 604 0 825493298
980 48 0 8504639
446 95 0 402984076
698 869 0 503590000
982 623 0 114249965
432 619 0 346397203
29 594 0 489920207
692 304 0 269786561
648 580 0 206343632
90 561 0 865780946
772 331 0 472407368
360 469 0 454389448
98 999 0 882969803
81 563 0 626603738
880 573 0 421262507
813 356 0 146951953
112 35 0 713680298
243 476 0 201126678
101 290 0 388578070
544 394 0 672999153
863 869 0 97440902
501 852 0 226970883
204 405 0 460159443
338 327 0 827635814
765 532 0 737079188
365 915 0 687626873
40 770 0 610371638
107 133 0 925197452
687 888 0 115666264
331 246 0 861168627
445 194 0 647821382
665 924 0 920255498
882 824 0 199610666
337 572 0 667212461
106 193 0 995652332
721 335 0 543909799
495 788 0 102004408
925 689 0 894578003
72 991 0 460509565
59 513 0 993326579
900 254 0 646056455
880 37 0 374330936
330 671 0 262056254
82 329 0 344735541
326 475 0 878043209
505 936 0 291325527
267 96 0 498389193
595 128 0 319359431
74 754 0 195586074
87 112 0 362572819
121 103 0 82080126
573 478 0 748375543
806 971 0 17329066
697 4 0 77222030
505 839 0 258351691
422 523 0 833855708
254 232 0 26154120
81 360 0 325918672
155 990 0 88159741
461 687 0 776173439
680 63 0 711676936
484 244 0 97703108
835 343 0 115473046
593 127 0 868861174
681 947 0 593488148
695 497 0 234350894
213 554 0 456452000
172 46 0 179820079
701 11 0 487207122
771 685 0 243046656
295 550 0 656423259
979 225 0 710392151
51 232 0 765955754
678 673 0 229121766
384 562 0 398485816
72 587 0 821554657
642 482 0 917285187
639 801 0 88778028
365 908 0 141869365
475 580 0 145295523
758 133 0 544517613
361 408 0 667197231
252 529 0 985494902
827 80 0 204658648
458 71 0 467933150
800 691 0 555539863
430 877 0 531076847
285 225 0 144790891
453 130 0 874205993
169 667 0 189736767
111 904 0 407377355
754 761 0 302674682
975 509 0 374168557
834 446 0 172812082
940 896 0 163815299
480 186 0 503370231
431 264 0 804245922
364 640 0 274938630
426 868 0 600487725
863 977 0 341132584
724 879 0 916268530
771 790 0 367765128
526 448 0 886068062
235 513 0 263027813
169 147 0 943849480
236 854 0 345915940
881 524 0 440631796
798 518 0 329911324
106 201 0 309967463
99 107 0 723238763
269 980 0 810964658
164 236 0 571304428
315 283 0 154443306
945 219 0 502784488
742 592 0 664757926
77 108 0 998744693
144 965 0 766559512
126 384 0 644280643
37 951 0 499909602
734 331 0 831903817
395 88 0 860996732
174 914 0 996639658
631 299 0 909826853
402 275 0 696626348
831 843 0 844473416
69 68 0 260776508
343 249 0 829802085
746 846 0 504718605
201 742 0 167591502
173 221 0 858687197
347 671 0 289635319
552 452 0 493606356
426 662 0 416771303
165 727 0 905650154
237 436 0 277618464
948 787 0 376291098
82 341 0 915380039
826 705 0 482083946
179 67 0 159096487
307 848 0 672779670
55 245 0 791812162
13 843 0 677405327
580 844 0 841463199
646 845 0 583247941
200 430 0 831469716
866 943 0 130742266
515 286 0 92283673
156 630 0 896425285
83 574 0 284089167
623 710 0 745838147
858 58 0 803164300
451 977 0 634063254
854 146 0 8824665
658 573 0 433445620
798 756 0 205938768
767 272 0 522375310
789 409 0 504143992
109 269 0 372993667
699 484 0 325867120
955 267 0 483483499
84 328 0 470771871
659 820 0 767626665
158 683 0 796859827
784 647 0 411091536
60 904 0 247695372
329 267 0 744532920
280 824 0 933838555
239 831 0 1913895
47 737 0 353934081
816 752 0 72822943
57 193 0 854664074
878 131 0 187867401
399 924 0 95541551
427 342 0 745415166
634 909 0 567260551
681 921 0 499555049
124 306 0 420778148
981 104 0 527279174
670 616 0 403511242
739 405 0 623243584
314 560 0 102730968
981 237 0 90182171
545 280 0 270800637
604 128 0 115353638
156 793 0 71878813
477 779 0 47351517
388 988 0 357548510
615 249 0 368932983
120 66 0 46135833
128 576 0 540329647
704 282 0 239940309
552 441 0 328312251
760 533 0 521339413
251 25 0 592435092
792 534 0 119066565
504 44 0 159386392
762 860 0 182352651
668 882 0 647630531
539 76 0 118058223
288 165 0 925689455
304 717 0 974846820
710 296 0 414384522
953 259 0 988407607
529 45 0 346902692
41 654 0 965881588
512 315 0 185856231
270 94 0 403653654
72 370 0 379583215
670 373 0 288636309
491 947 0 321923152
860 407 0 946531829
730 761 0 934653322
273 564 0 864429669
710 716 0 724162958
631 342 0 238574736
338 205 0 120285722
865 498 0 441723847
958 579 0 420506928
997 513 0 228749384
239 100 0 292380403
16 902 0 68429112
766 84 0 225208168
694 24 0 29345901
380 152 0 339368205
23 847 0 501043312
608 366 0 694759934
700 732 0 219903230
442 206 0 483378769
671 352 0 871582264
966 439 0 703890444
204 424 0 317528824
380 507 0 133571889
858 989 0 760043684
321 518 0 362989190
672 649 0 4155793
945 249 0 371133147
810 714 0 581914023
992 297 0 431025219
311 483 0 202013749
359 742 0 11605061
242 351 0 177736018
899 436 0 266515486
801 939 0 122797966
312 96 0 44125432
284 744 0 233259195
130 1 0 498333397
212 960 0 408265586
456 317 0 131363031
461 473 0 619144330
183 900 0 906489592
421 151 0 421980929
460 733 0 702417535
404 394 0 323236264
876 935 0 553370223
449 388 0 107086839
340 513 0 708548734
918 886 0 584868890
80 820 0 688426486
138 158 0 144473705
340 989 0 488053465
314 369 0 837227912
459 795 0 439060153
433 607 0 711630939
582 303 0 992669255
357 109 0 220657651
850 36 0 405423473
82 648 0 915091970
901 854 0 354591904
780 571 0 325425451
227 214 0 952040138
273 841 0 2829102
113 988 0 148465025
158 652 0 295546077
19 99 0 523973133
602 426 0 845413561
976 957 0 50533550
247 686 0 430857058
153 662 0 153401086
38 295 0 450842312
525 408 0 977674157
546 892 0 898110357
986 922 0 557950035
865 122 0 106565882
102 593 0 615522629
245 72 0 118878539
856 298 0 510468659
236 348 0 704884602
786 668 0 496862374
942 244 0 895937582
47 888 0 809418494
421 313 0 312251360
231 101 0 855139691
626 778 0 996967975
750 844 0 921594912
102 471 0 326385271
946 730 0 921792120
558 627 0 600160900
532 624 0 368787988
205 4 0 199001613
583 895 0 4432866
354 48 0 136510415
803 172 0 306179379
226 697 0 354246242
680 745 0 611997062
9 286 0 803801724
378 476 0 418705024
225 184 0 459549535
80 981 0 619400485
190 540 0 707546903
923 254 0 883331976
409 736 0 854802099
215 76 0 615873965
209 522 0 179141129
956 594 0 228961030
201 778 0 909655461
731 155 0 946403674
743 649 0 398085117
474 634 0 628422509
817 991 0 213459943
828 203 0 470826184
373 330 0 702742666
819 591 0 333271378
6 115 0 24604292
944 978 0 371639415
345 992 0 235456979
176 747 0 686688818
668 293 0 593338783
269 263 0 525843099
621 335 0 790719514
433 751 0 615688175
661 453 0 614550897
8 695 0 683956209
873 786 0 803467020
627 628 0 838021500
699 163 0 564338937
401 270 0 619300635
765 124 0 3856858
807 30 0 129570442
327 590 0 244855
696 470 0 397575665
774 746 0 743356443
622 801 0 44762449
493 241 0 830599410
53 632 0 580523785
73 916 0 719472777
463 279 0 760069307
527 22 0 956987778
892 898 0 867367253
693 161 0 990981938
685 905 0 201798834
86 27 0 730860851
334 991 0 633919398
634 362 0 437691839
941 681 0 858413766
883 489 0 96592852
427 605 0 690987274
842 369 0 801848227
771 368 0 638893906
465 146 0 76595367
930 377 0 898502176
319 614 0 328111931
730 750 0 368755540
756 549 0 676780673
516 576 0 682040998
142 167 0 150417111
732 336 0 756431241
994 167 0 47190148
702 818 0 218486065
370 252 0 604980202
123 721 0 545163538
535 316 0 389475303
492 595 0 771337330
766 722 0 593450134
82 863 0 624619869
911 808 0 324883563
502 853 0 657316127
67 48 0 128294804
640 943 0 614176928
571 975 0 638974037
948 209 0 653008595
696 198 0 222427013
585 799 0 390836337
230 388 0 479219814
41 195 0 618664949
526 211 0 394911120
1 743 0 480048345
558 111 0 27777440
41 18 0 270640944
649 825 0 526170268
921 822 0 35517852
292 736 0 827373170
984 985 0 958600290
437 712 0 465302410
576 355 0 835158901
548 646 0 352923949
409 803 0 446389051
638 58 0 692507227
50 519 0 66166003
285 494 0 7671462
473 777 0 952318668
232 386 0 998437605
879 421 0 719425882
354 516 0 377054748
967 257 0 93082435
537 37 0 222540058
526 567 0 449264739
462 260 0 193214249
944 605 0 381625682
563 89 0 57059215
873 210 0 956229018
717 897 0 858403867
8 189 0 540707981
562 785 0 469222927
249 900 0 748482554
121 854 0 791562408
912 291 0 174136320
819 175 0 868213348
464 815 0 793868308
169 967 0 906353848
214 760 0 853798860
938 509 0 592113561
171 759 0 243409936
919 807 0 786107573
377 449 0 63463964
128 418 0 703719764
345 457 0 667547118
588 414 0 242566223
45 166 0 939779426
162 39 0 381762349
809 188 0 644334132
227 375 0 332194485
526 105 0 358284844
536 824 0 776242888
132 706 0 523373258
751 183 0 806523935
558 859 0 843962589
779 14 0 51012972
135 18 0 89374056
985 829 0 940562931
220 255 0 715131186
556 100 0 508763904
132 762 0 753294085
177 22 0 888702840
109 772 0 586526949
626 756 0 346348068
679 660 0 182002627
787 386 0 793418816
826 838 0 309927929
971 479 0 950830080
749 378 0 439476434
941 26 0 923251905
22 391 0 974633969
302 603 0 911483816
257 690 0 550597800
773 798 0 570758294
378 810 0 682550478
446 566 0 484804851
507 456 0 939939373
304 752 0 863010271
148 684 0 698653925
404 857 0 740729127
700 699 0 349143037
78 688 0 197241283
34 662 0 13810560
144 147 0 806254748
337 299 0 421728515
280 964 0 955291555
569 557 0 890134520
633 667 0 175335822
705 902 0 760076194
709 79 0 614920845
906 666 0 991001171
145 87 0 889631307
497 42 0 843097115
961 312 0 580969643
650 587 0 429686224
451 810 0 366189811
1 85 0 190794818
697 917 0 473118151
439 347 0 257931755
698 305 0 325075951
434 507 0 306295841
870 353 0 530569743
62 676 0 117123381
52 48 0 459909478
460 250 0 336829321
799 411 0 808175427
628 310 0 915146022
697 53 0 328192756
931 748 0 122532347
277 259 0 898500244
734 901 0 58711917
880 280 0 974235864
792 918 0 541054612
836 572 0 310837017
270 519 0 300529025
897 509 0 154890566
902 831 0 106843115
547 947 0 665521669
52 358 0 717472596
601 296 0 430430413
966 257 0 141334657
712 602 0 70201063
453 953 0 967773263
27 22 0 431855334
920 108 0 29398253
860 307 0 509636006
79 544 0 72071167
247 402 0 853263487
493 42 0 475126941
359 665 0 736490936
133 15 0 448567435
215 641 0 586358893
870 774 0 542264717
67 169 0 684177822
929 144 0 432639754
114 2 0 525763907
966 6 0 427229255
954 839 0 551715108
632 825 0 334975922
695 674 0 891121718
719 532 0 298317900
183 358 0 419827163
941 788 0 212530136
632 81 0 568260144
198 566 0 912610019
490 265 0 194597605
996 171 0 440042951
14 767 0 384107982
994 842 0 641698015
664 972 0 204234526
469 781 0 514299097
912 171 0 412801774
86 918 0 79998984
796 961 0 788275653
390 682 0 208902668
261 39 0 532229250
8 133 0 957015614
323 178 0 326439013
897 615 0 874988082
743 700 0 692985144
504 816 0 314519077
703 555 0 465793807
812 440 0 488753680
803 809 0 588291714
429 512 0 183072948
321 209 0 504649262
588 210 0 429851200
964 699 0 660873077
412 852 0 462679206
379 73 0 239862427
487 791 0 951092526
711 780 0 712873096
349 320 0 428101380
238 559 0 176471780
869 392 0 712919986
146 509 0 967483979
679 852 0 186702782
822 484 0 397754940
806 206 0 996280593
903 726 0 389508189
253 512 0 866863158
546 828 0 935776943
803 782 0 435540846
908 912 0 973490400
129 722 0 452624583
715 237 0 914260035
75 362 0 169497826
875 673 0 641734036
542 124 0 752533161
904 145 0 85275425
972 901 0 60812830
263 154 0 977749281
213 734 0 152830481
1000 383 0 329749505
613 268 0 184246191
889 314 0 365382304
734 706 0 882480188
841 578 0 297623181
955 747 0 622080824
370 207 0 319343799
218 835 0 272757929
905 617 0 855116170
874 65 0 105203236
699 881 0 295185679
270 294 0 782095649
606 162 0 653968511
16 881 0 678875948
960 191 0 745197518
204 127 0 635365700
123 758 0 774569849
927 604 0 748440272
167 799 0 384309205
989 123 0 217963455
155 220 0 414897639
741 987 0 573920253
778 529 0 546998162
323 620 0 130593513
164 940 0 715203972
734 385 0 626273841
322 665 0 832000544
701 513 0 825063975
253 233 0 114642040
687 111 0 63459702
876 384 0 95811797
48 96 0 830468559
902 475 0 6368333
750 722 0 231735463
989 203 0 959633257
229 873 0 897405124
581 825 0 495421327
988 932 0 827962339
178 530 0 143088424
205 803 0 589322238
93 277 0 252020136
776 900 0 660898510
50 965 0 53453501
46 260 0 175776181
340 559 0 389008979
975 217 0 57458596
524 492 0 726818942
34 760 0 319452390
653 299 0 217951350
158 862 0 18265431
654 641 0 262130330
874 439 0 967984193
919 776 0 125270991
763 12 0 299923797
90 313 0 240867855
435 39 0 65372169
950 521 0 933355998
312 539 0 416271181
952 825 0 439006293
757 560 0 310667094
832 803 0 208794957
20 481 0 816715506
225 488 0 573537148
191 367 0 451531049
566 878 0 121924625
622 545 0 557130567
674 775 0 620778065
978 923 0 479969375
518 723 0 781230316
665 883 0 793067993
759 164 0 467335466
684 335 0 150098327
508 615 0 477102723
303 27 0 312882534
980 941 0 560102107
716 404 0 430705846
602 531 0 354162053
281 561 0 161247161
63 191 0 962142929
726 180 0 794137675
69 471 0 98475844
207 277 0 60847122
783 380 0 419177840
83 247 0 832610559
731 687 0 827099039
845 991 0 433465725
441 319 0 212781557
592 465 0 372310197
714 719 0 409990829
70 715 0 333576074
922 611 0 543378822
218 396 0 474815335
596 329 0 586841643
90 156 0 206150791
354 31 0 171064195
635 632 0 769004399
921 895 0 298643518
238 480 0 176991521
319 644 0 359968553
715 913 0 196543429
114 438 0 791799098
643 601 0 243619700
973 380 0 859266809
630 177 0 151917428
555 422 0 47543853
314 793 0 733540342
370 197 0 367608610
127 434 0 820935632
870 750 0 302068348
516 387 0 3110022
286 266 0 323025655
693 180 0 44070242
259 369 0 692213334
749 316 0 951988196
791 361 0 202456350
16 637 0 898603126
657 334 0 491137923
944 394 0 88064344
883 416 0 679221163
542 342 0 759666668
223 555 0 585432951
333 751 0 836586501
204 254 0 510035408
557 242 0 575048483
399 498 0 151287893
611 367 0 632968462
742 286 0 58463131
384 363 0 587498045
255 720 0 309176810
264 61 0 730012352
637 742 0 389115819
295 7 0 813722799
700 77 0 181296219
915 854 0 689511888
821 134 0 226242450
373 12 0 506135188
506 858 0 328570173
124 326 0 146110936
21 260 0 239298048
17 342 0 450264318
920 903 0 746380595
702 530 0 465710411
725 287 0 400111683
787 578 0 925558193
807 550 0 250047167
567 448 0 513410767
400 892 0 3036868
100 717 0 7916441
736 30 0 571872087
579 423 0 798094092
761 596 0 443438068
297 162 0 114303850
762 337 0 308196020
202 419 0 587675965
524 719 0 215272571
998 741 0 512257696
412 651 0 663695820
956 231 0 345673313
684 744 0 343637130
131 486 0 743400916
470 327 0 909136066
472 658 0 242101003
349 969 0 733677126
89 261 0 816519097
784 419 0 330467827
476 863 0 922094464
964 631 0 809199290
751 944 0 330238861
708 737 0 685731228
629 25 0 351190074
453 568 0 84157860
531 851 0 419554201
442 669 0 956845870
43 819 0 255378311
887 748 0 196171600
820 255 0 80529905
603 164 0 381368529
705 227 0 312931785
478 494 0 611254261
84 352 0 349739952
220 90 0 387301277
482 543 0 367051953
792 407 0 633503331
638 206 0 598901905
445 732 0 901877731
56 998 0 237952061
419 243 0 124197072
402 984 0 422660760
184 676 0 733573115
636 936 0 451036349
173 63 0 67559237
149 517 0 900511025
850 555 0 518189677
801 207 0 961365134
821 891 0 405702054
806 87 0 337355525
643 482 0 17151879
500 693 0 346187550
687 42 0 455227408
368 697 0 249164347
986 704 0 368051323
501 570 0 849319438
114 298 0 680269784
45 548 0 520715005
944 283 0 72051886
440 920 0 701100569
444 391 0 773165663
532 682 0 717292839
370 478 0 110443848
385 614 0 237897675
588 464 0 481643957
931 686 0 122087500
497 672 0 36077764
100 632 0 662022221
556 413 0 483351833
48 344 0 354060523
469 763 0 219589535
347 878 0 576328306
726 769 0 927480830
622 378 0 603759466
51 135 0 850754825
357 117 0 83740908
942 742 0 968668961
74 208 0 103269801
403 484 0 411120725
682 708 0 147184961
274 528 0 548946668
299 363 0 89028888
170 209 0 244582358
726 431 0 307493702
141 539 0 406786923
170 396 0 848878793
661 96 0 473703279
668 850 0 998144089
11 957 0 871576463
877 132 0 69341688
449 618 0 818674629
548 610 0 10578345
462 161 0 869455018
202 248 0 200926469
517 940 0 883761487
578 130 0 896208843
858 264 0 300868262
808 154 0 607518104
143 560 0 781498092
441 725 0 299595373
812 703 0 345075896
249 525 0 367596697
7 821 0 731712273
732 304 0 123198744
976 110 0 498555568
860 703 0 229760301
603 135 0 749540870
736 760 0 276369436
687 244 0 323623369
613 556 0 637141340
492 805 0 529706165
462 530 0 146856487
757 346 0 793363345
147 188 0 313043800
945 918 0 5534790
264 152 0 610637849
132 972 0 202695084
729 304 0 488299698
668 235 0 775477898
73 542 0 601354331
685 211 0 659953166
929 978 0 879656571
591 931 0 203842715
999 401 0 954213542
158 445 0 352149060
774 152 0 750771475
691 204 0 35070947
677 943 0 562367260
547 648 0 837464224
681 153 0 490708069
410 537 0 527513531
592 5 0 476790352
875 885 0 936662102
386 514 0 277791485
126 830 0 934982942
208 59 0 330851883
183 873 0 247355062
378 26 0 78983058
572 173 0 611907704
364 425 0 231678022
262 971 0 34069154
485 15 0 180945648
909 582 0 991280344
131 273 0 493978579
441 601 0 620503259
980 416 0 341155019
889 263 0 47859906
344 867 0 650339383
81 579 0 479740541
570 737 0 839067521
777 810 0 223658657
11 907 0 217827426
74 972 0 173845951
446 794 0 290861404
416 403 0 480302083
365 251 0 850272753
755 564 0 134989884
775 712 0 663910278
237 409 0 780936650
563 713 0 566308263
678 469 0 708571374
46 466 0 332155777
242 945 0 176006990
969 638 0 261256444
795 85 0 712719248
179 93 0 961903221
237 702 0 377916095
858 614 0 37666076
485 732 0 824177690
892 804 0 586444429
523 300 0 243886566
924 86 0 585061832
865 944 0 29125475
405 965 0 614988076
908 374 0 979764518
977 926 0 223260415
580 17 0 493617740
118 258 0 213565667
797 900 0 109982096
502 908 0 435535414
66 968 0 386806963
53 366 0 685151681
890 892 0 926839726
612 94 0 156010213
658 595 0 247709836
295 286 0 155865341
320 241 0 546139244
958 667 0 740781552
281 913 0 841773391
463 768 0 842458986
527 961 0 978468556
480 916 0 100912045
259 657 0 41546730
620 733 0 920756366
334 623 0 958903637
353 751 0 225028453
583 547 0 182874986
724 276 0 54035947
27 798 0 305522433
379 806 0 713842428
41 428 0 973163669
966 878 0 565162422
837 393 0 990600305
694 330 0 211012996
100 627 0 777466482
709 199 0 538716888
922 8 0 181301221
406 599 0 73136062
198 46 0 921909405
857 152 0 491014134
322 319 0 122369726
103 313 0 976569536
939 656 0 849009898
156 25 0 133266715
463 330 0 592069821
449 766 0 923726858
168 327 0 878951829
327 239 0 660313456
987 337 0 491011201
521 837 0 95096437
309 347 0 21504429
977 682 0 447751529
880 701 0 534488355
249 411 0 778103079
87 896 0 99896085
989 824 0 936907107
565 480 0 359091346
664 870 0 774500160
852 126 0 232160659
351 335 0 13786505
937 443 0 671950473
23 393 0 261502379
239 538 0 463728453
529 457 0 241731934
849 989 0 897323428
81 571 0 563067810
535 831 0 167923877
374 80 0 159123518
298 524 0 614527870
88 795 0 348496789
229 639 0 227947363
81 291 0 938593369
333 733 0 685028039
120 396 0 798815858
576 443 0 387602729
324 728 0 567912889
676 701 0 677041502
480 654 0 751148856
448 108 0 695099897
696 464 0 681402228
496 796 0 657094798
76 807 0 702743028
959 769 0 460725677
15 881 0 130365424
305 906 0 244124236
172 412 0 965125194
884 572 0 592757654
930 784 0 411461168
754 837 0 963040669
33 243 0 656499408
625 415 0 991729352
740 41 0 456925241
874 846 0 493398547
663 775 0 979944481
244 793 0 584972597
770 691 0 280667193
296 851 0 187856284
440 402 0 167452833
417 281 0 676044207
581 429 0 421691903
446 519 0 333287312
833 569 0 356392344
97 650 0 117710920
406 274 0 974396587
656 464 0 831368314
967 150 0 453915697
397 942 0 892739305
48 778 0 655540910
707 155 0 618728523
50 239 0 7265605
249 353 0 233851806
337 916 0 48922699
367 392 0 500934042
730 645 0 635480133
284 555 0 288422056
260 977 0 886172764
85 729 0 95937649
147 266 0 395768618
185 261 0 211819
753 640 0 224280851
654 32 0 563835657
233 789 0 596407056
758 33 0 366786737
511 603 0 964059692
359 52 0 1854361
783 984 0 314352085
126 550 0 49236090
489 958 0 755759576
879 42 0 854814690
287 948 0 231227289
585 231 0 557942695
486 799 0 200126255
255 489 0 79010799
438 584 0 997601349
482 279 0 163578356
364 414 0 510098513
808 350 0 548514003
905 744 0 662194462
835 654 0 30241613
209 537 0 123485696
269 480 0 362867572
477 488 0 517712601
878 662 0 564144050
420 404 0 474942365
888 547 0 670379542
853 789 0 776938026
232 959 0 177276976
968 484 0 431706738
201 192 0 600256133
458 525 0 51516501
627 773 0 891580873
646 370 0 663556532
992 668 0 420767168
182 955 0 822002039
350 146 0 553336470
864 863 0 980812330
455 402 0 333713753
298 600 0 394790332
204 640 0 62296795
245 189 0 360164651
624 466 0 806621928
475 476 0 349022073
417 238 0 503481649
63 648 0 851236042
842 956 0 8708954
406 529 0 626309948
721 582 0 978006890
422 209 0 443505228
717 169 0 271627801
413 274 0 414889423
717 377 0 103848470
292 202 0 180758816
513 73 0 18915580
14 283 0 404733315
653 416 0 681112764
583 876 0 634722769
786 362 0 63559780
28 490 0 890615539
811 181 0 803906828
935 967 0 380038818
66 416 0 119352157
947 19 0 840157678
50 487 0 949541606
561 431 0 465661816
309 612 0 416103970
469 361 0 535278982
28 302 0 248299925
864 772 0 34549613
513 535 0 259584709
147 680 0 640356777
768 57 0 481071583
822 261 0 510120524
389 737 0 777934609
305 764 0 571169769
865 677 0 595066834
52 981 0 236569445
773 647 0 839421128
298 715 0 709613615
366 335 0 472882126
554 990 0 398235120
921 147 0 732111143
86 262 0 534923496
553 698 0 845487087
546 347 0 307895988
575 739 0 790555023
625 196 0 766100436
207 679 0 298207791
764 537 0 721901419
730 853 0 466427633
839 945 0 119957930
721 173 0 8011084
797 350 0 745230793
655 294 0 890844705
798 389 0 941299658
987 914 0 368310107
111 298 0 759534438
376 348 0 88979507
824 44 0 918221947
254 243 0 78555291
530 850 0 634460471
3 276 0 215224741
737 114 0 173561979
834 133 0 693329863
232 760 0 578624559
872 635 0 883129052
470 173 0 275478281
109 532 0 912468280
987 909 0 499681080
824 675 0 660719597
117 355 0 395833901
177 1000 0 476381894
291 647 0 787684028
983 442 0 855386570
74 498 0 259079484
140 635 0 91815321
896 14 0 440739906
76 391 0 464262946
195 216 0 216698766
676 124 0 851528933
426 350 0 878627306
640 46 0 933772089
683 815 0 286150730
393 563 0 385511770
577 334 0 299353424
273 982 0 944441880
315 372 0 630235346
763 732 0 680430341
987 247 0 37923283
699 550 0 25339359
604 798 0 171635488
197 987 0 601813932
880 104 0 311352783
872 589 0 302222219
98 4 0 363185666
799 48 0 614249789
73 533 0 364510241
503 245 0 418246087
220 203 0 959438648
900 21 0 640975285
169 113 0 823032032
923 766 0 378131177
883 611 0 31574711
619 323 0 290283155
640 100 0 504960699
181 367 0 586482222
522 479 0 942024749
391 822 0 93764353
121 771 0 459706447
780 598 0 458446807
123 691 0 119475572
889 135 0 899924739
931 586 0 538983975
458 175 0 366486754
831 340 0 148684021
240 295 0 308207703
802 953 0 169010818
589 738 0 673093956
605 10 0 895005463
755 608 0 565001446
475 249 0 991800988
798 102 0 846498002
705 866 0 590481455
500 87 0 875702622
417 41 0 684064618
522 714 0 57184005
354 26 0 74024700
862 985 0 349147796
474 490 0 717287441
299 593 0 138791774
62 38 0 236081112
766 962 0 709923206
218 96 0 807584357
536 742 0 167850642
766 772 0 707785020
947 287 0 713103169
720 400 0 1836320
346 770 0 947205422
341 289 0 960742162
85 738 0 643403494
671 863 0 209006965
196 862 0 808080485
138 589 0 727197563
508 388 0 565988703
966 237 0 767013469
36 405 0 634785797
587 647 0 504558186
678 251 0 462878633
88 116 0 682623116
634 212 0 548348948
613 854 0 288466736
852 668 0 775180504
960 909 0 619130199
63 146 0 205970321
399 636 0 442032
300 47 0 445681591
681 499 0 839965773
475 913 0 3583203
255 301 0 973564665
712 618 0 467194140
55 620 0 878385990
110 987 0 30763522
885 694 0 98923800
945 288 0 566667152
965 457 0 622586122
158 654 0 712202009
520 282 0 410480761
191 48 0 770630528
306 993 0 277275114
225 993 0 247912120
31 564 0 693826487
433 165 0 993412187
610 967 0 857325819
761 899 0 491353446
4 37 0 452093893
111 172 0 106712351
284 704 0 837282500
47 457 0 108752808
224 6 0 287560449
490 698 0 520131315
200 722 0 452242900
448 793 0 798431515
881 986 0 483017009
290 746 0 577241683
70 383 0 516766165
934 802 0 241583143
292 715 0 81093469
71 725 0 921348587
422 773 0 654255588
762 193 0 703138310
995 98 0 280655043
183 171 0 870096724
175 507 0 437234421
656 327 0 592056753
917 572 0 748449944
849 12 0 992125135
719 575 0 247464754
927 571 0 946350830
77 985 0 38743585
747 516 0 164353814
743 481 0 660447796
117 287 0 572690936
161 448 0 498952729
619 959 0 246830181
452 197 0 595309333
904 381 0 936894427
366 343 0 445125273
902 595 0 420127638
224 592 0 206119720
718 713 0 303803968
950 856 0 423090383
110 782 0 282671841
603 236 0 463742597
506 621 0 75077851
579 319 0 995038594
834 416 0 64101194
219 602 0 478203376
719 962 0 472947588
750 184 0 650527719
814 397 0 471470300
218 573 0 534018200
373 593 0 287513314
728 642 0 479908138
135 24 0 495257429
330 358 0 919038722
921 61 0 950895933
468 770 0 103698262
80 228 0 619985551
995 28 0 890357021
588 91 0 765256136
71 125 0 234871414
52 679 0 980172534
8 751 0 178289759
89 100 0 875576745
116 857 0 509448268
781 194 0 98994311
735 287 0 644240969
871 945 0 999704011
442 476 0 720663944
292 408 0 117837308
28 51 0 5468170
926 578 0 74310988
458 21 0 960061069
668 49 0 369720467
833 835 0 778823364
816 171 0 505749143
820 895 0 731505979
809 430 0 838114929
64 604 0 481229712
935 789 0 699836931
16 632 0 662376677
768 897 0 665600237
928 765 0 283142919
916 75 0 542014754
919 194 0 755421519
168 91 0 893374904
856 472 0 942547500
472 483 0 403443329
293 597 0 732141316
962 360 0 323252255
593 555 0 179516665
28 22 0 298091505
4 297 0 612710177
277 871 0 176775444
799 91 0 52779268
137 726 0 544852479
339 385 0 399321411
140 134 0 214017398
788 682 0 788569965
704 515 0 120742625
781 545 0 402179096
205 937 0 519788922
7 190 0 477172143
920 239 0 850451832
376 142 0 797526981
576 203 0 724294714
383 235 0 279485256
567 222 0 407272405
429 66 0 241890791
703 718 0 17567939
372 735 0 670448659
892 976 0 587398510
110 680 0 326736043
583 782 0 660520326
60 807 0 930181410
97 230 0 222505744
733 54 0 314340915
242 291 0 550059354
400 216 0 1883492
415 65 0 368435309
842 993 0 214557171
566 53 0 666731131
411 813 0 526643266
459 970 0 172906342
335 403 0 724839990
35 231 0 728519620
279 995 0 446247077
1000 285 0 299499085
424 821 0 513604462
988 275 0 105176252
626 566 0 538003221
887 274 0 759920204
580 69 0 871224266
335 955 0 325469408
288 653 0 322905481
741 478 0 16404494
846 653 0 72138671
78 974 0 346734029
400 616 0 705824591
492 514 0 548049516
893 822 0 458694204
221 953 0 635094023
252 336 0 237478969
295 477 0 223501637
126 889 0 256374757
372 386 0 468665954
138 208 0 376118870
573 929 0 264813976
59 54 0 940310836
160 312 0 823808722
698 369 0 32473456
488 689 0 703996213
159 976 0 600942034
660 91 0 872790186
163 621 0 101569528
679 80 0 324961884
451 602 0 196470342
261 223 0 545683187
823 422 0 778398570
774 836 0 324940972
505 540 0 173180203
533 126 0 559170498
673 425 0 684691730
459 701 0 25237576
414 560 0 473737871
290 82 0 51657109
845 543 0 556243538
911 78 0 65009831
908 613 0 294489833
194 432 0 954345606
763 573 0 619227519
949 505 0 728339233
102 776 0 212883436
902 560 0 217687401
840 732 0 727838594
558 119 0 629648942
125 881 0 170722998
159 50 0 630882920
268 593 0 746927456
998 850 0 261600730
813 418 0 571515600
926 127 0 136683990
409 696 0 543649976
178 18 0 846965727
581 752 0 375616516
747 135 0 484633854
306 163 0 948726834
942 189 0 294302869
690 185 0 578358674
501 950 0 334013829
546 343 0 289295799
796 861 0 315147967
36 502 0 60704010
280 661 0 999428223
704 614 0 388477554
195 546 0 316343178
859 590 0 438206323
264 117 0 643435447
827 394 0 933313586
674 859 0 254796540
150 121 0 659302244
624 857 0 748199305
595 437 0 297376778
911 532 0 263784217
926 167 0 424535475
679 11 0 52572975
746 234 0 97108002
885 263 0 588158197
921 556 0 501833454
161 476 0 96776828
352 520 0 624221349
443 762 0 821299972
156 183 0 905210123
603 509 0 340148756
372 924 0 425496774
918 628 0 337263579
841 598 0 266987866
3 146 0 970623029
246 796 0 868928465
757 408 0 339867112
508 292 0 929094925
904 999 0 425950425
906 172 0 167349629
490 765 0 14463322
416 572 0 649977159
5 469 0 299471120
711 392 0 538546875
485 268 0 391180792
45 868 0 88265429
496 994 0 979698773
53 493 0 445311398
742 692 0 170633121
507 258 0 949964568
582 648 0 129639464
703 59 0 904754436
829 309 0 828879961
891 502 0 374587202
974 641 0 120191396
610 369 0 287166619
875 179 0 226437967
726 894 0 1876366
728 628 0 226838518
619 572 0 143179231
896 784 0 103976049
7 593 0 56691345
735 241 0 752841218
641 826 0 257462778
497 264 0 299750363
945 868 0 898370956
784 578 0 783050727
429 170 0 169336010
135 846 0 608337883
537 568 0 922462028
681 308 0 30608379
358 460 0 24603864
100 182 0 410710162
854 429 0 454239044
476 315 0 427359375
622 325 0 967607247
289 739 0 359003579
604 135 0 862694164
263 781 0 403174393
521 588 0 762307356
118 244 0 145930875
968 526 0 223888931
813 912 0 933877617
8 631 0 963638874
380 655 0 148193401
317 592 0 614318545
667 185 0 295835138
34 375 0 882530748
562 690 0 914599955
431 269 0 915026173
520 42 0 201291600
227 645 0 766494852
770 257 0 370053630
282 790 0 155011242
942 827 0 728038860
852 800 0 558993465
93 731 0 885435106
626 796 0 472390553
371 574 0 950476538
732 700 0 413728179
516 1 0 611513275
19 661 0 140304392
31 944 0 830845204
866 851 0 313786180
111 791 0 81881082
187 398 0 838847118
144 506 0 986165362
389 495 0 984360148
334 788 0 896546821
615 31 0 3370650
762 803 0 888329332
26 288 0 182638742
72 839 0 442666232
275 232 0 136783866
89 29 0 128257890
190 98 0 340529042
223 844 0 180097463
669 855 0 232961009
182 71 0 993214797
478 53 0 920055629
210 789 0 487580440
562 645 0 76975578
351 234 0 842763119
510 405 0 316150534
510 497 0 606365114
319 848 0 922140434
46 855 0 312075955
876 937 0 868616438
749 419 0 747187631
684 591 0 224363372
884 10 0 96986915
150 862 0 557172704
114 206 0 952365768
608 473 0 45076635
929 497 0 673675220
574 462 0 182249077
88 931 0 534027918
38 415 0 508163938
737 420 0 882890215
782 368 0 502421757
368 905 0 524204279
849 13 0 689091786
698 906 0 155574577
3 862 0 520413385
144 270 0 207294435
105 368 0 281784487
878 533 0 970422182
463 456 0 596558480
108 496 0 370584446
97 190 0 163328693
845 558 0 683133456
259 631 0 809972925
857 923 0 47510705
898 317 0 142691288
594 493 0 665550476
955 192 0 710682075
977 905 0 715595816
883 442 0 636392125
861 11 0 620980107
759 247 0 772592836
346 522 0 459671127
965 76 0 657136806
655 540 0 414490087
646 452 0 112669246
529 248 0 928093207
941 610 0 137003
415 9 0 86805756
467 426 0 292285234
836 628 0 236266691
506 250 0 446885605
956 977 0 983648455
992 714 0 452583601
862 114 0 316603550
951 673 0 699770965
824 267 0 930614815
510 418 0 249810342
860 922 0 289015173
339 114 0 96800962
15 135 0 780167367
420 544 0 695994197
247 948 0 149437999
222 83 0 170685014
633 484 0 112322439
876 974 0 275281212
626 229 0 127173189
823 210 0 571387578
148 483 0 493483324
659 763 0 30943939
889 434 0 516555001
45 918 0 808575407
673 350 0 835488690
722 126 0 41428224
68 485 0 428740664
98 65 0 536100225
236 174 0 421568021
272 968 0 319731429
858 528 0 380307390
996 521 0 801077209
492 134 0 784152791
976 970 0 922013641
481 495 0 772504040
82 68 0 983516825
960 190 0 428078696
622 102 0 136040245
334 857 0 107378880
394 843 0 310034822
639 842 0 403835384
740 454 0 886114036
831 642 0 954738628
503 905 0 49082049
357 133 0 142288924
840 61 0 827501084
761 856 0 778749456
308 567 0 425692270
755 883 0 362000542
511 604 0 61840086
907 393 0 145601382
805 180 0 472494527
867 921 0 138384330
949 651 0 295984087
836 568 0 336737792
825 766 0 482781421
457 634 0 937746103
867 915 0 539501940
534 551 0 704007197
267 616 0 88912030
286 745 0 746140401
446 904 0 446466651
49 816 0 175173447
81 418 0 993096699
305 530 0 951011315
240 457 0 288483207
724 186 0 58329119
423 636 0 975268879
428 851 0 437862610
338 72 0 174672603
6 706 0 920026796
144 76 0 930617097
350 333 0 349008258
403 717 0 470560984
107 5 0 454935695
721 688 0 540625693
452 84 0 305101813
281 254 0 202289847
215 999 0 210781921
981 672 0 668357978
318 22 0 75081389
993 511 0 699280600
422 685 0 223211369
382 605 0 580708093
697 698 0 785189060
585 688 0 914735772
837 619 0 829301185
536 49 0 835971723
539 701 0 889271255
996 292 0 43403057
887 277 0 129566849
749 102 0 313613550
224 361 0 288750754
839 684 0 472598079
407 168 0 105772614
899 129 0 683519969
190 745 0 672114353
55 722 0 824275261
364 211 0 426309869
885 621 0 230765929
109 697 0 461071916
859 668 0 233828235
387 467 0 500894805
