2000 2000
361 409 0 303280447
459 456 0 699265576
194 230 0 919430698
697 1211 0 331706932
695 1197 0 62026357
424 1835 0 582986083
521 1865 0 786927154
137 862 0 405587000
1700 1992 0 32475467
360 1218 0 134810816
402 763 0 755356198
748 81 0 173525449
993 932 0 330658395
754 936 0 705585590
683 710 0 718033999
143 980 0 911889017
148 1554 0 272996604
1410 868 0 547218716
304 1820 0 793884921
1774 1712 0 615150809
1820 304 0 771691580
417 472 0 232578879
1364 473 0 999895200
1868 194 0 699931720
71 1487 0 774583559
934 409 0 250865404
1028 1834 0 409625795
1683 500 0 416881992
999 1444 0 448020446
614 1992 0 76023807
1566 131 0 174137956
95 1157 0 631120896
521 1865 0 125400842
118 1200 0 687766077
640 185 0 941380927
991 1118 0 868794306
1594 1525 0 591666748
1986 1916 0 969114985
1375 1178 0 292342645
830 1889 0 938235310
370 776 0 72543976
942 806 0 869666572
357 1664 0 813093024
1841 945 0 680072142
956 1282 0 249234588
1406 815 0 507809330
1445 1149 0 339389266
42 1614 0 589939461
498 863 0 378891677
1751 229 0 325902430
1213 74 0 346318202
135 1841 0 168062170
1915 1349 0 58672980
993 294 0 649874715
1794 1689 0 990633157
1992 1236 0 426777978
1001 570 0 77053740
402 1175 0 345226073
614 1983 0 66322117
1439 441 0 74815984
934 409 0 587451707
197 1148 0 21113885
237 1712 0 680236598
1077 946 0 55920076
1148 197 0 602655151
293 1157 0 981917099
475 465 0 7667198
945 1841 0 8798570
498 863 0 933681555
1899 1896 0 72941924
1282 956 0 509638706
1651 1746 0 839940770
1619 323 0 413642776
614 1834 0 256356637
1464 100 0 472957461
974 359 0 989046928
1629 95 0 61860048
1028 1629 0 137890928
410 1377 0 71405271
1700 980 0 369805421
361 194 0 822989630
897 614 0 154083169
181 1981 0 305019763
1012 303 0 462618781
388 314 0 299143448
632 60 0 576676544
42 1525 0 337744727
1375 1409 0 373609756
1447 1314 0 543783536
945 1241 0 782898362
785 453 0 575890258
1596 317 0 832526314
248 1689 0 64050498
927 1264 0 895165955
1894 1612 0 908191308
1017 1547 0 619386910
1667 1623 0 601872607
1197 617 0 394184358
746 562 0 273165605
1931 1157 0 55985772
830 1315 0 469575720
1667 1831 0 649520810
1797 1219 0 907725280
579 632 0 111003038
1955 1470 0 182012094
971 125 0 172774484
1036 1597 0 443338597
634 1737 0 322930003
554 1677 0 896923478
1931 201 0 690242363
1983 344 0 112818391
31 1939 0 71073019
194 982 0 816590208
377 769 0 991105137
614 1931 0 782174096
1772 402 0 108070864
1641 1860 0 722162993
191 499 0 259785118
673 1061 0 198181221
402 1594 0 253120325
143 637 0 900809080
614 95 0 34843323
824 1672 0 824996064
956 1282 0 394661950
1841 135 0 71920794
416 1157 0 520276209
1876 1707 0 468266448
710 792 0 225196918
463 1130 0 75738296
1629 614 0 293333736
1607 746 0 553473
1100 1557 0 94271121
746 1231 0 916027622
1094 1229 0 716104493
253 429 0 329848864
1149 1089 0 296390338
1983 344 0 592008999
1369 946 0 827519003
637 357 0 381535857
198 1841 0 945874857
1236 897 0 298825926
1436 1552 0 170348834
1983 637 0 109809507
1028 1681 0 869446299
1641 1860 0 414148816
1277 1412 0 34742701
1926 1777 0 879472672
637 897 0 440374634
1140 1414 0 472333991
1860 635 0 440278708
1017 1547 0 493732388
1313 317 0 115411563
311 568 0 955494742
791 1977 0 342883651
922 748 0 959042200
791 1703 0 361392103
463 595 0 883150130
311 653 0 920383377
118 1200 0 100478130
1794 371 0 290659955
344 1681 0 298088637
6 1015 0 889836195
294 993 0 755700811
910 984 0 328360778
201 1272 0 48762615
980 1028 0 408372288
1061 1519 0 410506692
651 987 0 851077635
1157 1931 0 492416725
1508 757 0 357808151
1834 1700 0 453475379
1043 172 0 308880718
619 1565 0 575035488
637 1236 0 631830749
1694 1795 0 877475234
1776 1581 0 759467988
980 95 0 982391100
1618 638 0 430140276
143 1700 0 942948696
1410 745 0 581157051
416 357 0 407143015
1272 1028 0 942894838
614 1629 0 298109350
1140 892 0 423421484
143 1157 0 291697037
1588 723 0 674675124
1622 542 0 807401531
1854 385 0 891918785
927 920 0 91835172
1888 1716 0 552392044
1983 1700 0 752180319
1583 579 0 754260246
296 939 0 471581044
406 780 0 648734625
908 134 0 864361101
52 1510 0 308521238
1983 637 0 64529263
598 1970 0 761672599
649 1704 0 474103293
1411 319 0 619648995
1843 728 0 857977221
1746 1651 0 480135255
465 475 0 561524280
1364 1068 0 6764319
56 529 0 45620926
297 1830 0 757008794
1614 1594 0 346417234
1992 151 0 321769325
1614 763 0 958603554
1095 1190 0 569089934
1134 894 0 865762729
179 1978 0 618138008
1931 201 0 378732126
357 201 0 113744454
1977 982 0 907089942
982 230 0 481278320
417 472 0 198090861
673 929 0 941227601
317 1313 0 63323793
1594 1525 0 684932803
1116 452 0 484525557
42 1614 0 37014041
944 1042 0 29226499
1805 460 0 732530258
1496 420 0 574972988
216 1356 0 798767058
357 1629 0 551828130
876 1566 0 585032584
1140 1110 0 803749733
1816 688 0 913887421
293 1681 0 676364234
1672 824 0 57767924
1175 1594 0 430108853
1926 1456 0 303219153
697 995 0 238965459
1762 138 0 673654847
1953 781 0 473021667
1664 1629 0 606492293
296 1079 0 293671670
1041 1299 0 295585941
577 116 0 161165217
474 825 0 780458458
1794 248 0 368443820
1313 1596 0 564935841
2000 131 0 308694971
191 477 0 605747553
1028 143 0 805586543
300 1175 0 242647571
373 140 0 584165661
293 1629 0 20145336
92 542 0 546500643
344 151 0 781079893
31 1939 0 160054421
1746 1651 0 540423395
763 1772 0 707051138
482 279 0 80067510
1859 468 0 223975839
640 96 0 264438305
669 283 0 615953176
904 1823 0 571794459
1236 980 0 596758285
1992 201 0 529880725
676 242 0 218727344
1774 237 0 353952834
1992 1157 0 172320020
1264 920 0 460813307
416 151 0 739903423
1664 1028 0 910752170
510 1853 0 68444945
1028 151 0 176768370
1060 619 0 855775248
791 982 0 436868664
1854 385 0 671279860
1614 42 0 984205771
1185 1469 0 5656832
1895 1171 0 509778617
554 781 0 167189484
1664 357 0 892145113
1227 1055 0 834653761
1028 1157 0 726881062
1596 317 0 891510907
792 702 0 55367653
1410 1624 0 523995812
319 1551 0 5738577
344 1983 0 724175029
1681 897 0 986912323
1672 1955 0 152576433
1720 792 0 880181429
474 825 0 488182187
323 1619 0 867434082
1677 781 0 768623090
1865 1706 0 209395318
463 1130 0 468870101
1211 995 0 184277078
1487 71 0 779492699
1937 1234 0 111833522
475 465 0 838777406
185 838 0 815148752
1272 151 0 725210337
939 1079 0 935000055
1576 413 0 663492391
31 1493 0 157061642
217 741 0 70124532
637 1931 0 819299785
143 1983 0 228720088
151 1700 0 998533430
1978 179 0 548777843
1834 151 0 724042621
225 209 0 449534198
1175 402 0 666077437
637 1983 0 160226362
416 201 0 455874307
1720 683 0 847583884
293 1629 0 247581119
1157 897 0 783973325
1830 297 0 740020338
746 1231 0 72274564
1150 186 0 116202590
1856 315 0 891666247
980 1629 0 356524342
1591 707 0 363112956
1028 95 0 434227463
1918 1976 0 1564958
324 465 0 909268391
1677 1953 0 316033544
1236 416 0 553915666
365 1123 0 230622758
1710 1962 0 383093091
1018 365 0 69073520
294 932 0 694030547
748 81 0 816885592
1030 1661 0 426327564
1244 1869 0 374822752
1739 852 0 311163975
293 95 0 961044206
836 581 0 620640043
1983 1028 0 367576905
942 1994 0 468298769
148 1554 0 146888140
276 619 0 958763322
357 1028 0 302106694
1896 42 0 70065098
1623 1667 0 359593942
1157 1664 0 683096840
292 861 0 592090479
875 652 0 879142107
135 945 0 272348167
1981 181 0 23238284
1414 1140 0 441382002
910 1331 0 71847162
1623 1667 0 936098586
1822 1268 0 145466617
1983 293 0 302108472
1737 1513 0 202336683
1108 217 0 744889017
1700 151 0 171778202
482 88 0 903739105
1805 460 0 945229661
276 619 0 911875518
982 230 0 462649332
475 324 0 66147104
344 1681 0 128369108
71 363 0 829556879
819 987 0 184584638
1617 35 0 274429235
109 1046 0 365302206
493 486 0 481830491
1614 1175 0 359870185
1700 1236 0 513081564
897 1681 0 974646686
1992 1236 0 365160773
575 1736 0 237936386
791 1868 0 671267259
1729 257 0 256223495
709 1184 0 272939776
359 1994 0 856710254
445 1918 0 330880202
700 1523 0 167557133
1931 897 0 192071855
942 1223 0 715976314
1197 617 0 957115875
32 670 0 200937110
1171 1280 0 462525677
1593 1201 0 879593530
403 1807 0 102126051
1355 1314 0 518000732
892 1140 0 660899052
1834 1664 0 170462427
416 897 0 31612377
1883 1344 0 420007325
1486 1801 0 564335264
1028 1157 0 696359659
637 980 0 602850131
1992 201 0 471046673
586 879 0 298251275
131 1413 0 788281539
1549 1388 0 904082787
1486 1801 0 902728335
1244 1748 0 502283597
614 1992 0 25206504
1629 344 0 388779300
338 1154 0 744977393
1236 1629 0 69769983
153 1890 0 453921718
754 936 0 695229653
1720 792 0 241553676
1383 1562 0 814529844
184 641 0 772508925
1185 1469 0 738412002
889 1793 0 361554844
424 1835 0 336526197
357 151 0 248916703
530 919 0 676035897
769 271 0 142862468
1241 135 0 354298754
1992 980 0 5755298
143 1028 0 338320907
1664 293 0 847250422
1476 1397 0 289007891
1108 528 0 994539999
1883 1344 0 405484601
793 1500 0 935425776
1047 1893 0 391641117
1454 1851 0 378833449
1291 472 0 690773339
201 1236 0 608820830
1573 172 0 819220473
1291 472 0 709135730
230 1306 0 538841907
614 416 0 8039397
143 416 0 199115617
198 1919 0 112406123
1261 475 0 634807144
1914 1869 0 3896414
1834 95 0 161055674
42 1772 0 146481983
1978 1514 0 804071188
1339 1930 0 937991718
230 1703 0 721807790
1931 1236 0 198641347
110 1073 0 645458353
1896 1594 0 318936626
293 1681 0 820969288
824 659 0 334235095
1864 1071 0 719836288
1931 1629 0 161110106
1793 889 0 698040531
436 1981 0 476551643
922 748 0 382765285
1899 1175 0 610146797
1241 945 0 228233759
727 1924 0 772660545
1551 1411 0 222431715
1200 118 0 537550133
1509 1389 0 789359947
1018 489 0 823645727
277 1909 0 743207787
897 1664 0 483416223
836 581 0 613068254
1232 840 0 714685615
747 368 0 988080115
1077 946 0 596094698
1549 1388 0 147953259
738 1499 0 708707708
216 1356 0 247785807
436 181 0 49647955
1150 354 0 710639055
611 686 0 368584629
1484 729 0 385323602
1176 1168 0 624909659
1931 1236 0 174404540
465 324 0 138692016
944 63 0 158400255
1865 521 0 784748229
201 1700 0 606343749
458 1231 0 521837721
324 465 0 503965628
1272 1664 0 93678750
311 568 0 277300898
42 1525 0 455155761
1703 409 0 799712741
1028 614 0 828534117
982 194 0 713618461
436 181 0 640999765
1284 607 0 509554773
614 1983 0 348667159
361 982 0 167608053
295 165 0 641944370
1614 1594 0 195150200
1223 942 0 376772061
143 95 0 127000063
1036 1597 0 101408590
1223 974 0 26306009
1068 473 0 195014189
904 557 0 776818327
279 884 0 702241890
252 1777 0 191392667
1575 148 0 909120845
357 95 0 256001610
578 1918 0 220036444
1519 929 0 749499338
3 1197 0 467155388
806 942 0 18926292
1712 1405 0 168681263
210 1796 0 454797942
940 1402 0 613934347
974 1223 0 676124733
1412 1277 0 751528830
1681 1028 0 159066957
1710 1962 0 40042587
230 791 0 16885327
1953 1677 0 274258861
131 2000 0 290260201
1236 293 0 17642089
1681 1157 0 106118098
1664 1272 0 381694697
482 884 0 521405573
554 1953 0 428495603
1537 118 0 171040071
637 1236 0 949595089
1976 578 0 506048767
1729 257 0 680168306
1157 201 0 600882290
117 219 0 944555019
198 1241 0 599079664
581 836 0 67581877
1720 710 0 761414937
151 143 0 576105731
1306 1977 0 45535257
1641 1860 0 992458375
1681 980 0 478630655
1966 1725 0 468816477
1204 1921 0 598651450
183 754 0 986264492
1629 980 0 824548602
528 741 0 422583066
992 1765 0 413227318
1444 999 0 531248033
1068 1364 0 753933044
1891 1969 0 282393269
1185 1781 0 495253071
1677 1953 0 742765130
1992 1157 0 703424772
324 465 0 51980614
1469 1781 0 456010955
836 581 0 824699022
542 1622 0 174851638
744 1259 0 179569685
1464 62 0 496680238
524 1229 0 440877156
1914 1244 0 83457271
1854 1127 0 401164203
1083 166 0 16851201
1899 1772 0 766167590
1894 1612 0 750401655
1264 927 0 539506192
1236 980 0 893137741
354 1150 0 510357080
741 217 0 396902362
1700 614 0 947047762
357 1157 0 49568242
365 1123 0 994497372
702 792 0 744822055
640 185 0 900079257
1227 1055 0 590053008
242 676 0 961944918
697 1211 0 657082206
530 919 0 989255380
1823 904 0 817410200
1061 1519 0 36916645
754 936 0 755628837
824 1470 0 4140792
1594 300 0 724248000
1834 897 0 510129245
143 1272 0 856555972
1614 1899 0 224172147
277 921 0 432781799
1594 1175 0 824026469
1614 42 0 750218756
1899 1772 0 158891273
1901 1469 0 440674306
744 1275 0 189613373
557 1714 0 571870397
669 1767 0 721189751
500 1683 0 406046445
344 1629 0 258798710
293 1664 0 638090789
982 1703 0 929885567
1785 1375 0 783998147
982 1868 0 365840546
710 683 0 756798173
1896 42 0 949922609
750 1557 0 427042248
1495 817 0 653130171
1272 1028 0 591159677
1245 156 0 957370278
1981 181 0 892226402
1896 1525 0 184600159
52 1510 0 71849264
1992 637 0 772639384
637 151 0 638742967
312 529 0 932718971
1500 793 0 152709261
125 82 0 540713231
792 702 0 714100319
644 1937 0 314524941
757 1508 0 467065631
1868 409 0 489954104
1834 1992 0 924025511
1036 1597 0 927618418
824 1672 0 564623027
578 1048 0 974991178
402 763 0 35279692
1834 637 0 583670772
934 230 0 265684657
1976 445 0 59962998
1414 1140 0 289834012
1034 240 0 593328580
1937 644 0 384279725
135 1919 0 694785923
1652 253 0 859643442
651 819 0 1256381
201 95 0 248558582
230 982 0 130754373
1525 1614 0 93272178
1724 1747 0 6570213
607 1284 0 356402725
1716 1056 0 386376868
1869 1244 0 464626968
1436 1010 0 411998907
673 1519 0 889947233
1785 1409 0 630674295
201 1992 0 365613131
253 429 0 710504061
1664 201 0 452665958
1899 300 0 160929693
1629 1992 0 660213362
152 1540 0 488270049
1689 1794 0 366196493
551 956 0 498739076
934 1306 0 99758052
201 980 0 583350224
838 640 0 558232635
14 168 0 6961333
1694 1795 0 65958226
436 181 0 492488240
897 1983 0 527940474
1916 1986 0 469736347
1229 126 0 626088672
1994 1223 0 429872921
987 651 0 795163902
568 653 0 264540892
1084 626 0 263145871
897 637 0 151551786
1244 1748 0 908778450
1175 1772 0 60598273
1651 1746 0 738742778
1171 1895 0 273542760
632 1583 0 770856619
1469 1185 0 424258303
1793 889 0 911836958
1387 418 0 109852760
1456 1777 0 455304357
1573 1279 0 277708510
1028 357 0 494688887
821 388 0 495475118
402 1525 0 298726786
1150 186 0 600408389
1279 172 0 134773679
524 345 0 874391768
359 942 0 9912987
610 827 0 458668527
1487 71 0 241206179
116 577 0 1914050
1904 90 0 658593934
792 710 0 944183381
934 791 0 639250101
1834 1272 0 206248679
707 1591 0 285782855
344 1664 0 367716529
1223 942 0 198725211
446 134 0 246450044
987 819 0 42162028
1279 1043 0 6955924
1867 1888 0 820344279
922 748 0 891202313
807 1422 0 624371028
1185 1901 0 892559910
121 246 0 623850000
385 1127 0 546890130
486 1035 0 902997292
1236 357 0 720890704
904 1714 0 342041390
1888 1056 0 374205725
1865 521 0 625022080
77 81 0 225090193
1729 257 0 920121373
344 1992 0 933270497
741 528 0 851074077
377 769 0 705609174
344 1028 0 832837421
1554 148 0 500385318
95 1664 0 518491140
1830 297 0 72717924
361 791 0 164738873
334 1065 0 803029994
363 71 0 149443933
1321 1930 0 163202018
1259 744 0 687319888
1046 1990 0 912995882
1899 1525 0 892998277
980 95 0 482832654
100 1464 0 40304047
655 1308 0 40724440
1306 1868 0 670714283
630 606 0 56489952
991 1118 0 42139458
1739 852 0 561378473
1614 1525 0 994086647
1681 614 0 552996248
131 1566 0 886942785
1841 198 0 630945547
1077 1369 0 516940287
614 95 0 638903613
1774 1712 0 297349757
95 897 0 403576049
116 577 0 84181718
1563 1504 0 60337993
1730 1392 0 91476910
1981 436 0 976678210
1834 1992 0 525527248
1581 723 0 226571549
95 1931 0 248766231
640 96 0 300710715
652 875 0 760286816
386 644 0 498584633
617 3 0 714229229
1392 1730 0 862804756
1931 980 0 671867186
897 95 0 931808279
1896 42 0 418739582
365 489 0 524911639
267 463 0 500866399
1976 445 0 835551225
945 1841 0 391115498
146 1655 0 794138343
118 1200 0 172333147
1905 601 0 70712281
125 971 0 637461771
1130 595 0 849827660
446 908 0 702580418
230 1977 0 400167012
562 746 0 720301664
1943 1333 0 776516548
498 863 0 9507912
637 95 0 765298774
1896 42 0 164482873
1445 1149 0 858177858
388 314 0 508300789
368 747 0 578883953
474 540 0 192624671
296 1079 0 225231835
1051 1450 0 925663593
1570 266 0 665702945
761 288 0 217513329
49 832 0 917340108
1190 1095 0 401582656
42 402 0 536956947
942 1223 0 383638818
550 1775 0 738081645
702 834 0 83227317
1994 942 0 989433592
990 777 0 621056546
143 357 0 678644981
352 1141 0 839195672
1235 1541 0 47112657
1157 1992 0 685225790
637 344 0 983085643
1700 1992 0 82361138
172 1279 0 728834052
409 194 0 558641300
1681 1931 0 736996505
791 1703 0 189558470
554 781 0 877025263
1094 547 0 115075047
1720 710 0 893365380
105 176 0 523652565
1175 763 0 337355185
1449 1422 0 580783876
1305 781 0 524620026
1115 1997 0 583292650
486 1035 0 931019765
897 1272 0 185033766
1273 1342 0 442374520
357 344 0 989264486
575 1736 0 532310688
991 590 0 558656589
1018 365 0 333764953
1306 1868 0 310851380
1805 460 0 420504190
777 990 0 140445383
754 936 0 783860517
402 1175 0 727127057
1245 1038 0 659008518
1700 201 0 300258260
156 1038 0 690774403
357 1931 0 86257882
1700 1272 0 164694491
112 779 0 724818622
191 477 0 639202945
1007 872 0 578995848
1241 1841 0 475995119
1541 1235 0 887449693
319 1551 0 29588449
1933 313 0 206926151
1614 1896 0 215450334
980 293 0 257288149
1175 1525 0 295108745
1272 143 0 316288
528 741 0 112969492
1851 1454 0 464381749
1785 1178 0 660477615
1057 470 0 44587996
1236 1681 0 603629089
1235 1541 0 106768110
300 763 0 646145702
303 1012 0 941951550
287 1304 0 944729943
1620 1351 0 799500786
1939 31 0 356525323
695 617 0 754407852
614 1700 0 739386039
945 1919 0 63993656
1229 126 0 318573601
948 1178 0 469870844
1028 1700 0 607008070
653 311 0 958598841
63 1042 0 631708088
1190 1095 0 316599182
1918 578 0 50216036
420 1496 0 180680304
530 1294 0 636688267
929 1061 0 643465262
143 344 0 317468791
1236 357 0 232158090
1236 293 0 616839044
897 1700 0 475060411
1413 131 0 183280354
95 151 0 661647077
688 1816 0 581747556
897 1931 0 939669813
1067 251 0 337627366
1110 1414 0 937636972
1703 934 0 585425249
644 1937 0 249062991
1255 1441 0 838699121
1356 216 0 49179879
574 245 0 122266890
562 1231 0 703294857
1629 1272 0 163724851
1960 998 0 634666820
1305 554 0 658869893
152 1540 0 726827024
637 1272 0 546535449
510 1853 0 664607951
95 1236 0 890353443
1305 554 0 97916329
763 402 0 898015354
1867 1056 0 82024330
1794 248 0 582492320
300 42 0 165638355
1994 359 0 957943641
232 652 0 86737889
721 1593 0 578345228
1681 357 0 564371405
1487 363 0 649627508
1127 1854 0 564193373
1945 494 0 261262232
1909 921 0 107595882
945 198 0 821342332
1157 1629 0 400955556
267 595 0 903758250
1409 1375 0 884416671
477 499 0 297400489
344 637 0 264849706
896 209 0 468365818
1619 323 0 875367414
637 1834 0 424184625
1197 3 0 236863683
482 279 0 167447192
1454 1851 0 688836181
974 1223 0 876797120
302 1430 0 445550925
1624 868 0 903297061
1899 42 0 225844237
1202 462 0 705318791
357 1992 0 933100964
1681 1834 0 927284138
458 746 0 942271623
82 971 0 986198705
637 1700 0 964745764
300 1594 0 631262139
1614 300 0 753227556
1677 1305 0 617151305
1234 644 0 867230930
1969 1891 0 203137485
945 198 0 158078210
1436 1552 0 225756655
389 1231 0 925772779
1706 521 0 993125450
749 1982 0 870812499
1672 824 0 793107271
1931 637 0 210586817
763 1896 0 266572974
143 1236 0 752500819
339 1439 0 947171528
352 1141 0 213149267
416 293 0 77650351
315 1856 0 131905567
357 1629 0 385081886
237 1774 0 568460185
1256 157 0 336582089
1540 152 0 314998999
1700 1664 0 57679124
1294 530 0 335557884
991 590 0 328093165
714 728 0 821267166
465 475 0 445044058
1265 943 0 394022595
1351 1620 0 295824823
1561 648 0 42743105
288 761 0 263952246
460 1805 0 510586732
1241 1841 0 749668466
95 614 0 493479197
614 1834 0 272783844
293 1992 0 987336211
60 579 0 991308223
1664 614 0 792796746
1368 1618 0 928080029
1020 731 0 605750229
984 910 0 214044152
670 32 0 318392106
1724 1747 0 386591836
1888 1867 0 443098439
787 1494 0 415874353
1797 1219 0 853604203
595 267 0 84977183
1456 1926 0 767980247
216 1356 0 704159013
1487 363 0 1974947
344 151 0 272403334
919 1294 0 297018755
1664 1236 0 99043975
1565 1060 0 816090053
619 1565 0 594531357
884 279 0 320236562
278 1731 0 969023871
1869 1244 0 561153370
1884 1363 0 228783580
409 1977 0 191208538
634 1737 0 594177287
441 1439 0 38788295
143 614 0 573361165
1157 1834 0 443169656
1931 143 0 551771815
1888 1867 0 89040987
350 341 0 467115092
1714 904 0 708176323
1073 110 0 357116619
359 942 0 708052701
292 861 0 441179589
879 586 0 934277645
277 921 0 294328900
1807 403 0 469651321
1157 1983 0 522628397
201 293 0 467058163
1898 1120 0 659077051
35 1148 0 790001313
738 1069 0 661510401
1981 181 0 554510351
1633 536 0 104536414
1933 313 0 500533520
1883 1344 0 894733848
365 1018 0 18576595
1527 663 0 766976201
595 463 0 696127392
293 151 0 286282277
1762 138 0 302987229
317 1313 0 974140890
1762 1669 0 870804668
135 198 0 494643634
77 922 0 947815242
702 834 0 801570476
409 194 0 788349149
1926 252 0 827615374
980 143 0 887696308
267 1130 0 400498139
1264 920 0 650173367
528 1639 0 810051878
417 1291 0 949602733
319 1411 0 518139056
151 1992 0 80365833
1236 897 0 657176735
901 578 0 833951437
2000 1413 0 799806133
1700 1236 0 614461370
868 745 0 358628655
482 884 0 206017122
1767 283 0 923232599
633 1209 0 845064374
1807 403 0 544629015
995 1211 0 209335632
344 95 0 342825158
1253 275 0 915464524
901 578 0 250101834
463 1130 0 241636371
1729 257 0 245978844
1244 1869 0 477187540
1672 1470 0 132028875
1083 1676 0 719214919
138 1669 0 353716850
1525 300 0 933415478
1983 344 0 466452479
521 1706 0 620647126
1001 570 0 99159038
1566 131 0 569110652
973 253 0 892949514
14 1165 0 708210200
1184 709 0 157078721
876 2000 0 922842162
838 185 0 883575705
472 417 0 914594710
185 96 0 585504967
648 1561 0 342458903
728 714 0 353177599
1703 361 0 49657780
1439 59 0 477163059
1157 1931 0 648496940
1093 173 0 429344288
1369 1077 0 245929244
1306 361 0 888089200
1476 1397 0 248307236
1118 991 0 93540350
1914 1748 0 936007821
344 1681 0 457714812
1179 161 0 580873135
468 1859 0 367947257
1931 201 0 976981658
638 1368 0 416900759
65 372 0 382104135
1043 1573 0 251440576
897 1992 0 517679818
1241 135 0 192660711
1259 1275 0 970343234
253 1652 0 180887417
1227 1055 0 660090982
1868 934 0 783058320
1231 746 0 267215764
1963 624 0 295997069
551 956 0 883926622
1391 964 0 196438191
402 763 0 784733952
1157 1931 0 453263102
1629 416 0 186527065
1430 302 0 956461022
90 1904 0 840065952
1525 1899 0 299858773
529 312 0 853697809
1165 168 0 337238884
1355 1447 0 876696060
1236 1157 0 645344739
984 1331 0 7450169
1977 230 0 437050711
1556 195 0 163816406
1444 999 0 565341010
95 980 0 368430253
1028 344 0 374438758
315 1856 0 149652005
769 298 0 749844224
416 201 0 931968510
1116 452 0 25894961
1681 1629 0 501304802
1236 201 0 906876257
588 404 0 823792959
95 201 0 125407290
179 1514 0 140779792
1955 659 0 899131274
1018 489 0 782410889
1814 432 0 61558162
414 1418 0 359357858
721 1201 0 311154816
503 1788 0 717686211
1437 567 0 688921714
1681 980 0 641904439
1241 198 0 291272235
598 1970 0 649604370
1127 385 0 453340255
1868 982 0 413004658
1055 1227 0 614531236
1055 1227 0 128681017
386 644 0 100103400
1617 35 0 588296701
744 1259 0 340736551
248 1689 0 595453664
246 121 0 102214833
1306 230 0 364723144
1146 527 0 815168549
110 1073 0 740759409
230 791 0 944241384
1261 475 0 96772542
191 477 0 52960188
922 77 0 973048960
1443 1069 0 493700952
913 552 0 417765741
95 1664 0 292225901
1726 1764 0 599948442
897 95 0 746178455
344 95 0 665119151
1157 1272 0 782860226
1305 781 0 879862998
1178 948 0 667298416
477 499 0 78630603
1970 598 0 852630295
1776 1588 0 308156591
1781 1185 0 660069051
568 653 0 79267138
409 361 0 652183121
919 1294 0 215325599
1612 1894 0 788856635
1823 557 0 662931149
1990 1046 0 947028702
357 1629 0 558172431
126 547 0 771097473
686 611 0 554899771
354 186 0 989960253
1629 344 0 217319550
209 896 0 185888757
357 1681 0 742681766
1976 578 0 359502322
151 344 0 399666250
897 95 0 701494993
723 1588 0 375058930
1108 1639 0 875543259
473 1364 0 893169673
1614 1525 0 413278754
1315 1889 0 518769735
1402 940 0 95062117
927 920 0 273527831
246 501 0 558899006
151 1664 0 535071924
1762 138 0 810222553
1566 131 0 36324714
344 1992 0 947225401
1834 95 0 949326744
1079 939 0 511197302
1710 1546 0 336153565
1175 42 0 186322171
1235 1541 0 134104048
1410 1624 0 716059878
298 769 0 859504131
1175 1896 0 978988214
1028 1834 0 8965324
1030 1661 0 530611229
1439 441 0 538968159
416 1931 0 683982264
1629 897 0 998506477
131 1413 0 203112578
1677 1305 0 10710941
168 14 0 709048197
1931 143 0 35263797
1588 1581 0 521819406
151 1028 0 211619900
852 1739 0 878020623
42 1896 0 808906062
1282 551 0 376844020
1494 787 0 318262329
840 1152 0 35009708
151 1931 0 777581886
445 901 0 277838806
1990 109 0 727716560
1593 721 0 14024640
1280 1171 0 248101553
1537 118 0 2274481
1272 201 0 566690528
1305 1953 0 603172380
897 344 0 866477580
135 1241 0 731221989
1241 198 0 577813501
577 116 0 658133273
973 429 0 186402311
445 1048 0 710134677
614 1272 0 200785571
280 100 0 959843335
697 995 0 985702532
935 717 0 661546097
121 501 0 786845639
339 441 0 591748072
151 980 0 476904113
1570 266 0 705875920
918 10 0 990014341
1899 763 0 750914288
1439 339 0 424195236
357 1834 0 218045390
357 1629 0 117287983
81 922 0 393415926
1118 590 0 49266145
815 1406 0 871275395
95 293 0 555132644
1992 201 0 556498513
817 1495 0 500422703
143 1700 0 328085769
610 827 0 328049285
293 95 0 557833331
1068 1364 0 316779906
832 49 0 395232388
1703 1306 0 607351809
1664 293 0 467924133
1464 100 0 110119722
1108 217 0 582882686
1983 897 0 583667114
1593 721 0 59273584
753 1424 0 891250695
371 248 0 388224891
1414 1110 0 456945138
1449 807 0 488572710
648 1561 0 265440853
1772 300 0 266209812
920 927 0 862864937
637 344 0 893200619
117 219 0 863348940
389 562 0 595150229
1185 1901 0 870642914
1436 1010 0 371092223
1554 1575 0 114638977
595 1130 0 910466573
769 377 0 625436189
551 956 0 221597218
890 775 0 943532659
1629 293 0 304299994
1955 824 0 471507089
1617 197 0 633949514
417 1291 0 824921547
279 88 0 460253343
551 956 0 812316601
831 1206 0 616871
248 1794 0 753486388
1458 1806 0 299156047
1272 357 0 421741050
889 1793 0 256313969
252 1777 0 872608440
1566 2000 0 42158660
201 1272 0 592311998
361 1703 0 484118728
1272 1157 0 612293471
614 95 0 69273049
653 311 0 249944721
1402 940 0 315189902
1981 436 0 841609270
237 1405 0 402649419
714 728 0 377783364
1889 1315 0 648991700
279 884 0 183857742
1664 293 0 280646137
1499 1443 0 987295946
344 980 0 19090505
897 614 0 694355002
942 1223 0 36147403
719 1569 0 294587407
1430 302 0 173515595
1073 110 0 916351867
267 595 0 595792902
1700 201 0 887837773
77 81 0 492089353
1001 570 0 523804971
581 836 0 722732761
153 1890 0 354499325
1614 42 0 832916143
1101 521 0 463691775
838 185 0 488695568
1150 186 0 517424649
1639 528 0 570403898
143 344 0 528975525
908 1425 0 867820093
710 792 0 982864984
1236 1834 0 45493671
601 1905 0 456761877
637 980 0 851129398
1077 946 0 346847077
1022 759 0 657735595
194 1703 0 225183022
1619 323 0 942539304
884 279 0 49979131
1299 1041 0 797783824
980 1700 0 20691953
296 1079 0 230554279
280 100 0 301535989
1629 1272 0 755677964
1566 2000 0 911792101
1443 1069 0 433561781
1405 1712 0 886597909
409 361 0 996765826
542 1622 0 498363223
1060 619 0 544078121
1115 1997 0 6955297
1834 201 0 598277752
1629 1272 0 949129555
824 1672 0 439760040
201 143 0 559070747
1652 253 0 150946324
59 339 0 41399304
1820 304 0 815571287
1622 542 0 565955779
806 359 0 850806075
194 1306 0 698620554
821 314 0 666605770
669 1767 0 511789867
389 746 0 186932923
1157 1983 0 478893833
1915 1349 0 232607038
630 606 0 147411865
1748 1244 0 327089953
1089 1149 0 604548043
792 834 0 883146822
980 151 0 374123933
465 1261 0 420808534
748 922 0 742761441
1236 201 0 911475493
667 369 0 118663576
153 1890 0 643228587
1676 166 0 368918474
707 1591 0 746120568
1234 644 0 369229616
1236 1681 0 395305014
1970 1112 0 294168134
1001 256 0 534537759
209 896 0 605694335
131 1413 0 951145239
999 1444 0 809149489
834 1720 0 700677281
151 357 0 237130920
1336 383 0 629008424
901 578 0 241095216
1594 1614 0 306409256
745 1410 0 452936469
551 956 0 514700121
1926 1456 0 52422258
1411 319 0 898157243
10 918 0 445429969
1179 161 0 731391721
1681 614 0 459189477
825 540 0 768617964
477 499 0 183929161
672 1475 0 353925508
256 1001 0 425972743
1664 357 0 775954413
807 1449 0 239829524
1464 62 0 472253947
1028 1992 0 404141848
1546 1710 0 978240579
1069 1443 0 665426284
137 862 0 304477303
151 1028 0 633465994
901 578 0 833286385
1933 313 0 462640965
416 980 0 756277140
918 10 0 419218568
271 377 0 613612144
1525 1614 0 138120574
1525 1896 0 20365070
998 1960 0 255421038
1028 1629 0 526263398
897 416 0 530057994
1048 578 0 84859054
1909 277 0 967335186
1331 910 0 192032029
95 416 0 23110253
156 1245 0 59523918
1865 1706 0 321948383
1060 276 0 598977593
418 1387 0 753861821
1043 1279 0 167948505
1236 1629 0 256196052
1716 1888 0 952950937
293 1028 0 922044156
637 1629 0 20001354
761 288 0 447410292
287 1304 0 199740038
95 980 0 37276085
473 1364 0 126259771
1201 1593 0 864439069
486 1035 0 121674255
1987 711 0 677626579
1241 135 0 64858568
240 1034 0 889314190
298 377 0 576181198
1739 852 0 200803747
528 217 0 781435434
232 652 0 547716565
1633 536 0 287631010
1413 131 0 287121517
293 1028 0 166163811
579 60 0 523759679
1689 1794 0 613804219
198 945 0 564365199
1493 31 0 94922290
868 745 0 840717678
1703 230 0 31428525
754 183 0 328248051
216 1356 0 603130621
1110 1414 0 278972122
1056 1888 0 718403247
1525 1175 0 861107133
1101 1865 0 764562988
695 617 0 187268883
528 217 0 597166218
987 651 0 601000558
14 1165 0 715808070
151 1992 0 27237224
481 674 0 266294443
292 861 0 539062114
1464 100 0 789982148
489 1123 0 451880467
1774 1712 0 917853652
781 1305 0 697026644
140 373 0 22726883
1983 1629 0 420238377
1664 357 0 632284096
791 230 0 250256332
1020 731 0 761427881
1464 100 0 650739218
1700 416 0 874775042
360 1218 0 54224010
1438 750 0 328636872
923 1636 0 664927286
377 854 0 679471471
659 1955 0 473302181
1148 35 0 124607567
1919 198 0 806540442
1244 1914 0 236951750
1889 830 0 711966778
1899 1896 0 296773374
143 293 0 41497862
1321 1930 0 763740684
638 1618 0 511378929
578 901 0 819753559
2000 1566 0 129915915
301 765 0 632088904
3 617 0 423994283
1294 919 0 641963725
1301 608 0 49049639
1888 1056 0 190063830
1896 1772 0 387567833
293 1681 0 435088388
1272 1834 0 730116864
626 1084 0 628185830
1414 1140 0 905924620
557 1823 0 439673769
276 619 0 103925531
1525 763 0 82422895
1261 324 0 83998005
608 1301 0 337708795
834 710 0 708570377
460 1805 0 131845002
499 477 0 68503511
198 1919 0 696977816
143 201 0 856025857
151 1700 0 576150143
1118 590 0 982507836
1772 1899 0 181196703
1681 1028 0 983167455
1306 791 0 997927065
1152 840 0 806733389
1700 1157 0 584171340
1048 578 0 152568811
838 96 0 93144141
1614 402 0 10455738
1450 1051 0 634348201
143 614 0 955428900
1955 1672 0 489619450
830 1889 0 242697756
670 32 0 677247384
194 791 0 883964235
1565 276 0 193214757
311 653 0 349197975
151 1681 0 242715055
1305 554 0 293059497
197 35 0 8246313
1256 157 0 620962250
1664 1629 0 79579948
673 1061 0 670986030
186 354 0 687262207
151 201 0 41732109
578 1918 0 355900118
1056 1888 0 160161666
1776 1588 0 381315519
300 1896 0 804010993
283 1767 0 27310437
974 359 0 389821354
824 1955 0 182714528
429 1652 0 148613255
1641 635 0 601801367
929 1519 0 956751702
201 1664 0 114804897
465 1261 0 42419295
462 1202 0 661443627
854 271 0 811291983
702 834 0 189842105
89 1096 0 112538189
897 1664 0 769076678
1236 416 0 980098399
143 95 0 404957980
1215 1104 0 599955727
1498 1402 0 519462905
344 143 0 420476067
1030 1661 0 336730951
1356 216 0 351435138
341 144 0 345351408
1677 781 0 388374939
77 922 0 520370337
1436 1010 0 622339609
1581 1588 0 407161667
1834 1629 0 808198500
1525 763 0 156916317
1496 420 0 208651006
876 131 0 449904204
1299 1041 0 774469884
95 1629 0 639878988
256 570 0 304151509
344 980 0 963879856
179 1978 0 527862268
1576 413 0 886286046
695 617 0 621438439
1774 1405 0 676773893
194 982 0 689908273
74 1213 0 559164454
283 1767 0 281151062
714 1843 0 67217391
1844 1937 0 683553741
1185 1901 0 496346686
897 1028 0 258732569
1851 1454 0 774502716
1306 1977 0 457019981
1834 1236 0 388780829
357 344 0 557366385
293 1629 0 467272321
601 1905 0 265487796
1130 463 0 722191818
95 1629 0 705964147
185 838 0 719592565
568 311 0 41497058
414 1418 0 615726410
626 1693 0 218524435
1234 1844 0 537729893
1148 35 0 343281049
359 942 0 630275359
1983 897 0 376967177
1414 1140 0 370010910
176 105 0 902519145
1953 1305 0 970229051
1339 1321 0 6249363
151 95 0 373364539
1405 1774 0 176255730
179 1978 0 363861585
81 748 0 230676112
1992 151 0 494507458
939 296 0 950227270
1375 1785 0 728690957
904 1823 0 815582713
365 489 0 343707949
201 1700 0 927693707
137 862 0 435516691
702 683 0 571250690
626 1693 0 935599594
1565 1060 0 964590875
1834 980 0 302762673
279 1812 0 355774714
1596 317 0 115804203
109 1046 0 92128825
470 1057 0 160744955
1171 1895 0 977746740
1916 1986 0 918136101
1028 293 0 947592809
1677 554 0 540374518
474 540 0 900042986
1914 1748 0 263020196
1106 1801 0 15614089
1402 940 0 196833149
890 775 0 6398312
1410 1624 0 402003301
633 1209 0 652092540
1084 1693 0 227262755
1762 1669 0 762667291
617 1197 0 178756714
934 194 0 898141931
181 1981 0 697004272
1983 637 0 174169477
452 1116 0 996481909
1868 791 0 104554416
151 614 0 724728077
868 1624 0 8356526
982 1703 0 23655236
1581 1776 0 712798363
351 1401 0 154649089
143 293 0 176661867
1693 626 0 761286962
42 1525 0 13291523
1413 2000 0 534128351
1689 371 0 839032929
144 341 0 448862301
191 477 0 79972112
1223 1994 0 863846012
388 314 0 843709561
635 1641 0 251015865
416 1931 0 122452633
561 1738 0 395588859
1583 60 0 958747602
1470 1672 0 845646518
1994 1223 0 572187116
821 314 0 340550490
1990 1046 0 469025295
904 1714 0 461129519
872 1007 0 388797053
429 1652 0 40432933
940 1402 0 816361847
875 232 0 461374853
1617 1148 0 782501644
1001 570 0 577689937
317 1313 0 264122903
344 1700 0 212853269
1234 386 0 501095737
1641 635 0 367222725
1854 1127 0 491476784
913 552 0 837383085
1868 1703 0 966758305
1865 521 0 829561443
562 1231 0 327186194
357 1681 0 920552777
1563 1504 0 704712650
1994 1223 0 773021469
929 673 0 122769408
1513 634 0 493297422
339 1439 0 971391903
1868 934 0 270574959
217 741 0 956554438
1069 738 0 926363220
217 1108 0 472870714
1301 608 0 592175971
1557 1100 0 217918577
892 1110 0 545083753
1525 1896 0 471354002
934 1977 0 751509713
750 1438 0 930079584
386 1234 0 328593512
1028 1983 0 47255136
1795 1694 0 965244070
1814 432 0 870074597
323 1619 0 932731577
1591 707 0 432202731
1389 1509 0 453987086
63 1042 0 934697760
1724 1747 0 216336003
317 1313 0 331250894
1157 143 0 163524452
748 922 0 233006060
357 293 0 752463780
637 293 0 297730865
1624 745 0 371966987
1720 702 0 982710438
875 232 0 647891245
763 42 0 623626276
198 1919 0 690556372
1677 554 0 361256837
1546 1710 0 641642239
993 932 0 766336378
81 77 0 857554577
1772 300 0 971764882
166 1083 0 388798393
1931 1834 0 857089134
361 1306 0 303572644
217 741 0 915163098
593 1725 0 610957658
1992 980 0 319747762
1577 782 0 575937171
614 293 0 926970720
134 1425 0 836650510
201 1681 0 232038236
1028 344 0 32826933
293 1272 0 16683650
1157 293 0 871078506
1206 831 0 180225554
1930 1321 0 99691030
642 1365 0 260007546
42 1594 0 938501199
1476 1397 0 631376386
95 151 0 360581868
351 1401 0 321531444
275 1253 0 325684731
1454 1851 0 703111282
956 1282 0 568832245
1963 624 0 705922718
1777 1926 0 637495918
1299 1041 0 804893326
1268 1822 0 236681333
555 1804 0 629121078
1563 1504 0 479434612
919 1294 0 177926589
252 1926 0 471103989
1010 1436 0 137337934
499 477 0 627544914
458 746 0 615431507
719 1569 0 832912331
32 670 0 903247596
361 409 0 502990336
638 1368 0 707685999
825 474 0 802163259
702 792 0 716680995
357 897 0 228180344
1028 1236 0 40872961
1469 1901 0 676475774
1970 598 0 528216752
777 990 0 285705594
1700 1992 0 801709587
971 82 0 652338850
1706 1865 0 640447736
1594 1614 0 352277901
1017 1547 0 849995064
980 143 0 163598372
100 62 0 943908316
446 908 0 639683682
1236 1664 0 63498093
1425 446 0 926103161
1622 542 0 672545978
298 854 0 375627933
498 863 0 165038643
1094 126 0 882852815
1272 614 0 159681937
1364 473 0 707764908
775 890 0 528005466
1272 1931 0 189940055
1408 621 0 307721079
1272 897 0 155227074
673 1519 0 766265835
1703 230 0 262995186
246 501 0 891302341
1774 237 0 170407601
1700 95 0 267931104
632 60 0 625805566
1157 1272 0 781551792
1275 1259 0 623185851
821 314 0 539999985
49 832 0 844367475
474 825 0 59708127
1664 151 0 538411067
640 185 0 613407732
1499 1069 0 261616355
1469 1781 0 462480599
1175 1525 0 703629742
1458 1806 0 635216483
1089 1149 0 736062671
524 1229 0 170808234
1629 201 0 801603581
1120 1898 0 387713537
14 168 0 976417553
1681 1028 0 292937729
763 1896 0 248312584
1794 371 0 404737821
1057 470 0 600497048
420 1496 0 578646319
1031 1239 0 258739911
632 60 0 669287259
528 1108 0 428127292
1229 126 0 554171420
637 980 0 939162434
1781 1469 0 806413959
1703 791 0 468820220
456 459 0 746745415
744 1275 0 29995953
105 176 0 712962187
486 1035 0 964399324
1157 1700 0 925136396
217 1108 0 843180759
135 945 0 902500998
921 277 0 121025117
1402 940 0 702152365
95 1629 0 921782178
741 528 0 362557474
295 165 0 65115395
1236 1664 0 243118719
980 416 0 912218694
1152 1232 0 224410594
987 819 0 551822762
1700 1236 0 805638927
446 908 0 29883005
710 792 0 881481883
1405 237 0 205243671
125 971 0 273334678
1785 1178 0 281141556
1636 923 0 568327622
920 1264 0 814501736
151 357 0 735679669
1100 750 0 433443443
1314 1447 0 737229967
185 640 0 498311452
191 477 0 796167565
96 640 0 485162976
1236 897 0 795482974
1391 964 0 303960387
458 562 0 911640267
910 1331 0 848441312
361 230 0 354014532
472 1291 0 926700
1629 897 0 71878316
1620 1351 0 97650409
1596 317 0 178898867
493 1035 0 944287439
1409 1375 0 522970116
769 854 0 359745812
1438 750 0 753173765
1171 1280 0 117764743
980 614 0 466054007
1245 1038 0 798538717
1977 230 0 290400833
1152 840 0 767819232
521 1865 0 474148571
95 897 0 455125979
1368 1618 0 28366066
1510 52 0 866117114
240 1034 0 764422712
934 409 0 365830813
416 1983 0 630576805
1614 1899 0 505898970
14 1165 0 750762301
1410 868 0 422625772
1681 1157 0 253552490
1095 1190 0 718973079
635 1860 0 754737995
344 293 0 505391447
695 1197 0 55912296
940 1402 0 733287406
458 1231 0 532196482
1035 486 0 983761670
1868 361 0 299195856
357 151 0 986607341
984 1331 0 198465421
817 1495 0 164242211
1401 351 0 275529996
1001 256 0 147153992
753 1424 0 529924240
1043 172 0 586528743
1963 624 0 438107842
1700 1629 0 715676625
279 88 0 425924946
1210 719 0 198695298
1978 179 0 946276595
1178 1785 0 211046676
1748 1914 0 572989151
980 151 0 569539847
980 637 0 271079063
432 1814 0 741955520
344 614 0 6201940
1026 1518 0 755074394
1994 359 0 951769973
1983 614 0 46563678
1210 719 0 319684989
293 1931 0 23014700
901 445 0 879802263
445 1918 0 19841454
1795 1694 0 539846209
31 1939 0 684650444
1854 1127 0 681250978
991 590 0 560760290
1730 1392 0 256025955
1629 151 0 756408557
741 528 0 122896794
1020 731 0 311121392
1387 418 0 35054847
1976 578 0 581530819
948 1409 0 589366973
59 1439 0 620849787
1235 1541 0 448307279
987 651 0 237906765
144 341 0 4902464
1499 738 0 593765172
897 95 0 602656514
1764 1726 0 711238204
31 1493 0 46925884
746 1231 0 996351118
1552 1436 0 519733306
1931 1272 0 624252196
1677 554 0 87201274
557 904 0 979636302
1843 714 0 258351561
1899 1594 0 590481007
279 1812 0 761028257
1231 562 0 91839173
1321 1930 0 784884062
995 1211 0 897764803
1720 834 0 642654071
524 1094 0 641079148
1458 1806 0 372868844
1211 697 0 602713260
1336 383 0 770383488
1689 248 0 679349535
475 1261 0 499955131
1069 738 0 948758142
345 126 0 279967930
1445 1089 0 859534990
1865 1101 0 332093056
279 482 0 825174671
834 702 0 235964918
1069 738 0 477038125
980 897 0 20455789
1983 344 0 468828613
324 465 0 54068819
1498 1402 0 723716255
1834 293 0 460594258
1844 644 0 939642571
875 652 0 977173218
42 763 0 451646805
357 1629 0 655380849
42 1594 0 346366499
1184 709 0 172047484
897 344 0 785265937
973 429 0 538259908
1617 35 0 520815861
1712 1774 0 797261039
1913 1842 0 645202305
1038 156 0 615387551
383 1336 0 63117454
1028 614 0 399574883
402 1525 0 281280165
702 683 0 146152720
1525 1899 0 711723342
638 1368 0 357184869
1469 1901 0 489676675
1716 1867 0 530525717
186 354 0 865755511
361 982 0 333588869
1272 1992 0 291118714
1681 416 0 262783445
670 32 0 483247657
695 1197 0 734363713
292 861 0 271876510
143 637 0 829635262
1748 1869 0 106371015
31 1939 0 561409413
153 1890 0 47592666
910 984 0 261529560
1239 1031 0 891466746
359 974 0 54906609
1368 1618 0 380401046
738 1069 0 454340679
524 1229 0 637243240
1514 179 0 655719761
1275 1259 0 284964592
1888 1716 0 560316035
1264 927 0 517579885
357 1992 0 610821941
588 404 0 521692499
834 1720 0 211785326
1422 807 0 468029186
172 1279 0 471884234
834 1720 0 483201172
56 312 0 101414289
1454 1851 0 234251011
1236 293 0 416696804
840 1232 0 437784491
151 293 0 918782835
695 617 0 315797400
673 1519 0 443725716
1700 357 0 608515459
1794 1689 0 511356220
1272 897 0 916838669
1306 1977 0 856541880
1365 642 0 360005269
1913 1842 0 125427923
746 1607 0 759102855
432 1814 0 283390641
884 1812 0 928464213
1486 1106 0 612475673
1700 151 0 326659996
1594 300 0 389585581
1253 275 0 404755219
1926 252 0 959563433
201 1700 0 261716909
463 1130 0 27337870
194 409 0 495419050
1422 1449 0 986959608
1077 946 0 290336531
1556 195 0 238741306
280 1464 0 436034808
1700 151 0 340216607
974 942 0 765218950
1383 1562 0 116319050
446 1425 0 230412527
901 1048 0 179593297
624 1963 0 56483906
100 62 0 711878836
745 1410 0 1057058
