2000 2000
1360 302 681464 261319825
302 1012 647628 240104269
607 358 1247023 769439748
569 1002 628554 101526984
1098 1721 1537246 853647621
1487 1806 1864731 90857766
1773 481 3303003 858780418
1073 1973 2051296 336361628
971 1001 3044906 38145527
1163 624 5156294 988986832
528 994 1416084 355031352
705 412 432823 712009640
246 191 3136506 145116894
1018 925 1583865 85429963
1854 1491 35562 855619701
1511 1525 426522 278605102
1858 1864 1065394 860087725
310 1197 367297 636815772
79 1246 1216610 59772743
1363 908 787115 457206652
1382 598 1918553 258399884
1176 1825 1401646 590920754
1587 560 1421833 454092298
971 582 1258845 980218147
256 571 808039 242418419
682 1664 3475451 638256311
1406 1773 1610701 298310943
38 1973 4585586 463462553
1293 1320 2814367 959652361
368 1947 2997896 466506105
1424 768 1266603 532497243
191 511 1292479 88730596
1491 771 329399 474807122
1369 665 1479557 91822836
1638 149 2115626 670655968
137 80 1786715 59365096
1924 407 4030814 145784393
1876 1847 554690 157617666
626 1248 1398347 513507150
1491 1854 35581 129984379
318 525 621808 499657569
630 623 1097601 995305067
78 370 1845086 677504729
1380 191 2142473 469210264
1404 1308 1868447 120185579
1965 1425 1017716 455971931
445 422 1262089 473352676
513 998 1143758 408209045
266 1471 1967323 414198895
1468 1027 60868 422039530
1638 494 3715800 78726267
1128 102 1134998 511547026
1278 1691 131212 762853272
1200 188 5407319 433242963
1093 708 1320942 363499094
1351 571 2059520 587473522
1344 1047 306943 857398588
635 268 1457245 132941421
1278 851 3380564 982644617
302 1360 681469 305567811
413 59 420094 641456659
1404 1911 854616 847121974
473 1710 2786400 979406892
1573 1293 4239733 397032007
67 1521 1258431 433676687
165 937 1025446 313288223
1544 1834 4937953 285209826
161 1721 28678 444369524
931 742 65384 177577268
1077 172 884246 820468216
495 1084 714390 411475372
1415 618 1439751 503394183
1491 771 329400 800191772
1480 1440 969601 772140557
1065 1422 401904 383985688
203 940 468477 187940250
1710 1320 1061073 18709384
1786 714 2667961 547576675
1077 172 884212 942931770
509 1231 432225 127834342
570 1721 2876558 458891694
156 1048 461788 818838938
1704 1308 1157943 461284686
1970 1408 3601298 128459999
406 743 1656347 284556087
1511 1691 757697 163867263
493 607 3203940 331852799
368 1012 5124489 611063542
271 215 476130 321521743
1453 1171 1034558 950129850
1108 295 469783 162928992
165 672 1738035 260877470
1452 67 2233829 780097290
1786 244 513528 264384958
22 59 3135708 372976244
163 883 28567 509789993
175 640 1605879 286004600
1911 1544 4478662 489345393
465 1704 996950 565839365
336 1249 1842255 886308824
1494 1525 873828 645707509
1471 266 1967344 831675894
1404 1704 3026347 682376848
1664 1200 5350231 682060583
1704 1308 1157905 248735188
1138 1240 660926 863014316
1380 511 849982 274439049
1589 825 1572860 20585206
1308 1834 3182341 842050581
1278 851 3380404 111634442
1786 714 2667859 22137352
1510 856 1010507 218744233
158 1741 670859 453711655
172 1077 884293 440531927
707 879 986172 773923027
1587 517 1765811 150092567
758 1980 1138419 143902721
1691 1685 1016779 233349814
1180 342 749583 447828169
1569 903 407484 232465833
714 296 50361 155924227
916 212 548953 671461354
91 1834 3277661 640879930
404 1024 2917637 419451538
188 1664 57045 702660371
1884 744 1496623 894110569
1555 129 2011823 109561339
1727 1461 1730878 364619244
715 903 696759 329837764
1542 716 1935745 11592525
1048 156 461758 831492606
1983 121 1940381 278711003
640 175 1605854 742433637
473 260 2403661 906150085
121 832 843206 973398070
446 123 1885438 782922840
494 345 173830 227326687
209 471 2429274 28391130
1648 1125 111943 754643937
727 1667 544879 50635577
1691 1278 131304 644940442
742 874 2045210 801846901
1624 907 1653324 923393182
997 1264 3522823 152897240
1329 803 1539512 965844309
910 1489 1095443 417577580
1564 43 507073 120195585
974 1773 1738308 328495410
1360 1904 2726265 487183517
630 665 4025053 128387521
143 1476 3146412 996127341
330 672 282165 691735232
687 104 1776305 437613347
1691 1597 1578327 783720096
1525 1278 1315520 137518990
1040 276 1748296 863935779
1452 1521 975503 186182453
276 1040 1748303 310064389
1231 509 432240 169912751
1018 925 1583902 942597185
1751 1756 1570884 830631253
974 1773 1738307 738015154
1989 784 2666311 333539909
1483 874 1499349 563516616
617 419 690722 593180557
1310 1491 1916215 764145322
131 650 1164614 704524761
1874 276 2306990 786395076
1278 1525 1315475 163189647
1494 1685 3074767 636288486
1664 1200 5350242 608613269
149 1989 3992299 49458890
813 144 1297795 673511141
701 1417 22591 306747327
206 1002 844604 560698022
803 1329 1539508 617237576
1264 1992 1060491 265416675
998 833 5131034 87922623
1065 1210 574271 330107048
494 1638 3715806 428451787
406 743 1656288 332151283
1953 523 1654878 419624249
12 569 3358472 186613940
1493 1828 1221011 52611850
296 249 1802929 500913254
1369 1012 4531651 233717218
1483 1016 2254727 115672179
1849 656 8662123 194587198
1638 149 2115786 715598123
183 1113 3107616 520477432
473 260 2403705 63963970
233 1451 1156098 818011499
1804 630 4279686 537811289
1118 1604 1492901 379416531
1412 1220 1337779 771802030
908 1669 1371506 962209166
438 1137 906371 32760174
1125 1648 111932 725632203
188 682 3532593 43495492
1040 276 1748233 952304944
1448 589 940001 985937464
129 1113 1771752 984520884
1246 79 1216569 295395048
1932 735 697155 860485734
630 665 4025087 47082958
759 527 1961938 693104433
1073 228 512187 189684157
1437 46 1804855 439489285
1360 1849 9341327 346598516
389 1260 848297 454692442
1866 1976 276792 531045085
758 521 1871598 386351835
771 1854 293836 531997011
117 331 1208700 731303205
1691 1494 2058035 494690201
1210 522 351877 450318023
1110 1439 624595 801511461
1576 528 1371908 976488333
295 1108 469772 969215938
551 1422 344697 709781000
938 775 1717242 19903788
1525 851 2065077 949367527
1691 1685 1016791 931624220
196 1149 2356402 544381431
1059 1343 2326364 112471446
60 995 322938 827537742
109 1875 764584 638161091
1858 1864 1065435 155264617
1552 1538 1435091 980234584
1511 851 2491569 160396086
881 939 1520383 492487235
1300 1172 1402652 157732524
1399 318 315570 73477187
1098 1081 131355 274420455
1597 1278 1709557 94317449
149 407 4829379 36780656
656 630 7726884 979197797
1055 534 1909177 294255894
276 1040 1748271 443644006
1960 1411 1701275 672257779
1172 1300 1402628 523242751
1480 198 1419801 798525453
1250 118 889547 471725085
1488 570 2992990 966832767
1195 1266 705856 338636993
215 244 740527 352448519
1707 1646 533363 12844069
1573 143 1326174 173163252
1402 625 640954 192327101
1468 1633 1339294 299831426
1180 342 749631 623393314
271 215 476174 773378034
1029 616 879509 774901147
404 1863 954120 579846106
747 1653 188215 479813293
1210 551 1320869 543861197
1344 1201 2589794 794093532
1369 1804 1733966 832915875
1267 396 985976 657132952
149 192 2289206 807569927
225 1102 1176834 540183299
149 1989 3992111 651811071
1280 1212 608131 200013385
1422 522 624371 123090797
1266 1195 705852 796755059
129 183 1335841 643914000
1040 1874 558638 884559429
80 137 1786680 855644602
1369 1947 2404992 820794762
119 1953 345468 960243778
244 215 740481 190265179
1490 407 1168905 146609723
1749 389 3050732 897051668
857 686 3049197 726271105
965 1617 957164 308602224
129 183 1335867 997932127
1183 1243 869664 82108530
1800 1995 648860 265798489
1241 1147 3699952 519684790
1597 1290 2353422 58895350
1635 515 35347 734342734
778 1059 553406 783180725
375 1666 1841716 618977334
930 586 3157944 771465525
1220 1412 1337822 677620551
1490 1638 1544671 87227264
656 368 5774237 155849683
275 1013 685055 406311395
773 1409 1894295 436028739
1490 149 3660393 283253657
1396 231 135848 363564126
1278 1511 888985 171512479
471 1976 993099 943271851
1619 648 454666 156178790
164 998 3897383 590355768
244 249 401873 569462773
941 1808 453309 594605771
551 1210 1320875 674028294
1525 1511 426496 614825263
1904 580 2105105 441400588
1422 1396 2319903 712712646
1992 34 1616307 484480187
110 599 470539 334995751
824 288 1666306 900021700
132 779 1769542 630426357
682 1048 2800105 968845323
832 449 1666085 481651961
1567 1816 1213591 476337377
435 231 854084 784878220
142 1023 1934458 458485432
1880 171 2132487 159325623
623 665 2927555 283994549
1911 1834 459266 259561249
1197 82 1137008 653683826
824 288 1666342 787272731
1411 1960 1701234 824842180
1712 735 1874520 716003283
296 1786 2718363 774805313
857 893 3060333 104695542
704 625 1385101 667529678
1351 256 1251406 95077149
136 903 2183491 697414690
1109 1490 2709855 216151897
1544 91 5587866 893333116
714 271 1890127 31022517
1951 674 1021587 812746860
212 953 850222 932256847
117 331 1208748 110263215
1569 928 1309969 444281948
1904 1012 1397240 166460417
1849 88 10473368 959068396
175 1408 1797694 376170271
1989 407 6169821 359410303
905 429 1354779 636384340
1747 1646 414006 907132317
1976 471 993108 669696071
1884 744 1496598 634231257
903 928 902477 635196274
1451 233 1156099 104063158
247 1219 188826 484641186
1278 1511 888874 311906561
1172 1300 1402657 368306188
1210 522 351838 205334015
1399 525 937380 671857017
1490 345 5434259 356768041
660 1715 2662253 124920037
12 206 1885338 152523284
1452 48 2883472 811453069
407 149 4829314 631300034
389 1878 1911892 212471950
874 458 334802 585456843
1804 302 6913220 832590818
1906 1649 1890481 236642897
754 168 2927506 934504261
995 60 322946 323637806
1648 1954 1633451 528582387
581 642 657598 306790036
833 686 5798793 595749547
1638 407 2713570 165985304
833 61 2376945 841516309
1020 1695 1390103 72703485
168 754 2927530 904227924
1930 1909 1700801 350337238
276 1874 2306972 355242995
789 236 890008 451362469
1625 1174 2144424 700773079
1027 1633 1278373 991633857
1059 1343 2326397 581279792
1511 1691 757722 755166262
1396 551 2664676 683857952
1859 404 1893398 231572940
303 493 2904140 55756143
1407 61 4073963 639196470
1695 653 278926 957433805
305 400 950572 599405406
1012 302 647591 498821820
1322 1452 1823120 634727912
368 1369 592859 969674922
1241 339 1977517 898996738
1065 522 222472 662688366
1113 1555 240078 506534466
1494 1525 873857 846171759
314 248 1341685 139960812
744 1765 121239 210936549
1071 1866 2151175 526332637
413 22 3555825 320829882
60 995 322927 768291227
879 707 986142 479478025
149 1638 2115663 936325761
1325 787 1302473 355193011
1391 790 805150 722443082
22 602 1634146 982890435
841 611 1138112 110564415
1659 768 1368139 963970713
835 589 1990177 78906916
345 1490 5434288 495172458
1663 1812 1973531 5115748
149 1109 1701282 536819030
149 1109 1701202 44912383
164 893 4576161 725342574
650 131 1164591 483099327
898 1602 1527827 427897260
907 1624 1653387 534338845
201 234 877446 328829618
1882 1512 1584225 396375243
580 1369 5239603 67707644
1930 1909 1700809 603135215
1090 24 613889 537073146
339 1147 1722408 56997190
640 1970 197675 309478066
387 689 1073288 863125305
1448 835 2930176 10429095
368 656 5774206 545555773
1974 59 1586311 2098618
1407 686 4463971 128920675
1544 1404 3624034 125988950
88 302 1813398 268809665
314 248 1341656 24956230
589 835 1990170 529373475
1278 1691 131309 553013794
358 607 1246975 849441427
1071 938 2877921 453694734
1084 495 714427 412571486
1804 1947 671029 254102091
1404 1308 1868439 455734963
1399 318 315569 677571744
1399 525 937388 878742630
1715 1671 1151978 76017338
879 707 986146 941985630
161 570 2905282 457951184
935 970 674995 610733267
580 665 3760064 363964021
1834 1404 1313850 370931190
345 494 173815 452281224
1020 1695 1390086 957285490
1947 630 4950672 483690445
1691 290 634843 868208029
1651 1973 2168571 362937528
1490 1638 1544682 257165297
370 78 1845118 419563937
752 1710 1191626 608466958
1048 156 461725 361964554
473 143 5266821 966268692
1983 449 2763221 208824343
1906 631 2581644 875769402
151 1178 394221 574135942
34 997 846153 83023712
1875 1640 1600952 566705207
78 370 1845093 210611321
754 1916 1585823 860575540
473 1293 4539821 76553162
672 165 1738001 755953894
1642 1671 2366496 456348482
34 1264 2676791 299319881
1774 98 161554 599316579
1834 1544 4937925 169781349
521 758 1871586 380797562
1597 1511 2336030 532202392
1587 560 1421839 328010064
1567 1816 1213623 634798156
445 422 1262107 78207955
445 422 1262049 35860060
1638 1109 1165278 191134182
982 1735 1770845 888034606
407 1989 6169763 925241531
407 1638 2713531 316547722
707 879 986144 184393895
59 413 420044 814989904
931 1483 480478 803298004
168 1916 1341673 501612262
1857 1470 352660 931142188
111 1096 461651 37077572
1380 511 850029 486125463
779 132 1769494 861106712
1664 1200 5350265 498809032
1992 1264 1060515 756884061
78 370 1845086 981703103
1098 941 314637 339267665
368 1804 2326875 36924475
1293 260 2702756 916775464
48 1521 1908022 552402622
717 643 1419946 348827524
1718 997 567497 498880314
1369 1804 1733969 552614951
88 1904 3858131 270913887
2000 235 1569250 75783520
1983 832 2783663 786459110
1278 1511 889037 377985894
1298 1795 1317322 806622105
35 1052 588667 467836180
897 1688 1899358 60188881
513 686 1811496 123587006
1945 1629 924830 915649542
212 953 850272 818919164
726 592 857943 648916007
1976 209 1436204 215954164
1483 931 480498 65952529
607 493 3203944 881641766
1980 758 1138397 67189406
1239 121 1042658 5779499
85 1742 1483790 998525858
1119 252 1222828 708652270
1187 49 1366043 150964457
271 296 1940458 874927178
1284 1626 370523 873767398
1808 570 1477908 787097819
1097 1675 50019 835806025
660 1642 856313 524296621
1156 1974 4011363 913633691
326 581 1675082 639357094
997 1264 3522867 648628747
611 841 1138104 462288147
1880 171 2132528 727278221
1311 1835 2948774 717290470
715 903 696744 736935565
656 630 7726903 503948641
1422 1065 401871 605463688
1904 368 3727235 531492866
244 1786 513535 386356490
1992 34 1616281 581247399
1415 618 1439756 689227353
1596 610 838947 553812599
1712 1932 2571648 349644270
1411 1960 1701225 691624851
1004 858 839637 513547790
48 1322 2755722 479386030
149 192 2289262 501571014
84 161 4157284 734160465
921 154 1334341 243805689
105 1514 778016 959522102
1490 407 1168874 724474913
183 1555 3347654 435661025
1849 630 6026352 266800189
604 473 876918 351670565
931 1016 1774278 899847504
202 507 102567 842778624
1555 183 3347646 373237195
1786 249 915384 429283393
1488 1721 116654 254840705
1392 277 192985 838946738
1653 1141 48979 975178656
76 830 1636471 824146768
14 102 591553 4194601
790 1391 805118 736864161
212 916 548982 392042738
726 592 857936 143031364
358 493 1956951 456142325
1918 1702 1773483 890567017
1606 394 81045 493929627
1859 1863 939324 725645400
1406 1773 1610652 762238415
473 604 876928 542711403
1172 1300 1402706 147220276
88 1849 10473153 708168226
1079 152 2826700 123676520
1156 413 6017631 562452390
1961 1805 1875084 183797821
700 1509 1985861 887464299
183 1555 3347741 165272926
784 192 963367 291115374
1911 91 2818394 132391149
202 507 102626 853569192
1935 531 536663 937751402
1098 1488 1653814 407079218
784 149 1325853 490887368
1728 1603 696431 620584517
1004 196 757078 58149824
206 1002 844632 397273141
399 962 1329744 70061793
345 407 6603208 385747867
1834 1308 3182309 336898146
88 630 9538334 838650653
34 1746 4252647 817926695
171 1571 1908255 979770726
161 941 1880462 327957703
1841 1692 586381 500615772
416 1603 1498216 502546219
964 331 922541 316056467
868 576 1722539 722854461
164 857 1515933 941295168
1646 1707 533318 418759739
833 857 2749564 12273518
189 1883 1753707 851297700
146 740 998463 903069828
1735 982 1770822 901615258
1109 1924 902793 955984368
472 1558 3132403 65162807
192 494 1962538 320834907
625 1402 640966 40670092
1452 1322 1823112 442376294
1488 1081 1522599 926500936
1667 356 1394672 721886062
1488 1721 116680 115975920
778 1059 553447 72684061
1243 1183 869631 387494152
413 22 3555813 123604654
582 971 1258865 467068697
1507 915 1473295 432409617
1488 941 1968440 933855068
1883 189 1753722 922217392
1402 704 2026008 68879034
1422 522 624314 69324628
893 857 3060257 997462446
1638 784 789925 11212315
296 714 50289 72310053
302 656 2144 449066592
1325 787 1302502 527720256
1063 29 1955244 369204142
1362 702 336294 748238006
1741 158 670873 13712845
446 123 1885423 920927821
1643 1883 1345185 374999496
404 1863 954150 420719615
507 202 102560 612422929
754 1916 1585830 165999796
248 1732 660300 58332028
1692 1841 586336 294586881
233 1451 1156059 966909711
345 1989 3839327 509637846
1158 718 183295 424587872
905 429 1354725 208716588
260 752 808831 678688080
1311 472 1456786 371249066
832 121 843246 617535390
938 1866 1280294 254824777
1396 231 135831 467333371
1298 1795 1317366 865113969
1525 1511 426546 676010276
513 893 4298034 546862908
718 1158 183318 794387142
1707 1945 127371 838635500
1943 1461 1981482 321662644
1468 1633 1339313 577421247
1202 1703 830499 823704106
570 1488 2993102 170407317
243 529 1495439 600804840
1293 1573 4239754 608613027
648 1191 1882565 431363144
143 1293 5565814 12206306
1187 259 1369212 100972579
296 244 2204637 699639359
1489 805 1865253 410461380
1704 1404 3026363 31081256
594 314 2418218 394421958
465 1308 2154798 706648890
413 59 420064 356889496
1239 121 1042626 825531009
1945 1707 127398 388892206
752 604 1769043 906152550
155 1643 4717923 940846924
570 1098 1339296 292184404
1461 1727 1730863 426119372
156 1664 1137141 809804760
1859 404 1893409 899461294
1704 91 4990103 406208775
310 208 756103 322699889
593 169 702811 165139447
1257 70 1826845 206641
630 623 1097625 490256112
660 1715 2662168 697036570
1392 277 192998 793751480
271 215 476237 932048153
404 1863 954148 38676507
228 1379 1731250 225382612
155 1643 4717888 502490084
1904 1369 3134408 963731231
1976 1071 1874451 974051923
1197 310 367330 63345523
570 1488 2993107 220411662
404 1859 1893451 189520316
1134 1368 414636 840222695
1020 653 1669072 455241015
1043 1334 61019 590488133
1858 397 473529 501771352
702 1362 336320 673538671
607 303 299877 801265639
841 611 1138153 982785316
1001 971 3044822 810593469
1291 823 1148688 879244723
1804 1360 7594640 690443188
330 672 282174 252838102
1887 1462 1915622 732666862
770 698 1456721 185181586
1874 1040 558686 975107464
686 857 3049238 636330304
1947 302 7584254 82753362
570 941 1024691 123027446
1369 1904 3134417 5965401
1075 1221 909256 916329567
1468 1633 1339260 912696767
260 1293 2702702 638889933
640 1970 197763 235718752
630 1804 4279702 321742785
1490 192 3297957 113698363
465 1404 4023239 146640476
1671 108 1735225 922549183
1293 143 5565840 963864735
1830 1805 1545078 710670347
1246 79 1216605 571338621
1718 34 278699 684667111
1704 465 996934 440254519
1715 108 583266 783625296
1200 1048 4674824 141150959
399 289 2366133 892005395
938 1071 2877927 30443115
1308 1704 1157949 97734057
252 1119 1222781 210750644
196 1004 757083 283818519
580 88 1873673 219476434
1095 117 974576 736184286
1040 276 1748222 484652605
925 1018 1583877 843523092
857 1407 1414815 565465564
84 1721 4128700 139803152
1721 1081 1405927 70082510
1095 964 688311 321377876
48 1322 2755757 707854675
1266 1195 705865 932303417
1589 825 1572798 167738416
85 1742 1483795 234747493
974 481 5041317 565163276
1266 1428 587671 14129863
1651 1973 2168535 9917178
368 1369 592814 512672214
435 1210 1057516 488582841
1849 580 8720282 702641756
1406 1773 1610657 512685750
1721 161 28744 815953323
1597 1691 1578359 876024663
1264 1746 1575873 81860812
571 256 808080 659038704
784 1638 789895 102897753
188 156 1194223 736848566
735 1712 1874478 570528772
1866 1976 276744 764362320
1369 368 592859 961346050
1638 784 789894 361072807
727 1667 544924 100344263
471 1071 881362 742427952
686 61 5708293 564183318
1507 915 1473317 913078965
1834 1911 459295 826978232
491 373 675734 886874851
937 165 1025403 106079464
874 931 1979814 30531647
1943 1461 1981484 600539883
723 485 224785 207238002
569 206 1473117 75230613
84 1721 4128669 896358927
1875 109 764543 529053769
1664 188 57034 486714876
1727 1943 3712358 213778868
835 589 1990204 568187162
517 560 344061 630816498
854 182 1373392 211040763
997 1746 5098731 344054354
1210 1422 976218 799484146
196 1004 757094 869654361
1666 375 1841696 345671732
1360 368 6453549 18024511
521 1920 579363 661793519
941 1721 1851886 593839432
1415 618 1439722 437831291
910 1489 1095414 419491978
833 998 5131083 210452711
965 1617 957116 732176007
1002 206 844674 464598509
604 473 876879 477398175
61 893 5719420 865533545
856 1510 1010468 313252840
161 1808 2333823 213706212
1947 1369 2405015 616761271
623 368 855177 704746390
665 656 3701854 787997326
1738 1132 1623151 796519204
24 1539 250299 996261668
49 1167 269741 749796561
908 1363 787165 612007604
623 88 8440583 970764836
235 637 592989 59704786
1360 1804 7594631 917213899
1476 473 2120348 107120948
1243 1183 869693 980696338
1813 1045 940063 842973181
1904 88 3858209 145731896
1866 471 1269824 70694750
494 784 2925884 335967589
136 1569 2591048 313270789
916 953 1399127 81388050
775 209 2149981 545576873
1830 1805 1545114 666486620
1404 1834 1313825 710282224
231 522 1559755 253753995
1629 1747 1744799 610363842
233 1451 1156084 774339761
345 149 4425671 511354696
857 513 1237707 887447356
288 824 1666313 422211768
111 1096 461629 124151434
1407 833 4164383 885928636
231 1396 135874 498842350
1081 1098 131336 76016304
1247 517 56183 836075702
908 1669 1371502 14784688
1059 778 553448 900612894
1440 1480 969642 432919778
1914 1415 1455214 298254874
152 1112 1173502 165012968
742 458 2379934 443191652
1098 1488 1653864 743975272
397 1864 591908 963377681
1918 1702 1773504 190606260
1744 774 244758 418280414
1604 1118 1492944 508681880
1494 1525 873828 69644332
1483 874 1499351 625933921
1195 1266 705822 961723202
151 1178 394217 639509288
1953 119 345494 777214609
90 825 570679 369022758
1018 925 1583867 117238704
34 1264 2676799 464779930
368 580 5832500 345662507
1589 90 1002060 432684568
192 1109 1338722 903885596
527 759 1961996 823073821
164 686 4565133 768500238
202 507 102598 891872535
630 623 1097601 227505489
302 656 2104 811870486
483 280 1664026 736368433
1571 6 2152741 225669733
1864 1995 2873698 199306533
1293 752 2945038 749512776
1849 88 10473259 386947307
1849 1947 2417826 929778087
1396 231 135849 885093406
543 1047 1673962 949300306
789 236 890009 530051077
752 260 808896 302200434
161 941 1880599 69568433
266 1471 1967322 638538291
1596 1223 1274781 798552892
1973 228 1539122 440925487
1552 1538 1435072 715029652
1163 576 1561860 533024873
1241 1147 3699876 782013657
1500 813 1816018 764540998
571 256 808009 233996005
1525 1494 873871 522114063
910 1489 1095457 815629205
602 22 1634153 781745633
458 931 2314643 315416445
1369 1360 5860622 622453563
744 1765 121286 383743728
161 1721 28702 7210021
735 1932 697153 227411638
1625 1174 2144446 562192074
88 302 1813327 557086600
88 1804 8726452 861526655
997 1264 3522971 368788717
1854 771 293859 187220743
271 249 814728 320210921
665 1849 4960205 415904240
1573 1320 2215252 810554533
1551 1531 731008 124793450
723 485 224768 794638654
474 1693 1702752 664287559
1567 1816 1213626 64326649
529 243 1495472 795655696
1510 856 1010554 882261741
132 779 1769551 977161603
435 1210 1057517 658446931
1508 1776 923570 499371270
228 1379 1731221 712308356
715 928 205746 209039410
1808 941 453274 84293623
665 1804 3213457 846584267
938 1976 1003476 180453295
953 212 850218 702158705
1707 1629 1052207 815521351
1448 835 2930207 141267388
302 623 6627340 806953523
1396 551 2664569 943113987
307 18 1306291 824389064
39 1429 1966716 522001480
1511 1685 1774454 10166993
446 123 1885414 791060356
1995 1858 2755361 81437010
570 1721 2876514 588187010
1992 1718 1894922 955426772
1109 1638 1165281 994268621
1828 846 674176 318209077
1989 1109 3041595 363501995
1290 1525 1959328 77680856
715 136 1486802 298373869
61 998 5040584 40684925
1920 521 579394 187587863
91 1834 3277699 922286360
1219 247 188864 95840074
700 1509 1985811 790779257
157 1306 1913334 618051374
998 833 5131022 755345287
560 517 344043 394686690
449 1239 1865436 149474689
1287 1491 300263 511856112
1565 1312 86501 291540843
1024 1859 2902886 689342835
302 368 5772069 915024197
249 296 1802930 768954630
586 930 3157964 883085412
1795 809 2842035 974403849
1422 551 344672 789988400
593 169 702829 580781086
898 1602 1527859 300731683
1577 564 808441 659436953
1695 1020 1390097 110616710
121 832 843283 781569178
34 997 846189 186328550
302 1849 8659924 915700935
1671 1715 1151928 359503252
277 1392 192947 769391861
1001 582 1786038 961950488
1001 582 1785992 342076016
938 1071 2877937 68876095
1494 1525 873824 461012806
813 1500 1816036 670113667
131 650 1164635 543402970
347 1750 692383 480500904
1629 1707 1052250 923842929
1334 1043 61017 482480108
314 1732 2001984 15620620
941 570 1024694 119825162
938 1976 1003497 806332978
624 1163 5156298 709059500
1138 1240 660913 697296587
494 1109 3301179 163587547
1322 1521 847713 571127780
928 136 1281095 456060540
164 857 1515950 136486574
302 656 2148 234222984
623 1904 4582447 383211877
1712 1932 2571607 734647602
1989 1924 3193786 493007474
290 851 3884098 318061490
1983 832 2783576 59088668
522 1065 222498 443602097
206 12 1885346 162836875
1360 665 4381161 571941331
102 14 591498 93370752
1884 1765 1617830 881456989
473 1710 2786398 151562401
1873 460 1092201 928000492
1468 1027 60901 252277506
687 104 1776303 852841511
1867 1133 883926 721927864
1773 974 1738260 3251955
1293 604 3662805 209082164
665 630 4025076 682702663
1671 660 1510249 542325571
1511 851 2491579 505426579
1911 1404 854614 24933152
161 1488 87925 229409615
1947 88 9397564 151445575
1947 623 3853083 219329229
1338 584 647531 256287531
368 1360 6453437 555050515
142 1023 1934444 463722777
1980 521 3009922 959253923
1471 1913 1115670 324023289
61 686 5708312 577349672
1360 368 6453511 913542298
1176 1825 1401638 729849293
268 635 1457196 459408694
1490 407 1168877 115519036
435 1210 1057576 46042433
1156 602 827854 334106970
803 1329 1539466 19239217
589 835 1990169 747061466
1577 564 808478 4151266
1360 630 8406353 166046271
1904 1804 4868377 68640159
458 931 2314615 464027579
545 525 2603217 287772604
104 1717 2419700 641950390
1197 310 367310 552274716
302 1849 8659865 447400430
1320 604 1638406 388057753
762 334 139496 94022668
1970 175 1803587 501721283
1795 809 2842004 20566426
1448 589 940001 316042552
1330 764 235937 840295543
76 830 1636469 913500994
851 290 3884129 657814485
921 154 1334427 121924666
523 119 1309389 614405053
584 1338 647483 701515245
1666 375 1841738 729033180
143 1476 3146454 147763122
1718 1746 4531309 205297535
24 1539 250255 930633866
188 1080 2107353 585569743
1412 1220 1337777 835455556
825 889 64821 624484530
1312 1423 347769 730243286
1490 149 3660359 319492267
1156 22 2461932 686680237
851 1597 4827648 992556171
460 1873 1092178 81215952
1203 1420 859816 33676852
587 1839 556816 118030334
1264 1992 1060489 539258082
1727 1461 1730833 346417520
893 513 4298007 894511779
1322 67 2106177 332207912
1245 1841 1923955 720023848
208 310 756024 19853015
1322 67 2106076 583024514
580 656 58233 254953213
1995 1864 2873664 81573430
857 686 3049236 656637995
1239 121 1042579 307773663
1624 907 1653370 232203135
231 435 854038 125251368
14 102 591510 406743397
1741 158 670879 432171855
156 1200 5136618 111810032
413 1156 6017653 379891980
1573 260 1537044 672978447
88 302 1813376 813494673
1055 534 1909208 251812196
1320 473 2515238 159284686
1264 997 3522836 946335375
156 1664 1137199 406862639
977 954 642859 806594323
155 1883 3372564 471767739
686 893 6109405 112524161
234 201 877463 203245500
1494 851 1191311 370692317
102 1128 1135039 664148592
1488 161 87948 348775583
110 599 470533 559561024
868 576 1722508 882270609
465 1704 996927 550129795
79 1246 1216630 420196000
1293 473 4539835 647019795
752 1293 2944978 599714133
60 995 323006 941429938
1878 1749 1138948 253824717
1001 582 1785989 621054257
1423 1565 434324 947172507
112 1456 428521 902638415
1422 522 624413 621814591
1976 209 1436209 184993482
1849 1947 2417775 291856525
1308 1404 1868483 444726076
19 1159 1969873 360691365
150 1915 1595738 310060260
1909 1930 1700819 948737581
248 594 1076607 175579383
1691 1278 131278 456179256
1867 1133 883907 922124483
1849 580 8720239 115314454
1858 1864 1065434 954934358
1204 1846 95797 146926990
1320 1476 394943 832797225
705 412 432854 222401446
1947 1360 8265646 64451006
48 1452 2883599 409235892
397 1800 1632992 779720434
1571 171 1908269 749873979
88 1849 10473147 739399594
1257 746 874199 314509017
868 624 1871858 663809762
1471 266 1967347 854710420
623 1012 5979664 443636678
256 571 808118 446615905
707 879 986120 701791460
1351 256 1251378 992924689
1704 1404 3026342 543207789
941 1081 445982 714533477
290 1691 634845 72234302
857 893 3060297 683982612
1803 216 281490 250572588
1293 1476 2419435 976502967
1808 941 453240 786998777
938 471 1996534 676912198
908 1669 1371570 567974272
509 1231 432215 435865609
1717 687 643399 680048072
941 161 1880487 761765670
82 310 1504326 463998586
1425 1965 1017755 606234789
260 1476 283296 107306321
1392 277 193007 968231458
953 212 850281 512059015
188 682 3532426 92052298
331 964 922546 419567276
1685 1691 1016807 55366193
494 345 173812 463608151
249 714 1752606 609200731
358 493 1957013 53900029
879 707 986073 425309535
331 117 1208711 629988926
1710 1476 666128 873812609
1336 372 685228 379692241
822 1821 1717473 329234337
1404 1308 1868417 131354620
522 435 705703 422774965
109 1875 764558 260826955
1587 560 1421849 700791750
1685 1290 1791868 489476394
1476 1573 1820274 47311328
168 1916 1341703 286705900
778 1343 1773030 510770271
271 244 1216670 59333847
1016 742 1839637 609125962
1576 994 44161 33975136
49 259 3150 542249306
1659 768 1368141 808409647
1239 1983 2982972 506919296
1476 473 2120341 233864192
1128 102 1134969 828079059
1911 1834 459333 810617637
1264 1746 1575880 683975789
1048 156 461774 456912828
1703 1202 830541 463260445
1440 198 2389422 859424300
1494 1691 2058025 575301447
1012 665 3052118 704696263
846 1828 674160 566209618
620 489 1022337 448508361
946 1378 847499 211275401
1786 296 2718291 830584601
624 868 1871889 265492085
656 88 1815389 142600026
594 248 1076515 43989927
368 1904 3727263 44530600
1809 1166 587733 25186894
775 1976 713740 685941516
941 570 1024705 22518367
1290 290 1409900 990305300
256 571 808073 314735443
465 1911 4877799 569854934
231 1422 2184130 823741955
1525 1290 1959213 634954332
117 964 286238 586798743
24 1539 250210 479832459
746 70 2700989 726172493
851 1691 3249325 143736959
1976 938 1003517 838180511
1511 1691 757767 894055661
1858 1800 2106479 623511057
1407 893 1645488 314191335
487 1806 422916 87745780
212 953 850247 237981524
48 1322 2755897 246628880
59 22 3135805 235667076
626 1248 1398326 34794891
259 1167 272941 80494931
747 1653 188176 708912417
1834 1404 1313925 684040609
1839 587 556858 762683466
251 230 1423322 478004554
1808 84 2730066 585089836
1391 790 805152 556794963
1112 1079 1653259 30981284
1904 1947 5539323 856557716
653 1695 278905 564887210
1149 1004 1599334 634441804
1715 660 2662185 479108347
598 1382 1918536 985219733
345 1638 3889645 984375077
70 1257 1826826 192321487
1494 1597 3636314 446323445
1308 1911 2723100 342124469
842 1845 720973 418929000
290 1290 1409914 708127847
682 1200 1874778 782763893
1866 1071 2151155 437733904
50 836 735175 245253757
1048 682 2800069 187372724
954 977 642880 228415528
1487 1806 1864760 920328765
997 1718 567466 937817840
1320 1476 394931 708615313
665 1360 4381158 806282358
1947 580 7644564 750164992
1406 974 3348951 444771899
1664 1080 2050365 580641306
1863 1859 939315 103238394
1804 1904 4868362 102129097
525 545 2603180 380582534
580 302 60348 94311715
1854 1287 335840 809924022
1231 509 432215 208601486
1663 1397 1096381 438396373
302 1360 681485 132850971
399 962 1329714 833873179
1080 1200 3299907 681024636
1012 665 3052110 225388835
1090 24 613846 635010107
1453 1171 1034589 588894974
1642 108 4101714 822010784
76 830 1636460 999018653
192 1109 1338668 41465403
1210 435 1057554 578626167
446 123 1885422 691490137
1073 1379 1219065 165079294
1875 1640 1600940 473024330
1081 1808 899260 710954857
542 1780 315302 927247538
1407 833 4164403 528643748
389 1749 3050777 309086143
1834 91 3277676 242351842
1219 247 188850 460410442
181 498 729025 943475638
1320 143 3541320 853922676
208 1197 388752 76093687
686 857 3049224 853797696
775 1071 2588155 89469920
1098 1488 1653838 612447042
1691 1278 131236 364481843
302 1947 7584181 129741690
813 1500 1816008 40403246
136 903 2183563 489244224
48 67 649673 741150082
889 1589 1507938 661084164
1804 1849 1746827 239546050
1710 604 1909513 735573947
1201 543 608959 81620497
1097 1675 50045 944791331
1744 1454 998134 308176799
358 493 1956999 810188116
1626 869 55988 681800118
743 406 1656273 21466132
358 303 947188 460881567
1080 1048 1374944 824073067
494 1989 3665532 79478127
1710 1293 1753317 268365336
1663 1397 1096424 920622204
637 2000 2162210 356209628
29 1063 1955265 752660465
1945 1747 819978 165464342
604 1573 3063735 371921957
1906 1649 1890497 19015269
36 1174 1277877 419692556
161 84 4157309 485748925
215 244 740481 944850650
1744 774 244738 219387237
570 84 1252077 782360087
787 1325 1302468 262943316
1569 715 1104286 792398297
1468 1633 1339317 185322238
1521 48 1908091 154922128
1105 1537 800056 486670571
964 1095 688342 478226665
1667 727 544851 272091243
531 1935 536647 236424816
1360 623 7308764 536860636
527 759 1962026 132867719
215 271 476196 165591127
1797 565 50594 692577189
252 1119 1222794 709497333
1718 34 278654 477345730
1942 1932 72791 11400883
1883 924 4872190 78811010
1544 1704 597696 245461634
43 1564 507102 909677155
1080 682 1425107 622958192
1490 345 5434256 734955837
1045 1813 940046 116347085
1149 858 2439000 173655045
525 545 2603257 101472447
1746 1992 2636335 362372035
88 1804 8726560 976926546
1437 46 1804866 863802934
1717 687 643365 730718158
192 494 1962536 376037891
1476 1320 394935 826426541
279 1893 205620 400531305
656 302 2148 927589535
1310 1491 1916248 473818453
34 1264 2676753 36664940
1408 175 1797696 499948701
910 805 769891 617686352
833 998 5131082 916874632
1525 1290 1959301 736061502
451 53 822577 649460556
1280 1212 608103 471701830
593 169 702779 367010269
1423 1312 347788 951619915
521 1920 579396 252587201
1243 1183 869660 903979993
1166 1809 587691 995666249
132 779 1769503 640588475
1483 931 480521 577842283
1866 1976 276813 620628888
88 630 9538078 734519226
941 161 1880520 708445020
407 192 4466878 338059345
1539 24 250191 802567699
280 483 1664005 930607248
1488 570 2993011 647458619
137 80 1786712 315860558
903 715 696718 906430586
938 1071 2877828 728040847
1621 796 1301127 423675801
1200 1080 3299905 868220908
1597 1278 1709676 780121829
1048 1664 675460 421076755
1095 331 1610868 484034216
1849 656 8662061 175386613
743 406 1656325 793384331
368 1849 4073645 680430446
580 302 60296 51410019
59 1156 5597626 352969540
551 522 969078 971324426
1989 1109 3041672 145895625
119 1953 345452 710519297
1809 1166 587720 394464728
1627 65 328258 550794299
1778 1572 1875962 669125971
758 1980 1138367 628778243
1156 413 6017681 772667751
924 1883 4872202 337705367
1750 347 692396 386508183
1073 1651 117328 400503834
642 326 2332661 929130544
1569 715 1104236 909086072
515 1635 35333 433764216
1266 1428 587672 457770023
1804 368 2326836 818237644
1947 368 2997800 70559148
796 1621 1301071 484075831
1325 787 1302457 483338370
1718 1992 1894952 6796261
1571 171 1908278 730580781
1404 91 1963833 964743189
1052 1807 65676 560417319
1718 1264 2955400 549841605
1804 1012 6265602 512173574
121 1239 1042585 541926888
1970 175 1803549 499190920
1828 846 674202 382779572
1257 70 1826811 296516296
1669 908 1371549 901421938
290 1597 2213186 503542999
1396 435 989893 830270704
607 358 1246966 741334207
1858 1800 2106512 189495720
1558 1311 1675599 107842604
1062 489 666162 184541997
1404 1834 1313851 600376514
1079 152 2826711 58249252
784 1109 375341 517525747
155 924 1499548 900431097
1691 1597 1578376 154233122
271 714 1890111 190889823
271 1786 1730115 987248792
1648 1125 111964 883022720
1804 1360 7594675 958009543
1712 735 1874514 689008117
823 1291 1148762 257734553
752 1573 2345857 928011586
1983 121 1940389 153027767
678 69 1820821 359559685
1080 682 1425123 784784906
1640 109 836427 562622220
1360 88 2494829 419131513
784 1989 2666286 873861701
1187 1167 1635783 288557280
970 935 674946 636622020
438 1137 906399 792988807
1487 1806 1864794 240150748
472 1835 1492029 825011962
339 1241 1977517 918153179
623 368 855225 893860616
1048 188 732498 873468653
368 656 5774255 707739090
1931 194 917360 54897548
112 1456 428492 309373293
1688 897 1899292 826083226
1738 1132 1623121 140305722
1653 1141 48939 56481525
1976 209 1436198 206781590
91 1308 3832224 356067545
1587 517 1765872 703778506
465 1834 5337041 417237543
1664 1200 5350217 883246094
1721 570 2876614 413071763
1691 1511 757700 583668092
856 1510 1010535 531942240
188 682 3532465 376507416
1322 1521 847702 318407015
1379 1651 1101744 707562007
105 1514 778010 297403462
305 400 950575 401131550
1992 1264 1060504 364350235
1290 1494 2833034 98791872
1298 809 1524723 961026439
1803 216 281447 721005080
566 1103 405452 553935137
1109 1924 902727 45733488
302 1904 2044825 367410385
604 143 4389857 527990783
345 1924 3627176 788583235
1149 410 1821403 405181012
631 1649 691162 876716314
399 962 1329771 42913606
231 551 2528707 648425230
897 1688 1899334 900199431
1984 94 93887 177341856
594 248 1076559 944418352
971 582 1258877 184253802
168 1916 1341720 539826704
1109 784 375388 400140402
1878 389 1911845 312833962
623 1360 7308736 450349216
1995 1800 648857 902094123
1369 1012 4531664 51891715
84 570 1252077 309821393
586 930 3157897 759243372
1544 1308 1755602 393085180
1642 108 4101688 642165927
38 1379 1315222 793087435
1664 188 57033 659840574
1974 602 3183663 107947561
1210 1396 2047347 4252103
742 1483 545856 935867878
1210 435 1057499 680017393
727 356 1939563 717615868
306 499 753176 417980652
1786 249 915383 145176150
1210 1396 2047456 800490066
1942 1932 72743 415758477
91 1834 3277667 498220200
1420 1334 1233373 295746669
682 1080 1425128 284746605
1396 551 2664528 211460014
98 1774 161557 461756648
921 154 1334377 189455072
1132 1738 1623145 124971241
1081 1488 1522589 378852709
903 715 696792 359500785
1721 84 4128599 75779879
1573 260 1537001 145879749
494 407 6429315 36461605
90 889 505903 918386683
604 260 1526745 696856944
974 481 5041322 168946297
1380 191 2142436 860604815
1704 1308 1157923 290672505
1043 1420 1294476 668159482
747 1653 188170 142155116
1048 1664 675432 138042815
1808 1098 767865 687645427
1048 682 2800103 290576994
1428 1195 1293542 475751604
1239 121 1042582 522244007
1476 1710 666094 608507655
494 784 2925882 14407831
1704 1834 4340187 961863447
874 458 334806 604245698
481 1406 1692375 858884466
1773 974 1738336 93027048
1710 1320 1061040 645500101
1854 771 293882 393080441
857 686 3049245 284599320
1744 774 244772 734129653
1172 1300 1402656 110166738
1429 39 1966714 358861701
451 53 822603 490044278
903 928 902485 524923029
1027 1633 1278369 542408754
318 525 621773 781699125
22 1974 1549462 341123597
1945 1629 924806 588235357
493 607 3203968 117511732
260 143 2863152 487890884
630 623 1097565 347596754
1362 702 336367 721712515
203 940 468526 600144003
1020 1695 1390132 613804472
1156 602 827817 568425894
449 1239 1865438 343843845
1924 784 527411 609712834
429 905 1354766 357194404
1476 473 2120381 371817021
1724 932 1523881 566073934
1468 1027 60906 729312794
407 1109 3878823 610887659
84 1488 4245332 884161504
494 1924 3453338 136357119
1973 1073 2051335 272956813
6 1571 2152789 453713338
762 334 139520 731900232
1804 1369 1733980 521115473
215 1786 1254035 478346648
551 522 969033 343004721
397 1800 1632977 339931914
121 449 822867 901214091
19 1159 1969907 376226039
189 924 3118517 954556630
611 841 1138065 196275565
1619 648 454663 64788178
231 435 854039 445487568
527 759 1961985 755976768
740 146 998473 116927304
397 1995 2281791 544564702
39 1429 1966719 927856117
1490 1109 2709962 991532858
1893 279 205664 190306662
1995 1864 2873702 839724637
1847 1876 554723 935851249
511 191 1292456 251995702
758 521 1871607 878406700
543 1344 1980802 136147050
1293 1710 1753334 16362411
1103 566 405406 914431288
1974 59 1586273 882150561
1525 1597 2762566 772142015
212 916 548951 64550259
678 69 1820870 866168447
289 962 1036407 1954398
1878 1749 1138906 998914294
245 904 1092384 129526506
870 1072 1963819 161436674
1932 1712 2571626 941232414
216 1803 281482 35977723
1571 171 1908287 721573751
1704 1911 3880950 756854312
1210 1422 976167 218911747
522 1396 1695529 892012843
1128 14 1726481 108595846
930 586 3157959 480266586
904 245 1092399 555448436
1369 630 2545650 770490299
904 245 1092435 872757631
796 1621 1301088 387893097
36 1174 1277882 158392199
164 61 1143221 811696866
1675 1097 50060 271609524
1081 1098 131391 822760777
157 1306 1913350 942055963
1200 682 1874814 350654658
702 1362 336350 6850346
1494 290 2692842 768175302
1715 660 2662207 459992192
1416 289 3373103 630138899
928 1569 1310001 64570662
1924 192 1490797 402232449
494 1924 3453312 75662320
656 665 3701841 397369298
1175 723 2092992 963495908
90 1589 1002110 445814679
1052 1807 65651 377513809
1839 587 556856 534487689
161 84 4157305 638982116
513 893 4298012 847873207
259 1167 272927 684567375
1932 735 697185 179709244
1744 774 244781 163679555
2000 235 1569218 271824891
513 998 1143747 615799730
69 678 1820823 875927380
1290 1691 775030 499524654
345 407 6603234 397295378
1407 857 1414835 827393286
653 1695 278886 408608619
365 1760 1860088 286526479
1780 542 315307 922783415
1191 648 1882508 177248553
1954 1125 1521497 756782758
643 717 1419990 747369342
307 18 1306316 460424106
682 188 3532467 40609278
1569 903 407473 682704746
1098 1488 1653869 298100033
1407 998 3796243 125194318
1795 1298 1317359 164707786
723 1175 2092957 835665273
1989 345 3839325 628755693
209 1071 3310619 916941145
778 1343 1772991 787882594
331 1095 1610820 358948862
790 1391 805139 404854797
249 714 1752588 246379694
1943 1727 3712344 854953460
1024 1863 1963542 842893314
1167 49 269765 999972179
1746 1264 1575827 789629167
1396 231 135848 611866943
471 1071 881393 123466294
1619 1191 1427885 336026915
34 1992 1616283 817063973
1491 1310 1916256 100868363
1924 1638 1317288 945332909
660 1715 2662180 936799797
962 399 1329726 678555310
1451 233 1156070 371004841
1197 82 1136989 358479290
580 1849 8720311 472164802
1083 1232 1341402 54857705
499 306 753126 129676223
406 743 1656241 597848418
6 1880 1887969 474340651
252 1119 1222795 56857663
1530 586 1293349 23740809
473 1293 4539710 696933678
438 1137 906354 770720715
1751 1756 1570906 24444175
1200 1048 4674837 620878099
370 78 1845124 979217132
1062 620 356208 247335474
1490 1109 2709875 558950370
260 143 2863108 752420405
117 964 286231 763650287
1406 481 1692402 52797618
1521 1322 847655 630344437
1483 874 1499319 443092846
149 407 4829247 333700406
1804 1012 6265585 70519477
1511 290 1392594 424427407
630 88 9538330 947946081
529 243 1495403 251812738
640 1970 197695 573314512
995 60 323056 815016753
682 156 3261793 668992183
493 358 1957045 33101327
1693 474 1702740 409540419
607 303 299872 728197811
1947 302 7584248 101155348
1452 67 2233903 301736629
1016 458 4088854 336211030
594 1732 1736734 704926193
1490 784 2334576 342875434
1931 194 917373 951472184
290 1494 2692805 291555445
1573 1710 2486378 911823822
193 265 514244 622973512
1476 1320 394943 4885490
1638 1989 3456255 271473273
155 1883 3372704 93595870
1147 1241 3699851 47609821
1156 413 6017668 826636591
164 1407 2930725 594934254
1097 1675 50045 799141658
234 1502 1352170 909057446
1344 1047 306917 583877182
1778 1572 1875912 481155104
1490 784 2334565 174054376
1483 458 1834132 148973032
1047 543 1673913 426816862
339 1241 1977504 319791777
823 1291 1148726 404765479
1691 290 634856 711796185
1072 870 1963815 914307200
1671 108 1735269 300558736
954 977 642900 6565107
1746 997 5098733 100192317
905 429 1354775 839818388
1807 1052 65714 124210644
1732 248 660258 612514969
637 235 592970 89532731
1125 1954 1521429 393050310
1187 259 1369205 301374924
183 1113 3107595 170450660
201 234 877410 254291994
1638 345 3889658 526407989
1421 1519 1299936 14555101
686 893 6109492 844556000
716 1542 1935739 787251102
1004 196 757062 195954684
953 916 1399226 85869243
1312 1565 86505 519610009
1849 88 10473235 258051358
1491 1287 300311 330697646
1542 716 1935728 775067702
1311 1558 1675620 833048513
1069 1253 1251184 949156117
88 630 9538335 890533089
746 1257 874160 643653859
1218 949 1046451 302418715
1047 1344 306964 429354984
623 1947 3852993 653537851
784 1638 789939 721335230
1178 151 394187 8919492
1429 39 1966701 497415452
941 84 2276788 432924528
155 189 1618949 51186601
1646 1747 414035 895472504
161 1081 1434647 101725087
445 422 1262090 907369640
1808 570 1477944 538882467
1691 1290 775052 145066425
1112 152 1173458 115540628
161 570 2905303 332928468
551 435 1674761 249695594
1429 39 1966673 329386636
1195 1266 705880 548972801
908 1669 1371489 28636412
1901 627 563428 744527063
164 833 1233676 331878237
1859 1863 939349 764656169
868 576 1722559 672290621
276 1874 2306999 587584206
1113 183 3107615 252353963
752 143 3671907 969245145
407 1109 3878827 693319863
108 660 3245399 59983277
1267 396 985981 503148319
1551 1531 731031 149330830
744 1765 121236 102572213
1141 747 237152 287808919
1555 129 2011870 962419160
851 1685 4266005 468996433
1452 1521 975485 726667638
1134 1368 414592 739974726
594 314 2418140 745559918
714 296 50313 454980240
1020 653 1668955 133542758
1175 485 1868201 337059511
407 192 4466757 263888172
233 1451 1156090 330478504
61 857 2659128 414173047
935 970 674981 93854378
1175 485 1868231 652622616
1809 1166 587700 806794072
1012 1849 8012313 112802146
1816 1567 1213628 528419647
373 491 675767 330821732
1016 874 3754002 659514429
1490 1109 2709932 70537408
604 1320 1638366 682038627
1911 1834 459264 619149650
318 545 1981447 591549097
1617 965 957073 201889095
640 1970 197716 356602707
1966 1409 947672 888889617
513 893 4297974 454478331
930 1530 1864641 708468318
1596 610 838899 89097221
630 580 7785311 493752755
158 1741 670847 36512466
91 1834 3277641 55262841
1642 660 856280 548493417
1239 1983 2983004 518463696
513 857 1237707 939657217
908 1669 1371567 49987863
1909 1930 1700843 817111512
279 1893 205622 664478308
1866 1071 2151207 857560868
1539 24 250159 148960774
630 1369 2545586 841196893
1649 631 691125 535195280
1379 1073 1219081 362029385
1409 1966 947666 100762334
38 1073 2534343 244426940
1847 1876 554754 920677180
1855 443 603913 408628945
1859 1024 2902839 673429846
244 714 2154390 3634651
570 161 2905110 978703997
1110 1439 624588 926715293
1688 897 1899259 817668103
1773 1406 1610658 907851611
665 580 3760084 744735064
337 478 1032042 140379046
413 1156 6017861 106466873
188 1664 57089 30628485
1201 543 608932 85573131
318 525 621801 73185994
1980 521 3009946 852353230
630 656 7726890 879015595
784 149 1325934 646103188
399 289 2366165 525593448
1544 1704 597707 295517051
1404 1911 854611 153637044
67 48 649710 34703975
623 665 2927588 426284216
1747 1707 947328 852222417
774 1744 244716 989873145
1416 399 1006948 285772745
143 604 4389839 850296514
1040 1874 558636 125944791
290 1511 1392567 10200129
108 660 3245427 634506376
997 1992 2462514 547941593
872 398 914299 171017855
1510 856 1010547 708105553
1669 908 1371443 569486840
61 513 3896832 6499518
180 1896 314266 960390045
1109 784 375357 335107647
1638 149 2115736 629027589
29 1063 1955256 120518087
1109 1989 3041717 877441333
1487 1806 1864753 825846839
1369 88 6992595 745206581
907 1624 1653284 116523307
1369 1804 1733957 602449539
1247 517 56183 993250545
215 714 1413957 191972918
517 560 344050 931547907
784 149 1325898 92021048
244 1786 513486 215405021
259 1167 272928 696717347
246 511 1844059 181538326
1452 1521 975443 976696957
1914 618 15484 707743856
715 1569 1104207 967572457
188 1080 2107352 679782285
1849 368 4073573 287928084
1911 1404 854604 282088259
1980 758 1138416 962885103
803 1329 1539477 292656575
143 752 3671969 719149165
1018 1413 1414668 158982968
172 1077 884312 490122584
1197 310 367320 942499394
84 161 4157347 611125146
543 1201 608946 101405315
921 154 1334407 312020197
149 1490 3660460 884291821
345 494 173834 559099712
1476 1320 394936 401569925
1721 161 28720 918881478
1399 525 937355 46952715
833 1407 4164416 447592464
1451 233 1156023 259746319
1018 1413 1414649 551811693
302 1369 5179209 38602027
1417 701 22561 119016254
36 1625 866550 985976089
1839 587 556873 661050434
231 1422 2184143 473747232
1476 604 1243437 229435017
1369 665 1479528 802731414
1428 1195 1293518 888707358
215 249 338630 208713667
1415 618 1439707 805354767
60 995 322968 420834951
345 149 4425610 475007235
910 805 769847 514113430
1097 1675 50061 460828060
998 513 1143773 782015169
1175 485 1868197 388467980
937 330 430483 162251023
1619 648 454621 389779131
931 742 65338 510489897
824 288 1666300 488455601
1260 389 848259 475749310
851 1511 2491534 983131928
43 1564 507077 75583411
494 192 1962516 464595371
1521 48 1908071 808918017
1407 857 1414858 617375338
522 1396 1695546 559512334
513 686 1811490 435921466
1163 576 1561896 709701621
1191 1619 1427929 161663597
231 1210 1911488 170178147
1156 413 6017773 117064
997 1718 567482 557793023
660 108 3245385 701252793
604 1573 3063692 271842384
1043 1334 61051 178442092
1849 1804 1746793 709432048
1360 1947 8265619 483786106
435 1065 928200 449960133
580 368 5832496 326932747
682 1048 2800099 655692088
1293 473 4539796 931145328
1113 1555 240101 362375756
1989 494 3665527 565534985
1494 290 2692839 838175726
302 1360 681481 728658248
399 1416 1006946 731064705
368 302 5772067 446145890
458 1483 1834102 318663957
398 872 914343 915707953
1931 194 917395 934521514
1397 1663 1096421 575453489
1260 1749 3899037 338996687
471 938 1996505 511812018
1825 1176 1401679 619651470
228 1651 629498 641547410
893 164 4576180 339380099
1751 1756 1570926 222008030
356 1667 1394685 24827192
846 1493 1895240 685824247
1248 626 1398325 132780369
1137 438 906370 564596721
164 998 3897422 271112267
1747 1945 819988 806391355
165 330 1455922 750748610
1001 971 3044860 596566045
22 59 3135764 532146917
1961 1830 329981 62497992
1210 1396 2047365 842531192
618 1415 1439719 220244009
1490 407 1168897 684395716
778 1343 1772990 971203424
1693 474 1702710 1650137
1947 623 3853088 751739924
1416 399 1006997 487619182
1191 648 1882516 148219341
1437 46 1804836 857966110
1018 1413 1414618 670354387
192 1989 1702989 920609363
235 637 592980 377676535
1883 189 1753746 305671926
84 570 1252072 873490416
164 833 1233676 241623241
1293 1710 1753277 850072129
1012 1904 1397266 661076559
941 1081 445992 43903695
483 280 1663976 541852328
1804 88 8726541 150601782
302 1360 681452 338044122
6 171 244532 745439933
1558 1311 1675577 726108760
1098 1808 767855 552705917
155 1883 3372613 16426655
1747 1646 414076 103991950
953 212 850171 76962995
686 893 6109449 811473508
149 784 1325805 420061416
163 883 28525 957019836
1250 118 889576 984299612
1174 1625 2144413 890473878
1488 84 4245245 959144212
1773 1406 1610644 782073574
1954 1125 1521452 930734357
784 1638 789894 268273120
1047 543 1673941 72391690
1020 1695 1390095 917742836
773 1409 1894343 127819952
1859 1024 2902900 496651268
365 1760 1860120 223368162
249 296 1802867 340830162
1379 228 1731217 703049120
250 1503 897494 898174586
136 903 2183581 48168172
714 215 1413947 380532816
1849 88 10473266 114281346
910 805 769899 164701730
302 580 60306 761787951
1511 1278 889025 640640512
1551 1531 730958 177929000
768 1424 1266651 482902524
404 1863 954105 943975424
607 493 3203992 891989043
192 1109 1338738 434317355
290 1290 1409922 498374430
1911 1834 459248 175209922
119 523 1309429 924081161
1883 1643 1345221 430042830
1012 580 707931 760099156
84 1808 2730032 995758578
560 1587 1421814 241601509
1280 1212 608144 637172582
1210 1396 2047362 930566367
1476 752 525566 328904155
200 1423 506106 523793596
1096 111 461668 356418886
38 1973 4585520 129054573
110 599 470491 662053089
22 413 3555790 980957000
1646 1945 405994 451674191
215 249 338655 419368473
19 1159 1969865 154031140
1095 117 974576 790737657
851 1494 1191267 216643967
931 1016 1774229 18982393
704 1402 2026080 734263187
1970 175 1803571 918990298
1444 1341 230392 735634865
941 1081 445946 69602076
1747 1629 1744803 391416213
1488 1721 116631 862924389
302 1369 5179249 667166746
234 201 877437 418188672
551 522 968968 89976501
1597 1691 1578367 735952887
1904 665 1654880 534909095
723 1175 2092961 140514342
1245 1692 2510338 774275845
1081 1488 1522570 523853096
161 1488 87903 16355914
1512 1882 1584204 711863149
1804 580 6973449 354451007
1883 155 3372665 416653982
522 1210 351833 354014710
1334 1203 373602 36997279
1047 1201 2282878 328757734
356 727 1939533 197956605
1539 24 250158 67011170
