500 2000
231 118 0 217885988
33 367 0 929878690
320 443 0 891552426
368 49 0 876624292
196 372 0 575709841
279 444 0 239664473
247 380 0 436542708
340 66 0 393266733
237 147 0 198149098
394 280 0 51588116
46 136 0 522061236
428 351 0 893787489
156 72 0 784616960
272 386 0 381611614
16 221 0 80016111
141 109 0 185548990
204 256 0 716594730
157 64 0 195131155
250 401 0 815679620
25 63 0 255979028
137 218 0 840108076
136 73 0 136256552
393 84 0 711346216
388 234 0 616134663
159 192 0 158428502
216 335 0 72273759
373 101 0 752676908
14 58 0 440784364
258 212 0 448813549
118 457 0 203387230
427 101 0 579018806
110 307 0 310553266
247 44 0 661269140
79 433 0 105633069
276 358 0 983233002
422 409 0 582197245
147 375 0 949646897
353 398 0 288917041
338 19 0 930018848
179 303 0 345115290
68 309 0 460057686
421 357 0 166765182
56 125 0 711331648
109 141 0 267281417
205 267 0 734632085
8 83 0 310874470
302 70 0 47320639
224 3 0 239396136
2 124 0 681650347
317 326 0 694718640
215 354 0 133662004
386 94 0 134085386
26 257 0 586637084
416 128 0 126459229
404 261 0 132418759
105 97 0 9825740
127 420 0 299443260
37 191 0 157424284
96 59 0 566674057
311 453 0 576028616
308 333 0 949992445
232 456 0 2824557
266 194 0 739210884
106 179 0 688660848
177 46 0 517489920
304 46 0 951223226
337 243 0 165568750
292 182 0 944262315
161 243 0 372380539
57 16 0 313916059
294 78 0 505880491
333 308 0 688761736
45 350 0 690399340
79 433 0 270504006
138 352 0 776622372
296 71 0 580564745
351 428 0 978761181
66 340 0 665324956
436 422 0 76312879
331 470 0 193493145
288 292 0 999363555
494 209 0 621518056
123 248 0 137065042
467 363 0 170139500
207 256 0 670926264
366 250 0 758306876
36 370 0 222330571
84 470 0 273842913
66 462 0 78113402
412 143 0 862013911
25 63 0 865805802
98 38 0 406043123
47 41 0 390569425
219 262 0 328492168
60 306 0 521464781
16 78 0 516489581
400 182 0 124709372
336 251 0 278269477
302 70 0 674397226
59 96 0 894053828
2 124 0 352173232
20 143 0 734218179
17 204 0 767159428
372 196 0 161020211
114 109 0 198976186
44 280 0 968591619
119 135 0 70112512
191 109 0 299563580
441 265 0 551594906
43 123 0 120631221
327 197 0 718484003
73 418 0 288080660
10 103 0 527457693
211 223 0 380821297
178 405 0 369844854
196 318 0 342545342
123 251 0 826073867
436 284 0 737116655
417 496 0 67350825
376 141 0 765751145
446 193 0 965146795
383 447 0 727240642
391 379 0 231431035
213 291 0 799913422
162 280 0 448609515
54 347 0 730216687
101 427 0 859381007
92 154 0 830346690
249 169 0 789472304
354 215 0 459080335
38 98 0 679969603
90 308 0 765465920
134 315 0 35846403
414 273 0 137346539
343 372 0 860799504
386 272 0 340235368
354 215 0 692194711
19 53 0 435156617
285 238 0 712480802
32 70 0 696331927
390 324 0 952558847
21 399 0 621364394
232 456 0 515118505
389 491 0 991225561
399 21 0 770040997
280 44 0 984176886
380 247 0 615543197
280 394 0 267392147
90 387 0 229832606
353 374 0 600112728
141 109 0 610308503
82 5 0 186705446
263 51 0 324371040
454 358 0 62968193
477 10 0 17528001
468 428 0 915539319
192 33 0 598172478
230 397 0 436290590
18 291 0 895292365
243 337 0 499134437
390 398 0 300049527
217 118 0 342785386
394 280 0 460877257
118 217 0 85764749
224 3 0 577142274
77 335 0 195619539
4 207 0 256565233
104 469 0 561861456
363 292 0 921422729
237 147 0 347691717
268 31 0 681501943
87 347 0 93034782
2 111 0 258073622
469 104 0 563159582
207 4 0 174613424
64 326 0 784592459
196 372 0 113850048
18 291 0 269791959
318 196 0 299294790
51 263 0 349614068
84 470 0 634067834
370 130 0 968717435
246 121 0 734944304
372 343 0 884957344
74 5 0 607205383
16 78 0 36737027
182 400 0 441475019
115 54 0 548355508
232 429 0 223366500
375 147 0 960186605
134 315 0 268910513
98 38 0 114288836
179 303 0 463444
399 21 0 148276860
170 486 0 777487373
31 331 0 285385652
332 140 0 484554038
115 255 0 301475635
192 159 0 507084772
159 485 0 432214748
340 66 0 64689696
445 91 0 606983378
148 334 0 205203456
79 433 0 310231231
481 15 0 765547214
41 250 0 65149391
101 427 0 687264956
347 54 0 390745013
478 482 0 807062223
240 394 0 853842176
267 205 0 267207091
424 223 0 171070351
191 109 0 254575976
336 251 0 544549672
324 390 0 876879902
73 418 0 167767606
470 84 0 690654422
428 468 0 890120371
436 284 0 48234290
446 483 0 32372224
392 458 0 51449166
224 3 0 263163515
311 453 0 4992928
75 83 0 769298748
175 82 0 248531505
489 17 0 378142244
43 123 0 575455010
421 357 0 747008196
389 492 0 76214655
217 118 0 218274703
481 15 0 542154552
400 182 0 498858056
17 63 0 900187840
186 203 0 721221171
478 355 0 357884796
434 395 0 802294478
292 288 0 547315578
55 350 0 664707657
340 478 0 759015695
288 292 0 210114923
369 264 0 667629655
202 22 0 510435756
167 491 0 572178100
217 118 0 158194963
389 117 0 830474808
375 147 0 927679782
324 390 0 761225695
44 469 0 882976620
292 288 0 133702111
463 406 0 199493359
324 390 0 220268437
420 102 0 390482911
9 302 0 255459864
289 423 0 175381265
280 162 0 75551586
195 92 0 15308760
340 66 0 94359983
398 408 0 577231979
322 125 0 694255074
286 395 0 190686133
340 66 0 974795116
120 212 0 651974084
280 44 0 348779254
472 297 0 948519723
44 469 0 125476881
189 357 0 57636654
177 46 0 791607712
15 481 0 988076090
50 268 0 154834603
340 66 0 846246755
304 46 0 887632084
238 34 0 737798614
283 70 0 311246569
160 500 0 760901231
99 430 0 594383764
155 69 0 501407582
207 4 0 962017605
191 100 0 206982713
229 259 0 849007040
262 219 0 205699222
198 281 0 47770816
160 500 0 674317617
35 305 0 765658606
313 217 0 776743960
348 293 0 146224146
289 423 0 607959756
59 96 0 760488074
256 204 0 657203449
442 144 0 345820484
10 477 0 641033181
194 52 0 8144127
59 96 0 544735130
64 1 0 739826180
102 420 0 463152960
412 143 0 290863668
324 27 0 502319556
182 400 0 510799674
4 207 0 455004280
66 340 0 699693622
44 280 0 830963987
308 407 0 731914266
105 315 0 507987959
72 95 0 781720648
480 54 0 502399677
443 320 0 508521621
480 54 0 462998491
179 487 0 757097956
422 409 0 762405013
188 52 0 313319034
64 326 0 974011052
99 235 0 784181466
141 109 0 129436018
11 342 0 795630441
318 196 0 207611917
6 187 0 98575080
461 18 0 844003423
140 332 0 426111865
158 338 0 689040026
109 191 0 7181164
251 17 0 52694084
46 304 0 284222744
441 265 0 871343211
35 47 0 374260657
54 347 0 820290612
73 481 0 58849497
496 417 0 151666411
126 497 0 594537594
347 54 0 547091583
73 207 0 655297477
129 295 0 587882381
115 228 0 310348058
86 385 0 829437052
289 423 0 340714685
74 5 0 327581661
380 247 0 259232471
64 404 0 329615580
406 463 0 119054240
52 194 0 521375581
124 460 0 579299877
158 338 0 163787064
124 2 0 932275335
316 323 0 161255266
43 123 0 774121705
100 191 0 553013185
323 316 0 272665678
421 357 0 425570278
321 118 0 710727668
251 123 0 729745314
19 338 0 611343845
375 147 0 478707937
264 369 0 398703072
344 489 0 791010992
257 26 0 706624165
463 406 0 821689236
489 78 0 203686510
58 335 0 420668366
64 404 0 852507278
182 400 0 608797612
201 179 0 836188071
456 232 0 975655096
478 355 0 983663064
462 66 0 437857867
436 284 0 119966509
420 102 0 557018042
442 144 0 421847488
292 288 0 148637487
429 232 0 458537179
250 401 0 894351585
430 138 0 354733117
429 232 0 944948257
248 123 0 451377687
45 402 0 49484989
433 79 0 308804604
421 357 0 383052446
454 358 0 939414285
182 400 0 83331304
320 160 0 527347505
485 159 0 612927432
481 15 0 365242412
482 50 0 287293055
129 173 0 831028640
33 192 0 405849547
262 219 0 365784662
91 445 0 395954372
486 206 0 470943644
64 326 0 837817558
454 358 0 943689466
19 53 0 972229603
136 46 0 221730203
489 461 0 153436928
137 218 0 26581146
108 415 0 904329703
2 124 0 433092809
411 213 0 215955708
20 106 0 73283624
491 167 0 711900624
150 408 0 487190162
228 115 0 506816165
16 42 0 668254900
159 192 0 537387411
139 254 0 828935306
371 369 0 98944803
101 133 0 451405474
64 157 0 436837264
215 354 0 729457918
144 442 0 268310938
347 87 0 233213045
461 18 0 898261047
5 74 0 755753887
271 191 0 636019259
354 215 0 698748849
114 109 0 85381040
147 98 0 655337453
357 421 0 342115308
134 315 0 451421928
338 158 0 126425143
347 54 0 507636891
31 89 0 165180477
109 141 0 584586939
123 248 0 801993269
389 491 0 969992502
433 481 0 928078404
226 199 0 797116557
154 92 0 436486210
485 270 0 666088352
166 140 0 359998002
101 133 0 736926871
46 136 0 256900450
269 295 0 901565349
498 185 0 346469454
132 31 0 987779359
427 101 0 565595468
54 480 0 944906352
121 246 0 208888971
172 418 0 160124552
358 454 0 242686913
103 10 0 410219236
143 412 0 972300378
212 258 0 871376734
195 92 0 96013785
418 172 0 744386018
461 489 0 759533439
326 96 0 795883254
149 500 0 847154044
420 102 0 476105026
140 332 0 462947790
54 480 0 160640408
451 431 0 953024820
158 338 0 920263187
333 308 0 220296524
138 352 0 596571841
123 248 0 113360410
469 104 0 673977229
466 106 0 930870016
479 125 0 543033938
297 165 0 638438931
339 174 0 263624099
243 337 0 590622031
18 291 0 243227269
218 144 0 911959768
168 377 0 659818063
470 84 0 567411789
468 13 0 137812842
92 154 0 9108250
451 118 0 533690465
285 475 0 621364533
479 125 0 225986662
135 119 0 461657895
409 422 0 768600161
348 293 0 719566078
221 328 0 252353494
99 430 0 806552581
412 143 0 426551306
248 123 0 126994267
308 333 0 474394924
266 194 0 233467971
492 389 0 947090952
16 78 0 969908664
437 80 0 769414903
244 387 0 780659464
251 123 0 151551471
251 17 0 267872384
406 463 0 498231826
116 153 0 630073228
290 223 0 825904436
274 306 0 860326919
71 296 0 270192007
107 452 0 536733155
442 144 0 41281899
136 73 0 367407896
5 74 0 811984041
219 262 0 965021278
104 469 0 367495177
138 352 0 988338691
210 303 0 919885381
227 48 0 918681949
280 394 0 539890843
70 302 0 456004090
173 129 0 828541248
118 451 0 644185991
483 95 0 869220255
197 327 0 534500074
232 456 0 664950700
203 106 0 876000391
324 368 0 403380255
385 86 0 498205313
169 249 0 370603615
108 415 0 10895176
258 212 0 714261103
156 62 0 470634665
394 280 0 95958622
146 353 0 766625021
418 73 0 720069375
384 67 0 699474739
48 227 0 725932963
486 170 0 314600329
420 102 0 901627134
464 13 0 309341759
101 373 0 909768516
267 205 0 130860926
253 128 0 989144462
16 399 0 573024560
378 460 0 379781601
250 41 0 476616699
174 153 0 936584144
347 54 0 650820452
47 41 0 766032024
165 297 0 653857824
430 99 0 807069796
45 402 0 158286386
194 266 0 872899202
191 100 0 599527507
251 123 0 339691300
210 290 0 131733789
46 136 0 264187787
483 446 0 375116575
438 170 0 449113115
418 73 0 419998098
52 188 0 911795906
209 170 0 638209166
106 179 0 295682924
372 196 0 424274643
420 127 0 473652321
436 284 0 164600682
90 30 0 910290587
98 147 0 50541458
201 179 0 363300672
215 354 0 693837217
98 38 0 466748675
489 17 0 280548927
207 4 0 123546078
191 109 0 162866935
489 17 0 534851212
73 418 0 400777724
420 102 0 878931268
452 107 0 960423585
265 441 0 430989413
211 223 0 261787532
306 60 0 991831586
175 100 0 453079145
358 454 0 360021145
125 330 0 41011904
191 100 0 528230825
459 486 0 738572898
59 96 0 789001648
194 266 0 786348731
320 181 0 278286595
341 360 0 755120531
311 453 0 778892739
73 464 0 727208476
59 96 0 742342507
200 391 0 647005030
500 160 0 238827833
246 425 0 816935063
376 141 0 245024680
140 403 0 857542703
369 371 0 754004887
414 273 0 902550669
102 420 0 853864950
336 251 0 537850557
158 338 0 805518344
230 163 0 356373894
471 370 0 356571189
454 358 0 48955922
387 90 0 502931245
196 372 0 763487602
191 100 0 384313116
210 348 0 612913729
112 448 0 28899850
357 189 0 325218769
99 430 0 793669920
46 215 0 186594857
187 6 0 655214948
8 83 0 362936191
353 146 0 920757048
60 306 0 365267236
302 70 0 655536707
358 454 0 551824461
160 320 0 918096189
457 264 0 337814271
310 181 0 850600179
162 280 0 947575060
359 211 0 172339677
174 339 0 726580617
30 90 0 856673202
47 440 0 256251433
416 397 0 960209939
93 169 0 289868682
120 212 0 588044786
245 387 0 15746743
404 64 0 426801703
81 147 0 499230459
154 92 0 16330013
480 54 0 71793458
147 375 0 371436492
452 102 0 703287243
46 136 0 387765214
320 160 0 761413507
136 73 0 338793520
478 19 0 357259184
435 191 0 312695902
40 53 0 355442009
1 64 0 265553722
489 17 0 538953914
311 453 0 508346760
162 280 0 947342694
109 114 0 71155657
334 148 0 569432657
164 26 0 595271776
294 343 0 36849806
84 470 0 499978152
232 429 0 684791629
270 485 0 143638514
333 308 0 373479160
79 433 0 835677096
317 326 0 424504833
256 204 0 514247675
289 423 0 548894490
135 119 0 789136429
294 224 0 754291127
120 212 0 133633325
63 17 0 861286741
215 354 0 714638295
444 279 0 486417157
64 404 0 114605492
399 16 0 497024412
17 251 0 388989753
447 383 0 56264950
78 16 0 75195212
177 46 0 751387592
118 231 0 645405054
339 383 0 679648247
152 137 0 907248785
158 338 0 498623989
168 19 0 292434756
313 217 0 165576757
187 6 0 6776919
433 79 0 229893635
196 318 0 184503004
224 10 0 377893518
316 323 0 800004892
393 84 0 102135298
136 46 0 367218244
278 327 0 358910534
368 49 0 872736722
48 227 0 885640193
446 483 0 4202994
374 85 0 3432251
160 500 0 374076784
295 129 0 225682845
77 335 0 322337541
46 304 0 46468361
84 470 0 362536066
434 395 0 496862051
101 492 0 877387132
444 279 0 497109311
206 486 0 227732959
66 340 0 678702971
158 338 0 369792738
470 84 0 30870203
481 73 0 170546133
437 80 0 826896142
47 41 0 310674993
384 7 0 392481762
448 408 0 877294539
459 486 0 143223073
259 220 0 186634584
245 395 0 137613608
160 365 0 19012181
393 252 0 821177457
469 104 0 940570654
150 137 0 54126886
477 10 0 247222136
463 406 0 931547173
2 124 0 349547265
368 49 0 883305563
371 369 0 635869399
284 436 0 706451376
343 294 0 573416915
221 122 0 134945837
251 336 0 269925403
44 280 0 36085497
105 315 0 888175484
309 68 0 133327035
59 96 0 913156208
331 470 0 691373388
386 272 0 841123719
401 250 0 658423829
115 54 0 939582065
63 25 0 848378836
154 92 0 39387524
3 224 0 227395186
6 322 0 663306130
16 57 0 687871726
192 33 0 751520631
313 217 0 88032333
353 146 0 511935642
44 280 0 107652764
31 356 0 647246232
158 338 0 416713717
374 353 0 209396711
9 215 0 951762816
383 447 0 464803891
64 404 0 536904075
327 28 0 672540098
361 137 0 873042130
371 345 0 395281774
452 107 0 531596929
399 87 0 607477685
157 64 0 808339838
389 491 0 822921934
357 189 0 632794224
221 328 0 527763850
270 485 0 367047933
137 218 0 828932878
128 253 0 965109449
254 3 0 781995877
215 9 0 38426379
64 157 0 586622576
272 495 0 972048887
385 56 0 495248505
84 470 0 505463195
316 369 0 123573011
469 359 0 821523665
267 205 0 645449283
280 44 0 554935676
197 327 0 366036618
18 291 0 9166204
471 370 0 407293259
386 272 0 580230873
224 3 0 779848029
359 469 0 135623440
109 191 0 961160112
168 19 0 37649986
489 344 0 501308056
456 232 0 513177674
159 298 0 2208976
98 38 0 289231068
196 372 0 436472508
217 118 0 227873386
452 107 0 339051518
64 404 0 182205553
235 99 0 607957234
428 351 0 611795158
40 53 0 804005181
292 182 0 545987523
78 16 0 465720015
220 259 0 604614341
192 33 0 493634549
428 351 0 177528739
103 10 0 283081410
420 102 0 649294815
128 416 0 359317282
358 454 0 515922353
196 372 0 130034855
207 4 0 978670705
217 118 0 822014119
492 389 0 943478694
486 170 0 691351447
486 170 0 88079140
2 111 0 150048075
337 315 0 151067545
353 146 0 899303355
456 232 0 854268440
400 182 0 679659983
136 46 0 451336712
100 175 0 324180558
167 491 0 55034739
82 60 0 664357039
290 24 0 42416745
15 481 0 600670229
474 465 0 105696815
228 115 0 808597435
5 74 0 269918384
213 411 0 648875344
11 242 0 177948129
179 496 0 966926476
470 331 0 377223929
491 389 0 986008349
134 315 0 602222915
121 246 0 607884963
22 202 0 375268697
348 210 0 500209475
143 412 0 989718706
478 355 0 787675890
280 162 0 880317408
266 194 0 183805988
2 111 0 229081517
78 200 0 694378598
486 170 0 119788977
481 73 0 801584522
496 179 0 989484778
270 485 0 999567538
481 15 0 528415988
280 44 0 758026490
146 353 0 462820931
95 72 0 988118775
50 268 0 848737166
40 53 0 184186716
332 140 0 764166142
239 32 0 851175660
47 440 0 912221290
336 251 0 261371409
486 170 0 18535131
357 189 0 303841104
102 452 0 492075325
17 489 0 349429927
485 270 0 337947665
111 2 0 918145182
334 234 0 508361620
144 442 0 355638425
121 246 0 881007220
400 182 0 95439980
288 236 0 15777
414 483 0 876599585
337 243 0 636921505
355 478 0 133687410
219 262 0 501918750
292 288 0 154913368
431 451 0 379353748
433 79 0 756476053
394 240 0 476214021
175 100 0 50388793
482 478 0 955140495
32 239 0 157317900
398 408 0 155925333
268 50 0 530797277
222 440 0 561228131
196 372 0 519987711
398 12 0 192012603
402 45 0 141747804
92 336 0 330086501
457 149 0 17396584
392 146 0 742740961
170 486 0 82232337
4 207 0 330513664
220 259 0 88019243
4 207 0 824375965
346 279 0 548703195
224 10 0 44438436
211 282 0 144798100
106 20 0 262675724
7 384 0 572937655
405 465 0 367231781
340 66 0 968932669
439 212 0 939313926
19 498 0 132068175
369 264 0 903266003
204 256 0 742777868
147 375 0 202875480
488 37 0 915972307
84 470 0 934089433
141 376 0 866739928
351 428 0 786896588
94 386 0 241531571
2 299 0 509401504
210 290 0 802080915
461 18 0 84418022
406 260 0 851565347
234 360 0 677015124
352 138 0 793046159
215 9 0 181077729
308 407 0 833926261
247 44 0 499465370
356 31 0 399900625
407 308 0 674501517
26 300 0 685478645
481 433 0 694699222
50 268 0 409917299
137 218 0 211517620
44 280 0 490268522
138 430 0 365535240
469 104 0 571798187
411 213 0 930248907
397 416 0 215434198
231 118 0 876562616
380 247 0 504605040
398 12 0 721781088
26 300 0 761430402
329 285 0 990839945
291 213 0 889880530
395 286 0 854331796
177 46 0 583974390
47 35 0 317068203
33 192 0 39115045
335 77 0 488116653
92 336 0 451819503
133 101 0 712018794
115 255 0 382456257
326 317 0 174812984
332 140 0 406469879
50 268 0 36996155
445 28 0 300764299
292 288 0 273429965
463 406 0 168168683
249 169 0 897604808
315 337 0 900639328
316 323 0 67716365
362 478 0 23866036
1 64 0 836263338
169 249 0 474575662
389 491 0 554806841
147 375 0 999485981
463 406 0 532655215
280 44 0 930738101
369 371 0 982328159
44 247 0 386338054
22 202 0 987705534
421 357 0 755944277
182 292 0 770770664
311 233 0 486654906
119 23 0 214998467
486 459 0 472995393
382 115 0 943903921
194 266 0 812869191
100 191 0 319631066
308 407 0 903793408
469 104 0 625172954
491 389 0 823019317
290 24 0 763398073
182 292 0 904134645
128 253 0 304199917
316 323 0 583863534
70 302 0 578751886
358 454 0 573471984
130 370 0 89282689
46 177 0 949256825
484 48 0 683827448
489 17 0 178662058
424 374 0 836668208
422 409 0 635901489
301 88 0 401003105
211 282 0 31634942
372 196 0 63947447
448 112 0 853912456
159 192 0 383701372
192 159 0 791728899
280 162 0 913593837
148 233 0 73183871
310 180 0 312382687
497 126 0 310049429
491 167 0 513126819
10 477 0 9729186
490 391 0 426114320
123 43 0 782287387
191 468 0 833743014
264 322 0 747021431
157 64 0 100451727
87 399 0 619980860
267 205 0 6646682
139 166 0 995815806
187 6 0 230916824
236 288 0 812303576
228 226 0 453460923
206 486 0 694101788
65 448 0 699180810
326 64 0 575488676
484 48 0 727586024
183 176 0 339653819
54 115 0 993285934
42 16 0 71733128
47 41 0 715086515
491 167 0 101123936
107 452 0 49118318
227 48 0 915841522
137 218 0 364061588
22 202 0 525626314
170 259 0 226971585
170 259 0 459347728
385 56 0 479288636
143 412 0 958375755
459 486 0 468621910
126 410 0 586014679
17 489 0 782179332
281 198 0 766806868
92 336 0 879468406
285 329 0 375256682
420 127 0 972704456
224 3 0 485954183
357 189 0 307076723
448 408 0 810934468
3 224 0 592196569
23 119 0 901474485
483 414 0 401283472
18 461 0 119438261
222 440 0 949103753
223 425 0 46890323
331 470 0 564550291
3 224 0 567817798
93 169 0 415076101
60 82 0 563526191
473 235 0 414539870
159 192 0 209329106
280 394 0 952202716
459 486 0 416896253
210 127 0 250292211
207 4 0 621231708
343 372 0 993611476
162 472 0 5873529
430 99 0 180396650
431 451 0 337664083
491 167 0 652572637
364 184 0 469527850
182 400 0 325937460
82 60 0 502850280
439 212 0 315247878
368 49 0 291155519
134 315 0 290496752
64 157 0 301174547
211 282 0 354963328
70 302 0 750306824
123 248 0 933379860
159 192 0 756929172
308 407 0 510348492
485 159 0 38876237
433 481 0 468735741
76 132 0 932385510
430 99 0 696309264
196 372 0 624861042
235 99 0 387623992
383 447 0 339178766
273 6 0 489002046
430 99 0 798359554
490 391 0 168929799
152 137 0 380638431
279 444 0 423491416
292 446 0 333309683
432 210 0 534638409
167 491 0 738144955
48 484 0 216398327
234 360 0 896202245
343 205 0 289836411
418 172 0 279122352
118 457 0 145665630
444 279 0 156077388
157 64 0 282600184
108 3 0 847430288
416 128 0 832577642
430 138 0 726561762
246 121 0 963266228
215 9 0 217951356
470 84 0 457636946
399 87 0 620981056
472 297 0 142358635
83 13 0 844922109
70 32 0 893225744
53 40 0 992098777
280 162 0 855113004
205 267 0 736653963
259 220 0 997773721
483 414 0 805830330
476 151 0 404287011
78 16 0 583495669
170 486 0 670781787
32 70 0 689939322
51 402 0 293647387
26 257 0 642233874
441 348 0 928688347
51 363 0 962538771
388 232 0 543641421
295 68 0 328635846
170 486 0 122701798
66 340 0 419615369
202 22 0 495660607
484 48 0 455014602
338 158 0 714390729
45 402 0 590810890
354 215 0 800896003
162 280 0 740213898
383 447 0 154655975
78 294 0 780025393
391 490 0 268524177
145 218 0 206213577
336 92 0 599688885
416 312 0 553733862
141 109 0 222820062
489 17 0 653028134
4 207 0 35099125
219 281 0 666199694
70 283 0 487669428
168 19 0 382139146
48 484 0 540140332
440 222 0 297959029
118 451 0 321937474
21 399 0 245645735
115 382 0 618944622
119 135 0 485762002
102 452 0 941201790
74 5 0 856312229
168 19 0 841264000
136 73 0 350795036
167 491 0 993455464
470 331 0 253989854
212 120 0 674964129
194 266 0 218844355
50 268 0 185176636
109 141 0 315734743
249 169 0 652220306
246 425 0 895617612
63 17 0 791455189
185 498 0 168634410
292 182 0 704213463
191 37 0 949419658
183 339 0 554141501
397 416 0 220418055
428 296 0 469746267
22 202 0 494213800
410 126 0 337392968
238 285 0 247501962
391 490 0 392008332
93 169 0 89395988
320 64 0 781743201
365 160 0 965028511
284 436 0 650344424
478 355 0 270955466
463 10 0 62411917
411 327 0 613986537
73 136 0 293776447
131 460 0 494877827
316 323 0 656773957
463 406 0 897562557
353 398 0 282660594
340 66 0 492062448
9 215 0 186330608
79 433 0 338830521
394 280 0 721357163
447 383 0 420872281
2 299 0 550355325
106 179 0 259228949
404 287 0 381940992
109 141 0 951152384
84 470 0 889693508
42 16 0 436593917
395 434 0 196880448
169 249 0 308034555
326 64 0 872826883
433 481 0 737439264
47 140 0 477145299
291 213 0 175024273
418 73 0 925896094
4 207 0 670327790
66 462 0 689493816
243 161 0 715679310
181 320 0 374417589
143 412 0 631227554
18 461 0 688524117
317 419 0 998430225
189 357 0 302777467
192 33 0 685976735
267 205 0 612081647
282 455 0 150984123
401 250 0 226312132
312 416 0 628129004
128 416 0 517156289
211 359 0 686639940
73 136 0 526220828
312 416 0 179661605
280 162 0 396792237
127 210 0 355047029
475 285 0 28740020
62 449 0 666581003
115 255 0 810511107
411 213 0 116049857
452 102 0 825225667
357 421 0 46833064
283 70 0 548507564
295 269 0 874152976
428 468 0 400551716
433 79 0 186590959
430 99 0 85804911
2 299 0 984266143
240 394 0 880222401
167 491 0 388613938
427 101 0 369132287
308 333 0 608060804
224 3 0 811443331
458 392 0 389717394
421 357 0 603467362
46 136 0 844326628
148 349 0 640385599
139 166 0 749270725
147 98 0 67244243
101 133 0 967650760
406 260 0 286447154
200 78 0 261228702
192 159 0 964601902
457 149 0 214236195
118 231 0 174963522
358 454 0 457564723
433 79 0 607153247
85 374 0 694294256
327 28 0 755937226
100 191 0 60820292
147 237 0 345714033
332 140 0 6607248
16 221 0 248244325
459 277 0 125534802
301 88 0 773565334
349 148 0 712873036
246 121 0 416920961
95 72 0 268873547
88 301 0 513011922
192 159 0 424829687
22 202 0 595562294
179 201 0 355568835
60 82 0 335020628
8 83 0 533491774
3 224 0 194649496
106 179 0 661755688
395 245 0 548192315
22 202 0 379010060
288 292 0 106764473
397 230 0 503529695
285 475 0 763365274
170 309 0 925617977
49 368 0 175189596
404 64 0 647317505
456 232 0 269984167
297 165 0 544308604
109 114 0 237778015
109 141 0 860161020
272 386 0 553670597
124 2 0 906362651
66 340 0 757041310
183 176 0 482294663
162 280 0 584841072
63 17 0 934589721
459 486 0 870294036
188 52 0 925105869
327 278 0 955254902
210 348 0 106611000
381 405 0 244209617
211 359 0 217810316
130 370 0 957214014
427 101 0 363189110
326 64 0 778230546
284 436 0 650224905
405 465 0 119427645
492 101 0 482835715
66 462 0 619272472
4 207 0 878400111
283 70 0 452780893
170 209 0 288282017
169 93 0 82611125
463 406 0 589500103
243 337 0 666909438
284 436 0 530684369
337 243 0 826270853
26 257 0 485857316
136 73 0 820620961
183 176 0 364410942
361 137 0 38491748
462 66 0 782208725
442 144 0 823706576
35 47 0 56739191
154 92 0 663107466
251 17 0 725238939
167 491 0 453396766
447 383 0 918462435
356 31 0 155665255
60 306 0 446130808
99 235 0 677219550
283 70 0 170064749
327 278 0 651088440
54 347 0 743178324
101 133 0 393233058
469 104 0 79350709
33 192 0 415299357
299 2 0 230208021
13 468 0 553480516
40 53 0 263405371
42 16 0 195972073
153 174 0 518027627
102 420 0 396393704
400 182 0 124266617
38 98 0 468133438
335 77 0 92433733
48 484 0 97559278
435 194 0 877088640
22 219 0 634706929
99 235 0 145635042
39 244 0 955623396
280 162 0 49002379
358 454 0 512922601
118 217 0 599604677
108 3 0 857266512
489 17 0 161141454
197 327 0 633880514
339 174 0 171745593
315 337 0 73040665
138 352 0 196684605
224 3 0 758189944
336 251 0 953957642
221 328 0 388516360
291 213 0 309842442
4 207 0 13696167
157 64 0 139573383
143 20 0 231784549
113 432 0 103701884
368 49 0 437969077
31 331 0 242459943
245 471 0 15513797
477 10 0 964969627
377 168 0 282676468
60 306 0 826072441
58 285 0 329274666
60 82 0 155753570
266 194 0 913680880
137 218 0 633437864
196 372 0 543237489
294 224 0 927161165
18 461 0 556728818
357 421 0 36323417
303 179 0 739156815
80 437 0 364192111
383 447 0 501709324
237 147 0 33408752
327 278 0 789088252
204 256 0 685152299
98 147 0 164884551
414 483 0 323279267
256 204 0 747675859
406 260 0 491793005
491 167 0 168186803
331 31 0 537674363
430 99 0 1221708
308 333 0 293010710
217 313 0 565389504
73 479 0 650255885
391 200 0 648067885
452 107 0 740702321
44 280 0 649994128
218 137 0 529757412
398 390 0 502026432
352 138 0 855049580
461 18 0 667346036
400 182 0 743236083
192 159 0 365813820
355 478 0 505716161
219 22 0 289217316
306 60 0 421360261
54 115 0 917144940
320 443 0 390387774
313 217 0 426195261
290 8 0 145048700
141 109 0 627476513
215 354 0 832945390
489 17 0 508427147
416 312 0 223951025
4 207 0 982478070
425 246 0 921813429
56 164 0 434599031
3 224 0 970212274
280 44 0 175951323
315 337 0 147456768
439 212 0 852002237
266 194 0 285853110
414 483 0 734608844
128 253 0 104758351
280 272 0 421422957
388 232 0 20100447
315 337 0 881160672
331 470 0 182261981
500 160 0 222862591
209 208 0 164694753
215 354 0 72663628
11 242 0 953101810
2 111 0 580122984
433 79 0 133789447
350 55 0 924500385
109 141 0 109226230
153 15 0 963558739
192 159 0 958960349
99 235 0 471364623
251 17 0 411670873
44 280 0 75078525
327 278 0 473797429
92 154 0 953890473
385 86 0 490994697
36 370 0 512054823
375 147 0 142517991
339 174 0 488380174
11 242 0 242051169
320 443 0 483057984
109 141 0 116577513
393 252 0 271438064
311 453 0 375169432
390 151 0 775949935
232 429 0 629131228
232 429 0 998895172
82 60 0 770235969
454 358 0 193240407
141 109 0 453982667
390 398 0 456241536
385 86 0 124598350
400 182 0 757604191
179 496 0 351582793
335 77 0 830391555
334 234 0 658282446
357 421 0 528245038
273 414 0 154928256
382 115 0 412702419
141 109 0 581119311
485 159 0 866004899
157 64 0 80151075
290 24 0 216998749
234 388 0 139309133
374 353 0 380978525
445 28 0 679917077
489 17 0 165689483
118 217 0 206559088
118 217 0 262144445
228 115 0 827525595
486 459 0 154878843
451 431 0 56560797
167 491 0 834777772
351 428 0 499130697
229 319 0 225456960
105 97 0 252803196
489 17 0 236305745
420 102 0 705116070
8 290 0 288425944
334 148 0 243472098
73 136 0 210139086
38 98 0 159647531
250 366 0 719729263
349 148 0 577453565
126 410 0 128120187
462 66 0 982828683
464 73 0 151588065
73 481 0 918806329
428 351 0 70438654
159 192 0 229509549
217 118 0 986521220
119 23 0 694651020
463 406 0 562050079
166 140 0 687356191
147 237 0 8766091
393 252 0 430498950
2 299 0 703772559
84 470 0 555095801
451 431 0 955295526
434 395 0 873471254
13 340 0 787806706
37 191 0 21073376
398 408 0 263184248
431 451 0 665713964
86 385 0 887128006
265 441 0 279688311
210 127 0 580143779
306 274 0 555716505
280 44 0 919855081
442 144 0 465986448
451 118 0 878059037
90 308 0 390871616
433 79 0 772164069
399 87 0 31559772
270 485 0 61727253
85 374 0 893876275
109 141 0 212639879
141 109 0 173049476
59 96 0 280719582
491 167 0 865115575
262 219 0 318208083
331 31 0 148285493
487 179 0 849947956
247 380 0 124315423
469 359 0 303053610
489 17 0 160481692
209 308 0 253732229
340 244 0 528052992
54 480 0 119825751
115 228 0 22656357
168 377 0 509406949
349 148 0 819512081
418 73 0 130327909
468 428 0 896466793
4 207 0 564630481
358 454 0 549415317
77 392 0 930053416
60 82 0 681589351
118 457 0 793573704
224 294 0 926287855
315 337 0 719933295
207 4 0 611150712
35 47 0 203039737
78 200 0 726870862
486 206 0 530135643
17 63 0 355018135
348 210 0 194889566
269 295 0 164844539
257 26 0 421789217
315 105 0 470395711
194 266 0 806854943
454 358 0 773968770
98 147 0 650217807
351 428 0 937783673
208 209 0 628024292
196 318 0 747014646
312 416 0 521655070
80 437 0 217150349
96 59 0 689286483
145 218 0 344040019
398 390 0 682358802
308 110 0 128968773
170 486 0 921800090
240 394 0 836165423
224 3 0 641139961
133 101 0 612510860
141 109 0 293391463
50 268 0 816132766
280 44 0 79854783
46 215 0 549382402
70 32 0 362355255
115 255 0 619863421
373 101 0 230413482
245 471 0 106302235
284 379 0 4148274
366 250 0 737470863
233 14 0 906098551
19 498 0 157388620
83 8 0 915439175
415 108 0 399287843
316 323 0 125577191
374 353 0 289379099
252 393 0 983404801
361 137 0 379196178
340 66 0 279926676
136 73 0 49876892
207 4 0 975540149
489 17 0 179244301
364 303 0 865964600
360 341 0 44306906
268 50 0 527609373
169 249 0 16562133
272 386 0 946519923
347 54 0 998186136
237 147 0 188370632
8 290 0 843304074
90 387 0 485010186
355 478 0 440182062
17 489 0 832888885
255 115 0 579858034
421 357 0 342491317
386 272 0 396625480
395 434 0 358614547
308 407 0 599327565
347 54 0 222628660
96 326 0 142394450
329 285 0 93922515
338 158 0 348904173
394 280 0 52048871
109 141 0 81648670
266 194 0 903295124
302 70 0 857476607
101 492 0 669089041
425 223 0 856314912
214 301 0 482553852
163 223 0 839218295
182 400 0 485529836
470 331 0 125626709
492 389 0 792652142
2 299 0 269398408
77 335 0 496552603
389 492 0 479251649
326 64 0 583081515
46 304 0 189169195
171 415 0 698896924
153 15 0 758163372
392 146 0 252424876
11 242 0 107831320
209 325 0 537848372
402 45 0 61345687
160 500 0 378861879
279 346 0 496987346
389 491 0 661174094
243 337 0 274375804
20 413 0 805229014
179 201 0 1038833
318 196 0 266080832
390 398 0 546813430
469 359 0 711435840
96 59 0 472128152
456 232 0 58396083
212 439 0 95969628
240 227 0 625639001
409 422 0 520137407
123 251 0 571653097
241 150 0 313355136
76 189 0 943788868
192 159 0 345549334
340 66 0 595908950
420 127 0 763681432
303 210 0 826680462
21 399 0 440819445
153 15 0 595165958
354 215 0 354385949
121 246 0 40682728
38 98 0 659306132
190 317 0 96019422
23 119 0 712715056
443 320 0 498161851
260 406 0 930498057
491 389 0 922300922
227 48 0 750618888
64 1 0 102146931
63 25 0 89441665
483 446 0 159981554
105 97 0 973114768
98 147 0 172839723
291 18 0 683984913
446 483 0 850477831
53 40 0 529478982
159 192 0 414912298
46 136 0 118689278
153 15 0 326029210
399 87 0 72486674
219 22 0 856919500
297 165 0 904543459
318 196 0 729479111
389 491 0 339881368
416 312 0 681556988
326 96 0 93257872
338 158 0 275524408
212 439 0 985357048
115 255 0 524382358
299 2 0 253186097
182 400 0 848073051
354 215 0 539048797
168 19 0 949858401
101 373 0 942146270
97 489 0 843923137
135 90 0 834158109
460 131 0 689501873
140 423 0 566120903
16 80 0 815720368
296 71 0 888278491
194 266 0 475543405
115 382 0 486469372
235 473 0 718742166
217 313 0 920587704
2 299 0 637866265
126 497 0 341524229
256 204 0 621686388
358 454 0 292669598
318 196 0 280458483
15 481 0 530184596
182 400 0 44922043
486 459 0 72477021
92 195 0 652212565
175 100 0 408551806
440 222 0 365336640
115 228 0 186105188
159 200 0 516861925
337 243 0 86648784
281 198 0 741563936
313 217 0 180434163
290 210 0 384110146
98 38 0 849606342
125 330 0 889498234
246 121 0 447088024
106 20 0 938226013
393 252 0 902362869
369 264 0 426419630
167 491 0 412583852
107 452 0 604666790
98 147 0 255575658
335 77 0 898773792
358 454 0 860660303
324 390 0 236158522
107 452 0 185787066
18 461 0 386653917
11 67 0 329057949
159 192 0 197994935
279 444 0 409922174
438 170 0 372410570
454 358 0 999590372
196 372 0 153826498
292 288 0 508018867
58 285 0 766667011
439 212 0 994992929
402 45 0 825216156
392 458 0 906678879
365 160 0 481377754
471 370 0 610081815
379 284 0 704877117
167 491 0 885237053
268 50 0 367775718
109 114 0 559725421
440 222 0 176201128
40 53 0 141504830
327 278 0 866324961
214 301 0 509790132
118 217 0 43261223
73 418 0 764987475
447 383 0 211010931
326 64 0 871893855
398 408 0 445101467
416 312 0 701807967
322 264 0 745731353
235 99 0 692322603
285 329 0 581187538
136 46 0 881552251
264 457 0 9557933
92 195 0 620395712
2 124 0 270961533
5 82 0 763358734
144 442 0 404860170
80 16 0 990043436
48 227 0 791410911
18 291 0 699502565
62 449 0 381385432
479 281 0 16886044
454 358 0 268459681
331 470 0 711209491
141 376 0 897502322
207 4 0 723482092
58 285 0 724275607
136 46 0 492095103
19 168 0 992118784
447 383 0 281197177
400 182 0 8297859
183 176 0 174662145
22 202 0 305106044
272 386 0 262208526
21 399 0 853852797
348 293 0 815131916
182 400 0 889535723
34 238 0 287076591
265 441 0 662110545
191 100 0 850412974
416 397 0 852870117
59 96 0 542801754
464 426 0 752172813
66 340 0 392565191
98 38 0 733160283
493 313 0 234337726
46 136 0 960272939
141 376 0 751567740
64 1 0 803278017
332 276 0 514746364
73 136 0 737849293
124 18 0 296256992
161 243 0 879907254
394 280 0 31962394
397 230 0 64734652
338 19 0 911235426
142 481 0 662499700
185 498 0 793584532
32 70 0 137304580
251 17 0 390492068
491 167 0 845127227
408 448 0 961625314
447 383 0 937382898
478 355 0 692766800
141 109 0 635263852
391 490 0 650630644
251 17 0 893722189
127 61 0 621168431
105 97 0 629544891
54 115 0 427745799
106 179 0 945922533
395 245 0 17918091
47 440 0 425848512
336 251 0 755951979
460 131 0 445701378
279 444 0 475038268
243 161 0 297931
465 405 0 230877047
348 210 0 887769322
444 279 0 778271797
29 374 0 932920363
2 111 0 947602249
32 70 0 522661837
295 129 0 683727947
159 192 0 921527758
430 99 0 862967677
464 13 0 91918498
263 51 0 688679445
5 82 0 688625037
221 225 0 108903780
194 266 0 574770891
391 379 0 61655942
312 416 0 711971178
172 418 0 112537143
341 360 0 871036181
493 313 0 464782906
486 206 0 489135698
313 217 0 760235096
64 157 0 822081345
280 394 0 132787954
145 499 0 704951650
275 395 0 377883789
341 360 0 310287178
43 123 0 213458068
114 109 0 793505665
291 18 0 52060353
122 221 0 870234066
149 500 0 754526348
59 214 0 855201771
18 124 0 630396563
421 357 0 257197230
124 2 0 548802895
434 395 0 757627697
79 433 0 73658062
46 136 0 34718029
163 473 0 897258308
247 380 0 551949840
136 73 0 925260330
200 391 0 237618377
63 25 0 382775268
53 40 0 907875125
49 368 0 606544795
57 16 0 854992282
427 101 0 220051417
333 308 0 541904715
123 43 0 508045891
448 408 0 131224354
19 53 0 894771866
482 478 0 696654894
257 26 0 453501407
264 322 0 843009119
399 87 0 272912156
16 221 0 786422773
45 402 0 688508306
418 73 0 640517429
175 100 0 39511139
19 498 0 887007052
109 114 0 646145295
425 246 0 261727905
191 37 0 500739277
115 54 0 605622894
421 357 0 478227383
473 235 0 690545500
162 280 0 516150163
229 319 0 660614795
64 326 0 983972163
500 160 0 514814356
87 399 0 383800911
107 452 0 58256575
141 109 0 272600926
384 494 0 591050647
66 340 0 233170827
251 336 0 760150759
179 106 0 188044426
48 227 0 832500119
266 194 0 917299588
98 38 0 33279710
315 337 0 183613525
196 372 0 482524188
268 31 0 899343365
498 19 0 871561073
27 324 0 943391514
16 78 0 189660645
302 70 0 700330387
154 92 0 701599128
159 192 0 784053339
439 212 0 545056524
174 38 0 514845110
157 64 0 281218160
256 207 0 161933400
47 440 0 490771860
469 44 0 955437884
54 115 0 898360087
1 64 0 999340295
47 35 0 655573763
372 343 0 620729260
51 263 0 309884368
466 106 0 599853052
84 470 0 78300647
217 118 0 286275203
293 348 0 217741501
292 182 0 181345070
284 379 0 138600984
473 235 0 27867145
295 129 0 658929231
486 170 0 946445856
478 355 0 48098407
196 318 0 28502333
72 156 0 627468302
448 112 0 933042532
294 78 0 798990895
133 101 0 505065452
50 482 0 250068304
170 438 0 530106315
84 470 0 224029300
69 155 0 785852309
439 230 0 355242680
40 53 0 201011091
269 295 0 541501020
390 151 0 925650783
301 88 0 111880143
154 92 0 147038255
162 280 0 227818835
390 398 0 552951179
218 137 0 289289852
492 389 0 278861768
285 238 0 570527723
398 390 0 208960305
395 434 0 696775897
17 251 0 719449421
96 59 0 7705192
162 280 0 461634125
68 295 0 301488310
96 59 0 879159895
127 210 0 706315284
316 323 0 998202817
15 481 0 94182392
144 218 0 194585004
305 35 0 966788366
468 13 0 780858121
46 304 0 747428983
315 337 0 128366565
335 216 0 335170883
121 246 0 429372486
493 313 0 949716900
380 247 0 321227002
73 479 0 353398917
386 94 0 391755335
50 268 0 357449647
398 408 0 627688574
54 115 0 308755814
207 256 0 961264056
64 326 0 185042183
106 20 0 697792593
336 251 0 36342938
78 294 0 197846249
247 380 0 264010182
249 56 0 812234386
168 377 0 861660135
404 287 0 876222001
25 63 0 486223236
260 406 0 963241435
340 66 0 594660015
457 101 0 955739933
376 141 0 498850237
395 434 0 921127105
250 401 0 977357078
154 92 0 86401245
172 279 0 292218905
214 59 0 465590950
384 7 0 659131285
398 390 0 937006283
31 356 0 680352992
95 450 0 940261949
217 313 0 212098193
286 395 0 701616166
268 31 0 368696729
228 115 0 923447309
314 109 0 759682171
38 98 0 355849767
79 433 0 309544109
295 129 0 499216071
258 212 0 485363841
64 157 0 800264292
284 436 0 381034094
374 85 0 889910521
297 165 0 744450341
396 62 0 989187591
178 282 0 762601902
111 2 0 947956075
476 151 0 463656390
73 418 0 38221294
339 174 0 306744725
64 326 0 113025547
92 336 0 60558772
157 64 0 366717336
141 109 0 201783433
383 447 0 642910223
102 420 0 50921310
400 182 0 696597980
48 484 0 567185866
367 410 0 66495622
204 256 0 480815713
332 140 0 152837401
389 492 0 590259447
161 243 0 329848766
18 461 0 728383536
348 441 0 295737058
155 343 0 794710663
