1987 2000
1111 1889 0 999999994
296 75 0 999999995
1903 727 0 999999997
607 1269 0 999999995
760 1506 0 999999999
1783 1568 0 999999999
1845 113 0 999999992
1916 469 0 999999990
244 1309 0 999999993
1443 1834 0 1000000000
1516 1074 0 999999994
1017 542 0 999999995
1689 47 0 999999996
1701 1847 0 999999997
1373 1206 0 999999993
135 1841 0 999999993
621 970 0 999999999
1920 1945 0 999999995
1126 279 0 999999994
1363 1808 0 999999990
1151 1617 0 999999991
979 1849 0 999999999
855 1470 0 999999998
1559 1580 0 999999998
1050 842 0 999999998
43 847 0 999999999
1520 555 0 999999992
1321 70 0 999999990
339 1838 0 999999999
1366 587 0 999999999
1204 802 0 1000000000
937 799 0 999999998
1872 1694 0 999999999
865 1093 0 999999991
841 1693 0 1000000000
1643 1450 0 999999992
276 1792 0 999999998
1370 772 0 999999991
856 694 0 999999992
1159 1894 0 999999991
903 1590 0 999999993
1243 1921 0 999999996
1312 1060 0 999999990
182 437 0 999999994
1828 554 0 999999995
858 1170 0 999999991
1960 1067 0 999999995
1800 186 0 999999993
1967 1046 0 999999995
305 1691 0 999999998
1931 1492 0 999999990
156 1968 0 999999993
1258 797 0 999999998
166 1104 0 999999993
218 1439 0 999999998
1357 346 0 999999997
1281 411 0 1000000000
319 947 0 999999994
1783 501 0 999999999
1263 903 0 999999992
1846 1817 0 999999999
1186 1439 0 999999993
1331 1409 0 999999994
438 433 0 999999998
303 1784 0 999999991
351 1113 0 999999992
105 1451 0 999999990
1010 972 0 999999995
1568 573 0 999999993
1506 1975 0 999999996
1896 1133 0 999999995
28 887 0 999999992
562 940 0 999999997
871 535 0 999999993
1431 737 0 999999994
514 1345 0 999999990
1947 1066 0 999999996
1190 774 0 999999999
1584 1183 0 999999995
727 1434 0 999999993
1769 551 0 999999996
1772 1376 0 999999991
279 1287 0 999999995
1320 516 0 999999992
1525 1121 0 999999991
1852 1706 0 1000000000
538 1316 0 999999996
811 207 0 999999992
407 1168 0 999999996
1329 1153 0 999999997
1467 1826 0 999999995
232 1363 0 999999996
90 812 0 999999997
1142 141 0 999999990
1293 91 0 999999994
867 531 0 999999992
702 1365 0 999999996
626 1342 0 999999992
627 246 0 999999990
1060 1706 0 999999995
88 1806 0 999999991
1726 1848 0 999999997
1493 241 0 999999990
988 258 0 999999992
198 266 0 999999993
1738 432 0 999999999
1850 269 0 999999995
1358 1051 0 999999993
446 1278 0 999999999
748 1546 0 999999997
747 1506 0 999999990
172 239 0 999999994
1887 622 0 999999990
1601 1289 0 999999993
1528 556 0 999999998
928 1794 0 999999996
29 507 0 1000000000
716 414 0 999999993
168 1834 0 999999992
316 1531 0 999999997
554 1133 0 999999997
1536 159 0 1000000000
1702 1873 0 1000000000
978 179 0 1000000000
1087 1754 0 999999998
656 1324 0 999999990
1209 1285 0 999999994
1406 418 0 999999993
635 1925 0 999999994
472 1134 0 999999993
248 1016 0 999999996
1283 1314 0 999999997
1160 1688 0 999999992
242 1471 0 999999990
734 1692 0 999999996
42 324 0 999999994
1944 1470 0 999999991
812 1817 0 999999996
943 24 0 1000000000
1965 956 0 999999994
163 1039 0 999999994
382 849 0 999999993
822 722 0 999999990
1406 87 0 999999998
1967 420 0 1000000000
755 82 0 1000000000
158 1190 0 999999994
1350 1018 0 999999992
582 95 0 999999998
1045 21 0 999999996
1374 1866 0 999999993
158 1304 0 999999998
641 979 0 999999994
1104 969 0 999999993
1709 995 0 999999998
1812 1689 0 999999999
1800 486 0 999999997
363 1591 0 999999999
992 780 0 1000000000
1568 807 0 1000000000
774 1731 0 999999996
1795 1716 0 999999991
712 1426 0 999999999
75 1914 0 999999999
1948 1518 0 999999999
1785 670 0 1000000000
457 499 0 999999997
54 1384 0 999999997
1276 1791 0 999999999
1812 127 0 999999993
905 1064 0 999999997
1079 1963 0 999999992
1021 316 0 999999995
1653 199 0 999999998
142 502 0 999999996
268 1335 0 999999993
1926 1469 0 999999991
126 852 0 999999999
84 1094 0 999999998
1495 1545 0 999999996
506 50 0 999999996
723 1691 0 999999993
1939 463 0 999999996
150 419 0 999999992
87 152 0 999999993
36 990 0 1000000000
623 222 0 999999990
217 603 0 999999997
1248 1861 0 999999999
1643 1132 0 999999992
1226 110 0 999999998
502 1135 0 999999999
1916 379 0 999999995
921 1202 0 999999995
1075 1567 0 999999993
773 1906 0 999999999
1519 1893 0 999999993
621 1773 0 999999996
314 1257 0 1000000000
1711 1473 0 999999995
1436 909 0 999999990
1583 1829 0 999999995
917 518 0 999999998
1182 911 0 999999997
568 129 0 999999999
1828 352 0 999999990
1426 965 0 999999997
864 318 0 999999991
1884 1606 0 999999991
1839 1945 0 999999998
1778 1215 0 999999995
849 1854 0 999999996
1814 1266 0 999999998
1866 1489 0 999999990
748 722 0 999999999
1676 684 0 999999991
1571 1142 0 999999991
1470 389 0 999999997
75 9 0 999999997
210 290 0 999999991
1879 1197 0 999999991
911 111 0 999999992
1353 1889 0 999999999
1301 1647 0 999999990
1732 1244 0 999999990
94 1978 0 999999999
1368 1548 0 999999992
1484 415 0 999999997
1612 1547 0 999999997
1481 780 0 999999990
391 410 0 999999995
1160 1585 0 999999997
1720 1116 0 999999996
740 1034 0 999999995
1489 1804 0 1000000000
1835 1123 0 999999993
215 1078 0 999999992
867 1165 0 999999995
326 599 0 1000000000
792 1584 0 999999999
1942 1045 0 999999996
1722 1679 0 999999994
1240 170 0 999999997
145 357 0 999999992
1874 647 0 999999991
838 349 0 999999995
740 1000 0 999999994
836 1115 0 1000000000
1083 1919 0 999999994
872 800 0 1000000000
1174 1517 0 999999995
1642 1645 0 999999999
1725 1490 0 999999998
1238 560 0 999999990
356 30 0 999999993
504 940 0 999999996
330 502 0 999999991
543 1926 0 999999999
103 1109 0 999999996
271 528 0 999999999
1351 1522 0 999999999
840 644 0 999999993
1778 35 0 999999995
1416 799 0 999999994
576 426 0 1000000000
1246 1541 0 999999996
446 673 0 999999991
1424 995 0 999999996
927 1430 0 999999994
918 1754 0 999999997
468 15 0 999999991
1415 307 0 999999996
1035 1802 0 1000000000
878 1626 0 999999995
495 670 0 999999993
1400 745 0 999999990
491 1 0 999999998
1940 421 0 999999998
1652 1168 0 999999993
1562 795 0 999999992
594 1502 0 999999990
1337 1700 0 999999994
864 168 0 999999996
547 930 0 999999992
1784 1521 0 999999998
1072 502 0 999999994
914 648 0 1000000000
85 357 0 999999995
768 1283 0 1000000000
1823 1659 0 999999991
1768 1587 0 999999993
170 1358 0 999999990
712 1352 0 999999997
1741 164 0 999999997
1967 610 0 999999995
1938 1544 0 999999994
283 1697 0 999999999
1073 1939 0 999999990
111 56 0 999999991
399 1902 0 999999995
1440 1524 0 999999996
1744 1832 0 999999990
1609 1360 0 999999996
205 568 0 999999991
405 532 0 999999990
557 691 0 999999993
1347 520 0 999999997
1347 1649 0 999999999
14 332 0 999999994
239 998 0 999999994
1698 416 0 999999999
885 1314 0 999999998
893 351 0 999999999
631 613 0 999999993
1307 728 0 999999997
541 1387 0 999999998
329 1960 0 999999999
1108 1297 0 999999993
528 335 0 1000000000
15 643 0 999999999
285 1862 0 999999990
1066 1280 0 999999990
215 849 0 999999990
1128 807 0 999999997
1965 998 0 999999992
1361 1589 0 999999999
1517 1814 0 999999996
668 356 0 999999993
1120 926 0 999999990
1164 1088 0 999999995
1242 833 0 1000000000
264 833 0 999999995
399 1785 0 999999997
1819 1849 0 1000000000
1066 221 0 999999996
1394 1758 0 999999991
684 639 0 999999990
1225 941 0 999999995
652 363 0 999999991
248 457 0 999999991
1198 1220 0 999999999
1876 777 0 999999995
552 1905 0 999999991
37 1849 0 999999990
1025 713 0 999999999
1984 1288 0 1000000000
1432 40 0 999999991
1251 1031 0 999999994
1226 1076 0 999999991
136 1925 0 999999995
554 1888 0 999999991
248 1142 0 999999997
1453 1188 0 999999997
1082 1309 0 1000000000
1301 1684 0 1000000000
235 468 0 999999999
966 1645 0 999999996
464 841 0 999999991
1400 776 0 999999990
1538 377 0 999999994
1372 1041 0 999999994
677 1410 0 999999997
16 1911 0 999999996
963 989 0 1000000000
1841 1413 0 999999994
362 660 0 999999991
1842 408 0 999999991
1952 1653 0 999999991
284 1101 0 999999999
1103 1773 0 999999995
105 397 0 999999993
1902 268 0 999999999
1901 1559 0 999999994
1831 1349 0 1000000000
1106 1238 0 999999992
1813 757 0 999999990
1640 1935 0 1000000000
1815 238 0 999999994
1913 12 0 999999990
1825 1410 0 999999998
703 1355 0 999999995
890 753 0 999999996
1363 1712 0 999999992
503 1146 0 999999996
1691 1033 0 999999993
1435 332 0 999999994
530 688 0 999999994
1212 525 0 999999995
350 1876 0 999999990
385 1959 0 999999994
781 1144 0 999999990
273 197 0 999999999
645 933 0 999999994
1682 1470 0 999999990
1108 680 0 999999990
720 1345 0 999999998
1100 1661 0 999999992
1801 1051 0 999999998
1873 1188 0 999999993
1250 849 0 999999999
488 1976 0 999999995
766 979 0 999999999
105 1832 0 999999994
581 430 0 999999997
270 1470 0 999999995
847 378 0 999999990
1979 1791 0 1000000000
672 268 0 999999992
844 1951 0 1000000000
1907 262 0 999999991
1258 202 0 999999991
1307 658 0 1000000000
136 1565 0 999999994
986 692 0 999999992
1024 1128 0 999999994
1221 31 0 999999990
1437 1289 0 999999994
678 1050 0 999999997
122 1952 0 999999998
213 1627 0 999999993
118 344 0 999999992
1478 1419 0 999999990
768 734 0 999999999
1734 1435 0 999999997
432 1077 0 999999998
1250 1365 0 999999996
329 1603 0 999999993
611 1096 0 999999999
344 246 0 999999998
1209 911 0 999999991
875 155 0 999999991
1168 740 0 999999995
911 1268 0 999999996
1855 1926 0 999999990
1540 496 0 999999993
729 1104 0 999999999
1103 1638 0 999999995
579 231 0 999999996
927 924 0 999999991
703 459 0 999999991
1726 804 0 999999995
359 1235 0 999999994
359 1286 0 999999994
1314 1737 0 999999994
221 1016 0 999999993
224 1565 0 999999992
954 670 0 999999996
99 1650 0 999999999
1107 967 0 999999997
1721 859 0 999999990
1397 1531 0 999999998
1157 1740 0 999999995
1472 782 0 999999993
255 431 0 999999999
1043 121 0 999999995
586 8 0 999999990
1728 1111 0 999999996
1858 181 0 999999996
917 1207 0 999999994
1105 615 0 999999993
1668 712 0 1000000000
1982 439 0 999999991
1218 127 0 999999999
1420 851 0 999999996
1064 802 0 999999992
1366 1142 0 999999995
1034 976 0 999999998
1466 1272 0 999999998
566 152 0 1000000000
1770 1033 0 999999990
234 463 0 999999994
1732 1348 0 999999999
14 159 0 999999993
216 872 0 999999991
1285 567 0 999999997
969 1481 0 999999994
1558 984 0 999999995
1407 32 0 999999998
376 1932 0 999999995
404 366 0 999999994
638 994 0 999999992
1086 1059 0 999999993
1177 1955 0 999999993
884 5 0 999999992
421 45 0 999999992
1588 1150 0 999999994
809 259 0 999999998
148 213 0 999999996
1713 944 0 999999999
150 237 0 999999997
1923 1789 0 1000000000
1911 1750 0 999999992
198 1797 0 999999992
791 1165 0 999999997
1514 733 0 999999995
169 987 0 1000000000
1385 891 0 999999994
1281 1494 0 999999996
465 1926 0 999999998
1711 1228 0 999999990
1014 1412 0 999999997
723 709 0 999999992
1389 165 0 999999990
333 1080 0 999999997
398 479 0 999999996
1606 1866 0 999999992
381 650 0 999999996
1394 1778 0 999999996
1875 497 0 999999991
1145 624 0 999999992
582 628 0 999999996
326 877 0 999999990
1750 835 0 999999994
1723 1913 0 1000000000
1858 590 0 999999991
256 271 0 999999991
1171 412 0 999999996
1779 1539 0 999999996
560 632 0 999999993
1317 1545 0 999999998
65 493 0 999999996
723 815 0 999999998
1199 1932 0 999999996
951 231 0 999999992
1982 245 0 1000000000
60 1307 0 999999992
1096 1093 0 999999997
1769 1287 0 999999993
1196 1666 0 999999998
1643 1353 0 999999995
1431 404 0 999999997
362 1808 0 999999994
1566 1094 0 999999990
21 639 0 999999991
177 1366 0 999999995
111 1168 0 999999994
677 482 0 999999996
689 11 0 999999992
1416 894 0 999999991
502 846 0 999999990
930 1021 0 999999990
1945 6 0 999999992
297 1862 0 999999991
978 857 0 999999994
807 115 0 999999993
1682 1130 0 999999994
1964 809 0 999999995
1552 1083 0 999999994
1084 314 0 999999993
330 1918 0 999999997
1813 605 0 999999993
1801 299 0 999999997
604 1555 0 999999994
1676 753 0 999999992
1320 1691 0 1000000000
978 48 0 999999992
1770 235 0 999999996
76 873 0 999999998
1293 61 0 999999991
147 1910 0 999999990
1770 515 0 999999997
1045 1286 0 999999992
1144 615 0 999999997
933 1684 0 999999992
121 1504 0 999999995
1676 48 0 999999991
1267 590 0 999999995
312 1230 0 999999996
1757 1023 0 999999996
569 761 0 999999997
1872 21 0 999999993
1715 700 0 999999999
197 766 0 999999998
1958 354 0 999999992
925 30 0 999999995
71 716 0 999999990
1187 1959 0 999999992
1945 242 0 999999990
1660 1482 0 1000000000
1748 1793 0 999999993
106 1402 0 999999995
714 235 0 999999997
1856 1693 0 1000000000
51 821 0 999999996
1339 1419 0 999999992
1022 1805 0 999999994
1702 676 0 999999997
1074 590 0 999999994
1554 681 0 999999996
23 1680 0 999999995
676 44 0 999999990
584 1699 0 999999997
480 698 0 999999991
1261 1263 0 999999990
969 189 0 999999999
894 1351 0 999999995
205 1939 0 999999997
176 1855 0 999999992
1542 441 0 999999993
649 823 0 999999998
1675 744 0 999999992
1590 1409 0 1000000000
363 753 0 999999994
1857 1879 0 999999998
1255 703 0 999999999
1672 61 0 999999999
1780 1429 0 1000000000
1734 1812 0 999999995
1176 1087 0 999999996
1273 1042 0 999999991
1119 694 0 999999994
305 823 0 999999997
1276 1899 0 999999999
709 1691 0 999999990
1342 885 0 1000000000
226 784 0 999999993
1455 615 0 1000000000
199 395 0 999999996
532 282 0 1000000000
269 1273 0 999999998
1484 490 0 999999997
614 1977 0 999999999
1329 476 0 999999994
1543 1315 0 1000000000
1348 1363 0 999999991
78 796 0 999999990
1281 2 0 999999997
1501 1425 0 999999995
1290 258 0 999999998
1746 220 0 999999996
1923 25 0 1000000000
1803 370 0 999999997
199 1654 0 999999991
1048 361 0 999999999
1499 1907 0 999999994
1971 1698 0 999999995
940 271 0 999999998
518 1195 0 999999995
1976 1854 0 999999998
1017 458 0 999999997
1416 1607 0 999999992
1227 1547 0 999999997
1227 1451 0 999999998
921 1100 0 999999993
1006 1027 0 999999995
1837 1185 0 1000000000
1479 1434 0 999999993
1450 187 0 999999995
1194 1224 0 999999992
717 1102 0 999999995
707 359 0 999999990
1380 445 0 999999999
637 287 0 999999996
473 1729 0 999999992
1145 1042 0 1000000000
1095 1187 0 999999998
1242 774 0 999999991
1188 940 0 999999991
507 1727 0 999999990
1188 608 0 999999999
765 731 0 999999997
1897 1168 0 999999999
1156 1797 0 999999991
234 1216 0 999999995
1669 1387 0 999999991
1669 1870 0 999999996
1641 509 0 999999994
99 79 0 999999997
1088 333 0 1000000000
1403 1093 0 999999995
1378 1281 0 999999992
1471 217 0 999999997
1329 816 0 999999990
1889 802 0 999999997
895 733 0 999999996
1340 355 0 999999997
261 1703 0 999999992
770 58 0 999999996
1676 45 0 999999996
1780 388 0 999999992
255 1176 0 999999999
416 939 0 999999995
1768 339 0 999999996
1614 962 0 999999998
967 1130 0 999999999
1478 1200 0 999999991
1678 1029 0 999999992
1143 213 0 999999999
977 306 0 999999999
1439 1903 0 999999998
421 1846 0 999999999
44 581 0 999999999
335 739 0 999999997
879 164 0 999999997
91 293 0 999999992
166 983 0 999999999
652 1775 0 999999992
1704 356 0 999999996
212 1670 0 999999995
839 1107 0 999999994
339 296 0 1000000000
1920 980 0 999999991
105 433 0 999999992
215 709 0 999999992
1821 407 0 999999999
50 155 0 999999998
1152 1369 0 999999998
1119 701 0 999999991
956 902 0 999999992
1353 1369 0 999999998
1955 854 0 999999990
405 1754 0 999999993
347 1218 0 999999996
763 365 0 999999999
1042 379 0 999999991
465 1273 0 999999991
1778 1051 0 999999991
671 517 0 999999998
603 1210 0 1000000000
63 355 0 999999999
692 1621 0 999999996
877 1432 0 999999992
1886 19 0 1000000000
492 1918 0 999999995
973 1289 0 999999997
1842 756 0 999999997
727 914 0 999999992
1696 323 0 999999992
693 1644 0 999999999
110 442 0 999999995
116 1819 0 999999994
1089 370 0 1000000000
1773 1652 0 999999997
1053 746 0 999999999
422 1918 0 999999996
1753 1886 0 999999994
1335 1510 0 999999998
97 258 0 999999991
1105 1629 0 999999990
167 349 0 999999997
1096 1635 0 999999999
251 1084 0 999999993
253 572 0 999999999
1688 1020 0 999999999
1596 134 0 999999998
358 931 0 999999994
1857 260 0 999999998
1209 798 0 999999998
1387 603 0 1000000000
803 880 0 999999998
1713 1187 0 999999990
1146 1661 0 999999998
616 680 0 999999995
1741 888 0 999999998
1801 1411 0 999999991
928 1440 0 999999998
493 985 0 999999994
906 510 0 1000000000
409 910 0 999999996
904 622 0 999999993
929 860 0 999999991
1638 221 0 999999990
696 1319 0 999999998
951 1298 0 999999998
1028 1652 0 999999991
369 1530 0 999999994
907 1353 0 999999993
467 1104 0 999999997
1459 934 0 999999996
420 805 0 999999999
396 689 0 999999990
1782 1376 0 999999990
1576 1017 0 999999998
1785 249 0 1000000000
1189 1832 0 1000000000
911 714 0 999999990
1896 625 0 999999993
213 621 0 999999999
1113 1573 0 999999991
303 524 0 999999997
1630 1569 0 999999999
801 705 0 999999997
1676 1708 0 999999990
92 1730 0 999999999
1734 1072 0 999999999
918 181 0 999999997
153 594 0 999999993
1363 186 0 999999993
1671 390 0 999999997
1794 1137 0 1000000000
528 1423 0 999999996
865 523 0 999999991
1115 1918 0 999999996
98 1883 0 999999997
872 1601 0 1000000000
1949 1936 0 999999999
916 929 0 1000000000
1301 1696 0 999999997
1078 1613 0 999999993
10 1980 0 999999993
1699 1798 0 999999998
901 1665 0 999999997
635 1146 0 999999997
1279 1591 0 999999992
1274 1794 0 999999992
586 1549 0 999999996
120 1423 0 999999999
455 338 0 999999992
1842 171 0 999999990
1624 1824 0 999999995
198 1390 0 999999999
949 1572 0 999999990
1475 638 0 999999998
119 1486 0 999999995
267 791 0 999999991
1744 1846 0 999999997
1835 1231 0 999999990
56 1761 0 999999995
1528 898 0 999999992
668 1918 0 999999995
1839 1129 0 999999994
1958 1295 0 999999991
794 1680 0 999999993
89 741 0 999999999
960 517 0 999999999
122 1281 0 999999990
1283 809 0 999999999
1006 1301 0 999999995
1303 220 0 1000000000
1727 529 0 999999998
898 636 0 999999990
905 1214 0 999999999
1004 475 0 999999994
1109 1816 0 999999995
481 168 0 999999990
1947 947 0 1000000000
1059 83 0 999999998
1562 726 0 999999998
1352 1064 0 1000000000
639 1017 0 1000000000
1555 1200 0 999999994
269 1302 0 1000000000
421 1200 0 999999998
1228 74 0 999999997
1601 372 0 999999999
714 1179 0 1000000000
106 929 0 999999991
1274 1016 0 999999999
36 189 0 999999992
822 1253 0 999999996
108 1771 0 999999993
1822 1265 0 1000000000
898 14 0 999999996
41 1417 0 999999996
1164 620 0 999999992
1544 1424 0 999999995
1663 1670 0 999999995
1176 227 0 999999998
1604 1436 0 999999991
1299 382 0 999999990
581 800 0 999999993
1575 1206 0 999999994
1159 1222 0 999999991
625 1280 0 999999999
467 1349 0 999999993
1293 1285 0 999999997
965 482 0 999999996
1475 815 0 999999996
93 1878 0 999999996
979 284 0 999999995
1180 1216 0 1000000000
1719 1266 0 999999991
719 602 0 999999990
1833 1840 0 999999994
1668 298 0 999999990
1034 1152 0 999999999
936 568 0 999999997
1737 1889 0 999999990
1066 700 0 999999992
542 1714 0 999999996
60 1523 0 999999995
1450 1099 0 999999998
1136 1284 0 999999997
1354 1423 0 1000000000
1356 301 0 999999998
502 265 0 999999994
910 1936 0 999999992
414 1501 0 999999993
236 1616 0 999999993
932 411 0 1000000000
1619 109 0 999999993
1039 479 0 999999995
1716 886 0 999999994
1765 663 0 999999994
27 480 0 999999990
1703 900 0 1000000000
1348 997 0 999999996
1573 1884 0 999999995
1384 1402 0 1000000000
1931 450 0 999999999
594 1309 0 999999994
978 1444 0 999999996
1569 1840 0 999999996
669 471 0 999999999
1951 985 0 999999992
1846 756 0 999999996
380 1373 0 999999999
483 1097 0 999999993
1832 477 0 999999994
1423 882 0 1000000000
1753 761 0 999999998
575 500 0 999999994
1594 1493 0 1000000000
758 604 0 1000000000
1790 1073 0 999999992
1567 699 0 999999993
1008 1376 0 999999993
1762 215 0 999999992
1223 307 0 999999996
1686 1172 0 999999992
1868 1295 0 999999999
277 870 0 999999999
1408 199 0 999999995
643 1086 0 999999998
901 1505 0 999999996
1634 170 0 999999993
150 1750 0 999999992
594 1530 0 999999993
1954 1245 0 999999992
1839 984 0 999999991
1576 788 0 999999993
1260 848 0 999999996
1323 1872 0 999999999
575 677 0 999999997
754 167 0 999999992
242 286 0 999999991
1602 794 0 999999995
773 1931 0 1000000000
1034 582 0 999999990
338 1072 0 999999999
1515 1586 0 999999996
371 442 0 1000000000
683 1263 0 999999999
849 1013 0 999999995
100 979 0 999999993
874 1365 0 999999996
1245 1235 0 1000000000
248 1600 0 999999994
1777 1451 0 999999990
652 301 0 999999998
1971 175 0 999999993
552 1193 0 999999994
1899 1378 0 999999999
476 1734 0 999999993
1506 713 0 999999996
1564 409 0 999999995
1194 1256 0 999999998
1047 378 0 1000000000
815 1529 0 999999998
828 1397 0 1000000000
76 434 0 999999993
984 1085 0 999999996
1237 1274 0 999999997
1477 1039 0 999999997
686 81 0 999999990
1558 366 0 999999994
97 925 0 999999999
1330 447 0 999999994
1200 1356 0 999999999
1539 747 0 999999993
1411 373 0 999999997
1803 475 0 999999990
334 925 0 999999997
232 1932 0 1000000000
428 1167 0 999999993
1065 79 0 999999999
221 299 0 999999993
680 140 0 999999995
876 1413 0 999999992
1963 785 0 999999993
196 1900 0 999999993
1860 120 0 999999992
1297 1934 0 999999994
248 1604 0 999999999
336 1576 0 999999990
1647 857 0 999999991
706 1420 0 999999990
529 275 0 999999996
1802 1421 0 1000000000
1334 651 0 999999993
651 901 0 999999992
484 208 0 999999992
1301 1228 0 999999998
661 1596 0 999999993
1970 1122 0 999999997
1794 1689 0 999999993
1518 355 0 999999997
45 399 0 999999991
404 779 0 999999996
978 1932 0 999999992
114 124 0 999999991
645 1178 0 1000000000
764 628 0 999999993
1795 195 0 999999999
22 1347 0 999999990
1425 1704 0 999999990
1209 735 0 999999990
1509 1253 0 999999997
180 1268 0 999999995
785 1086 0 999999994
1053 813 0 999999996
553 1740 0 999999998
1431 676 0 999999990
1313 1908 0 1000000000
1192 615 0 999999997
959 757 0 999999995
1743 1860 0 999999996
1888 1824 0 999999998
311 200 0 999999998
157 880 0 999999992
835 129 0 999999996
1596 237 0 999999999
1182 428 0 999999998
578 424 0 999999996
1950 1613 0 999999990
132 337 0 999999990
1476 1634 0 999999992
740 748 0 999999991
971 1390 0 999999994
1688 716 0 999999994
249 250 0 999999991
1288 1558 0 1000000000
79 1413 0 999999993
218 102 0 999999991
490 275 0 999999991
490 374 0 999999994
1040 793 0 999999990
205 905 0 999999991
1202 1275 0 999999996
597 130 0 999999992
1560 404 0 999999995
818 1022 0 999999999
1784 1183 0 999999993
709 627 0 999999996
1970 19 0 999999991
1918 1476 0 999999995
687 1819 0 999999998
1153 1643 0 999999990
1900 921 0 999999998
608 363 0 999999992
1464 114 0 999999995
110 1886 0 999999996
1000 1478 0 1000000000
704 497 0 999999991
942 1920 0 999999992
1205 276 0 999999994
529 455 0 999999995
605 1782 0 999999999
1323 988 0 999999996
447 824 0 999999994
1019 747 0 999999994
518 288 0 999999999
1088 1394 0 999999994
1894 201 0 999999992
862 713 0 999999995
303 449 0 999999992
346 1415 0 999999997
494 209 0 999999996
1838 433 0 999999991
1604 89 0 999999994
369 1220 0 1000000000
172 137 0 999999999
1819 511 0 999999992
409 963 0 999999995
654 266 0 999999991
719 246 0 999999993
1871 743 0 999999997
1696 666 0 999999993
937 1687 0 999999995
759 991 0 999999997
224 1618 0 999999991
953 483 0 999999994
697 303 0 999999992
972 242 0 999999993
475 609 0 999999990
220 1291 0 999999993
497 1421 0 999999998
985 1982 0 999999998
844 1750 0 999999996
980 1308 0 999999991
1242 952 0 999999990
1086 1522 0 999999995
1812 674 0 999999991
1201 319 0 999999999
407 905 0 1000000000
1890 4 0 999999994
1743 902 0 999999995
405 1840 0 999999993
1723 947 0 999999993
930 1813 0 999999991
289 1680 0 999999998
1186 851 0 1000000000
1644 1414 0 999999996
1424 1474 0 1000000000
1295 340 0 999999996
1657 1262 0 999999996
1142 147 0 999999997
829 811 0 999999990
712 155 0 999999998
1730 901 0 999999992
1860 1478 0 999999992
1178 900 0 999999998
356 177 0 1000000000
1199 746 0 999999993
770 83 0 999999997
1843 1461 0 999999996
1495 139 0 999999997
1326 362 0 999999995
1328 631 0 999999997
899 10 0 999999991
1171 1194 0 999999995
1347 1974 0 999999992
28 784 0 999999992
175 1507 0 999999994
1592 1786 0 999999992
299 293 0 999999998
1660 150 0 999999990
1861 1842 0 999999995
200 439 0 999999992
120 650 0 999999995
1812 832 0 1000000000
1356 1367 0 999999994
1590 1568 0 999999998
1980 1020 0 999999997
814 223 0 999999991
588 1729 0 1000000000
1517 479 0 999999994
664 1232 0 999999997
1931 993 0 1000000000
1985 1258 0 999999998
1496 470 0 1000000000
92 1388 0 999999995
1725 1458 0 999999992
629 1469 0 999999997
980 1629 0 999999996
1572 609 0 999999992
519 631 0 999999990
162 781 0 999999999
1442 705 0 999999991
512 1694 0 999999994
1900 1518 0 999999999
18 1936 0 999999992
1506 185 0 999999994
685 1335 0 999999992
713 417 0 999999990
550 585 0 1000000000
2 660 0 999999995
970 808 0 999999998
291 584 0 999999994
86 841 0 999999991
961 1591 0 999999991
1482 1699 0 1000000000
142 267 0 999999991
1839 1126 0 999999998
610 908 0 999999998
381 1243 0 1000000000
1391 1224 0 999999998
130 1903 0 1000000000
1652 213 0 999999997
1752 137 0 999999998
1954 1825 0 999999997
98 807 0 999999996
1560 5 0 999999994
1942 418 0 999999996
952 1102 0 999999994
1154 1573 0 999999994
441 788 0 999999999
1614 1480 0 999999994
1381 515 0 999999999
1691 864 0 1000000000
1335 1069 0 999999994
635 369 0 999999993
381 1462 0 999999999
965 1877 0 999999990
1565 1377 0 999999999
1527 464 0 999999992
1527 1328 0 999999990
652 454 0 999999997
438 1216 0 999999998
343 816 0 999999993
224 1182 0 999999994
1209 766 0 999999991
700 1954 0 1000000000
423 549 0 999999991
1269 1795 0 999999990
1636 1127 0 999999997
696 114 0 999999992
1477 1631 0 1000000000
7 636 0 999999991
1137 834 0 999999997
1656 1733 0 999999991
757 1892 0 999999991
1120 1343 0 999999990
1571 1297 0 999999998
770 1928 0 999999997
725 1541 0 999999999
1899 594 0 999999997
1742 857 0 999999992
1259 1296 0 999999991
947 484 0 1000000000
1955 1395 0 999999994
1895 1969 0 999999996
1189 1848 0 999999994
1923 681 0 999999997
860 1347 0 999999995
140 1059 0 999999994
442 1874 0 999999999
331 772 0 999999999
1251 1433 0 999999996
673 1265 0 999999996
896 1385 0 999999991
8 1453 0 999999994
1147 516 0 999999998
1791 307 0 999999994
1825 1205 0 999999991
1906 1434 0 999999998
1541 1028 0 999999997
1717 1655 0 999999991
1642 819 0 999999995
464 1715 0 999999998
1983 1631 0 999999992
546 578 0 999999992
946 1796 0 999999999
1550 1184 0 999999999
1693 482 0 999999993
1444 169 0 999999993
26 1472 0 999999999
186 1579 0 999999990
1266 981 0 999999996
222 1829 0 999999993
980 801 0 999999992
1631 1853 0 999999994
871 1194 0 999999993
1871 1310 0 999999992
533 1192 0 999999992
1043 810 0 999999996
1875 626 0 999999997
380 1510 0 999999991
1477 1982 0 999999991
1181 1601 0 999999999
371 1718 0 999999991
1012 1826 0 999999990
1986 1859 0 999999996
1505 627 0 999999992
301 1917 0 999999992
1065 659 0 999999990
66 1216 0 999999994
1322 76 0 1000000000
1591 671 0 999999992
881 1356 0 999999995
1528 346 0 999999995
928 889 0 999999996
968 330 0 999999995
456 1026 0 999999995
1429 1784 0 999999999
265 952 0 999999991
131 385 0 999999999
1553 1500 0 999999995
449 1704 0 1000000000
1972 646 0 999999994
1393 513 0 999999991
67 1462 0 999999999
1846 1741 0 999999997
942 1444 0 999999993
1342 1600 0 999999993
993 472 0 999999997
912 926 0 999999990
142 1003 0 999999991
1251 1671 0 999999995
1702 393 0 999999996
713 1408 0 999999997
1857 904 0 999999991
631 736 0 999999992
1545 666 0 999999998
1178 1449 0 999999995
180 1425 0 999999990
1133 1345 0 999999991
1418 1075 0 999999995
997 1317 0 999999997
1895 1553 0 999999990
418 1882 0 999999992
1147 754 0 999999990
489 761 0 999999990
1865 512 0 999999990
1237 565 0 999999996
1782 317 0 999999997
1154 949 0 999999999
1628 1712 0 999999993
1899 961 0 999999994
1028 498 0 999999992
1802 1404 0 999999992
226 1740 0 999999999
1076 1766 0 999999998
1444 1129 0 999999997
130 943 0 999999997
674 1931 0 999999993
1529 365 0 999999992
1883 1262 0 999999995
1384 628 0 999999996
382 918 0 999999998
481 248 0 999999998
1746 1588 0 999999999
1100 533 0 999999992
1434 86 0 1000000000
1325 154 0 999999997
1908 575 0 1000000000
1551 209 0 999999993
1183 1564 0 999999999
1546 413 0 999999994
574 1368 0 999999990
943 1191 0 999999999
966 438 0 999999995
1031 487 0 999999995
362 1043 0 999999996
1068 1654 0 999999998
385 891 0 999999998
209 1075 0 999999994
1142 1113 0 999999993
740 1976 0 999999996
940 580 0 999999996
70 1772 0 999999992
1043 331 0 999999999
343 402 0 999999999
1454 1397 0 999999991
1085 1561 0 999999995
793 1103 0 999999991
1474 1183 0 1000000000
1865 1674 0 999999995
593 636 0 999999999
389 258 0 999999993
1709 1682 0 999999993
537 470 0 1000000000
1733 881 0 999999994
1436 401 0 999999994
1886 1322 0 999999994
1467 1116 0 999999999
352 1031 0 999999990
652 452 0 999999995
1971 1333 0 999999999
61 1292 0 1000000000
1180 1500 0 999999996
759 910 0 999999996
1050 310 0 1000000000
1474 1428 0 999999997
1986 1236 0 999999997
1238 1428 0 999999995
1987 162 0 999999994
689 603 0 999999995
721 909 0 999999995
233 410 0 1000000000
1485 165 0 1000000000
595 1919 0 999999992
388 1946 0 1000000000
1567 1085 0 999999996
1549 1808 0 999999994
602 40 0 999999990
1965 1576 0 999999992
1076 732 0 999999990
1622 509 0 999999999
812 594 0 999999995
1132 487 0 999999998
1912 246 0 999999990
748 1452 0 999999994
108 426 0 999999993
1572 417 0 999999995
609 303 0 999999997
1774 746 0 999999997
1734 907 0 999999991
898 1330 0 999999992
1793 1554 0 999999996
706 337 0 999999992
1680 302 0 999999998
1827 1276 0 999999995
1382 511 0 999999991
1533 1022 0 999999992
334 1749 0 999999992
810 1368 0 999999996
1545 528 0 999999996
1482 815 0 999999994
243 1970 0 999999992
447 107 0 999999997
1944 1897 0 1000000000
1609 402 0 999999996
614 508 0 999999992
1085 77 0 999999991
521 362 0 999999995
1771 1364 0 999999993
1390 1302 0 1000000000
1829 1187 0 999999999
722 769 0 999999993
1422 1863 0 999999994
1204 1680 0 999999991
167 1318 0 999999998
1514 1106 0 999999999
1505 948 0 999999995
123 592 0 999999997
681 1192 0 999999991
1501 998 0 999999991
1190 13 0 999999998
997 206 0 999999991
20 307 0 1000000000
1643 138 0 999999990
1768 1249 0 999999999
1235 178 0 999999996
42 1332 0 999999996
695 1090 0 999999995
359 1079 0 999999998
606 500 0 999999992
699 1956 0 999999995
685 922 0 999999997
1726 202 0 999999990
687 645 0 999999991
383 1012 0 999999992
1166 179 0 999999997
1927 1804 0 999999999
1233 860 0 999999999
80 1779 0 999999991
935 1412 0 999999994
347 103 0 1000000000
1957 1838 0 999999991
159 306 0 999999997
714 1728 0 999999996
707 58 0 999999993
1235 1143 0 999999991
865 666 0 999999994
1538 588 0 999999997
1559 1287 0 999999996
999 1893 0 1000000000
1019 1975 0 999999995
1578 1576 0 999999991
1277 8 0 999999998
829 577 0 999999996
592 1003 0 999999999
41 1715 0 999999999
1357 1844 0 999999991
982 1386 0 999999998
1947 814 0 999999998
727 1279 0 999999994
1145 937 0 999999990
954 685 0 999999992
1948 1591 0 999999992
387 1677 0 999999993
665 1631 0 999999998
1055 676 0 999999994
1353 460 0 999999999
1213 2 0 999999995
48 1360 0 999999994
59 946 0 999999997
1501 1547 0 999999990
496 529 0 999999998
1093 1671 0 999999993
676 822 0 999999996
1537 1141 0 999999994
1726 319 0 1000000000
48 1175 0 1000000000
1269 300 0 999999998
203 1962 0 999999993
948 387 0 999999994
1178 511 0 999999997
1468 1333 0 999999999
209 432 0 999999995
1092 1943 0 999999995
1558 1607 0 999999992
1367 74 0 999999996
1343 1197 0 999999995
1340 965 0 999999990
168 591 0 999999993
108 1701 0 999999994
1044 1419 0 999999996
108 877 0 999999993
931 885 0 999999997
1902 364 0 999999996
726 677 0 999999999
1802 1620 0 999999993
1903 1975 0 1000000000
1225 431 0 999999992
387 1280 0 1000000000
1861 572 0 999999998
1714 806 0 999999996
1214 1250 0 999999992
39 580 0 999999997
1514 399 0 999999997
937 741 0 999999991
1846 83 0 999999993
1939 418 0 999999998
118 1915 0 999999996
1169 1909 0 999999992
824 643 0 999999992
1315 428 0 999999993
1574 1617 0 999999996
960 1970 0 999999995
1640 1321 0 999999993
1029 585 0 999999998
758 1222 0 999999997
1331 1895 0 999999992
1763 703 0 999999991
1445 75 0 1000000000
664 1558 0 999999994
693 936 0 999999999
1312 368 0 999999995
1307 1955 0 999999997
1295 1050 0 999999991
1275 585 0 1000000000
956 4 0 999999990
1688 988 0 999999997
1634 1905 0 999999993
234 806 0 999999993
396 308 0 999999999
594 293 0 999999998
845 789 0 999999997
705 710 0 999999996
252 1718 0 999999993
303 724 0 999999995
1558 481 0 999999992
177 22 0 999999998
1863 779 0 999999995
859 1655 0 999999998
1769 1295 0 999999990
1510 136 0 999999994
1317 684 0 999999996
1819 769 0 999999998
1578 228 0 999999995
1349 1519 0 999999994
1398 1177 0 999999999
1454 18 0 1000000000
722 609 0 999999998
1249 760 0 999999990
1975 1142 0 999999992
1291 1477 0 1000000000
1681 1425 0 999999998
1149 1874 0 999999996
1517 1646 0 999999991
85 982 0 999999990
549 1456 0 999999997
729 1355 0 999999994
858 10 0 999999991
611 669 0 999999998
464 675 0 1000000000
778 957 0 999999993
637 1231 0 999999997
1326 177 0 1000000000
255 1919 0 999999994
1224 1633 0 999999992
92 475 0 999999999
1175 685 0 999999995
985 1336 0 999999990
579 978 0 999999990
902 952 0 999999996
710 259 0 999999993
198 535 0 999999999
1471 158 0 999999992
860 767 0 999999992
669 1875 0 999999997
1372 1938 0 1000000000
113 1913 0 999999993
660 1775 0 1000000000
1861 847 0 999999991
1332 40 0 999999990
198 453 0 999999992
404 1023 0 999999996
423 1557 0 999999990
1729 957 0 999999990
381 1845 0 1000000000
92 1385 0 1000000000
1348 1284 0 999999995
753 1504 0 999999998
725 1002 0 999999995
928 212 0 999999997
1447 1827 0 999999996
776 108 0 999999998
1834 417 0 999999994
554 872 0 999999995
1613 156 0 999999999
395 283 0 1000000000
412 847 0 999999993
1876 523 0 999999990
426 248 0 999999996
376 556 0 999999999
753 274 0 999999993
1714 1954 0 999999998
667 1263 0 999999991
66 1391 0 999999997
508 33 0 999999995
237 1061 0 1000000000
4 1329 0 999999990
157 540 0 999999994
1285 1544 0 999999990
1558 1021 0 999999997
749 1502 0 999999998
433 1986 0 999999993
1425 1374 0 999999992
950 987 0 999999997
385 1720 0 999999995
1130 134 0 999999993
175 554 0 999999994
795 1826 0 999999994
134 184 0 999999991
760 1197 0 999999991
1647 1590 0 999999997
42 906 0 1000000000
645 1475 0 999999991
886 1696 0 999999994
219 522 0 999999993
547 1821 0 999999995
16 617 0 999999991
562 546 0 999999994
1046 1532 0 999999995
303 1101 0 999999992
144 1392 0 999999994
26 950 0 999999999
1696 1145 0 999999990
1299 1589 0 999999991
856 630 0 999999993
1480 939 0 999999990
904 470 0 999999992
1237 616 0 999999997
1733 900 0 999999990
871 899 0 999999993
900 812 0 999999991
259 284 0 999999991
1126 1402 0 999999992
830 211 0 999999992
1461 686 0 999999996
649 895 0 999999995
105 1891 0 1000000000
730 476 0 1000000000
1334 224 0 999999999
1431 1900 0 999999998
652 1249 0 999999996
530 1922 0 999999990
1730 991 0 999999996
1476 169 0 999999993
285 956 0 999999998
1151 1616 0 999999992
1007 539 0 999999994
259 1644 0 999999991
601 187 0 999999994
1583 1647 0 999999999
228 584 0 999999995
1151 843 0 999999997
873 1698 0 999999995
253 816 0 999999993
1588 1479 0 999999995
983 1717 0 1000000000
428 539 0 999999993
658 1344 0 999999991
1779 372 0 999999996
1654 1904 0 999999996
1169 994 0 999999999
214 1200 0 999999991
1273 1558 0 999999992
826 309 0 999999998
1417 1848 0 999999995
273 1762 0 999999996
1784 600 0 999999996
1851 471 0 999999996
1794 150 0 999999991
81 1508 0 999999997
647 997 0 999999999
521 1609 0 1000000000
56 1004 0 999999997
1687 924 0 999999993
926 1892 0 999999993
1857 197 0 999999993
964 948 0 999999993
888 233 0 1000000000
1437 1545 0 999999994
1938 319 0 999999991
1028 1486 0 1000000000
1652 609 0 999999992
506 1805 0 999999997
835 653 0 999999990
1220 806 0 1000000000
773 1607 0 999999999
1445 139 0 999999995
1876 1017 0 1000000000
855 863 0 999999999
689 1950 0 999999998
1415 1693 0 999999998
213 1591 0 999999991
1291 435 0 999999990
1336 218 0 999999995
1411 900 0 999999997
1314 415 0 999999990
201 1278 0 999999995
1153 1175 0 999999991
1543 123 0 999999998
1789 1273 0 999999995
616 1932 0 999999997
1382 330 0 999999992
1459 1265 0 999999993
1805 1850 0 999999995
164 1209 0 999999991
996 994 0 999999997
1715 1795 0 999999992
1185 1237 0 999999997
834 234 0 999999998
939 762 0 999999990
1870 1901 0 1000000000
1734 748 0 999999996
1738 130 0 999999994
1410 1848 0 999999997
1032 1547 0 999999999
106 48 0 999999995
353 1906 0 999999991
70 1927 0 999999999
1882 601 0 999999990
534 1127 0 999999993
744 123 0 999999993
1779 1631 0 999999995
915 1442 0 999999999
1562 991 0 999999993
1371 1263 0 999999993
252 660 0 999999998
954 527 0 999999990
1795 1233 0 999999992
385 1222 0 999999995
1208 474 0 999999998
1342 323 0 999999996
170 1649 0 999999993
1943 1384 0 999999990
1528 697 0 999999992
671 805 0 1000000000
845 858 0 999999994
646 173 0 999999992
1018 556 0 999999996
1488 431 0 999999997
1936 913 0 999999990
23 481 0 1000000000
1719 586 0 1000000000
188 1600 0 1000000000
1199 124 0 999999999
1863 687 0 999999990
1094 1795 0 999999990
120 1983 0 999999990
1751 746 0 999999998
1173 251 0 999999997
1603 646 0 999999998
160 1383 0 999999999
670 1379 0 999999995
132 1003 0 1000000000
1674 546 0 999999997
1886 1923 0 999999996
304 1862 0 999999998
1412 1052 0 999999993
8 1501 0 999999996
798 1030 0 999999997
395 255 0 999999999
1388 1777 0 999999994
1984 584 0 999999992
355 197 0 999999993
701 1630 0 999999993
1707 427 0 999999993
1541 1878 0 999999995
865 1554 0 999999994
1736 1012 0 999999996
121 715 0 999999990
1033 128 0 999999997
1212 1704 0 999999996
1846 1979 0 999999998
874 228 0 999999992
284 486 0 1000000000
1358 1354 0 999999997
1955 1175 0 999999991
1745 1022 0 999999998
1705 713 0 999999990
508 596 0 999999999
560 1839 0 1000000000
1014 1973 0 999999992
1610 900 0 999999997
657 605 0 999999996
1343 966 0 999999991
1924 256 0 999999993
271 334 0 999999992
1682 173 0 999999991
1906 1534 0 999999991
281 1143 0 999999997
1849 1359 0 999999991
1399 327 0 999999994
1483 952 0 999999996
1882 1702 0 999999994
1217 810 0 999999999
2 402 0 999999990
398 896 0 999999990
1336 381 0 999999998
796 159 0 999999999
919 826 0 999999999
1926 376 0 999999996
1470 844 0 1000000000
1921 1852 0 999999995
1491 737 0 999999999
584 1870 0 999999991
1279 1702 0 999999996
1142 654 0 999999992
1930 567 0 999999996
1080 1381 0 999999992
986 799 0 999999990
1711 1597 0 999999994
304 1040 0 999999999
481 1336 0 999999996
265 1080 0 999999996
320 831 0 999999999
1857 352 0 999999994
625 1104 0 999999999
304 824 0 999999992
992 1807 0 999999991
1251 1670 0 999999996
134 1312 0 999999992
1686 121 0 999999996
450 764 0 999999991
1883 549 0 999999990
296 1796 0 999999993
837 1348 0 999999997
1944 1388 0 999999992
3 1018 0 999999990
107 1468 0 999999993
1026 896 0 999999990
1550 1761 0 999999997
109 735 0 999999998
1848 424 0 999999990
928 402 0 999999999
340 1670 0 999999990
544 854 0 999999991
20 1231 0 999999994
1414 1873 0 999999995
91 808 0 999999999
1621 598 0 999999994
1913 984 0 999999995
739 978 0 1000000000
932 1742 0 999999994
502 1053 0 999999996
1794 1010 0 999999997
1117 972 0 999999992
822 191 0 999999999
909 1163 0 999999996
1578 1732 0 999999990
1073 523 0 1000000000
219 1901 0 999999999
510 1715 0 999999994
534 319 0 999999995
1426 608 0 999999996
618 1164 0 999999991
961 473 0 999999999
22 1178 0 1000000000
473 1654 0 999999991
1735 1955 0 999999998
1925 594 0 999999998
773 916 0 999999997
449 578 0 999999994
1481 702 0 1000000000
101 48 0 999999996
1543 1753 0 999999993
1432 155 0 999999997
266 441 0 999999996
1024 1401 0 999999997
1875 1493 0 999999996
67 763 0 999999992
1422 1267 0 999999996
1282 31 0 999999995
1565 1705 0 999999996
948 26 0 999999999
197 581 0 999999999
1183 183 0 999999996
1146 1829 0 999999997
1558 1601 0 999999997
1002 769 0 999999991
1972 294 0 1000000000
1026 889 0 999999995
1932 1318 0 999999992
448 15 0 999999997
16 1877 0 999999995
1469 1753 0 999999998
1663 1278 0 1000000000
965 1298 0 999999990
253 670 0 999999998
1642 332 0 999999996
223 1418 0 999999992
1761 1634 0 999999990
757 271 0 999999991
617 1416 0 999999994
505 1974 0 999999990
1483 583 0 999999991
1384 1171 0 999999993
1328 1340 0 1000000000
1626 443 0 1000000000
170 399 0 999999999
468 885 0 999999991
675 1195 0 1000000000
1684 51 0 999999995
1100 869 0 999999999
102 681 0 999999995
1397 1003 0 999999997
1219 1012 0 1000000000
34 730 0 999999999
424 1496 0 999999998
1744 1755 0 999999990
1512 5 0 999999998
1768 1025 0 999999992
1574 175 0 999999998
1186 705 0 999999999
892 904 0 999999996
1640 1781 0 999999992
1246 324 0 999999993
1649 1833 0 999999992
1212 124 0 1000000000
1707 1819 0 999999997
431 284 0 999999998
332 1338 0 999999997
525 820 0 999999995
1374 1426 0 999999990
1288 666 0 999999997
1114 1603 0 999999994
1187 1545 0 1000000000
1083 727 0 999999996
804 861 0 999999990
502 1536 0 999999992
1612 1728 0 999999991
1167 988 0 999999998
1945 962 0 999999998
120 1630 0 999999998
1187 935 0 999999995
560 1614 0 999999991
601 1939 0 999999998
1652 1397 0 999999991
1766 1125 0 999999993
1498 687 0 999999993
1979 822 0 999999991
1766 1695 0 999999996
584 1863 0 999999992
1521 78 0 999999996
28 1703 0 999999996
1024 268 0 999999995
538 36 0 999999995
132 402 0 1000000000
173 1594 0 999999993
768 608 0 999999995
1828 1579 0 999999998
826 160 0 999999993
1119 207 0 999999990
372 1731 0 999999996
1282 138 0 999999993
302 1320 0 999999994
1787 1541 0 999999999
375 1886 0 1000000000
1699 145 0 999999990
6 484 0 999999999
86 1756 0 999999992
513 785 0 999999990
605 1217 0 999999997
424 1387 0 999999997
1484 871 0 999999996
1923 718 0 999999994
1895 1605 0 999999999
1628 949 0 999999995
1479 1466 0 999999990
209 1447 0 999999998
946 503 0 999999996
1308 1557 0 999999990
1069 413 0 999999999
1546 622 0 999999993
504 1496 0 1000000000
260 1284 0 999999997
1974 1855 0 999999995
99 905 0 999999997
826 4 0 999999999
1878 1828 0 999999996
1649 1824 0 999999996
1948 1731 0 999999999
953 640 0 999999993
1231 1148 0 999999992
1869 545 0 1000000000
1968 1313 0 999999995
1164 1047 0 999999999
649 412 0 999999993
641 1210 0 999999997
1005 694 0 1000000000
543 1469 0 999999995
427 818 0 999999997
1202 386 0 999999993
330 1608 0 999999998
1095 1285 0 999999992
1097 335 0 999999998
1083 1717 0 1000000000
7 1891 0 999999990
1278 277 0 999999999
893 1933 0 999999996
1275 1214 0 999999990
1045 1830 0 999999992
1834 1229 0 999999999
407 1196 0 999999999
