20 2000
18 19 434507050 857730892
9 5 881676584 764981253
2 13 414208171 711819362
1 3 255752068 571403229
17 16 104806128 985052325
17 1 764193224 982971786
2 17 212941329 702794421
9 18 175527953 977190311
3 15 235115676 717677677
15 5 930630798 461104861
7 14 370452562 517890680
13 18 502891517 748804791
19 16 300971025 173368006
12 4 141584609 843521513
19 7 11503881 982377369
4 2 877411909 556775784
4 14 627633193 133647430
5 17 474375995 6860847
1 12 490120381 14249923
14 13 997323512 657598629
14 19 277758893 873073479
16 17 120258895 420174612
4 16 499373273 413407755
7 1 446157782 529408259
1 17 817451765 624006633
3 13 260016153 101083707
17 12 766029808 290118038
19 17 18549424 103525419
1 19 327553689 915018474
15 11 717332622 772872399
7 1 291383035 256506700
17 8 760183665 78266432
19 11 943758670 111706013
12 2 238880966 408893652
6 18 886410147 428426586
17 18 771114525 118196210
18 1 969372624 508735336
9 2 718333275 628612799
2 20 852245522 449617722
10 18 665421396 947364011
10 14 42074946 174455357
14 13 213478 658631681
16 18 309166667 714984397
1 19 987635357 175848606
12 20 336449477 789535302
12 15 464700231 3243788
14 13 834579676 746317919
3 17 417890031 91182768
13 2 809844451 422776268
19 8 226014948 14623426
3 9 631546558 959931093
5 7 578029873 213102699
1 18 518329911 475324668
13 16 454569574 79115426
12 16 203476816 923999110
13 2 517566971 674814575
4 12 778411421 946079632
13 12 57548452 754934952
6 14 264102181 908631573
17 1 324281098 442083505
19 14 643261318 20387927
9 3 433556966 325108189
17 7 968170066 823568248
7 9 846487314 297021931
13 14 294894631 615123283
12 4 750279012 502520127
5 4 531803451 403169563
20 4 131087509 594106459
20 8 158381005 607248731
4 1 576902762 293761500
16 5 220130224 223811334
4 10 61761403 234338480
1 4 587251186 645309970
11 1 849922814 124194776
14 4 740328257 160493796
16 9 249583597 747205057
8 6 866460915 244414221
14 7 698398084 28155338
6 12 282844011 733193518
7 6 455112729 40260849
6 7 175795686 914909744
11 3 355530059 873402407
19 4 926038921 293712153
19 8 807740275 85885907
20 2 579448685 883193034
2 10 932461969 56006211
13 7 270272353 555828749
11 9 479343756 84173089
14 20 899149277 468544841
19 2 361276777 98282391
11 15 262901432 369661145
19 12 665757911 136472786
17 11 900540455 41559438
1 6 625819669 775227817
5 1 462407666 247100705
6 4 627631484 919455449
15 5 747158603 641075953
6 18 17495812 867573204
8 14 743661792 78168095
15 5 927378697 161646834
11 3 975694693 337968813
19 20 501285850 136886662
11 15 15821027 409044913
13 10 698740158 251101051
14 11 498931352 935828105
15 14 862889093 50807437
6 14 181339464 682609121
20 1 277813914 257806349
10 14 243090493 2373250
15 16 350827227 832208956
5 16 815010304 678734051
10 11 477451790 353704400
4 3 436835984 315717840
5 4 339503108 989638032
2 4 311416594 917710214
8 17 420223257 664416971
11 1 20564340 535341786
14 20 242601471 810531987
17 12 327272495 179003121
3 17 819211442 423758821
12 19 388722734 469971881
10 16 831845893 488716046
4 15 435623463 479447032
13 2 111753144 900798628
13 1 387842530 208528877
17 20 263969337 579615555
2 14 184502506 128426526
15 19 149709147 740563507
15 5 8918107 911011986
14 8 872690334 943679800
8 19 506476459 624213009
8 9 984039524 368001718
10 12 985927706 914067192
7 3 556906094 571689825
6 13 441392987 356985254
19 18 417872463 744566753
2 1 789807409 55814062
18 15 789977651 546921878
13 14 747298449 188934516
8 4 720310607 95534442
1 20 901234229 619763510
7 17 352968257 171178939
15 2 774866294 415258716
18 9 832574057 896616673
19 3 5524722 992843870
5 11 394002010 153893581
5 7 709749221 66024503
8 6 930847540 910387855
9 11 475290658 556643562
9 13 954899915 87230335
10 16 162373223 275597876
16 17 604065055 159984434
11 14 362257320 616786275
10 5 679648796 676181093
8 9 929907792 76941781
11 4 466686605 755276414
4 2 305820241 84470832
3 13 281277572 794425600
8 17 114496528 6003510
14 6 605806956 776585593
16 11 45203540 264546913
4 18 264996657 49555763
8 6 578043687 743854106
15 5 832321343 657312361
17 12 372233681 110664236
3 9 341335936 952472231
2 13 814474758 496902728
9 1 943881067 687357943
9 3 461105039 580033536
10 11 698975091 42050672
19 1 113750152 664074705
17 5 889524864 991917501
8 4 670783793 527242848
16 18 726165849 53213967
4 6 930606864 284529881
2 11 318485545 459948722
11 15 836687388 151611572
18 4 338998419 56875710
13 17 84881159 945059986
8 14 4270870 355701442
4 19 824704399 676276333
15 12 210947754 849182412
3 10 780832154 438158116
5 14 745399587 305502809
18 7 6971367 544958302
20 2 120215485 539330091
4 20 594535342 158849770
18 11 998415169 414312695
6 20 636734028 835531727
14 17 598085251 626543384
20 13 194276795 93166747
18 3 742856741 238709089
5 6 337665932 800633910
16 13 728306163 850333080
4 9 924432958 903178238
10 4 936533755 591541797
13 19 525841591 183722610
6 2 131391537 911272895
6 15 576259871 227461998
4 8 716338798 839858081
7 15 390628319 951205842
8 17 188039702 144847163
9 8 114499929 896469932
11 7 987343650 945245780
3 1 7357337 849910527
20 14 200339249 357076838
12 14 441473519 952714774
9 8 158707415 345935768
5 14 603360435 256041709
5 12 76627311 376189377
11 13 889927371 944172766
20 1 298499680 871318430
17 9 885875926 248824963
3 1 274822610 237583087
3 16 638229483 828498698
1 18 410591740 93551183
4 5 547375536 857179371
2 8 851927436 394549743
14 3 971253266 586575689
15 17 476640882 588848342
11 1 141880681 18711352
15 6 274911223 392118633
18 6 708063579 300944676
5 9 946129872 163697142
17 13 70924712 534104738
11 2 828285112 657745864
17 12 749202434 699346507
7 9 437091127 473162938
6 3 578340831 891301919
12 6 585453975 151326910
3 20 972618248 931806642
3 20 469576772 347742325
14 9 634779548 825287764
9 13 44694502 443801463
12 3 335045281 925872891
7 2 657076121 536604364
10 7 591625731 317697827
20 19 565041118 979186341
19 6 968589507 247117543
3 4 845931880 190352215
20 13 300793674 892983365
14 11 247831666 591841239
19 8 960408379 927641017
10 12 941128884 304826310
2 9 274374384 6500014
13 16 357937631 555837446
19 15 68821631 510864242
10 5 427345495 553000712
11 6 875939238 945676357
10 8 109638377 658571316
15 13 901321297 808019903
1 7 790569280 65968682
12 9 995896134 956188344
16 8 284475321 964431881
4 2 23895934 508413683
20 8 634981801 594119602
17 4 958646259 274127310
16 19 123411410 783536200
12 14 351368383 383876404
18 19 331371241 413114987
4 20 291942355 756145937
4 1 57718304 849521084
6 2 321686926 778010687
4 19 106331808 276728544
11 5 79321574 796880096
10 11 553213889 195027
12 3 753861335 647323776
4 12 433355928 213080196
2 18 961959121 481910692
17 11 861672697 697318702
18 20 578177639 744211072
14 13 200620688 432882255
3 13 140381955 236647681
5 6 165718316 998396656
15 7 107911733 895588869
20 11 668107880 368222061
20 3 691383523 497195815
14 7 710201439 659146954
18 11 268144988 500544222
7 2 622466261 508762512
2 13 751005590 147907728
14 17 924881974 968461646
9 4 151476965 23535833
10 7 67123280 946677537
8 18 946058861 194049756
17 20 916159533 923138999
17 4 577582922 376922444
16 2 732810407 564192215
7 9 518733489 151937028
8 14 458545611 765641832
12 9 410413816 298383405
15 2 492671402 132703757
20 19 986997339 733062029
1 2 270856504 287419137
19 15 865628321 261448490
7 10 239669797 396765549
17 9 473141514 82428580
3 10 747643084 79549341
15 13 302110340 762332929
17 3 305387690 724610676
13 11 74005358 834666911
1 5 773406623 311604554
15 2 759034774 915572216
13 17 470431359 429617232
2 13 248436172 900013632
7 3 472563009 729583214
5 11 881167166 167350570
13 17 264228694 715251676
20 7 131327730 553019721
17 2 497595469 539205077
18 1 578846456 743551267
2 18 246213233 220454384
12 9 908605376 242380011
12 4 257656331 941754038
10 6 52674186 559354494
15 19 574111185 201667503
18 15 736968622 204784899
5 1 510140682 943401202
7 18 406756483 944594174
13 12 488721869 673055395
11 10 33787626 315539667
4 3 306414008 641152339
18 1 814057620 751844975
13 16 287424033 355411603
17 19 339506497 600805296
14 10 94406933 583353286
3 19 238896998 808093467
14 6 576395036 338908087
9 1 519122147 52155614
15 18 497392646 776287949
10 20 78862909 771707535
2 12 923794599 138127086
5 19 839048546 82291113
20 14 877042829 417612156
20 3 281539361 332449448
9 8 990765016 182012875
13 16 863186882 627368746
8 2 790294827 775307374
3 20 332037426 637897641
17 8 839817164 373278629
2 7 360908004 352208358
5 20 239801141 447819091
19 5 315018276 204012135
16 10 632592317 796236720
2 7 318856130 937272155
11 8 106910513 944524580
5 16 654002768 998607095
20 9 263092963 403898637
10 9 801647660 431517926
16 20 903289801 539468053
7 19 6011038 198296700
12 1 327853964 75662929
8 15 141659297 784777299
17 8 20537028 392459777
2 17 299597633 279340096
19 12 728565414 933701708
15 1 904667460 999849739
19 11 627330261 216876067
1 10 602742857 954495467
11 6 657551453 300831654
10 17 42458454 932886801
16 18 554297923 509472464
8 14 835298247 987075993
13 20 984407861 896700533
12 7 865717168 455736100
1 19 946238769 537806566
1 6 190961115 340666133
11 10 717520710 696543837
13 2 215429241 415267694
4 12 204639876 434307053
15 11 751073717 48924025
7 17 482162983 171721311
13 15 832614510 532202076
1 12 866223791 769347323
9 10 184649407 49097503
12 8 841013372 47646866
6 16 298866793 440024792
16 18 872775773 325726496
13 10 456575775 156831449
13 14 971891510 424880711
9 4 459292472 161303271
16 1 912038125 647224951
3 14 661371774 233982377
1 2 543753172 668205874
18 12 965621644 672661478
17 18 861530551 620819133
14 4 759402417 61114492
12 18 338381194 87884210
13 1 384541495 130147169
10 8 522520118 901664610
15 12 871655405 754620608
13 20 873715320 587208904
9 12 931199435 161877251
5 11 614038292 537582763
9 8 854021028 256809975
19 13 819037121 183420844
18 6 589145505 582932468
2 11 147452585 964654027
7 12 189232820 723726264
14 13 261219002 439532423
4 8 626278456 29753755
3 7 387372537 558663147
8 1 66866204 32502059
10 19 920907801 950777570
14 15 846382284 154370569
7 17 824131289 633213654
1 13 536669173 322920196
8 18 994197504 999846875
4 11 748608530 24375231
19 2 769562874 262340576
4 16 253249531 578407647
14 16 629749578 17784147
4 17 197265046 978567487
6 19 892575806 444653714
12 20 813681649 527499322
16 9 895438249 880304199
9 13 841425004 745942605
19 2 330728567 396910393
3 10 1687352 70028841
3 17 753344503 76190895
8 2 406637393 516783710
1 16 54152696 310369397
13 5 365169105 156340819
4 15 193864005 163973851
11 12 487782699 296366880
10 13 422698042 708343803
15 10 422688934 372564001
13 1 845585489 357848339
19 14 182195359 926192927
9 16 622350956 12387877
2 1 911167964 395481160
19 12 958327732 817496732
3 7 91020261 628896183
20 11 374536628 436203747
4 11 236902330 194279414
10 12 881572297 945266308
19 11 23107180 735096013
8 11 802048247 108567777
11 4 388788645 880765734
6 10 40195689 467442399
12 15 51202281 482649789
8 10 251416122 185424094
20 4 462574167 763671819
8 13 270160508 843338315
19 9 433116283 990478634
16 1 65667637 917597718
3 8 708048303 229702195
3 19 870862593 517046069
3 13 289945595 627052096
14 3 25125935 632352606
2 8 300243012 9301238
20 5 57146111 369032265
3 20 691497595 94908410
2 4 776268542 564798592
12 14 412307161 622469395
18 7 902567906 127276428
20 7 19199439 677306587
5 3 836795164 942773560
13 12 952889338 597217964
17 16 451373777 588292120
8 2 780151082 251498105
19 4 69406839 255525585
3 17 40263204 791271017
15 6 198172215 379317856
18 6 234809822 430012923
14 20 400653029 459963068
3 12 83286769 912919231
1 17 681948774 341665610
13 15 340854607 691208220
9 8 159160697 47778444
20 5 318466194 826246262
2 16 237616973 888006457
11 7 682224531 279349188
12 8 325049773 339181303
3 11 632836797 117559882
12 10 221946669 357453865
20 1 146732966 448143969
11 20 342491077 602758075
17 15 675272229 435086497
16 3 860651039 602735052
16 6 218204376 884774547
9 19 34116282 444619988
18 6 109285631 365571753
12 1 225969619 860122471
10 14 104268194 760481348
10 2 621581723 75929610
15 4 165740819 803019544
20 9 814857499 306132855
17 2 297236030 931617322
7 6 639779513 265017516
9 6 433446581 781722592
2 12 849753011 852123106
8 16 674927946 555919997
15 6 493011922 735836513
20 13 409738695 499124786
7 15 6186658 826141178
9 19 83481503 904540320
11 6 913974263 618513523
6 3 97428361 181751123
4 15 17083133 799283156
14 12 991714180 398230577
6 14 175617773 828394778
20 12 90006607 570678341
3 1 14797207 998751259
5 10 842667400 778069577
13 14 458708878 936853380
8 20 728112312 392159341
2 12 119200682 668215578
17 15 119156988 333655853
6 19 508469509 309506667
9 3 230082056 867010806
15 1 541852009 435626037
4 20 243106078 999844881
7 19 615233379 930876084
10 16 593495403 718909830
2 12 753108293 447803839
12 19 846169749 97680313
5 3 855997739 765965127
10 9 972733727 9873533
16 13 982440448 559415301
13 5 356109480 493552661
4 6 551692196 523174395
6 5 739836491 268452293
10 4 927882999 599609064
18 19 682974394 452439947
18 10 841159664 907591764
5 20 787638974 577227078
3 9 194927062 351074936
6 11 54120754 127546570
16 2 569640042 619293616
17 14 538464988 651943471
17 16 378662042 692333742
3 7 510212354 409332537
1 2 368443436 565023824
9 2 33199558 99743225
11 18 835371249 913074451
17 2 837302596 708908524
11 5 137614886 924246808
2 16 481950718 348169025
16 3 483838833 462963222
14 3 572647675 237401912
14 19 587474001 645305244
1 11 642923284 243136338
16 6 638517406 313257558
9 19 586658983 570903540
7 18 434637454 535294712
6 3 260158599 837487453
17 18 170271043 584361611
11 16 592965038 278441732
7 16 827244583 709852268
13 6 315407957 898474702
9 16 478363685 156977411
6 9 40363861 893346401
2 1 750961933 68274337
2 16 274035290 298010730
6 19 913520180 386455075
1 7 421646914 191116824
10 5 661540082 679218071
4 3 627467654 243690729
7 1 877218066 662413342
5 12 827741649 288553081
2 3 583261971 694420616
18 15 514611052 68264321
2 12 313513088 442509819
18 3 722205703 326142868
19 11 245267898 667031129
4 6 757282661 436414212
7 13 779150109 247385345
10 12 915725580 173535489
20 12 312956393 292213097
14 7 455847158 912821003
14 18 384052870 134272956
8 13 92593319 198583234
14 20 234471672 200487249
17 6 915389002 815076117
19 16 769349206 166662511
12 1 642633916 746249911
10 20 498691913 427093000
10 12 942750718 638729406
8 14 396659231 101376680
14 13 926724408 652767084
8 15 290763192 618149
5 8 977306936 142436370
1 4 825425770 307256576
2 10 901372972 784607551
13 10 949468506 97946172
13 16 599143797 108332584
8 16 985755464 336826727
13 2 29132174 125485749
3 11 680976289 787186553
12 9 4253831 117899618
4 15 29091074 460293569
5 16 100938810 449686633
8 7 749010954 325469084
17 14 887074040 971215051
1 10 34455440 743112487
12 8 628622069 609522991
15 10 976213817 96693594
4 16 341709075 930023207
18 20 767080104 246592733
5 15 303491907 316005018
13 2 667783940 592812342
4 10 976254350 126364173
3 4 963703986 748441608
15 1 734296824 972708744
3 14 69612823 361924189
7 10 45690789 631708587
9 19 421006436 949787522
8 10 372696369 508108049
9 4 697853873 180070075
5 15 967126676 399458761
1 11 932189954 62425400
12 20 609799469 416610232
7 18 979478528 125963180
10 6 814021212 343306909
1 3 686231474 860142298
16 10 378965800 54088490
5 6 81613478 66442367
1 18 455499088 402155698
2 19 82742099 392583065
20 19 553515560 592311177
19 8 439823153 593241221
9 15 242119922 486146414
9 5 907238670 533377720
2 15 383361498 101309302
14 8 861714372 978245327
14 5 862827643 978183694
8 13 770103460 442824742
16 17 991459076 830299822
15 17 566757433 677356949
17 20 863712766 70830181
2 11 444546814 832803238
4 18 756880872 250087575
13 3 448632305 614891719
1 15 222834804 774159097
17 12 989425853 229933100
10 15 833913188 212938221
18 9 940949150 752274454
13 2 226594020 88842645
1 12 46445965 299585245
6 14 814348559 669321611
3 2 653039994 9502102
20 2 407957362 945757965
13 17 925508143 762608839
13 9 105278785 446571726
16 5 336759396 93529019
3 16 628065579 945282543
5 3 362760422 49296474
14 8 457099998 157355176
18 9 155008031 157579134
19 10 434672926 885403271
5 18 840163000 99273807
12 10 115716070 899166662
2 13 294198200 468323227
11 8 633106890 510994718
12 7 215166690 751518422
10 15 323209040 328312246
13 6 684981633 746689884
8 16 193962851 141559152
17 20 893690291 33962734
16 3 416619831 28109917
11 5 698156811 250604968
9 13 69782465 71510286
13 16 780031499 575159243
15 5 630464365 674741346
9 5 246456989 865185053
18 13 872409813 635539419
14 17 722765410 781006019
1 9 840151740 433266664
14 16 370133035 822157453
5 8 593120947 110059232
18 1 58009747 172830696
10 14 159994938 476032890
13 10 695921992 216820107
18 16 130881193 286154988
14 12 778212938 502981852
18 17 82153110 363943202
13 20 317644954 810490673
1 7 363086424 803362416
1 17 548359378 942109879
3 14 630760287 528356457
9 2 301734330 824972998
20 4 860520853 915648676
11 17 363090059 511148289
7 12 411288442 797960228
4 7 471819492 422774883
7 19 820941955 212970195
13 20 588839408 469559797
9 15 725884327 306187971
2 18 281193975 36606634
13 8 644525051 573676357
17 1 63847974 281978860
19 11 44507325 724115597
12 4 84467027 968058675
10 1 592598341 548908878
7 4 953514478 925286776
2 4 883162665 260906337
17 12 284292017 877089332
7 8 390843643 933367108
20 3 587978767 573472811
12 10 692157086 116177434
14 11 554887459 685247852
18 6 750172877 400124712
18 13 999624393 856223473
12 9 674373448 881407509
7 11 285451200 157246956
13 15 392073910 909133231
4 17 757590323 301175408
3 10 273673533 467715121
20 5 149054522 229843507
8 15 896360427 174297190
9 11 447350234 514048517
3 13 208263905 606587784
11 17 688390429 776438831
19 13 284398174 976387219
4 15 795889243 142828974
11 1 186446498 139080446
2 19 614788269 318659274
3 2 654321172 713989746
8 2 40761677 99226778
18 19 711130868 122592017
5 16 7178692 146568598
18 1 730708861 916748603
10 6 152446481 98344718
7 2 129311053 507486524
16 1 757004987 341760317
19 6 214723705 321332968
7 19 139882226 573137845
1 3 230791422 313409877
14 17 719919689 658717719
15 18 468380662 43083911
4 19 380401254 673671163
15 3 621954350 998874375
11 9 527921519 977860853
16 9 317977795 613434716
17 4 669972467 785649760
9 1 303403988 841775994
14 18 25631627 363127378
1 6 839614948 86566233
2 14 503684128 498366781
8 3 117145121 177028568
12 20 493991514 215691806
3 15 327932185 151766309
8 7 322887855 664762566
19 10 898971041 956300366
4 3 774216053 165303783
17 9 176875231 752020762
13 1 282082937 682717063
4 11 614829888 269769959
3 14 96765661 761387339
12 6 932940355 27078797
13 18 639010112 275840012
13 15 250890207 266399297
18 17 514994995 138375246
11 15 223217474 164654111
2 13 655631303 661242190
8 18 805645497 445340122
1 18 105493477 284237158
1 8 189273123 256893952
11 3 395342351 540541252
8 9 274455167 922189956
9 14 733656745 109825779
19 14 556790718 104099714
9 14 305347305 233026099
7 15 80667476 992480445
7 12 282974735 815927638
19 6 35362494 34828196
3 5 455564320 227477161
8 16 477934728 796103071
13 17 477722917 278471666
12 6 895147666 281608453
17 19 549990517 86844698
11 7 35709259 520108430
18 8 904110538 671128837
1 12 571438026 967136546
3 17 734728500 563121110
16 2 666994378 590902407
2 8 479420127 258245798
18 11 260563602 695609925
12 16 318507734 755134365
3 11 28195491 161966567
13 7 546620099 295895509
20 6 647720749 608720484
13 18 29033486 873547114
8 10 159520082 787910876
19 6 7713302 778230061
14 16 358211306 19442432
16 18 523745033 321689326
2 13 786480254 295388256
10 9 379621168 909144131
1 15 76056915 285804482
6 9 153171002 504128100
6 3 489828101 498476329
19 5 722966934 772838830
6 19 937220685 158935627
12 2 416921637 554810152
6 1 751248188 444399397
11 15 235072227 123842464
11 3 530932172 169806983
16 5 464066149 832879736
7 2 386014732 719836080
4 5 420350641 80228786
17 13 498407723 385943214
7 20 760958229 445677318
2 11 868749720 759622022
11 2 391119918 505839514
19 16 898486889 283098423
18 15 1966344 561478311
19 14 760837551 400023548
5 10 593247135 654565523
12 5 125328153 909292903
16 5 932139595 177525145
14 1 24406470 145518539
18 10 341001882 619227867
13 4 826963389 11984061
19 8 400246168 826632716
15 7 908521684 66915297
5 10 41874188 893684349
11 15 233609722 727310256
4 3 815033349 455689329
9 18 180045692 247335825
1 8 713470889 466517838
16 17 989701125 204026928
16 2 825873899 751548701
13 11 453291824 121398729
3 6 897901223 18523042
14 13 149842094 236538152
5 1 65396910 962108089
15 17 197487505 636537138
2 3 749758623 705657322
2 18 807056021 173760655
8 11 217774915 582172319
20 14 12770596 281043433
18 20 256061747 288312604
5 1 726025303 749107408
10 3 431390262 208134921
9 8 967558955 737039905
19 2 96260387 863660738
10 7 928018144 884108205
5 15 768951515 71623752
12 6 133776060 550190563
6 12 744060957 43424457
18 4 621120953 152999783
5 12 107828100 143628983
12 5 989998486 992020843
2 6 108598699 583445996
7 11 728465045 714237847
12 8 994298158 984624944
7 6 257934420 852939846
9 4 753409007 357476056
18 16 551580240 882687335
13 11 58381629 571499953
2 16 901166759 627281087
18 15 469280892 746062178
16 10 288417493 535298644
16 19 455357046 500702463
15 20 278789690 578611021
1 5 29317873 457956988
4 7 673550591 279021297
18 2 36523890 519472070
16 5 139686756 13286800
14 8 466456715 904380900
1 2 669277629 262218031
12 20 462726055 255331074
1 12 982403856 519125317
9 16 918693509 757972881
5 14 876509524 350283446
11 6 159272929 193968014
9 13 957067597 128139630
7 3 567872244 877800867
5 6 406582123 584130139
20 6 322441998 630296834
20 6 958827019 289612951
20 5 345425465 115553968
7 16 986554838 178656174
9 15 644828462 289321146
2 13 563497738 410238054
12 6 177944073 644967942
6 10 359601229 190419966
9 7 420478067 519855916
5 11 397252885 555943702
15 5 276382899 702041938
4 14 317946188 158318012
17 1 520870106 156053493
12 13 886070992 64111342
11 9 415357387 445642472
18 7 775578737 646853032
8 11 181059567 70641173
13 19 548287499 485023513
16 10 49649444 578155209
18 3 664799972 111522639
6 7 993005541 220409202
1 14 643657135 352130558
17 4 382017346 725622140
16 9 22750020 649146449
10 14 806299059 951189753
16 11 246658003 797655450
9 12 610018264 436976021
17 19 441205730 438699105
7 6 176913712 506075977
6 5 805990718 805858680
3 12 945387169 33990660
15 19 519050020 629743003
13 6 485149390 579084961
9 16 355206541 734549330
8 17 234520030 576417570
2 5 58353451 976780537
13 17 697112017 218082335
1 3 638375555 584343294
5 15 620107457 867334732
3 15 117251788 582205431
14 19 825239976 576196929
19 16 306636647 725463085
9 5 780964932 587907710
11 4 485125909 221748562
15 9 399631382 38224520
2 19 162039655 590086010
7 9 816198411 772688196
5 4 917213982 413609697
18 11 305823030 706159621
15 14 277122121 437366669
10 4 232085592 252112867
1 12 861847781 169546233
13 18 341972975 956731051
11 17 227052393 919080611
8 19 613914677 546376999
12 2 335345522 760885109
6 15 511620252 843289163
8 5 762874729 350995420
2 13 924518652 772957650
11 14 924785533 737923693
16 11 879845748 500978245
16 12 158857366 960843630
7 8 434110330 78721092
16 9 745932138 58105585
10 14 40263190 795840907
18 17 140596038 450037829
8 15 388552891 415543567
20 10 506520340 258774715
2 8 884272539 483735831
10 17 349246722 107262939
6 15 462916992 456059317
13 18 276062894 498417340
12 15 899552784 920752303
15 16 786143911 376932519
1 14 236190722 79641013
17 7 958018737 710948973
6 17 881209217 427243975
7 6 550830414 26421310
2 10 69892176 512378600
15 16 491468833 347099336
11 9 670510953 995452555
6 17 169829513 453268257
18 2 66122605 166725296
15 20 321204675 996704023
14 11 716238634 944136180
9 2 166182266 395547500
5 1 773977649 302505946
11 4 258594406 896743600
3 14 575899611 428347066
18 9 343444156 537343386
16 20 103759763 511785792
5 12 275035340 4427748
18 12 356315851 751430379
8 12 834338966 523241371
2 11 500906820 433976465
8 7 587017452 402647494
15 19 708398096 360350179
9 18 263233916 607964918
6 20 225603794 98953619
12 18 684658262 798436969
17 15 465263272 971460691
4 2 757998861 870705386
13 9 926264409 506926858
7 14 309772697 353249970
19 9 465832413 406616399
5 11 167206585 542559272
5 11 471004286 702169707
12 1 971061227 149070586
2 11 775215944 704865003
4 15 2894669 979768179
13 19 50137796 798816208
14 12 784964417 801839063
5 10 719179187 174612312
10 20 681230366 129660756
17 20 735225820 501768373
19 12 98751665 384981922
17 10 344717964 728107299
15 12 681728955 103907217
13 16 976950190 27351932
20 10 396486363 577553384
18 6 360887371 145027062
1 3 17365716 71469906
8 11 995026976 259869044
20 11 901213187 567086004
14 15 246067763 941817171
20 16 194480036 835956349
8 19 926873972 187847994
15 16 397858705 957321226
7 3 746547066 985792608
18 19 492112384 491136065
13 17 590528776 198831731
1 2 515383497 115376246
10 13 465690546 129115472
18 4 988890992 8126746
5 9 453866246 732872319
6 8 712377826 990183248
19 6 798817058 463335203
14 6 956338326 418543588
7 20 821628147 725927874
20 4 621648135 655624464
4 18 709847491 702750433
14 10 547277533 489014004
7 9 850035900 963075148
14 2 616038107 136671140
8 19 977921553 673522045
18 1 898820306 123638437
6 20 777079499 618620301
15 3 739254834 420805726
11 4 761267762 598803430
13 1 463447508 144146953
3 4 452189848 524436101
17 4 759071704 451022177
11 12 234714141 989583727
10 12 92569558 990573288
4 2 631521843 266839021
14 1 421478499 921293123
16 13 606582470 473476468
2 13 844094326 738178780
10 8 184935148 424415347
17 8 553687740 628788864
15 10 142120333 961727805
19 16 207482197 145917099
1 17 559320318 75048225
20 11 356391907 711453217
13 17 268653513 561102238
1 3 693138862 970525714
4 15 64473870 909723698
18 7 7595116 16310789
1 3 893893807 917571158
19 2 568386669 325709194
15 11 817240893 981116835
13 12 381578936 305124663
11 2 583858951 642536889
16 18 747918467 326956446
13 4 586346422 732739818
13 18 403547802 109132482
13 7 144982979 167413152
14 12 765972270 72431325
2 20 122027051 879886939
7 14 322082617 375291075
3 20 348524596 289970278
8 6 565671167 715485173
15 16 164199019 840621214
15 11 493189104 485679956
7 8 55741914 818474470
11 13 962859251 27257557
2 8 102903472 293983454
20 8 831239451 432975162
5 6 903911440 306514037
7 13 690775821 666013549
19 4 802124344 481165987
3 19 434493038 156122688
15 11 809204003 336233319
10 8 105709566 303581754
6 4 415545907 983135227
9 10 200502932 215714164
19 20 486611082 542875456
5 17 493748983 285988751
4 13 313961452 837594282
1 5 560161059 16975842
5 16 63771372 459609399
5 2 182806737 308634930
2 7 431940678 957505040
5 8 603534032 50213775
12 7 992489556 632897315
19 13 378575146 983066995
6 15 679051422 216236527
11 7 355134815 831207216
19 13 388523741 884374146
9 14 738712872 5778817
12 7 259409342 333025337
15 4 251989292 840137391
6 12 821648713 271895538
2 7 489693429 815105578
2 10 711677535 80931278
16 15 116341520 676625460
11 7 341566161 195712978
12 1 201151855 711767282
17 12 334057886 461102817
16 8 533069831 370447935
17 2 211482725 915405941
11 8 332157010 712760862
14 12 579529568 427468223
1 20 179972505 529974038
5 8 909565828 879150376
5 1 835361135 198414364
12 1 480436998 485900338
7 8 895228910 106571280
12 14 498570040 666363690
15 7 719200842 491932227
12 17 588724998 464837504
6 7 887876067 21166593
7 13 131098836 359260096
19 13 303639699 588598800
3 5 779258249 337646393
7 4 13708699 194408234
2 11 776745343 144542809
7 18 308961224 839830774
3 1 649344348 590920241
17 19 756666357 643597847
12 16 87576616 978527879
20 10 925143170 408664038
19 3 685932410 74411809
1 13 835912648 151680391
17 15 909820190 876298606
9 15 23771592 447220459
15 18 796146115 821652767
8 3 323510713 174140228
5 17 401422917 377359714
18 2 106763272 50305695
16 15 966856567 633791831
6 14 729154454 485653628
3 15 837394719 321136719
3 13 379479149 433666922
17 5 409566400 991215366
2 15 660558152 448762925
7 19 596849999 778783304
9 15 960118303 329358489
19 18 365650711 157295452
17 16 910314009 693738030
2 15 599565713 541454315
13 8 757555251 512794048
16 14 500849623 334688980
20 9 472980034 576279046
10 6 387316423 998106246
13 8 427938010 614734911
14 9 761858692 582476806
10 18 511348008 83037383
6 18 994238230 728980819
20 18 940731420 883229159
6 13 716565010 212500528
20 18 975606632 582531959
11 16 456704479 445349072
14 12 800164640 548022680
13 4 372485167 984812957
12 8 272056332 664080444
1 13 599390056 2792489
16 6 271906869 515555894
12 17 809634264 791202124
7 17 635230815 847273219
9 7 291074659 764332731
10 11 873498000 949072254
4 5 76966518 252534229
13 6 493985897 8337806
4 8 137189309 907832108
15 14 861196322 148624343
10 1 815322827 721912192
4 20 200824845 218831432
6 5 557919583 291043630
19 9 801352761 12066933
16 19 501815337 19511854
9 7 604498669 146495033
10 17 863798236 802165129
17 12 619760340 43140116
16 7 200135336 355164806
6 19 821254660 453672538
20 1 329183969 514495858
10 1 174215951 15718389
6 10 952338587 857938762
12 4 204161207 657971417
9 12 449718969 943813707
11 3 388529418 935195210
12 18 456719671 599299874
11 14 520792651 579677481
4 3 779566825 531174052
11 1 118462913 717856477
12 16 596564736 702823745
3 9 877760682 965185554
7 5 537506080 674518881
8 7 490260632 988943201
20 15 633767866 317965808
11 7 307186564 253500885
18 20 450841494 893410392
10 4 740506886 844838387
7 9 407045647 479185879
13 15 170601931 182941250
1 17 777651863 899657863
11 15 108053759 552502103
9 1 73764133 900127623
20 6 828804086 623347666
13 10 315562961 796040256
14 19 636946873 600144588
20 4 705020905 876668926
20 3 493657369 531376733
6 2 8330565 837466282
3 15 988456040 232625332
17 10 46659706 205347061
20 9 69749633 895357369
6 19 399657115 939460656
7 10 447613577 831887761
1 11 245708388 703869338
13 1 265007754 570672960
2 5 847018982 327571766
17 15 349351491 142324188
12 19 403725035 62971901
6 14 686731357 684336511
17 4 852156257 416983752
12 16 965333632 114555053
20 7 711966577 485576940
16 2 665776590 1036001
19 6 393417964 938711760
10 4 682431015 975091495
5 17 305623256 234012267
12 9 222804470 708861643
14 10 752960954 352757973
13 9 317260257 246367628
4 18 222397401 943562450
5 17 683481430 176218368
1 17 58473567 767342249
8 11 762199357 554031637
20 5 658918016 724556905
13 2 793242411 106043150
9 17 476678672 281926921
12 15 862444060 571590592
3 15 686174236 257884439
15 1 632664408 746939397
13 2 629937956 170796068
11 7 207508351 132763111
2 9 338947513 572784018
1 9 41754235 892143965
5 9 870463153 388180958
2 3 68714309 158078131
19 4 348293201 144898190
10 9 276087839 138883476
13 9 264811726 119212184
2 5 597496153 863414181
11 12 65262198 241201160
6 5 512505049 105368974
3 15 111626698 434179354
17 4 19075024 609798688
6 11 574702372 632960255
9 19 670291230 860250610
5 19 148084468 691138416
10 14 97753271 810361193
13 14 117374224 811751547
13 12 823303233 742041999
17 3 491799942 130268381
4 16 954182746 310306693
20 8 426514456 293461324
1 7 38954565 50937604
2 4 403350975 443345907
16 11 262902280 79050468
10 9 853591773 171624963
6 1 35603139 188755100
18 4 331824463 304905946
3 19 562621645 984309884
5 8 265326875 845083672
1 20 506753539 404818282
14 13 177608782 528106535
18 10 726443688 172288430
17 1 558662120 738532085
3 5 41460018 182390573
10 11 67859310 365277111
17 16 600799105 655668386
18 6 951793510 843604243
14 6 408991570 731255940
14 19 462616259 634618416
8 20 528792627 498965227
2 1 108700671 352428290
16 14 944216752 375676705
8 9 714148006 362777829
6 9 900287270 997727323
12 17 815620150 390744198
4 10 468126801 757072410
18 15 697407 599420493
20 15 857237355 260858547
19 12 502532404 510382814
1 11 911805400 736653541
18 15 264449726 728244560
6 20 512350320 696548960
18 17 888928732 30870245
10 14 130892718 744798743
18 15 396505428 512148828
10 17 106013607 230301254
16 8 619044729 472557175
14 12 34624679 816486681
8 14 129781842 208804565
3 14 588226489 875451828
17 13 725469365 843174645
2 14 550999995 895723084
16 6 804570616 236199608
11 15 609930328 187677439
10 11 250135845 16293677
8 15 891102823 877601826
19 5 751294901 875802117
11 12 138507435 394554434
19 17 959643505 640137952
18 2 513836521 546725598
9 6 843557316 620550518
16 12 370020566 225840197
12 5 184130985 44093452
4 12 741557458 478948187
16 11 780007295 272429461
10 4 751995291 880041774
1 2 37279989 41059870
7 14 17959984 247304145
13 6 365356598 470523315
17 12 870930690 446695216
11 13 136724635 605284160
7 10 349671996 187486375
7 8 90709193 251615086
3 4 570705963 727256688
13 15 182102652 564554364
9 4 565681040 753757500
10 16 264559295 388261780
6 13 148691641 108876736
20 8 87818412 932923732
14 3 596740040 81436394
6 11 844940424 307947022
15 17 891771864 883259194
3 20 617214972 535872650
19 6 926311738 212248822
18 19 698813309 389588061
15 19 755610625 70323173
16 12 37258042 981024120
13 19 732248149 294493867
6 15 121021108 82966640
10 13 949602186 927086580
6 20 64743477 572302414
2 20 81177389 793264978
20 4 575757603 104716683
7 2 397516722 145522198
9 7 651962510 290057526
13 12 774471363 783060346
4 18 428313379 385832383
18 13 73113177 661173327
20 13 295291943 918525660
1 17 439734149 922673366
4 6 521398125 143507408
7 13 971217297 992699735
7 1 80522215 644306184
19 5 841674450 11334508
14 2 336854430 896065604
7 15 439922177 365647010
14 7 539429041 970148836
2 3 269419365 823172093
8 19 56052213 548620482
10 7 704368266 406551297
1 15 628931592 833755238
1 18 38178191 228099687
20 19 452538830 781255797
17 7 786820479 983150092
16 14 101370280 220645
4 1 233492642 211542043
20 11 273203013 170783849
7 6 526204022 693026983
15 14 332384487 474528695
8 13 932341421 500445431
1 3 45538118 788743967
14 10 754201928 901248589
6 8 331676361 742227677
1 14 718578981 31049975
1 11 959276502 457427168
10 12 850698460 35305261
5 3 652021004 606552756
19 1 541186654 226124045
3 13 808024202 339874025
11 9 798755964 532153405
11 20 401066889 190208191
13 14 573132640 727887303
4 15 838498086 712743725
16 12 882314362 968529098
11 10 724539983 519972810
2 8 316782927 464648966
3 6 392570121 332287335
17 10 314185056 161498661
19 20 658856096 467195741
1 3 652756590 253637580
9 16 434453349 726346018
15 14 594341439 377077563
12 4 175322912 311333103
6 19 472589076 862989017
7 4 31023406 653521379
5 15 976838942 603303925
4 20 724194348 507446796
7 9 642031258 650908975
8 12 712470386 185531893
3 7 632384835 476004822
20 4 539272049 443193639
14 20 801272317 641064331
9 8 543925808 420747840
7 20 635175551 238319020
17 12 345851065 988985201
7 1 46956546 104926784
20 15 696885325 684916715
10 8 147752387 139123997
17 2 503214114 439480602
4 6 945943668 471470204
20 17 203784856 808016901
7 16 385014676 261244331
12 9 427825825 422687402
15 3 961729341 22992790
19 15 719101871 713807604
8 18 8919504 208765755
15 19 310046715 882470331
19 7 997717017 54704983
19 15 855607454 718622720
6 3 123000894 408625321
3 11 992530470 261142396
18 16 779853513 23427761
4 5 1692663 235430253
14 17 881855277 765264588
4 9 684496001 747600370
14 5 250338843 736443778
11 10 745465801 8431343
19 4 646908781 156101399
17 3 670969617 493681212
12 17 568746894 532885587
11 6 572895126 476013099
15 5 145492747 285364440
15 18 356312756 326948506
13 3 279639550 976720837
20 3 42015004 139886687
10 4 80274295 541285416
1 18 782495707 523411293
7 9 24124197 415502937
18 2 345302440 72954367
19 1 981036002 349510509
17 1 84510021 975917702
15 7 668271958 407885695
1 5 602456977 827093942
7 19 87662302 344797631
12 3 968549991 189128785
9 11 172630777 637201017
9 12 977434935 600368638
11 13 198222070 479125622
6 12 692502663 772655520
3 16 284207416 863746005
19 2 828518765 184066450
19 16 46035239 545364319
15 7 362089334 227594802
14 15 628033637 82638605
13 20 273428553 761471634
12 18 439613548 228528705
14 16 840406971 535467185
19 17 458573753 866566874
5 13 119039865 114123217
1 11 518657728 793030671
11 18 933584869 741968983
13 15 365384819 162816425
15 3 483306940 957194435
16 20 788871560 756881184
1 12 676011750 660572945
7 12 3745718 625157672
19 2 130473056 72371949
5 17 860398587 432919310
6 3 770789047 687773047
18 16 202673862 103414398
8 4 13526029 523388181
10 1 236463957 774814161
4 5 262860976 873766872
3 5 545200203 439780904
14 11 178125528 932460438
8 14 435209873 253534214
13 14 419553747 814101441
12 15 740210869 334910561
5 14 493739237 201188127
8 19 725918884 943219882
12 18 285472061 447990533
20 4 942010138 850118411
1 12 639188639 712274410
2 1 230541709 42930287
14 15 696564822 870610930
12 7 28086896 160774148
1 9 683296059 491066254
6 7 299541772 801067570
2 13 664769267 404241137
14 15 702524830 187718895
13 7 648421953 751547081
3 12 934030190 64762540
16 4 723586939 315069162
4 18 497913482 250899244
17 3 823483251 183178199
9 13 720301578 40063411
13 5 616934608 416841945
10 12 286138818 879536613
3 17 641825769 457457880
19 10 442358922 405007876
11 18 282486028 459239072
14 2 792266917 504521928
18 2 767729885 924509577
17 2 314488687 149761589
3 7 65808508 395057330
7 13 129889373 689536939
2 19 955882739 385886789
14 7 580621424 74181506
5 2 854132828 229593507
20 3 541292097 196299842
14 1 551635667 272316388
12 18 987438478 164297570
15 9 938874097 186618846
3 10 898312241 899694043
10 3 949233685 6655705
18 11 167965662 281992278
20 9 25448917 552551479
13 8 988161806 472625888
20 16 560585231 61876461
20 8 187510605 37640320
16 6 461308000 656487715
7 5 76479569 391139236
7 10 22923713 273367929
10 3 13951551 652652192
15 18 136583193 70495249
18 7 631553032 369118907
5 18 432932799 776855987
5 4 804331791 608563034
13 8 40102531 837693533
15 19 979259301 909572645
1 2 640962114 175312244
2 17 333545549 46521845
4 17 435232085 352238568
4 2 4946809 225207897
8 1 945701350 660235397
9 11 940528449 634099538
19 20 812916221 586981159
17 12 445963500 337803896
10 16 246354683 887285334
12 15 928831006 665167413
18 16 714429920 222142805
1 10 111560325 103027595
13 2 60397291 536547199
19 3 972192197 705070165
9 17 230582937 250559591
7 2 106241556 170268981
5 8 389332844 169648669
19 6 786754239 432068656
16 5 510904386 802585801
8 20 96813110 3316967
8 16 53468512 748378943
6 2 984477300 29812615
19 6 741796014 20806237
16 12 82365148 199746662
8 5 737442866 41013403
11 17 753798958 335580840
15 2 837362027 499524357
1 3 520775731 33983112
2 12 772167183 302283134
11 5 721112383 901684361
7 6 349030965 582661433
9 15 589081440 960781402
1 4 20595801 659305075
10 4 44300973 993851640
10 5 26652045 855576467
9 8 611365790 3665903
5 19 369116729 619926320
11 17 869772537 310401409
2 10 643347672 494420211
8 1 488878190 678065085
17 7 628078191 144807467
10 11 913763502 500464153
12 13 74264529 47495291
16 2 462468265 617617670
1 2 27277137 879712685
3 9 135580117 27655125
5 10 518703300 956008460
13 16 284056000 545172104
19 9 33872585 150692904
7 13 531333478 508713457
3 16 50256520 610680830
12 19 306747562 456456178
17 3 194512068 724109151
13 10 703298386 586490579
16 19 858206116 207680722
15 8 791567495 614246648
18 3 952680612 813288876
10 6 753789636 709966603
4 16 476581519 322496950
2 5 969692341 157411194
9 2 621899550 683343302
18 14 471769417 992527152
15 19 685792747 75101681
13 7 747833473 734193569
10 11 324822189 358155938
3 12 883677949 593913617
6 13 655527365 300289679
1 17 267991508 386738341
15 11 853588411 978797126
19 11 755064189 938773866
5 8 584305952 453492099
13 8 85729722 369101806
18 12 354991820 660402351
12 20 291148076 866024509
12 3 945100103 50322355
4 2 37481818 584091033
18 9 545664393 472688240
3 19 303780538 371061908
1 15 175257372 927034430
11 4 449675506 774371790
17 6 542729220 142397782
17 10 57283050 95162385
18 19 341011843 85851059
2 10 407510124 537250033
18 15 327124342 475550145
4 6 822094842 474474173
16 11 721496119 175510424
18 15 561220266 719041284
13 6 855336161 319381024
7 20 231353178 562632716
13 3 547758505 799592892
13 6 631900296 340693087
2 16 928180954 290603982
15 4 288307131 772347132
19 6 609985067 887268363
9 14 997691489 235785930
12 19 106125630 424427321
9 3 175643846 472513977
9 4 441864673 236942492
8 10 378186855 860353558
14 10 382373552 573028895
6 1 924444145 464132775
12 1 543276217 53987439
2 8 518959996 516691685
20 18 720770319 191322036
10 7 981221384 622836587
18 8 866047684 240865366
1 15 798547598 977533222
15 20 601865382 235805928
13 7 563784650 29437791
16 10 624452084 850932631
19 17 97589809 124732426
10 11 365246067 917373124
14 18 742115023 229788557
6 12 814634888 693349750
2 17 956729888 796085417
16 2 433143071 65015923
17 13 972584561 94314029
12 5 313537508 991594648
16 19 788623998 855461447
2 13 655619641 87706541
13 18 335257002 748614159
13 18 479678523 767866570
15 1 973859590 684829424
7 8 277560056 410602777
8 14 799860943 159138392
6 1 834779585 932643831
2 16 712827954 687764713
4 17 677440726 326018018
10 12 799975582 203575899
5 19 402566893 721242452
18 19 421757258 412446449
4 1 713816655 992551405
15 16 638830934 928119937
7 12 845348485 616028590
1 3 783060453 675925026
4 11 681311894 482358720
15 16 533972803 201116552
18 5 423027905 353857702
19 15 856980131 945864438
12 16 20068606 748644086
9 16 952743549 694916332
14 5 321369267 984068126
14 19 935337823 255489491
11 5 187151704 299953356
12 15 578858690 492876872
7 6 569087240 723408084
8 16 872508149 447815044
8 12 956645337 232934745
14 5 105681103 723377954
6 12 894778222 663108248
18 9 324084212 121353026
7 2 273606339 906621195
19 16 470571197 475175342
11 3 75178439 208233424
7 15 572954283 123207712
14 15 750109112 263255494
15 6 425755572 191679641
18 16 551907892 568734667
9 15 313800091 936187087
6 10 728508714 423709200
11 16 282574075 803334595
2 1 955159259 349594659
15 12 264214994 686184518
7 20 93218269 924261696
4 7 474694833 612740334
11 7 195554365 435576485
20 13 929596170 983646169
6 7 32903544 681799795
10 5 321795827 424318696
13 10 418123171 692364149
17 11 49698159 729136156
8 20 510124086 997583945
19 6 890873280 717884870
19 20 67933707 283890734
3 14 303367584 934274622
5 15 671126892 72699844
12 3 180905856 431022728
8 18 478503596 697969818
18 2 340682 168959346
6 10 459884233 712897756
9 1 166515625 314552315
19 16 784483030 426599105
18 10 807566970 856710227
9 5 57447751 189382541
3 10 952354569 693802099
14 6 155704609 299765043
3 9 932676923 943076791
4 7 630098221 15729797
9 13 957777212 150166371
11 16 889730290 358146985
14 4 877469699 569229552
13 17 298833654 428138773
2 4 387753148 975708197
15 14 969523969 658391593
6 3 553831775 702791140
9 18 486706654 386015040
9 14 922877495 684464936
11 20 101508749 523522295
16 17 848695590 699901853
9 11 738661571 155464563
4 14 322592247 717250880
20 8 342815184 136031683
9 14 989588485 282091634
3 15 820813810 660522155
8 3 153543682 579042392
10 11 329046713 427029003
4 20 625483846 253186375
7 13 267862963 761696476
14 16 279927312 535146057
20 6 901450121 291473144
13 2 968892616 866044273
11 6 162218098 160497726
6 7 649243359 643571782
3 2 790638250 554847496
7 15 585819061 729796193
17 16 721115522 679930253
17 10 379374022 22428866
3 14 834578357 75273234
16 6 90266514 782752478
9 4 808385543 147134764
8 6 366414606 12726307
20 8 8415266 674557587
10 7 86163457 536841650
7 14 201226876 846442564
9 1 314655674 839955856
18 13 143661413 674868115
7 1 543387860 783503827
3 12 854125324 259404429
19 11 153711370 288175466
16 17 727136798 724676880
7 4 898342713 878387366
16 13 539075072 116694234
6 1 865449007 830692239
10 12 999468764 502334348
16 4 480602922 186602246
1 5 35563299 26706416
7 13 224225320 642015073
15 11 348605173 150826271
11 16 338494238 491523844
20 9 543870128 775656234
17 14 484713022 464783905
10 8 840561711 965876417
20 9 159779017 786794767
13 3 955957312 897296357
20 5 821967805 414853166
19 7 446609830 261720759
16 19 721087124 894530726
9 10 278217615 275576943
16 8 930426464 321141549
15 20 250668872 253262088
10 7 525742256 926187198
10 4 185201446 712708922
13 3 596015973 63105102
5 11 203062592 190526191
15 14 14461197 986553095
3 8 92150668 945968488
9 14 926714885 411388001
3 13 931136376 941737063
4 5 334548010 342087875
2 6 365316153 722532887
5 10 541263900 953376334
9 12 761280733 85716222
13 15 210124500 571138160
5 8 140691806 719596488
19 1 465654743 51746537
16 14 927496358 395241762
1 18 694360108 135004060
4 18 112184387 15209649
9 10 293753039 786297476
1 4 229934470 946852739
19 9 593263386 800965222
12 17 584033056 730344010
14 20 488247789 623068009
12 18 326281882 519450342
10 11 948331930 6191297
1 11 482535514 398058107
7 18 283087255 19242171
19 20 220818703 673650917
15 8 45550491 762496325
11 6 253357088 420786377
6 19 308942710 408276322
14 12 996414273 67509157
6 10 605212854 398522510
19 2 816233745 734925672
3 18 3583406 855977537
9 13 75813163 360489237
1 16 415935131 303133006
19 15 142007621 767946613
8 19 847761024 757837775
16 5 116023701 822370685
12 11 347002375 988946566
14 18 933443994 860247520
13 20 518225874 742527937
5 17 367505945 24085216
7 16 918650817 681526440
15 10 811260095 64067882
1 14 691195295 145497984
11 18 107158364 346817303
13 19 933703393 430387754
4 3 477316752 188634349
3 17 612635559 338403056
16 4 712731685 314746154
8 4 544599724 987081820
18 5 432638733 264926636
20 12 309399812 305287185
2 11 509327242 843679309
8 7 690784329 224759876
9 6 763196579 180367681
9 6 580801282 866280931
17 5 10019666 422377138
4 17 742170443 268909526
15 9 473670749 974476045
8 13 331604033 885269436
20 14 741022353 627434845
16 20 201029546 996589593
20 18 798780366 516491876
11 16 758150201 565474686
14 10 90003367 929888941
15 19 923581148 422428397
20 12 628864256 488602251
2 10 619988988 534758384
7 19 639092936 531654150
3 4 165948696 109547437
17 16 769452906 689877123
10 4 753356806 709820457
3 11 177633282 41042268
3 18 318078942 246370947
7 18 377987257 367964900
18 17 751977714 100494127
3 4 47591148 785394626
15 8 780528342 435680955
14 17 865449520 837948848
11 16 306004683 571894163
9 5 923686274 62417597
15 5 477892477 125963117
15 6 514635172 391815683
8 6 149697721 859213000
7 5 923870772 248263777
6 4 374123697 871285204
16 5 122090031 691149270
8 6 570457451 776202419
6 14 244682148 664350475
4 18 805276463 516266653
12 18 765918069 37491589
14 5 184583804 906427166
7 13 132319397 407115074
5 1 258029073 942567317
3 8 153600839 419298213
1 14 134286992 97515281
17 3 878132805 586365960
9 12 136709697 451827529
4 18 840183795 289253207
19 13 206274849 218299799
18 11 360815008 878329241
2 18 759519618 688209731
9 2 355800388 804152622
7 15 719995533 490271614
1 15 466290741 345287337
7 20 193088664 664306167
2 3 252541901 409439927
12 7 112994364 760541674
10 5 895949363 850775167
7 18 403952909 444876809
7 18 736887547 877319762
11 18 654656400 139035884
18 4 889408152 147001126
2 12 280604977 587430515
10 6 531438618 355814502
15 9 201073966 856186314
16 2 734993470 54586531
20 13 934590802 873859297
9 16 580975349 969640016
8 4 72582232 588430629
3 6 317594376 488552257
15 10 116977280 75138615
13 8 254465799 655195943
14 17 278741167 761409255
8 9 727231615 205358386
9 18 494472040 496983203
16 7 430731904 717847015
7 14 618656735 509929188
12 15 914190382 591407893
13 10 54219228 787169334
9 5 421505834 592723822
5 15 783747010 73691289
10 7 664352286 58413577
17 5 810810285 423958520
9 3 814799723 920865327
3 14 829119644 358438280
19 1 446828344 337837203
11 9 941967600 806336905
14 6 740248595 590238913
12 7 230025084 109636042
11 13 568805665 17543354
5 17 629369911 808673882
3 4 566289997 31245660
20 11 33926639 730425915
10 18 172708837 467867105
14 4 543481340 770185563
9 13 492122888 866449962
8 3 64696600 302687248
13 19 228562145 663800960
13 17 711845990 32650886
13 14 281519696 919095193
9 12 765147331 704016752
19 14 792933001 185443636
6 16 314138968 808105479
2 12 522096276 967156040
8 14 9975270 697811703
12 10 564244343 643957057
8 18 823645844 22760145
1 19 276421112 179448294
4 1 331943275 6760893
20 17 845162322 626213659
1 10 380157590 672081336
13 5 749869331 468724734
11 13 630517440 333638375
15 7 539135400 687205895
5 15 782422188 604785824
5 6 321579691 34643384
6 5 438405915 916494689
7 1 759969111 445976277
4 3 78716430 180238981
6 1 799087366 257928898
11 9 252052123 122754651
16 19 150422586 524092948
7 13 651719875 949156749
1 18 356871638 861822844
12 8 908521048 763252225
3 16 771443607 131943554
7 14 797589918 140304107
5 11 732693616 960540914
15 8 396702617 581521422
6 19 896552177 277786871
16 19 587649143 885485037
15 18 902045866 265331804
1 16 227781846 807951677
10 13 787156340 474338195
13 6 106096873 707458694
6 7 58091737 210601025
8 6 273299240 801728935
1 12 923543656 204424771
10 14 48023163 418062736
18 8 589247287 988299300
1 6 448040131 148238691
15 13 676418025 494461271
10 16 556301717 774643844
4 15 49102890 693084964
12 13 589008239 121945150
1 8 291979684 997311183
4 18 982468979 309738683
7 14 676417078 55134278
4 12 371211444 434979345
9 1 617390631 71845495
9 12 29457767 647265374
8 19 472517746 511463463
12 18 476697218 397973872
5 8 73684425 255553044
5 4 709681438 284117583
2 6 402067868 853384571
6 19 4642293 488960327
6 4 275947378 932359505
14 20 44117154 431031432
20 13 283445175 982204606
1 17 923172487 275443390
5 13 155267993 638967236
20 3 826318034 310976100
4 15 321584652 31860451
4 12 61387816 592526598
4 15 149196916 831356769
17 14 219735838 43648767
11 17 512785219 339924027
1 19 681589288 17943288
1 5 155729748 659226152
15 10 336014345 772036338
18 17 352086214 916677008
12 19 765266842 226052526
6 5 290407921 668067900
8 20 64671683 166074286
6 11 629963294 610658575
