500 2000
37 252 15641346 314448394
257 400 229189 313375548
24 200 741525 142020060
31 350 996428 484701376
219 63 4143785 69435450
480 288 21917209 676473847
357 152 1667776 727682960
14 102 8796015 185689174
376 380 953249 237753198
289 49 11764368 237270119
162 209 8064574 325463033
447 89 221277 888054925
464 127 20969482 939019762
498 124 369869 103971549
179 212 1396789 596673889
27 54 4452488 800811708
70 333 819416 517535043
180 27 4661618 768388453
56 356 19048987 927823212
316 244 14552342 157061899
246 266 18869988 427528512
391 497 4605314 548456727
421 264 138456 222206656
305 354 505427 156088511
250 273 647567 516144123
10 11 13151430 625039613
433 169 10163744 140770940
171 435 10787376 868461042
330 110 11685558 63341792
86 158 933678 771557108
242 23 11636392 649927724
395 92 1945144 775433493
383 39 18538835 666044065
51 310 20102446 914658201
317 446 6715953 422676702
71 375 21188550 411763588
388 315 123991 598155500
245 58 4352446 340003079
313 195 421110 575828102
342 378 4158882 742522215
476 39 2467166 170240809
389 9 18357841 194541803
281 458 47024 656951295
2 166 8289756 243853031
254 50 5004479 966061642
408 302 9688227 877407547
150 204 13678351 36491305
306 214 24013622 587131242
27 245 16196474 16721503
267 129 15856006 953857379
459 257 16717493 229759379
476 5 8946541 647059570
406 231 5095740 354445036
237 292 12379853 159216442
181 333 14379475 150256980
388 459 3187328 556583725
329 229 11890265 102815558
55 223 790126 547560055
192 306 17929598 104139631
211 58 4874336 95156548
230 490 8758865 157240439
446 153 16532472 496424316
44 18 388183 130781645
196 242 7097067 212632999
242 371 19338592 47986858
495 279 8030579 89864379
13 240 14563422 330292265
17 209 24147073 411634237
31 443 5362062 514934498
323 454 1205016 22899349
57 32 4783562 903729534
265 37 17952744 715254972
153 70 9132726 729718556
234 392 20918468 508596256
65 386 7324721 202604536
21 299 937964 714909784
55 379 2335160 984376369
169 364 12578834 843409120
58 303 7476988 413941094
172 62 4819406 614224832
467 132 670881 91704005
222 430 8503806 243712800
469 40 17428730 664323497
478 191 9798727 966248439
261 343 257902 382301548
219 138 930264 681046907
211 239 570712 941903734
477 27 851913 796209414
64 144 25920 51186203
162 91 292148 435409467
111 308 13565546 710703837
455 221 82080 567680853
21 155 19326639 686911692
323 294 96526 946658976
468 303 873897 306698971
32 48 756529 232568487
334 405 2671679 839954804
11 26 13806756 210583343
397 482 5636906 946076594
365 499 172683 834869011
430 445 1226839 100533378
398 172 12237823 569470468
193 246 991997 482631998
365 358 7014121 121713506
111 269 7827619 465588567
396 160 24946071 256100763
347 129 14771156 220243598
162 234 754667 908756795
465 86 23414259 186753336
238 193 6360722 541299753
404 472 1621373 839095562
193 107 5165070 412450674
238 375 9598304 493278080
483 299 4221154 686703697
360 356 16605078 669147145
498 183 3230012 365692491
169 298 59426 85791160
337 84 10924024 976696862
167 296 84601 816965324
244 317 14087660 18501908
349 288 8158811 675495003
130 176 714324 86464018
408 293 11133186 648430035
396 98 869488 390640204
26 345 760372 26370496
97 367 20400316 18197902
115 331 7414007 530415454
235 251 272274 907556662
431 77 6750014 418195858
484 62 8180769 642428025
32 335 6642664 280924812
111 44 427922 429662839
250 105 18884959 245860827
189 341 8871680 666614521
57 375 19231589 58663735
11 167 8038653 979633682
91 28 20237839 424686309
109 12 2264568 800392029
206 195 6156943 637803621
218 475 5293924 717840232
148 77 8939451 791085070
59 471 583197 550422138
139 331 12863472 504024324
223 205 9597904 909128763
183 391 2937047 915321149
219 457 12633619 682366402
348 110 20522007 987455539
237 414 16393909 329738603
478 38 14184678 397443503
94 361 24286424 695871629
328 345 8259043 940723113
467 5 20557588 971198841
1 318 320145 361950435
296 79 5086074 335945938
400 487 5765319 117093257
413 123 9609567 473001846
241 92 19301630 556949502
161 36 23042468 603859035
45 358 12829851 97715925
447 122 11164929 92845069
100 173 12051183 986988704
171 283 7813966 85369379
135 395 131771 758034474
462 374 5348537 916061438
382 257 16727409 757957946
418 330 132455 975284820
74 390 8839664 595478819
41 420 19844261 972582927
255 146 822361 444450102
168 427 24343893 570064608
111 309 2573230 416388054
412 331 12717920 879651607
259 61 642340 845174329
107 200 6836987 3770281
125 327 21543763 713487107
122 295 7914609 320610465
243 144 6107921 84611675
401 296 2552720 374953033
78 430 433925 497390097
176 81 9258946 790891046
83 78 5543492 904333407
264 16 5586996 435793386
64 472 15142540 722168178
203 289 2738955 687871925
387 332 18626323 794518951
253 185 280134 960872738
416 342 21808 136883663
376 268 17387831 53851714
175 129 15111831 262914004
142 442 7335669 948981747
76 59 4137863 922807690
423 489 10659911 655448043
89 378 2840 356893016
125 213 24029817 794071090
277 465 324385 932734807
289 459 11042667 40958464
494 76 22589160 375926511
20 342 877827 454429170
162 304 11772216 162063608
201 71 8959963 820689872
55 408 4876029 24235503
223 107 9170739 769011820
332 454 8379680 76705977
280 433 15602988 546488657
417 203 975993 91299573
236 47 9417102 220664341
151 269 3701478 899681372
464 294 12668362 204342765
195 131 11842694 65020272
438 233 10024153 264746401
301 202 891310 946983168
248 392 73290 94152868
478 104 3916995 591331533
349 159 21013296 476189871
127 98 6337821 339973960
237 196 583671 182445295
390 293 8389484 13657967
275 277 16612999 294236173
451 134 17596268 352718292
129 224 1510973 635100052
316 386 5675931 421989107
22 92 23929 898104580
115 195 17473508 769797805
330 344 5002686 874071870
14 181 13508366 14404392
182 372 3788919 452655326
105 474 5429902 257652679
152 204 22205016 91163259
232 151 9746896 669333547
286 445 16206710 369550617
496 201 213563 99629052
437 444 3387237 266527432
389 267 11328186 195022462
50 291 7422406 394960592
284 140 5622038 405460024
218 207 309633 605730805
250 381 220287 336294152
498 246 10949849 184751843
434 491 181685 537073740
3 360 619939 913592625
483 387 18394762 611912770
121 287 24303188 398511350
169 302 15200592 739353093
340 310 10844 208908763
370 125 5925102 276121375
65 308 8554428 754831419
425 242 17559930 584967875
273 77 88339 217674861
42 98 15276900 675296286
365 493 414361 302144193
488 140 430841 572467244
427 422 14192487 860607715
165 232 790864 101958792
45 297 11155143 366267684
480 181 689548 298044522
312 321 16021351 420760239
129 258 194194 831087700
81 247 5653361 627361968
379 285 2692666 178425749
496 72 4442406 994236453
427 58 15760834 653696328
451 363 20050314 733520954
314 116 8733465 427312656
197 69 18688729 982216855
321 324 16634175 96892025
396 376 363520 926150010
262 463 15952806 751806382
72 384 574578 314109921
439 254 745602 331948893
142 149 7937529 490595971
495 209 24281842 694894400
122 313 16055295 953915191
180 58 13545118 382449362
341 199 7730933 448702442
229 131 3542002 775834823
293 291 11586539 472085126
360 58 7572293 221623235
264 111 6220056 926023303
416 276 12860348 925661644
138 352 7025869 19524395
136 289 12705880 511279157
488 444 3951270 520936952
37 491 6826968 408328704
36 305 12444441 797629362
30 359 6190566 541935782
192 459 5480887 850215225
287 420 11242670 357110174
26 248 11927977 961092045
387 237 19631084 398221136
155 44 4844392 827113091
451 154 15694708 493384526
82 277 676935 774023898
180 370 67341 257504828
266 60 478423 454163682
462 78 9818234 176871449
319 471 10721153 644439157
486 416 12363874 884722231
346 46 3829919 722722814
165 24 8329460 877107726
242 212 10182907 547208870
348 347 14497028 613805449
425 427 10907922 549494435
202 116 4962147 374025343
378 121 20145492 772300019
205 99 9544412 732487412
473 426 243675 635587987
206 25 7027329 456206655
49 433 1770575 35605811
26 387 20088939 160288222
300 190 4407218 788400897
384 269 4438688 878027161
393 242 3996076 962107035
124 415 5080976 237706250
265 79 11856 579217334
25 437 18996300 123619413
191 106 10214077 400673957
291 408 453353 114649838
417 451 20074357 852314820
138 221 4203018 648980815
478 376 12478949 544048081
372 264 7297398 941193185
387 70 18166660 179974035
56 420 18499266 771520854
294 353 1665086 747084070
385 196 3873014 729262510
238 490 612357 231257174
120 374 793386 913919796
319 289 10713377 95130816
43 256 400265 938274184
118 151 22220224 586318494
444 390 5296614 377031361
442 465 17154080 122777475
210 283 346683 272254185
439 347 12545233 920405460
263 151 609056 640015248
70 340 196436 985336502
382 230 8141085 383243350
30 183 2586469 435527719
416 358 12088173 380181851
393 364 6880811 523284971
34 409 14088078 283206152
310 451 897419 6759982
473 403 384605 927669897
423 261 11252217 717089662
220 74 22737960 518090545
230 312 18306729 841290674
267 105 5745467 645738807
57 326 7728415 241899058
237 291 11481603 669222462
159 153 835837 285223075
220 363 3129201 993435472
192 321 364904 301745920
369 443 12823549 968698342
65 149 8200851 520702877
169 64 714303 227927085
498 199 7535946 323308711
113 204 25966658 200994996
202 450 980468 532814004
266 263 699077 521922159
421 472 8825705 931242122
262 126 19535027 462061560
57 7 677336 516504343
468 174 9233285 71831763
399 196 313216 203204745
69 115 16277584 4208891
324 477 366026 572453555
301 460 16152272 577755201
164 173 11024451 896733145
207 430 567801 109108355
111 398 15567048 233289457
418 481 3256853 893092798
296 151 200491 343317189
248 64 16240248 526955584
346 389 8463782 86329311
420 112 10046760 556745712
139 5 13545657 630483396
395 237 19091095 212146860
162 495 21496662 368066725
325 437 2545685 659172840
493 291 2455074 14735989
104 26 16823827 649850201
279 492 4446289 269571127
360 304 12039064 978760702
52 87 5687495 651828511
3 499 8869643 664976985
148 12 5450134 774174077
323 253 9341579 814248687
304 114 18729 868084171
92 147 144998 453383184
161 488 4195645 763636137
190 396 257432 592302484
400 251 847308 116282609
123 431 17309859 160254568
439 333 15230948 983834513
385 107 6967091 281417554
162 73 21575099 276063672
449 434 6585832 505180187
331 233 12436154 742814823
299 300 749098 80007084
138 416 763232 289999966
276 347 6070869 38003203
372 453 2695633 649618845
303 149 971298 561920248
465 163 480979 869633095
166 87 17229363 633480221
300 444 5885320 540340892
165 464 9813871 149472015
417 418 12834991 804443147
322 211 6478899 433789545
390 116 936089 671286900
437 434 10402647 211513573
69 321 18084719 234256215
255 247 469346 662959896
348 117 240667 837986033
101 126 339927 630579023
50 67 516965 792127872
414 449 12976397 353743649
464 141 13457020 893162250
293 117 18173354 396542227
223 482 6687667 716079107
28 270 24185027 836335437
108 9 8523697 621884429
415 458 10660935 169753337
342 153 14077714 695034090
248 495 11634295 118021751
264 15 4934897 868274451
134 50 555144 183926128
446 431 1055811 283220528
102 31 10578663 681319897
18 366 410928 872855741
145 418 5264112 591172180
444 152 577538 279074762
282 468 9473052 640266377
179 459 2424671 380746168
14 222 664558 430487621
496 394 469657 803587505
137 466 7801168 695612070
261 342 995471 373305906
54 229 783347 536311912
66 70 12735616 35478736
69 267 19498974 27475417
139 169 292397 744716757
28 1 5999220 868997580
314 212 8631155 770345078
98 308 248613 636540992
150 404 17088780 953017695
360 43 16135874 421657313
163 228 5910964 976512344
277 238 11238649 149897223
366 106 439185 680415647
92 171 13234259 100777669
462 63 5330221 857979797
355 215 9482662 995671913
260 373 3775323 314065638
220 428 5437971 190808342
85 454 655418 98048493
460 21 22512396 171747520
413 198 16685235 279271992
379 318 657266 873901832
332 302 335262 240389204
479 8 492405 399606842
192 492 604915 112064566
276 376 38674 410132572
13 409 4652898 834768605
215 466 13935624 737816669
133 223 374069 269474970
389 124 825540 163717058
15 373 493707 796905784
218 413 14804052 851086918
428 197 17584593 56089937
105 290 14577247 73413855
242 245 8177340 427726935
7 306 4932273 840066989
133 270 18255409 262208083
352 218 10630698 132217536
327 333 9843926 912954430
78 39 556044 930818794
207 406 9661588 250332156
235 273 116241 784041337
250 306 4825 624185393
189 266 18567112 958326140
436 375 17064066 747789954
239 277 11856889 248105116
286 301 8831110 153402009
498 343 12057701 847166619
323 415 1530486 507143786
48 325 21093096 857629885
81 493 273300 928549463
363 120 18209736 777126747
21 232 12971920 382359116
175 323 6207981 414966085
50 274 8198722 716984095
164 141 9281369 40054116
280 75 15964381 359256618
332 392 2264733 959176783
433 223 565476 721652056
270 230 24197075 941633464
305 45 570238 229293970
324 369 22227697 766463022
392 363 21143557 716397436
21 126 19768340 788461913
37 206 14102155 152283031
318 492 4286046 571810565
93 51 24662928 470226237
62 478 632913 771954106
165 331 8582920 160056512
321 415 6049783 438392448
424 92 10307180 456178549
8 151 17599154 461121592
91 61 5554793 766174164
91 374 18238076 948291343
82 166 21894511 570550967
466 422 10882965 795474365
454 5 18276160 684707934
98 365 9057978 170854605
310 448 540935 942740225
167 26 21691453 677979562
271 424 8840296 418260836
445 469 331420 969759057
118 407 19630099 70170278
452 226 842698 143082068
226 56 667297 716706570
75 433 361393 878800906
256 367 11083247 803678981
224 79 4731755 470541370
263 383 21409211 45696888
346 232 21063 413742246
267 161 986436 850097290
100 48 19398254 766149941
112 494 4602530 158801104
96 113 16606800 766113468
40 271 938013 357231456
276 208 14450352 342410872
427 226 22009451 528463290
378 165 8284886 844764619
109 156 9374 976870863
146 52 13147028 740110624
387 393 19417490 202907873
409 317 7593853 842861820
462 217 820151 807697278
462 335 13918849 816591788
97 486 338261 324883721
29 312 552310 915386017
84 296 3711740 858850511
109 329 9598518 618265544
397 383 9927463 937672174
468 413 219416 870655517
375 383 992715 616292501
392 35 19947671 157468199
442 499 7321589 391943386
31 470 8968506 483060102
77 253 10650187 680102167
191 9 613112 794839626
203 500 19031113 40383243
306 272 10538255 637656180
462 235 15618817 236851684
360 159 68996 199278408
68 406 498645 365825206
462 2 10724659 613041689
175 200 491427 849100234
16 467 4057500 817191506
174 122 10054394 434090332
262 249 690164 108210504
95 13 7799900 657481739
395 307 12877979 759542592
110 260 10411996 423569154
484 336 329968 940450236
357 135 18216704 21643715
343 287 9569951 124159168
465 98 6985962 302291867
68 13 12684635 935772937
209 184 14197730 407064334
485 343 3827101 749002110
385 452 4026730 897952811
354 122 7885223 378967055
266 436 5237729 84267839
82 348 20222077 374512829
401 256 8192495 135317419
256 158 9957699 940064442
353 425 8225591 338335045
99 287 819283 572330445
385 358 8365508 840668154
90 383 22280936 766319000
446 348 836243 196605904
453 365 9389354 86991262
172 341 10657529 967773490
344 481 7786844 941894039
356 67 8360037 197360249
153 32 17957801 932479743
227 207 6664559 471426807
431 61 134147 639095855
84 216 512751 439668468
339 492 4331980 460449979
24 332 3218239 643047978
437 182 512629 485732414
140 153 991531 872935402
238 500 8701410 445012098
282 352 5080282 18609741
9 91 9955 62712813
239 93 13049964 870045942
400 394 717628 93991558
23 391 3774195 916421303
159 403 156895 353566707
491 290 10976312 504530855
479 438 5451294 848688323
40 168 902141 846246381
499 230 8238823 843257537
215 426 6194926 732255460
284 385 632858 48526074
414 233 11785 881443007
296 194 1584820 465155911
351 144 13899479 642843841
41 53 22680330 397668624
256 233 5275818 293763242
223 40 11753507 26747248
174 101 19408113 698177547
465 137 19936872 241844188
81 32 9117008 935849628
278 267 981821 329425925
303 371 16174548 474115434
345 343 15487606 249939390
414 348 1433842 181463635
94 73 24202582 264327546
410 114 532051 552224452
38 431 16293800 819452865
381 331 18200552 972458051
75 481 940128 586016081
177 88 5234792 843796953
65 418 170120 972197103
317 494 10055141 321687336
195 89 4247979 938601663
134 184 761080 372547047
208 481 11029596 551421360
224 327 17716356 75550156
260 6 14718852 188580325
318 336 2267666 781377717
214 308 7900561 455646574
40 4 345809 489066843
415 453 9658375 761527268
250 280 30054 175309975
80 444 3614118 390211440
76 88 4868120 351096115
139 318 9126849 487990650
219 372 12608351 914342601
313 5 11718826 945085855
176 401 8851262 414704532
1 186 2463336 198427079
277 29 21951180 919303104
454 192 5359409 135270224
104 20 951395 565013725
271 283 12632689 659769389
330 203 11991453 302836541
102 78 3989902 426712182
489 314 14761 738330337
218 464 4793338 230406175
223 496 18078133 69945692
329 483 16938322 434732012
175 377 123311 453723454
246 463 12807256 857058182
44 122 5965337 481134937
289 144 5209906 203099153
88 462 9775924 669238305
418 450 5580825 510832138
211 424 3871439 96592013
296 391 13553186 852167746
376 230 241170 88455874
247 96 302364 175170938
106 249 14579172 400533315
488 281 18718146 705681225
344 52 890747 777156887
386 336 8609823 607841384
274 279 12648779 693138015
294 67 11864719 389621193
132 285 185059 946060043
351 113 5374361 94313382
79 401 3259448 117686987
124 13 15469017 80740624
187 111 12004638 209204425
202 477 15669787 62725903
150 380 17430152 440994964
270 174 26081995 92610260
365 315 3772934 965341416
385 213 189855 977712847
395 158 2260022 217902625
389 196 12990388 733262404
477 178 7167970 437699712
164 276 852750 137170962
240 367 17205237 697053547
393 88 5782184 968031913
121 488 486524 893337030
291 346 258930 439149975
297 306 487739 47475198
409 207 822502 966749115
465 402 10194127 691576789
327 445 14685014 515490949
129 59 19063206 75873678
361 277 4771581 213650191
64 285 10155549 205417583
35 401 284654 982231797
364 254 11168573 424532559
388 382 3197244 354989536
400 274 13127908 432729283
407 65 10196298 699642002
229 187 21050298 233176189
253 29 8198265 920353832
320 414 13512205 160215410
203 343 6567584 935075901
366 283 747154 641797918
269 379 12308191 673148580
103 432 997960 138889919
293 329 18279580 218723207
437 3 2383111 420383592
379 112 13293989 983848506
290 214 19701085 250644509
148 105 20574478 479594576
376 166 17884265 137360582
204 454 17149043 135898014
19 290 6384637 409931841
369 225 21716491 179173538
374 7 15090646 74386666
212 454 3090442 201921878
65 97 6875920 874367912
188 101 2555512 992587828
297 449 19024857 183249770
53 333 19610287 171142415
438 125 15729474 317543487
217 139 8918065 77787510
343 69 8461470 555818036
304 367 12652850 353262297
284 141 12445018 609728311
409 164 17067564 945709371
367 441 10370877 290328545
363 51 949551 200868597
13 90 2863835 593148205
135 314 6381058 92459193
454 66 12528295 937174282
108 46 910013 862543908
419 206 17014258 947544690
437 127 345562 244784090
495 452 594128 602118698
56 398 787163 973072516
45 434 8409154 734770687
269 460 630452 541368317
254 298 2700511 513219818
32 407 3987400 944516760
202 446 12733018 368303015
124 193 9587983 807049782
276 317 17099735 857662698
328 480 693057 485195629
73 348 18070361 188788143
40 311 715929 472297395
500 318 6886315 833790077
113 417 22178200 56273676
72 312 896595 262298210
292 248 909731 249140706
222 107 8137787 845656208
277 410 15633646 548768369
242 41 4398503 802729313
41 299 276747 381198864
134 311 20909838 626200060
437 14 9939372 81881146
115 116 724426 396682253
99 207 6293133 465414367
330 122 552922 430091805
32 348 589086 806431096
183 7 12685899 185635071
27 427 816518 702883999
69 90 533672 391569815
172 304 3494557 1209842
287 450 19575306 902287956
156 390 13335354 490628448
418 473 8105474 381241238
138 470 744889 413169020
245 303 3124542 308956018
232 176 7357165 565401124
401 198 84649 569024068
274 197 12782441 927516848
233 64 3202122 55553832
493 388 3234582 105101673
368 361 807402 278055826
196 494 19747025 950293785
312 89 988687 768575709
328 407 20944073 862776632
290 218 285554 211181462
386 403 14348826 725153604
354 274 646750 993275168
497 241 8562180 135362074
282 486 9655055 58085311
2 281 6544381 216857614
37 100 7923013 27135976
65 251 14823804 307575202
1 352 660177 240340581
441 56 18311294 720393986
486 205 14389183 718016443
92 130 5960518 124175040
154 98 16064393 732914584
440 16 1669408 290560144
273 222 14622073 908805980
112 101 3612331 153106911
218 177 19981675 755672503
393 472 470178 647435237
63 246 10256478 674473921
272 253 619149 666174645
259 240 11704298 779742288
48 161 17913929 862602012
250 167 5797819 136109565
152 372 336773 155093972
130 374 14457890 152274655
188 29 366810 600402868
353 142 795936 5788371
5 270 170704 425508891
149 482 7347514 584463607
291 270 14090222 221021334
85 449 6622347 961424066
74 308 689415 709548025
81 444 6311895 376015686
61 469 486158 799453362
332 114 12379443 669021060
80 370 14859517 576352917
94 454 16493603 617728287
94 31 18431879 218401643
3 475 19981273 171377755
244 497 16984 199442583
135 166 540861 527760522
360 272 16249640 249467730
414 208 288963 424237368
454 47 8324729 851534697
324 65 12132220 99022381
327 361 893704 510540486
243 467 14100632 523788177
108 316 6108116 428034015
327 286 3114930 331903321
105 16 719179 708285306
26 70 10049617 372403463
497 113 7757747 38877090
337 341 6800142 498680902
408 361 11354702 293317705
125 98 21728103 691854021
271 494 21237727 15249939
257 183 18271076 428031220
320 104 13484268 543643126
245 171 837930 211381196
220 69 437997 274008518
25 137 53131 631418507
451 68 9211540 784283057
217 422 510726 958325167
224 306 5363724 822455249
444 186 5115850 996284277
326 17 17633160 787722345
358 363 18376142 160539606
2 13 8360879 131859573
44 437 13671226 394812074
231 71 16741752 861983312
84 356 531690 865665148
149 414 15906033 423138384
362 54 6358109 439118607
265 100 21535693 995486701
295 330 7361687 870052300
374 425 12468499 741445604
218 25 6923652 284491876
140 59 428832 153706106
470 252 5992586 967595376
193 321 499592 696242372
16 320 902321 1187137
500 326 16783908 524141583
339 10 23042286 153880138
198 148 4958398 424082158
233 485 704784 500575460
161 500 439589 903813929
393 412 2127856 330294937
441 394 12708577 414679701
70 47 404712 974165695
29 150 9296728 370556008
307 37 7279633 439172870
392 42 16000458 964760510
341 370 19600560 591188057
409 163 19743393 612093834
165 101 8487197 176568504
244 171 754977 863975455
136 42 9978134 789970595
166 413 16947698 578621704
178 128 13277265 945703420
498 374 345861 117924601
156 238 13133580 634469526
323 223 1729038 146551049
321 48 15513238 551328791
367 305 10355659 693612427
210 459 4727450 573725701
388 500 10239015 183320304
290 323 9989312 341684079
404 475 19721160 819357395
227 295 940304 285212453
310 393 9192576 367091174
460 125 808943 999998751
138 16 9967685 291371002
297 21 23652693 874661191
443 217 2448564 12270550
110 219 17376230 82382815
116 481 5583771 241409811
410 491 7250474 343672894
288 363 6653553 853119695
435 416 184126 37922477
295 305 534813 812225882
426 115 9435365 157934483
317 294 11198074 106104947
193 349 19147633 361033641
251 220 7783147 517516626
148 273 8851112 213073703
87 152 139574 773797218
402 92 19971204 356744724
1 337 872785 483114234
375 286 877398 321333136
227 390 9033721 92824454
166 109 953573 270660565
223 244 5241794 592600937
324 158 793272 442673183
374 485 13723917 747741282
377 413 314250 798456681
283 12 7470736 181818717
317 173 7617418 29054683
325 436 18906750 710856547
415 195 15799872 945104043
275 342 358858 612565774
222 68 1462194 427504012
494 42 6960624 449814351
68 129 11215206 351819277
165 2 7408709 342626879
59 465 431679 490400759
339 24 918911 357072995
119 481 14931 877066951
115 402 12770316 44586853
168 111 16447030 554711625
53 54 5865499 366543573
234 53 3447533 166332552
456 226 19093541 846480619
228 130 19153692 663281740
434 98 9620432 227378145
451 441 16478657 529481279
43 216 6419867 853873720
119 59 12751718 484192025
326 115 12136493 237209895
117 275 3890526 617222076
114 103 8488852 383692033
159 483 3444673 612008186
261 304 5971948 815497057
414 22 728113 592977978
135 89 266532 151774664
454 319 207812 632982822
179 153 7231752 782912816
302 163 11590148 704043004
286 278 4182138 261702990
10 165 15935629 47628543
146 340 14584037 481610567
382 439 8540981 333246149
31 34 1746763 411450735
25 3 17853067 27988585
365 95 8689924 479859959
228 368 175387 238091506
247 415 7812291 200688664
444 327 2420682 388011034
491 214 12244021 862376433
314 21 16135478 821949412
199 25 13014555 362268684
364 449 544269 443557599
218 376 15740619 139530083
270 305 13714361 588443903
384 87 18881830 961563850
61 208 35102 149578985
5 7 8720172 868807306
416 247 438248 948972643
83 12 3229090 203402688
222 378 10720333 919287255
130 456 836347 468229715
155 214 20175307 159291123
326 257 12636256 409385699
241 125 24266694 99160312
112 418 13665455 698066757
189 105 593431 491556686
381 343 8886715 862633199
159 173 10531422 567580135
163 293 2896993 872928220
119 190 10795423 549957293
185 274 6569207 144198213
124 322 8517208 538535442
451 480 13582338 491742869
329 3 17430714 95134664
490 322 5902304 65248824
262 229 23722516 898840145
257 322 19831073 772202090
484 70 8839373 818495494
262 63 13402028 439210057
96 105 12190708 618448457
322 34 449981 119332657
153 182 345710 34154843
351 61 14117091 431151477
464 230 18849867 907160250
344 215 362946 643407500
147 476 494961 194175660
114 39 7890072 13018866
442 26 16218929 848934311
382 438 2113378 749855829
64 323 8173531 377786245
38 119 11880200 422919232
241 146 18400576 427613113
388 136 110269 64768545
227 259 6329837 541693249
466 302 16947163 30731585
357 125 21368395 600388146
350 466 13755521 118624521
174 227 16671669 489443650
471 22 18666546 659895142
19 150 6835367 785497736
412 453 111814 814906340
438 259 10330643 118996594
231 58 4566410 453646965
10 261 12805096 890798456
283 396 10473258 156867677
181 498 17086685 376795707
206 403 16322238 325360604
266 345 20736010 312861136
447 330 10612007 844194980
250 367 263318 906174214
406 49 762128 273756908
74 21 655208 850203308
284 355 416233 298519730
239 172 231122 908621534
279 305 11496602 586326613
264 462 1749581 871454434
226 253 17407103 309684190
189 196 8001100 276800277
32 202 14158347 537544867
401 228 20631612 802283703
194 314 8536457 573033517
478 375 14171915 46206984
31 368 6661947 987523004
230 258 16921323 193337443
57 370 159108 258239741
238 162 14002937 924778176
423 109 16173754 144462467
279 197 133662 617163586
166 13 71123 118165301
347 97 1819420 455381154
415 344 5721295 435323910
346 309 96058 326150416
402 311 264280 773805867
461 199 6246362 997690965
268 375 19080797 881295905
219 454 7215605 318747006
415 186 4787229 327655399
47 299 12144762 427228198
175 250 18959757 508100655
483 404 232279 890546786
26 40 3068723 199324632
314 307 8712038 73248650
137 150 451043 639804451
100 196 808559 38505649
132 464 14368795 297693206
384 98 20769740 497046635
346 143 7418256 234406055
229 279 19555725 609565077
182 481 11662134 560957429
255 96 771710 755578813
319 67 11746793 679931864
95 345 16999575 878250635
379 361 8689881 959772488
381 349 138077 21000056
151 282 15903819 282521279
94 151 7522894 868231253
476 316 2423023 447784704
290 407 716288 293933485
354 491 8526028 941903781
441 230 15856504 63722815
118 414 17665627 470619445
488 289 19350894 250202966
78 169 4423761 480870330
407 250 7520368 638755674
460 305 9444608 566390998
160 468 23865400 258116915
236 194 11312541 250727104
358 176 16132006 831599982
264 142 945616 367801749
148 486 21488256 753025642
390 283 4597880 460436628
216 77 5761205 735970502
100 73 17722 466269268
89 12 503602 224847478
165 109 10043012 402851076
217 209 16202722 870912361
119 74 12345507 620003585
452 399 806336 365850141
279 16 594245 376263492
418 238 662411 668425559
102 247 2030062 283304192
182 17 142730 194397187
268 269 4800857 289629546
37 215 993501 109047089
186 391 4332317 877876085
430 414 85196 983906771
316 12 22617 571671790
31 337 985140 589964854
96 64 570758 330750574
170 482 3878344 23452698
352 212 431842 754830740
287 434 16005862 52262219
74 335 21568761 697263239
187 299 5273873 217744524
326 150 489067 830751779
29 319 12559608 791179034
61 441 4227598 607671062
480 22 20400771 166902708
273 97 20784565 541175690
406 277 11182883 805997378
494 347 16999973 658342686
475 190 19730235 98439770
459 478 6749978 521250736
300 207 19944292 436532256
473 415 8956538 153015955
337 132 657411 178282859
217 9 13719645 690717369
379 455 9673379 577949982
311 100 8761729 846383698
417 380 20164283 215486728
268 292 20327418 792633756
395 100 19315983 429322328
69 412 21581497 919800138
197 491 7128911 178849178
29 234 344033 722978396
408 239 888752 404536932
156 142 12037727 285433326
343 377 12923386 28435085
462 231 5386262 232840511
332 441 16226493 253416057
9 421 14293259 859196376
480 177 8631623 597884700
77 281 4940957 295634019
216 6 107290 862815800
191 354 10895667 558900577
280 359 16826532 383662554
412 98 219562 565155400
34 146 12463567 265548891
352 307 3911853 513843216
379 59 9324756 903291636
423 80 174130 821615156
191 195 693067 180069921
96 146 1594071 132014018
253 224 6248084 962867566
5 11 12547584 113374621
23 114 7903400 421126705
356 374 14582386 280935178
208 154 342359 849836481
415 279 6520131 894514063
13 441 7729062 136478700
132 255 9566714 204677676
349 100 22533057 805139174
355 344 9845608 840250538
285 460 15631309 105922456
266 101 2993440 428373863
90 405 158201 952725705
436 167 5432800 825675113
394 22 7428801 719614129
112 250 292387 763535788
352 58 889967 637426428
493 342 5510221 870692353
465 234 21970828 625109966
328 220 24768536 481110665
94 290 8814247 571747516
2 226 18232198 310568177
187 99 20338838 959929799
386 255 64268 200959747
150 55 11940602 27610164
39 454 10002705 521201978
375 111 13776891 73983121
5 402 28567782 61716508
316 21 20429335 271198555
299 175 10214426 269007732
4 236 12667667 365317862
160 296 9961884 429890745
210 255 4043561 150816215
278 102 14842704 521621542
118 110 2151912 891825782
95 213 19220894 778844975
27 387 4911710 824515728
187 17 4310065 933739116
27 143 16457913 915756732
484 313 16814868 689385986
195 256 11810895 679333338
267 99 19788172 437076299
334 56 20617393 988033739
282 476 12741223 210062012
472 162 20648717 29737478
362 105 15263975 873817407
57 134 8473524 492670983
158 450 17809553 702345321
202 10 22087885 538354073
419 392 786604 830255710
439 152 13465560 990792183
92 356 822996 350601684
149 455 17548932 513808990
400 101 5788108 577835227
17 70 9621166 575955637
351 499 7660820 87373134
277 95 19019483 219359427
15 149 6132186 699579621
28 210 10685543 658557643
459 133 28475 376838686
194 201 8963182 886480728
5 152 23332133 379099045
92 469 1562265 908393717
166 8 16150833 277434500
67 440 15541069 334520374
363 411 8926547 703316824
50 341 19190918 525047518
315 275 9227652 351685102
328 393 8347966 268768204
209 148 478345 644286022
271 341 620122 129264180
143 424 3610988 564744562
388 443 168708 738890410
151 405 104468 742958611
330 113 10342548 928040582
70 302 124401 445393722
458 362 526987 139220948
394 428 5828576 276778345
225 12 586703 576416646
354 82 17586135 254520031
142 65 263322 530347934
408 169 5512365 895372023
209 256 12987793 818715346
223 378 11753285 61398455
179 1 304770 366780614
299 97 11391667 475780375
475 269 53583 679315243
365 459 2095999 364373949
254 416 615412 448725899
481 341 12062369 417798795
265 253 9275281 816988609
128 326 78116 261569989
457 499 7565218 491031224
164 42 14857968 119783313
467 217 3750922 325917097
363 83 615369 710647980
190 280 20984891 330455533
240 398 13710127 373739186
407 93 21268847 474422566
330 152 6580906 14036182
59 32 19378164 343917268
461 106 11714335 80389862
266 355 23816565 917512262
349 108 9197274 851516925
335 205 8524012 74501030
443 205 10579596 131916756
219 238 7352422 473675412
94 400 126777 679148508
384 491 14486871 968570931
223 330 1522311 230524587
372 332 7977802 598303183
121 206 18910076 343248548
84 147 146308 726655538
32 303 16957663 555210704
77 325 24605441 169329500
387 164 18829240 600827473
84 458 364577 833464094
98 345 80395 836396074
112 327 21090166 291001065
337 402 9338486 261492260
126 447 86501 728815494
436 414 593111 961322891
182 92 17032625 788246086
33 365 470902 931373930
212 147 10996950 5644621
406 480 12744241 922693240
158 146 8302588 826545752
477 66 23072131 640608512
486 105 4117424 160648508
243 126 900559 291003454
288 303 17179286 866565658
224 6 226310 779137615
34 490 6352285 21813150
178 163 26499262 370772956
281 103 313044 429534901
386 116 9295115 218264440
16 215 567537 453266338
228 369 624153 610514210
255 398 17289739 677605349
319 391 78370 40471605
350 13 15039643 310793224
51 246 19583923 488964419
483 482 4606212 716994223
30 55 645304 485501241
353 387 12001615 190008519
1 109 13067740 735950211
357 190 252348 395965936
30 202 7085403 794666763
335 494 682949 518685462
55 100 10923477 246736859
266 331 17068987 356164370
441 215 12879692 502457666
387 370 317433 120411916
435 221 3623912 40111873
486 84 15286189 622454246
230 396 122350 619123299
477 363 874634 468792617
420 326 184530 657487770
142 379 61976 776415778
452 445 14822311 274798791
311 274 18399532 365210189
353 187 7526134 801928603
42 247 706622 862435247
92 111 4301950 91957196
29 162 1098700 584687010
82 143 9128235 702664708
68 49 1260773 194164066
159 12 17901521 289055496
220 119 17122425 453925371
71 223 14169157 211620381
434 321 6343216 331040700
394 243 6450812 406225262
220 461 20985182 578093018
208 50 5979071 981813265
239 348 7688253 299788849
77 443 16725056 933144510
316 139 7022139 280444678
153 52 7499281 489192977
23 257 18581580 418721917
2 247 2866265 481312026
325 76 338734 477138076
410 368 15050109 44770040
265 67 11701895 850555118
298 280 9550016 694302501
391 488 10218335 932593270
329 1 10788626 943804680
443 141 806942 126103933
206 12 2412566 864331145
270 459 18226934 956119459
16 497 899628 179882666
80 231 84382 855520175
470 467 9311658 276227754
55 452 10268634 293637516
377 416 11648205 413549759
2 183 12028147 656850068
392 218 17697185 467897981
421 213 11428279 828607285
2 338 6539353 313573724
76 345 7931815 267120314
357 354 14449189 627424726
114 44 3692921 881566393
195 17 22970175 585416245
197 173 8770177 342690994
30 174 11854063 367222662
332 46 14047831 218489548
444 373 954483 75636993
82 107 7632470 773004670
466 320 15405482 845282664
108 118 17234323 303795748
119 143 7468114 198604513
154 80 11993171 210713695
118 298 17871759 908380643
49 312 13058289 997914718
55 40 12543633 179401465
415 5 18601630 137972326
289 129 285679 164442383
82 345 8067677 867039515
412 500 4992670 434500475
209 481 19042319 22065351
74 75 11390448 720639076
327 360 796617 38893245
179 175 4700740 705608965
420 329 755418 844349306
83 154 5655693 767846096
427 48 7982256 822428683
298 13 7141465 11714113
43 130 344708 529819326
493 229 13718976 876766566
275 149 14407732 603935346
325 475 22644933 640092273
445 342 715516 582722189
285 301 520963 658771771
39 427 6277964 16390583
433 8 3027519 830429510
57 9 5289571 795816714
192 90 17186143 509824260
251 356 6080320 991811039
305 43 5642279 358402052
66 4 953001 269042434
491 20 8748796 356994773
344 301 3888050 733416631
193 358 733767 102021623
210 439 4496981 706278339
416 463 460853 45468192
322 373 889602 661655488
85 200 6558384 564619203
384 432 4718902 822225552
3 223 9164533 481344253
239 167 11094100 355309885
348 350 13296086 337069543
463 442 785279 484382994
180 276 17726398 156600967
415 74 10265027 352543129
75 282 970791 713085650
135 198 278398 536636576
467 142 3240464 110042492
297 19 11184913 587214535
208 54 7423906 638145878
340 197 4616360 34894233
77 275 8507819 631642070
459 438 963350 708335922
275 259 2534292 417080041
377 232 8894859 161882402
229 154 6982918 879611131
36 54 773053 864905384
274 309 4711944 643619706
38 158 21177384 687068727
236 65 2314731 578326938
286 494 21285140 114180853
430 13 3262595 583370017
352 353 2495500 558385060
354 85 8380858 470019014
23 116 710885 81813260
343 94 10676595 987462255
498 131 22555085 518216278
482 265 18090009 109747555
44 11 76978 450882347
107 187 957483 856029940
168 450 12495629 658832098
156 187 18767925 29778487
418 222 16664 758924810
61 201 9164199 856661853
14 163 11414054 365336920
170 245 626670 694717233
134 252 650542 440445870
152 155 15705919 457692386
252 441 7200777 888243260
148 204 976088 206516718
363 258 3599420 121024992
472 214 7351088 173682960
150 126 7620955 764976099
99 158 946470 456594569
198 433 12860851 131346294
443 245 6306439 299984595
331 79 17353121 562516306
2 437 18218758 615586582
396 497 5154101 126221587
300 93 13080 78441012
45 72 9290848 434894632
196 410 13332584 546445029
271 242 797839 876730470
400 355 26611233 984203477
413 106 10359510 150490541
93 89 21603258 539206459
467 339 4537436 363686747
369 245 8405864 438844239
21 56 8266232 145019765
172 194 11206347 90553062
201 160 964428 232507015
290 478 5193116 151067194
118 175 9337856 236224909
226 406 9878235 57106593
354 19 94581 130728298
27 248 21194126 452513007
265 259 5883301 675626027
480 10 29625124 205106419
12 94 5770782 171712363
244 31 861424 949322279
258 7 181134 808247921
161 461 61775 308400051
165 137 8133120 72365810
404 76 7230289 819240926
15 350 95541 424946619
460 71 5027992 922470098
94 369 25893366 540535956
434 465 11396350 354653656
143 290 13319816 650278794
280 143 17657582 577965336
475 155 3967004 972660548
491 80 5730895 300596834
242 284 10042543 763059564
38 453 141345 272827794
474 333 1445250 734182869
286 378 19650076 233426092
432 192 15040782 871652294
281 476 958822 506076930
334 409 4618943 441981751
274 192 11813527 759726261
165 126 8147270 419759454
294 266 13482272 382766328
12 483 17960072 873124143
228 215 8013865 996655734
302 141 8743190 733931929
408 344 7039634 528402315
54 434 16681386 872027362
246 77 20517172 206923069
401 223 12380024 53289296
457 266 18990172 474008829
313 291 11880278 944244175
197 261 12476103 180581688
471 90 22755699 27750550
405 155 4294775 701372462
458 221 152894 708525414
293 17 75532 64082614
269 156 208488 204713911
450 75 7557310 578872207
459 33 2566901 280073278
228 157 8310728 707796137
362 133 11012405 312799509
457 245 4424115 260700639
478 11 745968 437262260
177 118 9872722 839743456
174 88 490260 851950146
84 364 13475476 250307753
90 272 9794800 330237578
386 361 15813256 92014416
48 457 17125011 574360523
473 196 169702 180682064
214 134 20407857 406686150
464 431 4288920 603936406
472 60 20833178 597929093
457 298 14551686 754653594
373 57 15212126 170810066
352 360 6682326 100676242
488 52 8921653 162519985
159 394 23255950 172153686
217 295 7306248 560598936
142 485 8685073 953268642
16 82 9666487 369485304
122 273 15290786 683353
200 334 16055878 459828724
486 340 490208 627166282
199 456 13098356 185532891
473 496 24267107 425359746
49 21 11437944 388302373
22 284 19483827 435107423
66 68 13107991 971294571
276 28 267796 824251010
212 397 379665 280642919
73 376 4602558 516187402
399 37 7427670 945319010
308 341 421208 268596651
51 110 24446718 182868484
123 127 361003 684998129
204 319 16941231 220988874
486 377 715669 264552452
454 381 14703723 291959129
39 398 19336277 575313588
275 452 14465653 55767265
424 179 242477 491001014
41 421 11934512 89223137
196 289 17803887 319603197
152 1 4975622 574494044
128 370 7965639 834834064
401 334 214982 246855921
221 160 8653635 72627843
265 384 158153 496443941
249 325 252555 985254964
109 262 21430769 505915915
290 48 4027641 220346321
142 493 601124 84327223
23 291 6000799 112111342
173 291 344692 124585825
447 338 721733 316665262
255 260 12084090 768443007
365 389 6164139 559604826
216 286 18904452 1165487
334 17 19566757 257065545
21 27 21990514 241956911
76 290 19900557 45589558
279 463 11786015 631450679
63 293 12529953 960159388
468 52 3902398 733467231
245 429 2883454 913973018
151 323 13295725 292615592
7 233 2095083 972442238
89 217 10777845 303983591
104 94 11252444 638238163
39 371 164648 474534896
144 23 10371428 908647740
250 35 4171246 293004132
41 395 21516130 328731112
170 348 13870705 578987352
130 317 909878 360033619
247 447 4394821 821200494
66 45 18400474 496573544
112 384 504766 769435598
430 215 12127543 403299251
406 221 10569410 15614717
204 270 956413 982015065
469 464 4640931 891381400
113 262 374235 212068393
82 174 5494242 389630773
459 406 40427 358802783
434 307 3790228 178375004
90 85 14400224 311560201
460 480 24580821 333632023
202 244 4101307 765941165
138 44 479787 63627836
425 274 16501 135495223
24 364 261219 416638272
243 341 19572482 545477518
213 328 666890 336954925
353 434 782003 144801438
350 491 5653364 266510880
107 393 3869474 384516240
470 145 11428508 482763860
88 69 21764757 784170449
223 178 17682930 879303310
331 124 132751 558571392
345 19 14983873 31838573
99 188 5249060 171805896
270 469 9988139 40238227
297 447 3970854 477769611
140 2 18351950 880548356
387 314 7052818 759376636
387 316 3350531 345022590
333 419 199050 350930146
411 272 5737145 144436888
273 125 7322803 694061569
198 363 2121985 906225920
349 21 23518493 651754293
493 336 2149548 987393128
280 219 9158413 9195649
209 458 6419939 665506906
25 341 18883906 726651729
61 21 17280168 481744026
184 427 11676769 824739324
22 206 338194 214361324
244 215 315107 665434938
243 195 4840760 388199935
239 81 839669 359237909
46 275 156984 379889791
49 290 11018903 680880838
38 347 7815272 632424766
159 407 17063508 210209644
239 236 337316 931239047
333 284 12772983 983606028
323 342 6883969 606300433
318 41 10131198 679212515
336 198 12360741 49168867
278 479 12729811 260377108
301 247 9803390 233056072
426 96 14745856 463391291
126 100 18782904 513742728
202 388 6800373 446760890
499 443 3652918 303402849
492 106 9491880 886495035
446 500 16171660 400640908
92 70 15681527 554148763
456 251 12636801 893430250
412 467 7678175 153123921
119 100 12015279 518574709
152 302 7305767 289368502
176 234 10106713 181601984
195 258 5737280 556625187
270 271 26478856 247370107
172 400 13924819 616818568
241 345 7829030 571673928
492 89 15272675 42722861
360 259 15348315 233342187
373 70 5649345 677303135
233 244 11739025 686785225
29 390 13106011 792492589
454 210 4605972 350106420
168 74 3570899 866743969
74 184 19665061 965260109
343 243 6002196 428542699
315 369 13116248 704619266
40 36 26146949 32076283
110 40 849212 668409531
137 66 21687720 9105866
131 494 9232619 593152497
149 300 13465696 103203663
24 470 10273599 457101171
246 267 4648918 665536561
225 387 3914617 429199147
323 65 509302 126241807
108 99 8923150 404671600
439 102 230800 2390390
472 293 5397032 939442838
178 94 665305 935804500
203 401 528590 480984994
489 301 9790115 664832694
71 494 780808 762206470
411 135 7082960 110612346
420 134 929639 924307058
396 91 20372237 439729911
309 483 10600269 171374841
287 61 6783484 748944411
194 247 7038029 273340694
32 183 12625529 724029829
51 229 993043 552397292
297 140 22974864 326535792
426 299 7614458 693993831
29 500 19413941 617622929
26 264 9828876 468015439
94 256 12830096 235026984
489 108 3399100 613160997
474 376 8601676 561035072
461 471 4838608 474155124
166 126 1115171 721417559
61 432 2995970 113954164
229 191 7607625 205535499
266 413 18486040 256527960
403 51 20614484 54624316
491 63 5759236 900836181
129 446 2305569 203282168
312 139 7484607 619778737
68 365 2554217 736024622
139 253 161348 91903763
353 372 7147718 222179629
293 262 872075 19301659
1 189 4914603 353568959
8 145 281261 537900368
280 15 17543735 117182789
303 243 17826399 548741339
187 98 2742673 262326695
454 93 12294907 922675855
226 92 17558694 53572435
422 379 1083160 516081117
258 338 546291 73434460
375 162 21409535 435276418
61 252 6039367 420067267
65 217 247136 661911702
110 103 20762110 936338789
216 485 2272668 320971582
124 119 958128 907476807
276 351 298159 987885805
389 13 16294557 892496621
102 344 12118140 661901451
173 63 598722 907570578
250 414 5555896 791246656
84 80 12983123 35409065
204 448 23506331 334009086
18 199 7301298 563842653
391 225 12187286 54334308
133 13 12254892 551458353
245 244 82953 969145775
79 197 18266543 940346876
51 422 14348241 502880117
471 279 9410930 327053733
232 154 5245695 707702186
148 54 110472 122222263
133 138 6435294 857076156
36 356 7396338 47463737
292 91 22948304 133735686
337 199 930791 334699598
222 319 301118 102026372
305 180 7523528 915793232
7 230 17102457 216003913
465 43 18892749 398193927
221 83 3873444 329592310
59 8 14462785 474243257
228 251 24295128 966520561
368 203 20984815 401923729
139 420 586214 226088505
412 183 10896152 319586655
229 314 10167239 585718950
187 87 575615 917113529
338 84 312525 445585529
156 228 21772373 169179243
148 128 12291312 800772354
18 78 4029290 313275539
142 399 8154950 49636533
243 135 326249 308714920
152 351 457643 718786285
364 434 6041563 40826638
482 321 439332 222647805
206 136 11778538 696478202
288 32 221623 427938439
266 194 76196 199279756
411 478 572613 603650502
308 159 4546696 836155576
115 5 20275266 698218601
28 483 150476 981716198
374 90 17824614 600032225
365 164 8639046 761264693
402 357 4587433 271765788
373 192 1095881 120944856
43 30 11992826 183875278
487 465 20710714 630693286
29 176 9762680 930865616
111 305 986537 991735705
356 431 2033250 798326181
88 426 529608 764320393
225 194 3512236 801751770
143 497 327408 365291548
4 147 19481802 634517959
322 107 4094295 70684595
95 104 936120 542615505
187 451 8608382 222570890
269 322 16440309 394100602
232 380 11098925 885188152
225 494 547599 671297105
263 359 15186123 593814838
481 486 9624392 669333612
217 406 529629 912505379
155 466 170871 584640063
328 333 12996870 244954737
126 291 7076413 334597915
291 283 244055 985685530
93 355 11664372 896069933
457 87 222467 457035619
139 2 986443 708270601
475 257 7402003 238021282
451 107 9565865 307094529
97 16 3736506 981466265
350 192 506633 257651483
477 135 968953 190866232
361 155 18442767 743244656
485 492 13690361 784788791
65 111 5537762 919300807
267 444 742061 289802739
11 209 10922724 360041566
287 86 2699431 840731174
433 206 11083345 550831230
24 245 360716 940940188
302 474 501433 150925546
7 126 1535659 806811724
253 43 505383 989475729
268 110 21698007 352464202
99 285 16363282 659300714
196 327 1576815 584768216
422 493 1622308 834474282
264 183 3053069 427829056
440 4 9367134 855181748
375 426 586744 939963633
485 312 4004139 891494334
382 217 579972 347311350
28 195 21553973 211339528
127 166 20245050 206078193
168 415 12457096 954527517
321 272 13953381 275063568
241 385 426732 8789765
54 453 23477316 685474266
360 267 882004 592921280
268 56 20083791 15898138
111 328 16285537 690904112
489 378 6132127 974293182
423 260 941558 432791591
369 180 21314386 765101631
384 309 10026037 918816962
132 363 14947089 922190665
368 385 595093 126885208
330 264 379719 796576142
172 289 8479182 522567781
89 181 22661089 199091887
17 411 14696886 194514203
159 269 19376747 186687527
260 478 10756423 748953397
308 47 9862175 884224507
114 63 959187 116464275
118 271 364687 763090879
264 464 12744828 761376097
279 231 1773806 587200939
33 184 10968679 68642634
468 429 632809 946571506
57 411 7278179 950497964
52 281 14656941 637136538
214 209 26176661 316087497
364 468 2151148 670604383
423 157 225305 250946355
286 459 10460363 895944880
434 270 18724359 350394672
73 190 5223510 326896445
336 323 775800 338530005
336 88 9993739 175217978
104 441 865282 554010765
450 10 23068353 755796758
322 179 3459477 319626274
155 216 166307 303516132
340 434 8342484 309824517
124 320 9866815 648450230
119 137 13483447 29773447
433 70 9009515 902466758
367 248 22627059 905929548
443 384 15191997 720483655
114 497 8734519 481842266
240 315 660070 763263418
407 48 4743929 880930070
160 10 147904 314260328
250 232 10748195 925098543
12 251 4796697 134076009
300 22 20019408 940655830
315 327 10615602 337370227
152 194 18704327 777383209
149 211 10222334 204200980
174 311 9047011 786643379
41 156 22888167 769039501
54 330 15669344 922926403
98 197 7617156 447065363
104 103 5360326 390178419
263 324 45147 539284700
281 338 5028 901951896
404 329 17170601 603634829
140 7 19009702 201452081
92 163 19019936 1629345
385 214 330045 445174431
350 322 300354 922757677
274 367 11507836 745634348
448 13 18462227 749315698
294 346 4184278 893910150
455 129 65071 420656012
264 192 5345989 674187517
186 467 262259 295793363
191 41 24672739 569486896
307 433 163755 47560367
179 109 13372510 746357272
474 14 8701479 493905544
141 336 109384 232330160
198 350 14706057 586221243
274 3 15094629 66260507
177 3 4608944 940118145
428 312 959232 644304653
455 301 12887008 898976806
277 177 907745 358909997
173 34 8044965 658749130
454 277 11101832 724800838
45 372 13182997 746340991
236 166 9698003 494650241
390 318 578385 340037926
443 287 16892673 451733887
41 212 10903072 431846106
8 498 383070 750205203
466 349 5720841 947994955
177 422 12071725 935735478
371 268 3849655 447492073
352 369 9979589 568256913
260 292 7152653 288207843
337 301 1363433 89670977
403 109 19315780 878309792
314 219 243180 344985119
205 146 295354 436282219
314 288 6060194 614316181
15 35 15170901 677607754
183 433 585563 615645806
292 255 16746203 851495330
495 13 19735481 524967633
408 246 8859711 94024341
240 436 11979134 669126726
237 21 7186192 184604828
472 190 311196 825006319
186 21 9314108 816707054
131 5 544978 663541824
72 473 19824701 548355642
500 65 7868879 98113905
92 255 3538603 348490298
245 80 129582 361622932
431 221 2019031 25179835
393 378 18482038 666317072
200 347 150752 880369957
289 82 20781884 314683338
142 321 4765277 737106512
130 367 11027690 33387925
392 131 26628153 332699309
30 187 9648686 410733213
266 407 6609090 648712308
277 248 13187513 935492366
396 19 14033990 568769092
319 456 11006617 25766973
295 64 4503661 926613735
206 447 1687687 232856568
107 132 6432920 384899319
8 303 12042284 808270635
178 199 19042835 142065350
440 24 343095 179602501
415 418 851064 464342132
298 310 14950025 656116106
191 327 21680452 187611533
270 220 7898115 674057206
323 417 13174173 50677437
250 465 23342811 803971674
215 265 16959243 228882523
202 328 11353668 114825108
112 274 10952131 389879013
498 221 14222306 257112302
93 415 12620377 990914851
99 424 15195274 995957628
211 373 6767793 676732536
267 328 4831565 874573317
480 89 21971541 614170315
457 498 11070033 938050731
15 333 5975054 633694276
241 13 21726987 41822289
207 329 6191666 804577858
23 359 327477 719718518
359 254 9977027 880259120
55 451 9945992 859732627
12 487 121314 161734820
442 230 14386324 751596182
53 243 969722 314784296
6 268 946453 154550645
452 426 79743 994710744
401 139 7125499 499126680
358 327 6069309 177143625
464 387 593533 589076872
296 124 17046706 244013454
360 495 1528042 957079032
371 386 4090642 630064748
337 471 8057757 652126699
480 256 21178757 691429075
414 446 597599 230547834
119 223 1881928 998122134
359 346 6587206 364973685
