100 2000
4 42 348975699 999999999
63 93 992940322 1000000000
54 74 761238125 999999997
35 95 573560332 999999997
14 6 113944094 999999992
50 35 28170478 999999997
22 48 474743615 999999994
81 1 985085167 999999997
29 34 222070319 999999991
20 30 140342300 999999993
74 76 101712356 999999990
52 24 204338731 999999991
63 46 908041976 999999995
56 13 707216818 999999994
16 23 957087932 999999999
50 38 476024576 999999992
15 49 14729486 999999990
89 13 625831819 999999994
72 25 918295443 999999990
16 51 398710021 999999997
70 94 251159838 999999999
45 28 724125659 999999995
90 62 420323153 999999993
15 76 73174251 999999992
70 49 416831783 999999994
51 78 87242951 999999996
40 23 106108816 999999995
12 70 99845998 999999992
12 2 638531853 999999992
38 44 972420661 999999990
71 85 777234378 999999993
17 78 334416797 999999992
58 37 919718106 999999998
58 85 294014381 999999997
28 77 242958520 999999998
28 69 958030483 999999998
20 76 760522548 999999992
89 52 392328043 999999995
81 52 781626752 999999992
44 75 401818141 999999995
69 23 896060067 999999990
15 31 929714172 999999994
13 44 384792017 999999995
50 86 485299632 999999993
92 46 22881534 999999998
48 89 837456584 999999990
54 15 582941027 999999996
98 93 513273718 999999996
27 22 453092835 999999999
47 51 939082289 999999991
19 77 871462712 999999994
84 97 22253429 999999990
9 56 248857270 1000000000
20 57 318134094 999999994
18 45 363757340 999999998
74 64 64187903 999999990
89 2 173107913 999999995
71 75 323104594 999999998
2 20 743839433 999999998
78 31 247026994 999999994
56 99 480655847 999999998
21 34 255718864 999999999
86 20 36968938 999999996
41 1 712847900 999999994
36 49 376818273 999999991
31 29 784654940 1000000000
90 92 894410554 999999993
93 80 762484808 999999992
32 88 968435518 999999991
40 46 412718989 999999995
46 35 249825864 999999994
39 20 7515511 999999995
3 37 269675606 999999990
93 75 386123642 999999992
6 18 756990130 1000000000
63 14 791116985 999999994
54 8 119852581 999999997
84 40 811986116 999999992
30 31 737292648 999999997
40 22 460437697 999999990
95 34 30613355 999999992
85 2 372739033 999999990
20 34 342223933 999999995
28 20 631371717 999999995
2 30 878800084 999999997
68 90 981204514 999999991
97 5 207794939 1000000000
36 14 609782758 999999994
99 20 292114547 999999991
79 19 579180727 999999994
94 68 652213511 999999993
44 7 413056985 999999993
81 69 851446582 999999995
18 100 947410146 999999990
25 64 817556630 999999991
54 45 217813552 999999995
1 6 19335053 999999995
58 87 531722784 999999992
94 13 636775318 999999990
63 26 267734247 1000000000
17 38 477412 999999992
77 3 15354658 999999998
52 39 970726702 999999992
46 3 191151557 999999997
47 64 403295962 999999991
89 66 464036318 999999991
75 38 72070465 999999992
89 68 963661867 999999993
91 10 300782864 999999993
2 50 801625011 999999996
61 91 38748923 999999997
82 58 137600807 999999995
88 75 228247320 999999998
62 22 616661059 999999998
95 3 364258259 999999993
100 38 209157797 999999994
14 35 739739876 999999993
49 31 299906363 999999998
78 98 826351606 1000000000
32 10 595731834 999999998
45 41 485349722 999999994
91 36 755389512 999999998
53 51 812932296 999999995
99 81 875867836 999999992
95 4 90271138 999999994
69 84 678518979 999999992
64 35 258821077 999999999
48 12 682402939 999999999
37 82 190198216 999999990
99 100 786499121 999999999
60 20 846782801 999999997
79 25 5149392 999999999
76 2 18202331 999999990
41 48 855165989 1000000000
19 84 714891483 999999992
10 84 832447490 999999992
21 42 950429909 999999999
96 48 55304405 999999994
80 77 901813526 999999997
96 25 265137764 999999990
11 95 99101111 999999998
63 11 290946047 999999997
92 35 422035246 999999990
92 12 368685043 1000000000
4 20 544252489 999999998
44 82 606876373 999999997
98 91 77290518 1000000000
31 71 947726941 999999997
59 64 674569781 999999990
43 10 185320709 999999991
27 30 109473966 999999993
7 88 968699910 999999991
1 34 815211491 999999991
2 51 776102047 999999996
87 17 44784490 999999992
34 37 443634283 999999997
5 62 563681277 999999999
88 54 313367356 1000000000
20 38 264308233 1000000000
23 85 607771588 999999994
11 64 379083698 999999993
24 25 847170877 999999994
73 9 356603769 999999996
22 41 35559867 999999995
78 74 555228584 999999992
20 65 786424946 999999997
59 13 355308412 999999991
1 84 370861091 999999998
65 38 994287967 999999996
66 74 657807114 999999991
23 94 311110442 999999991
35 51 561313314 999999992
12 80 769752945 999999994
55 52 729195246 999999990
43 98 799546029 999999993
10 17 854363728 999999995
88 4 128512556 1000000000
94 42 228221072 999999993
24 48 272204292 999999994
66 55 439007310 999999994
11 30 57484175 999999994
6 31 823683063 999999991
12 6 912267135 999999995
41 86 715974285 999999993
44 22 569703607 999999993
79 12 750294361 999999992
57 38 453801952 1000000000
82 33 622917882 999999993
36 57 426665893 999999990
7 90 824408833 999999997
20 68 270079400 999999990
2 6 667822739 999999998
38 22 50500178 999999998
84 42 761973573 999999993
14 61 87778860 999999998
84 64 305865201 999999990
76 70 506077776 999999998
56 87 723022607 999999996
32 58 672780927 999999998
73 23 262487010 999999991
26 67 361358646 999999998
27 87 509319998 999999997
74 70 204493046 999999997
9 63 255849271 999999999
25 42 530819295 1000000000
56 33 134684768 999999995
12 91 105567258 999999994
36 50 940673385 999999998
19 17 826065654 999999993
96 17 687181729 999999996
58 44 405251131 999999998
67 99 221626663 999999993
67 38 325495956 999999995
60 45 566017102 999999996
33 60 4105602 999999992
52 94 531716932 999999995
44 70 984088853 999999997
25 5 117420183 999999999
60 25 33569962 999999998
95 76 723570391 999999997
12 13 849969624 999999991
36 46 730227336 999999994
59 96 874867387 999999999
11 52 49063515 999999994
9 4 16874531 999999990
23 99 615185022 999999997
43 27 484537369 999999996
17 60 110425370 999999997
23 74 321348751 999999999
75 15 85568915 999999999
1 65 238819606 999999992
74 26 857518083 999999994
91 79 360466463 999999996
75 90 993944282 999999992
60 59 7846277 999999999
76 39 624870188 999999995
8 83 847092448 999999998
69 2 951360851 999999997
40 11 835308117 999999992
82 43 153178308 999999996
79 90 326363641 999999991
47 4 579731610 999999992
91 100 695695109 999999991
94 2 681248840 999999999
69 11 529199684 999999992
46 84 13802316 999999992
54 14 798531214 999999995
45 11 386402181 999999993
39 51 839589370 999999997
7 54 519553858 999999997
83 76 103000577 999999990
86 21 489218526 999999993
15 60 622482544 999999995
76 45 799676143 999999994
16 15 336068745 999999998
19 4 191401662 999999996
9 58 19160834 1000000000
7 98 37759815 999999992
100 77 316566887 1000000000
32 35 328012716 999999990
59 65 506412919 999999992
24 57 977666823 999999996
54 11 399176049 999999993
69 96 763071714 999999990
10 86 494446331 999999993
69 54 490663405 999999992
3 34 845769230 999999992
60 43 534119450 999999999
31 43 604449831 999999994
81 66 642403477 999999992
45 2 502096621 999999998
98 1 918675901 999999994
87 36 266109807 999999997
13 11 607690565 999999998
91 65 974874616 1000000000
24 13 31026166 999999990
85 19 807693251 999999998
42 95 53812285 1000000000
14 65 366610661 999999996
16 81 879388272 999999998
20 91 7348593 999999995
21 98 670573506 999999990
60 84 457100355 999999996
39 46 189765571 999999990
88 71 886228619 999999995
6 9 391526097 999999993
82 26 152242506 999999997
65 26 182944512 999999997
52 26 225632944 1000000000
18 7 653905399 999999990
82 53 860753886 999999995
82 99 777302400 999999993
100 26 89652962 999999990
33 89 311705947 999999997
61 3 967827023 999999991
5 32 502975090 999999994
18 48 47998275 999999995
85 47 337562213 999999993
96 83 546057824 999999993
12 76 870772870 999999999
31 24 33988367 999999994
38 51 267247185 999999996
44 39 853229395 999999998
71 78 411084118 999999996
88 42 98979378 999999990
88 48 680567995 999999994
100 59 498533612 999999996
24 34 117553009 999999999
69 66 612714955 999999998
58 88 923179176 999999991
30 15 28648463 999999996
4 52 136913286 999999999
46 86 226292201 999999990
3 16 747261143 999999996
73 98 522973982 999999999
11 22 4977350 1000000000
39 100 677197257 999999993
38 61 471742622 999999997
53 16 433891786 999999991
53 33 842349571 999999997
10 49 262413407 999999992
40 18 526574639 999999998
5 45 497428253 999999998
38 15 219703377 999999996
56 23 95186446 999999994
33 1 806230228 999999999
93 89 600095464 999999997
11 89 667346680 999999990
9 22 292612266 999999995
54 100 388265196 999999990
42 16 514514687 999999990
89 45 156425970 999999994
77 98 904508299 999999999
97 63 988154811 999999992
24 21 613800974 999999993
39 62 448215741 999999998
52 12 664644781 999999999
4 56 535249151 999999997
91 67 182440035 999999993
2 65 253278743 1000000000
21 38 574349457 999999992
48 59 576613549 999999992
83 74 77561957 1000000000
91 24 37378909 999999994
27 63 237805037 999999995
74 28 135062072 1000000000
45 35 669765207 999999994
43 59 319351170 999999992
44 12 798310704 999999991
35 19 868951121 999999996
83 92 611485820 999999991
70 72 101471722 1000000000
37 42 975215801 999999998
74 4 347426545 999999995
16 57 425081211 999999998
89 63 172361837 999999998
26 30 740416853 999999993
87 10 73626700 999999998
84 92 851427011 999999996
64 48 157586556 999999993
85 97 971383375 999999996
13 8 815904689 999999994
15 96 766157032 1000000000
50 91 194149809 999999994
81 13 408955235 999999990
25 92 186214817 999999998
2 52 868182214 999999994
78 82 146623837 999999993
51 8 69967872 999999992
78 13 652180446 999999990
1 74 898772714 999999995
90 98 426198557 999999994
25 66 466111840 999999991
26 96 307846312 999999990
44 65 548980664 999999996
59 41 909762430 999999998
64 45 491714401 999999995
50 41 495417807 999999998
31 97 935617604 999999995
76 71 796981513 999999999
64 40 695871993 999999998
70 53 419666267 999999994
73 67 467982220 999999992
41 92 653271767 999999996
21 97 85406752 999999999
83 61 433683870 999999999
65 78 617850651 999999995
3 1 247280921 999999997
17 26 299310288 999999991
99 9 767568562 999999994
98 64 93014485 999999992
33 73 755542375 999999993
76 17 461155489 999999996
54 32 775254985 999999994
38 27 80511953 999999995
21 10 62671329 999999994
87 43 707271030 999999991
27 83 790963990 999999993
86 22 287342687 999999995
36 33 885087077 999999999
20 48 518870364 999999991
35 52 343824756 999999992
74 65 418976194 999999992
2 73 996931045 999999998
67 66 288534908 999999995
81 59 80003543 999999997
20 7 500215005 999999995
79 87 123532860 999999998
60 50 868374721 999999990
61 86 324556105 999999990
1 54 551750885 999999996
21 56 763238815 999999994
53 11 76315972 999999999
61 10 395541846 999999992
65 35 319988933 999999991
32 22 474544109 999999995
14 53 143067914 1000000000
97 17 251834297 999999991
57 2 741312203 1000000000
16 46 393974943 999999997
20 26 927111524 1000000000
38 34 309294521 999999995
53 28 411255967 999999991
70 18 514721588 999999997
72 43 885714130 999999999
20 92 105807085 999999991
12 7 606108205 999999995
71 21 718940402 999999999
41 91 789916422 999999991
49 17 952320734 999999997
47 94 30340494 1000000000
96 94 931032324 999999994
23 88 656165711 999999993
78 29 784893901 999999998
76 89 781348629 999999990
22 82 776470362 999999991
17 92 334382569 999999993
71 38 431967650 999999999
100 83 66498256 999999994
60 53 901060216 999999997
79 96 643525081 999999995
98 14 910126152 999999999
96 8 670614545 999999995
45 23 63668700 1000000000
35 87 47799953 999999995
31 72 311861222 999999999
20 45 335926676 999999994
66 59 16199148 999999995
1 73 359430108 999999991
84 21 169384879 999999991
27 100 438480049 999999996
66 35 198006275 999999999
19 89 705863439 999999996
14 64 420689846 1000000000
59 45 101083553 999999990
24 45 327074701 999999997
69 86 905479804 999999994
27 23 914728379 999999991
75 9 818004942 1000000000
84 96 886708 999999991
19 71 825201713 999999996
64 75 827522520 999999990
98 89 64946137 1000000000
55 18 191455563 999999995
41 37 657854349 999999998
56 74 712472153 999999999
32 71 856031714 999999994
42 11 293624005 999999992
32 1 374523789 999999997
82 45 142152775 999999997
65 53 841583091 999999992
46 83 109643715 999999990
17 15 816696078 999999998
14 70 169212841 999999990
76 24 440840834 999999998
55 68 967909979 1000000000
9 95 309665204 999999997
19 2 509093497 999999998
51 97 942622457 999999991
78 90 772368222 999999991
12 36 48279013 999999997
3 81 414096194 999999992
64 56 647515421 999999999
83 25 597603485 999999995
23 38 508788210 999999996
17 75 993124093 999999992
54 51 61668231 999999995
18 64 79572274 999999994
50 12 700443911 999999999
28 54 346029763 999999998
97 20 966144009 1000000000
70 80 359867250 999999998
99 46 567218373 999999993
50 5 205555914 999999992
97 2 105617779 999999995
87 54 461890586 1000000000
28 8 66192865 1000000000
64 78 661310573 999999990
52 68 75741121 999999990
28 61 773299275 999999997
21 41 967177898 999999997
34 51 418211308 999999996
2 7 86267191 999999997
75 20 300575375 1000000000
38 89 869485978 999999995
35 90 20422835 999999994
25 51 109118171 999999995
80 30 600710725 999999994
55 91 625393327 999999990
19 90 922907142 999999996
39 34 174666962 999999999
81 91 651596131 1000000000
25 94 506536718 999999999
11 5 245139651 999999998
83 53 883147059 999999993
19 51 999754011 1000000000
72 3 523989386 999999995
66 9 577546176 999999994
43 3 138815178 999999990
77 62 490201958 999999999
84 94 63140094 999999997
9 60 401662582 999999998
61 58 990069003 999999992
41 49 166251661 999999995
69 22 328457311 999999993
89 16 398878937 1000000000
8 46 958141586 999999998
96 18 757897829 999999995
30 96 284363222 1000000000
26 18 348358157 999999992
90 14 28984189 999999999
24 47 75180341 999999998
66 62 239752265 999999990
28 5 681258179 999999990
76 79 736091342 999999993
82 28 88232700 999999992
66 88 90039419 999999996
90 33 217211710 999999996
1 24 992731447 999999999
75 52 298512995 999999994
69 37 74646486 999999995
6 48 122706399 999999992
12 69 925872696 999999992
44 2 22529000 999999997
17 50 910470496 999999993
97 100 781575299 999999991
93 35 196546538 999999996
84 33 229615829 999999996
62 99 754241159 999999997
82 15 704703494 999999995
86 92 960797300 999999991
24 7 551535840 999999994
49 98 374309356 999999992
87 6 499317471 999999994
92 97 506627648 999999991
71 40 94010685 999999999
95 66 555760053 999999994
1 23 826675195 999999997
23 70 749618263 999999994
60 88 127939518 999999993
23 29 713473730 999999997
99 42 84832084 999999995
80 51 471808776 999999990
95 39 946117180 999999995
94 4 167846022 999999998
100 5 270975552 999999993
6 78 348809880 999999996
55 37 326005682 999999991
56 57 182577944 999999993
68 11 646949019 999999991
72 97 610852357 999999993
1 85 364258216 999999998
71 56 764133726 999999994
70 11 529379134 999999994
10 65 876543349 999999997
86 59 696638951 999999998
63 65 423324665 999999996
100 57 171347684 1000000000
94 66 150087523 999999992
36 55 864150427 999999999
10 25 436428639 999999995
43 56 159590868 1000000000
15 97 210197371 999999998
57 42 659606337 1000000000
46 41 493914654 999999990
63 58 343392748 999999990
84 37 60328678 999999992
46 29 442877827 999999990
22 70 817508946 999999993
3 5 412382508 1000000000
38 83 649195384 999999995
28 23 206586922 999999994
12 77 242336312 1000000000
69 19 105197982 999999995
6 58 227115121 999999994
63 36 719649232 999999995
33 45 247854841 1000000000
62 40 157324252 999999993
11 47 102149095 999999998
98 46 363149595 999999991
27 1 802644066 999999993
20 15 631092059 999999996
39 15 706179513 999999997
48 49 929089282 999999995
26 69 782968028 999999991
18 85 33147374 1000000000
25 57 443777106 999999997
84 44 3298131 999999999
77 87 177187497 999999992
6 29 113333001 999999997
89 4 434064952 999999993
90 83 664991171 999999992
29 19 459664565 999999997
12 27 913629415 999999997
30 90 842537939 999999994
60 66 32712712 999999998
12 23 584266718 999999997
38 69 591065335 1000000000
70 15 985488067 999999990
36 34 960909912 999999993
51 12 755214733 999999990
49 5 720545763 999999990
30 83 59705861 999999994
60 85 198407729 999999992
55 93 265178853 999999996
62 91 86451058 999999993
83 88 87402804 999999996
38 32 2031259 999999991
28 87 205480085 999999993
50 25 880585828 999999994
72 8 565569766 999999994
18 21 629923607 999999997
99 17 403307489 999999991
61 84 789656623 999999998
9 70 155028750 1000000000
32 30 4323390 999999994
97 64 569673531 999999996
27 46 240285876 999999997
1 78 912367 999999994
71 29 276723643 999999992
28 80 491081930 999999992
47 98 242207601 999999998
8 48 348630490 999999998
38 96 789223434 999999995
87 2 256580384 999999993
47 87 182340588 999999995
100 1 979482835 999999991
82 54 848963434 999999993
84 88 263606641 999999991
78 32 126609985 999999994
30 53 755151747 999999993
35 81 569819130 999999992
73 94 26215758 999999995
83 33 569146806 1000000000
33 70 650965617 999999996
19 37 325434250 999999991
26 50 214312273 999999994
58 79 484690672 999999992
10 29 136478098 999999994
45 51 240487960 999999998
6 22 534296624 999999992
35 68 968802794 999999998
89 95 57776311 999999997
84 59 18676169 999999995
81 75 58088611 999999991
48 54 593999924 1000000000
97 34 512987840 999999998
22 18 14039287 999999998
38 85 205979401 999999995
76 72 857283654 999999998
59 20 981020102 999999992
54 90 572119327 999999998
40 19 656633222 999999998
56 17 549719022 999999994
87 52 927666143 999999994
86 28 222066491 999999991
60 36 436469151 1000000000
88 15 225452013 999999990
67 56 329366857 999999996
69 61 896135616 999999991
8 25 273156080 999999999
21 89 239028489 999999990
37 62 760809502 999999995
89 90 286434787 999999997
45 95 494434430 999999996
83 91 444143462 999999990
95 14 313716844 999999991
36 56 583133339 999999999
77 95 873661283 999999995
58 47 303586287 999999993
7 79 276567309 999999991
25 21 327146695 1000000000
71 41 289365916 999999990
20 64 69313078 999999997
13 84 477564979 999999992
25 29 583297689 999999990
65 3 565474403 999999993
56 1 977028741 999999992
57 59 348196329 999999994
17 33 788389477 999999997
42 46 413986487 999999992
91 49 77582965 999999990
80 3 430418297 999999999
4 85 755936005 999999991
48 92 169762425 999999992
33 48 622642561 999999994
27 60 149318886 999999994
31 20 81763981 999999998
97 7 149331826 999999992
5 91 26996408 999999997
15 68 752678966 999999995
73 47 270359236 999999994
37 86 189783799 999999991
52 79 871130080 999999999
18 68 721686810 999999999
71 11 352918600 999999995
10 20 222869494 999999998
23 43 115331500 999999990
3 69 668387302 999999992
55 38 502507833 999999993
71 45 225299000 999999997
90 87 13009409 999999999
70 26 467998118 999999990
20 73 919519470 999999991
62 93 564910810 999999993
17 54 399236424 999999991
5 92 715119066 1000000000
41 66 655700693 1000000000
78 3 995410060 999999994
39 3 198753690 999999995
89 29 258021748 999999991
36 39 264425576 999999996
88 34 931565789 1000000000
71 50 480291288 999999994
58 83 351257060 999999996
15 71 639976966 999999992
42 83 954043703 999999996
24 35 71574899 999999992
48 94 225514022 999999991
1 28 728836478 999999990
1 48 195223243 999999992
52 54 410754165 999999995
1 4 320807155 1000000000
59 12 932994892 999999998
61 97 525476313 999999995
12 72 83721502 999999992
50 89 921377227 999999995
73 87 792786883 999999992
80 36 189639173 1000000000
11 65 339381872 999999997
1 96 111669995 999999999
49 7 404810474 999999993
45 31 634528348 999999996
30 78 86984294 999999996
61 66 771348818 999999996
60 21 540551777 999999993
12 18 946750274 999999992
88 98 521274728 999999992
10 56 658396593 999999992
67 79 509207641 999999999
33 40 481094152 999999996
32 8 53753802 999999990
85 31 27000849 999999994
90 76 146094248 999999992
70 45 919898181 999999991
2 40 33970614 999999996
5 1 479961389 999999991
93 28 965759305 999999992
21 66 858404663 999999996
2 26 526394252 999999996
90 31 904917353 999999990
33 25 90791949 999999997
51 18 400054153 999999991
60 55 557467659 999999995
72 13 140247008 1000000000
6 55 970714863 999999996
65 48 586954992 999999997
62 56 433920119 999999998
64 91 496958861 999999999
48 19 508192837 999999996
40 43 949545684 999999993
42 39 442796540 1000000000
46 90 575001177 999999991
77 52 909955118 999999992
40 60 177617292 1000000000
26 98 492564944 999999999
65 32 967170841 999999995
60 24 863788509 999999997
99 8 464984191 1000000000
8 62 8156313 999999994
10 62 115733039 1000000000
100 73 691267454 999999994
84 8 295847902 999999999
56 94 533313169 999999993
33 64 908191276 1000000000
84 54 828661150 999999993
28 12 389572549 999999995
6 42 904630734 999999990
56 8 431072328 999999993
37 63 474657552 999999995
60 80 544360844 999999992
53 5 129003477 999999990
81 51 194433425 999999995
68 62 38333876 999999998
61 77 116994104 999999995
23 82 536641828 1000000000
62 27 427382425 999999995
36 54 12436481 999999999
97 42 869355706 999999999
22 10 699537185 999999994
90 9 266203929 999999991
66 90 298227812 999999999
15 26 446483896 999999990
36 70 912318883 999999991
38 9 223644982 999999998
9 27 437969339 999999990
19 34 418540787 999999996
2 79 408506084 1000000000
62 25 608661341 999999990
43 16 622356330 1000000000
35 36 69177942 999999997
59 35 119467908 999999991
14 28 136538445 999999996
84 16 515043181 999999991
48 2 691493729 999999992
18 82 102286619 999999997
60 90 604202715 999999990
95 33 272297682 999999990
10 39 202677553 999999990
30 86 982610496 999999995
41 7 582517764 999999992
37 16 961973321 999999998
74 20 957162782 999999995
45 34 664474207 999999997
66 87 862085401 999999998
97 29 592816056 999999990
32 6 508565505 999999994
69 82 688702778 999999994
3 23 785682463 1000000000
20 84 528913983 999999996
45 58 394255406 999999994
60 4 222156335 999999996
51 86 401533677 999999998
13 76 24221631 999999994
99 80 430388235 999999990
59 87 66204941 999999994
19 73 273420962 1000000000
20 79 177311522 999999992
60 78 9904670 999999990
96 37 691372484 1000000000
62 24 433014762 999999990
99 35 227382502 999999991
3 57 420912197 999999994
39 66 250616027 999999999
70 99 364744458 1000000000
54 63 935739803 999999996
53 85 445827110 999999998
19 74 987355670 999999990
85 10 439536211 999999992
74 37 438432369 999999992
4 5 123119248 999999998
6 63 8325703 999999993
46 77 57809949 999999990
13 67 167781246 999999990
50 62 898448723 999999994
98 63 6801538 1000000000
27 79 246249890 999999999
61 60 414580524 999999995
84 50 998366099 999999993
89 94 105356669 999999991
91 82 385433041 999999992
11 90 379357723 999999991
79 66 242439516 999999995
73 53 800303120 999999997
69 33 56669302 999999995
94 90 356726347 1000000000
12 94 271491587 999999998
81 60 344420724 999999993
22 100 216220387 999999993
16 30 766152807 999999993
94 82 546352887 999999998
2 18 815985985 999999995
23 84 445698550 999999992
7 73 327034622 999999996
76 62 552595498 999999993
40 36 208237892 999999993
53 90 817039755 999999997
53 9 733955979 999999990
41 19 128123593 1000000000
35 6 337547006 999999998
44 94 453546633 999999995
20 35 660298283 999999991
10 70 282438810 999999991
96 5 459413283 999999998
72 40 667886936 999999997
67 80 512177465 999999992
67 98 668333997 999999993
17 14 335289618 999999997
7 14 118555004 999999993
58 90 442659324 999999992
70 42 445140277 999999994
19 7 951303507 999999998
24 90 814599714 999999992
33 11 342726698 999999999
87 71 484709279 999999995
6 99 916948122 999999998
100 72 980543962 999999993
12 64 707479839 1000000000
1 55 759477123 999999997
84 34 763749934 999999992
52 63 98601705 999999990
11 35 362316412 999999997
90 96 8425414 999999999
66 22 977536705 999999990
60 94 114082816 999999990
34 69 528590086 999999993
45 79 344363919 999999993
81 73 99158115 999999996
15 77 296291041 999999995
81 40 479842679 999999994
96 72 867384780 999999996
61 36 360025552 1000000000
68 95 108308040 999999992
17 21 989171943 999999997
17 3 420385078 999999992
47 30 919120426 999999991
78 4 5098974 999999996
23 30 50111984 999999996
62 16 623401658 999999990
91 87 974078826 999999997
24 51 70708309 999999999
11 20 477835189 999999990
63 67 838228436 999999999
32 56 813586570 999999995
76 53 151319965 999999997
69 91 424317229 1000000000
10 16 964948997 999999998
4 86 700989610 999999997
64 50 277918856 999999991
56 26 330004701 999999993
5 34 891099107 999999992
73 18 524553408 999999999
74 8 686467626 999999998
46 95 884120003 999999991
9 17 36739439 999999990
46 44 357634915 999999996
57 83 180114329 999999998
28 73 956669530 999999995
44 48 454552123 999999995
99 40 622055670 999999991
98 100 210148225 999999993
91 14 646800364 999999994
70 89 93532830 999999998
25 14 72651303 999999996
15 43 159956084 999999993
31 59 768257087 999999993
89 28 264162793 999999994
30 13 403339102 999999992
92 78 620276483 999999991
59 25 920949862 999999996
6 53 429564575 999999998
72 86 631827988 999999992
78 27 559388291 1000000000
16 40 572384869 999999994
61 19 755023015 999999993
55 85 565095548 999999995
73 11 501945733 999999992
79 97 221776716 999999997
30 85 496105403 999999990
53 100 279794487 999999990
62 12 697854295 999999996
28 32 716522044 999999993
94 61 853397960 999999990
11 100 772910799 999999999
88 17 868306353 999999997
66 45 227573814 999999991
31 36 954291359 999999991
96 82 243750893 999999999
73 46 211355069 999999993
17 27 27088837 999999990
22 56 39683536 999999996
81 98 381508267 999999994
45 52 829746601 999999991
47 79 479203000 999999995
26 19 325135333 999999997
97 91 85295079 1000000000
58 69 591716785 999999997
6 76 234603275 999999997
9 52 232221185 1000000000
82 68 1145290 999999999
73 5 791344772 999999993
77 36 918161749 1000000000
87 20 41628808 999999998
100 50 811633118 999999992
35 67 168953924 999999994
74 97 94685883 999999994
27 8 783848243 999999991
47 100 170331441 999999994
64 5 327705023 999999992
82 11 746842599 999999995
40 54 361526349 999999998
8 21 599621052 999999996
45 36 764210609 999999995
70 1 429735345 1000000000
4 100 96469106 999999995
43 41 72386179 999999990
52 49 732651048 999999991
94 58 681038575 999999993
95 61 231505493 999999999
14 27 66946612 999999992
90 91 611072232 999999990
34 48 115868353 999999992
55 20 610567787 999999998
22 58 296559071 999999999
77 79 900718643 999999999
9 31 289575941 999999997
97 41 47106295 999999998
42 38 496898977 999999991
88 45 429959159 999999998
39 31 599925660 999999992
65 8 782431265 999999993
99 54 887363175 999999999
10 88 572938489 999999994
39 83 568904766 1000000000
30 6 68763333 999999998
64 86 787661124 999999992
98 35 191331847 999999998
41 79 24938110 999999992
93 69 466672455 1000000000
52 73 262232485 999999990
66 68 97564304 1000000000
23 77 388014417 999999996
67 95 600068065 999999994
64 72 174176193 999999995
79 81 495806885 999999997
55 26 591766776 999999990
5 37 370409543 999999995
69 35 410162083 999999997
13 15 115185625 999999998
90 97 103131976 999999994
64 38 455367840 999999996
10 60 701869933 999999993
52 78 585802413 999999999
37 24 573577033 999999991
57 91 230974941 999999995
91 94 892240434 999999995
15 100 232378723 999999991
72 39 753456620 999999990
52 53 251883417 1000000000
11 59 662454983 999999990
65 46 463036164 1000000000
70 78 788713920 999999997
36 72 271643484 999999994
94 100 175228547 999999994
92 2 654301973 999999996
31 25 998293587 999999997
91 58 448173403 999999993
75 33 74072637 999999998
8 30 284294324 999999999
45 22 974173417 999999996
71 63 582328265 999999993
48 53 353895573 999999998
48 81 125462296 999999991
60 95 840240687 1000000000
75 48 554918620 999999990
25 90 311569162 999999994
12 57 568913549 999999993
20 96 221013328 999999998
41 89 331679945 1000000000
71 46 619620791 999999990
67 69 239412723 1000000000
84 38 258241060 1000000000
42 34 303830740 999999998
36 97 278036033 999999990
22 52 637617247 999999994
91 4 214686234 1000000000
35 96 639132413 999999995
60 34 829765381 999999995
94 64 233859097 999999991
15 83 921579356 999999990
92 10 528790469 999999999
59 58 157079382 999999993
8 100 719048131 999999993
75 23 765612850 999999999
93 78 942258904 999999995
11 39 966436828 999999990
97 27 134654643 999999990
45 8 141043755 1000000000
95 13 46718048 999999991
100 61 634798574 999999993
21 80 246044900 999999998
90 10 992067061 999999999
49 24 13900021 999999990
45 69 226527583 999999993
28 71 195969934 999999996
78 41 889296853 999999993
50 16 384396554 999999997
8 55 559582345 999999991
2 41 772643548 999999999
74 42 854352171 999999990
99 26 336571182 999999993
29 36 675765239 999999999
22 85 586925062 999999991
13 3 394511049 999999993
31 27 686259825 999999997
11 17 191960088 1000000000
62 54 464933440 999999996
39 41 182877314 999999995
16 29 874147826 999999990
43 30 579087935 999999990
23 62 260708709 999999995
91 72 338202690 999999998
35 2 232168837 999999999
68 60 444233193 999999997
29 81 674626596 999999993
97 62 833563773 999999996
50 27 405471378 999999994
23 54 441717291 999999996
47 69 758337770 999999997
16 67 267145356 999999992
96 31 888934060 999999992
68 32 81507120 999999999
93 38 312195073 999999999
76 88 951553617 999999996
11 41 50746770 999999994
55 31 722418508 999999995
85 81 778513183 999999997
17 61 178562079 1000000000
32 34 614754097 999999996
58 33 756000747 999999994
92 16 522208243 999999991
72 6 182021131 1000000000
59 70 484041113 999999996
10 19 216324430 999999991
60 83 46297117 999999996
6 92 828375874 999999992
33 22 460198 999999997
56 75 990714346 999999994
39 47 231490428 999999993
88 92 550413472 999999995
46 2 296585223 999999995
57 6 143212221 999999997
19 11 997318660 999999999
73 49 245790196 999999996
37 83 13153870 999999999
93 70 543705376 999999990
59 37 525049526 999999992
70 96 225446518 999999996
66 28 402529869 999999999
63 70 115846435 999999990
51 1 209544981 999999993
94 92 700370991 999999999
54 92 331722400 999999999
65 62 848351600 999999991
9 25 248373028 999999993
50 81 695826126 999999994
63 91 121928850 999999999
77 51 800465074 999999999
45 90 682964463 999999994
69 27 435781612 999999992
56 82 574654745 999999996
41 64 852750833 999999990
21 76 832585242 999999991
29 56 815983671 999999992
39 1 250961862 999999995
88 36 674735869 999999995
29 100 277373252 999999992
59 8 806546537 999999992
16 74 76958340 999999995
9 77 145549112 999999998
85 86 460633057 999999996
22 68 344475957 999999998
83 75 304334662 999999994
60 100 338340915 999999992
41 54 329019164 999999995
83 79 868714145 999999991
62 15 631934479 999999990
26 47 11697295 999999999
75 73 70008998 999999991
83 93 9979806 999999992
88 97 330895517 999999992
79 23 607490593 999999999
15 91 95622097 999999990
1 94 584780480 999999995
62 87 236053267 999999998
78 58 179875126 999999998
75 7 423479756 999999995
67 17 891092491 999999999
93 29 746788184 999999992
94 99 976371467 999999997
100 2 793106610 999999994
45 26 849933746 999999997
65 87 241863895 999999990
79 59 43060973 999999999
76 43 240106176 999999994
60 77 463522174 999999998
9 88 816272093 999999995
3 52 571806367 1000000000
50 47 215765361 999999991
60 86 977831580 1000000000
25 88 258272509 999999996
9 39 548575689 999999998
18 49 39705460 999999994
14 15 681217994 999999999
95 72 18614104 999999997
69 79 210964349 999999997
42 79 118345120 999999998
71 79 65392907 999999995
75 67 874302901 999999991
73 89 856277388 999999996
92 8 803793007 999999990
56 78 500847426 999999990
62 82 664620219 999999997
53 71 842849694 999999999
51 63 837908578 999999999
94 34 36223319 999999997
22 16 70115878 999999991
40 89 332465510 999999992
51 87 304099779 999999997
49 66 479323881 999999995
76 29 75424280 999999992
58 43 1210361 999999994
72 26 364408196 999999996
54 26 794544380 999999998
94 76 313106395 999999990
63 45 363540976 1000000000
76 59 541835714 999999991
87 1 632885410 1000000000
25 43 796670029 999999990
70 5 896937464 999999999
50 37 960990658 999999994
16 52 624787978 999999993
71 64 446301042 999999999
99 61 147296929 999999994
29 54 916403723 999999999
47 61 96015979 999999995
17 4 396173960 999999992
3 96 812945708 999999992
73 21 281037740 999999995
13 19 160179306 999999991
5 43 293197875 999999996
87 88 336163710 999999993
60 73 346834905 999999996
55 35 736112899 999999993
44 89 4969190 999999998
67 81 60717151 999999997
33 29 934225329 999999998
50 39 542788441 999999999
73 63 108902824 1000000000
63 29 929036362 999999991
57 89 653334432 999999998
22 1 9059938 999999996
82 19 345516466 1000000000
25 7 758798696 999999990
26 16 653864392 999999994
13 18 11530539 999999996
91 17 809562016 999999993
1 67 130391209 999999993
89 67 371308482 999999991
1 59 183075006 1000000000
8 33 316285170 999999993
49 27 893573700 999999990
97 39 456925490 999999993
87 46 273600739 999999992
80 84 21077719 999999992
67 54 671572419 1000000000
79 21 177921842 999999991
58 67 736838357 999999990
94 7 860214734 999999990
22 2 490599807 999999990
99 58 152438694 999999996
19 92 654929438 999999993
54 16 115063788 999999992
81 61 888430195 1000000000
18 77 505240159 999999995
73 74 459396901 999999999
33 85 324013730 999999999
52 50 898876325 999999997
23 49 217656655 999999992
76 66 669754107 999999996
64 88 370136034 999999992
81 6 982571911 999999998
95 27 350865953 999999997
58 75 819536035 999999991
30 25 160615218 999999999
44 23 625607081 999999992
9 3 881371093 999999995
42 77 345009212 999999993
13 96 187614920 999999992
72 88 669409384 999999995
83 9 655413902 999999997
24 50 452234647 999999991
69 100 74756622 999999999
27 61 773672268 999999990
100 41 676682989 999999999
4 31 770960037 999999994
11 46 11947813 999999995
74 52 343993073 999999992
81 47 193578983 1000000000
81 87 675942161 999999999
100 80 936593310 999999991
65 92 713794104 999999994
34 8 684997456 1000000000
24 70 28121102 999999999
32 16 961451258 999999993
31 35 865263141 999999998
91 31 126003421 999999991
16 75 756944951 999999990
4 96 400067611 999999995
28 59 405738780 999999995
98 6 346307644 999999990
97 66 999462391 999999990
39 33 611692787 999999996
82 81 226189952 999999991
60 87 707165933 999999998
5 67 52180336 999999999
49 90 927349261 999999999
68 4 338108572 999999992
35 77 877464607 999999995
54 97 970244174 999999999
56 46 921245576 999999992
70 39 387695774 999999999
47 12 105722906 999999998
62 2 590525321 999999996
92 37 340081974 999999997
49 87 998160593 999999994
26 53 890001566 999999990
72 57 807136196 999999998
63 43 958785566 999999991
40 70 556912730 999999998
28 17 796981156 999999991
64 92 409198551 1000000000
41 4 970522432 999999994
54 59 259721572 999999996
73 40 573844476 999999991
37 48 974065490 999999997
88 100 749733991 999999991
70 98 613947053 999999997
52 20 987551287 999999995
21 2 976760590 999999998
74 3 566703132 999999994
43 1 662368822 999999998
53 42 57883298 999999995
42 62 108386330 999999994
23 24 387319110 999999993
42 91 729818590 999999992
28 75 998152049 999999991
12 31 482526066 1000000000
47 9 6954428 999999997
60 5 900162615 1000000000
33 49 872850258 999999998
62 21 197238254 1000000000
20 71 69389291 999999993
52 40 740498069 999999993
67 24 547267269 999999992
34 85 909766294 999999997
97 78 308910407 999999990
3 94 439644943 999999999
65 64 791567106 999999991
82 12 538221062 999999996
93 19 47585346 999999994
93 46 34704436 999999993
12 74 610485478 999999995
61 82 369766175 999999992
47 43 102374837 999999999
26 91 767472604 999999997
66 26 698679457 999999994
80 56 28261376 999999994
95 74 543268732 999999990
19 45 308691371 999999994
79 98 922674617 999999999
42 27 741492289 999999997
71 5 220066944 999999991
25 44 267619575 1000000000
12 85 566953804 999999996
43 83 170931257 1000000000
84 99 512783377 999999994
78 28 988664893 999999998
81 78 314514832 999999996
96 77 307311003 999999992
55 43 960067736 999999992
56 6 373573574 999999994
46 26 298548209 999999998
22 7 6516641 999999994
22 3 465593264 999999999
35 54 207053970 999999997
9 32 502369547 999999994
56 83 21911281 999999991
20 56 300121097 999999998
96 40 235551390 1000000000
5 78 225642219 999999998
23 21 632882516 999999997
53 37 62790419 999999995
97 26 763537157 999999996
6 8 676101989 999999993
69 50 640010061 999999996
43 84 343073586 999999993
52 42 228734724 1000000000
33 41 174441272 999999992
39 64 143876945 999999996
2 3 439607906 999999999
88 77 287449257 1000000000
26 10 419542938 999999994
1 64 963050915 999999997
31 17 749560060 999999990
6 85 385369449 999999994
18 25 342557313 999999990
80 1 828086937 999999995
3 49 996702841 1000000000
85 26 417396435 1000000000
62 73 908050419 999999994
86 56 168496157 999999996
61 4 131378922 1000000000
61 32 224035714 999999999
27 92 133173610 999999996
12 89 735624324 999999995
89 81 910679232 999999999
51 26 354352398 999999997
91 18 255706238 999999991
41 42 17526965 1000000000
94 93 909875215 999999990
76 10 918006049 1000000000
66 4 558665102 999999998
83 35 102335156 999999998
63 28 181688966 999999997
44 15 925034387 999999996
94 62 599701512 999999993
68 42 308159366 999999992
55 77 323468234 999999994
80 48 371878579 999999990
55 30 849290994 999999995
15 63 198658137 999999994
16 7 464145473 1000000000
77 54 290470620 999999996
44 29 540410745 999999997
36 21 554600193 999999994
37 12 999561605 999999994
21 26 805232344 999999995
1 57 938582879 999999992
93 57 112298919 999999995
54 33 709846385 999999996
23 96 112162592 999999998
43 65 74258885 999999991
18 50 891265779 999999992
57 41 238382461 999999993
75 5 207104429 999999996
2 24 694434189 999999993
89 87 602138512 999999993
49 53 647279204 999999998
97 33 277660694 999999990
66 34 740339124 999999993
62 19 626105711 999999995
48 91 290956855 999999995
23 47 486581382 999999996
98 30 53561611 999999991
13 79 344306134 999999991
65 99 819721515 999999994
51 72 382066574 999999990
99 96 954703451 1000000000
2 95 42022070 999999996
38 73 545905154 999999990
28 81 294372828 999999990
23 60 622115315 999999992
74 92 554299062 1000000000
2 27 221730365 999999992
9 81 383886458 1000000000
42 60 172270367 999999994
75 50 642642712 999999998
84 39 660997035 999999996
15 69 858044904 999999992
8 29 914996369 999999993
88 86 845701392 999999995
10 13 178157297 999999996
52 56 794082101 999999994
27 52 652205856 999999994
83 70 533771167 999999996
84 85 329669220 999999995
96 61 8119264 999999999
19 23 740594399 999999993
19 12 394939788 999999994
48 13 833376773 999999997
47 27 482138438 999999995
26 61 895887717 999999993
37 13 71265008 999999998
46 1 397252898 999999999
16 66 711757781 999999991
59 89 6418930 999999995
94 78 24086718 999999996
37 17 618113100 999999997
99 4 751327386 1000000000
8 50 355682280 999999996
60 38 21108263 999999992
5 98 273791451 999999993
9 28 350980762 999999996
85 54 92151227 999999996
4 12 106637054 999999994
16 82 556109408 999999993
81 31 221245274 999999990
38 4 176881172 999999992
22 31 7681967 999999994
55 86 183395934 999999993
56 73 457431418 999999992
75 45 188635354 999999993
52 29 915050596 999999998
41 24 600035777 999999990
47 31 702579867 999999993
48 35 730552408 999999991
48 97 885466671 999999991
49 51 980402374 999999997
72 54 961715085 999999996
24 30 548666894 999999995
63 50 218916199 999999990
18 15 601390578 999999993
34 4 620598889 999999998
30 4 768912292 999999996
24 36 758218783 999999996
98 55 880845731 999999999
55 82 915496113 999999995
9 62 969281275 999999996
67 37 468287956 999999998
95 59 12608444 999999998
34 74 438194223 999999997
42 9 921258384 999999996
1 20 529370432 999999996
15 47 868242112 999999998
78 37 538745114 999999995
18 42 173989590 999999994
5 77 957541654 999999997
73 82 905805392 999999990
65 5 464198658 999999995
20 43 270282824 999999990
97 37 178857004 999999999
21 82 661148399 999999996
85 68 332357574 999999997
74 88 876970626 999999991
91 3 317004677 999999996
49 61 901619135 999999998
28 24 719932985 999999990
65 51 389399683 999999996
35 89 205890472 999999993
13 9 153863706 999999992
43 70 139481267 999999995
65 6 653802466 999999997
36 84 61388755 999999992
98 68 544534559 1000000000
25 81 408625045 999999991
91 56 62518726 999999996
54 95 311593014 1000000000
17 90 144400877 999999997
44 79 517560306 999999991
79 65 536411994 999999990
64 9 243235748 999999994
2 75 856043003 999999992
97 23 546147609 999999992
31 75 826154389 999999998
67 70 628980395 999999996
69 46 343351031 1000000000
25 73 462889345 1000000000
47 33 242766826 999999990
85 24 196035987 999999993
11 28 625636800 999999990
17 24 317145728 999999995
18 59 419184528 999999999
62 85 147137167 999999997
100 65 749668317 999999994
65 9 349835792 999999999
74 11 880387037 999999995
46 30 996854323 999999991
10 30 792970839 999999994
40 48 73238338 999999994
73 4 487657249 999999998
10 68 283364619 1000000000
2 81 342067915 999999991
31 63 916666559 1000000000
30 74 577618554 999999998
16 39 677633304 1000000000
6 7 902702947 999999997
8 86 382264048 999999993
23 8 105547043 999999999
27 93 547081012 999999993
7 51 879192235 1000000000
18 71 273668100 999999991
74 59 804940585 999999994
65 49 19438443 999999998
64 55 491015183 999999997
88 44 225902328 1000000000
3 67 194142228 999999991
53 75 829203957 999999991
3 10 2365963 999999998
74 35 344694684 1000000000
52 83 682925364 999999993
90 55 460354676 999999999
53 96 968869514 999999995
45 74 13056900 999999990
87 12 916426163 999999996
75 10 135505680 999999991
31 86 639920658 999999990
81 30 542715386 999999992
79 11 600071497 999999996
18 29 746237318 999999995
29 91 103743810 999999999
97 77 664662918 999999993
77 85 193910303 999999998
12 9 563641646 999999997
48 50 271493184 999999999
8 42 849003899 999999991
59 23 630789574 999999996
5 13 460799461 999999999
99 60 966771220 999999990
66 37 148110372 999999997
11 25 237151753 999999997
55 10 602118928 999999994
76 78 224524771 999999998
28 7 607111372 999999992
62 38 24639330 999999993
63 20 564957315 999999995
32 60 26516191 999999997
55 76 313632436 999999992
71 55 500016408 999999999
63 17 455090580 999999990
63 69 568218335 1000000000
94 74 547170526 999999992
98 61 198618119 999999999
31 69 408890358 1000000000
7 66 572517105 999999995
41 15 383290562 999999995
76 42 757135845 999999992
7 76 396304702 999999997
92 99 753514019 999999996
65 7 970754685 999999995
68 13 243922252 999999995
34 57 534916167 1000000000
52 66 697721460 999999995
17 100 943319832 999999990
96 42 660803242 999999991
53 45 289190280 999999993
97 3 69695968 999999997
30 72 860653528 999999999
27 3 610992736 1000000000
30 62 349297964 999999998
20 58 45661144 999999999
74 62 246904966 999999997
70 82 754421063 999999999
85 7 341423734 999999991
76 1 844265818 999999996
28 85 519373734 999999998
67 87 870925913 999999997
61 90 380113183 999999991
49 54 270132408 999999994
32 76 644517001 999999996
81 27 198095036 999999999
59 19 234947761 999999998
2 91 528555160 999999998
89 60 742253656 999999996
39 45 763413717 999999999
11 12 312325134 999999998
15 50 846808067 999999991
50 21 943214462 999999996
58 5 99524799 999999991
68 91 123800615 999999998
89 23 58509032 999999994
87 63 554704545 999999995
86 77 535827259 1000000000
86 38 378324296 999999995
40 44 225363918 999999998
39 5 400628385 999999992
55 99 885646316 999999999
10 34 28962821 999999999
52 91 165799381 999999997
83 85 579054631 999999996
39 2 446463757 999999991
75 37 674695349 999999998
68 74 215941783 999999993
85 9 646577620 999999998
46 38 367890588 999999990
25 98 112911355 999999993
22 64 553945397 999999992
94 67 752778734 999999998
88 90 178136497 999999994
86 34 552741295 999999990
4 46 285353062 999999998
60 75 693405158 999999996
46 66 317703107 999999992
5 44 492695424 999999996
63 34 53077986 999999992
60 96 389881398 999999995
93 58 615902552 999999999
36 78 806973697 1000000000
61 57 31186348 999999995
39 49 52844991 999999992
30 7 943304443 999999996
55 70 545853739 999999994
66 56 228803834 999999991
62 63 389625306 999999995
7 58 307059582 999999999
53 88 477383632 999999996
64 67 979131134 999999999
58 19 869977509 999999990
15 27 911512507 999999996
69 14 388008539 999999996
45 25 921074694 999999993
60 72 941650371 1000000000
94 83 987987887 999999995
81 49 504027313 999999992
84 91 56314889 999999997
91 6 816910991 999999996
83 7 238938883 999999992
22 24 713116223 999999992
26 89 701467057 999999992
83 65 623866606 999999996
32 89 163274578 999999993
24 84 56784045 1000000000
46 9 316133559 999999995
19 78 964335863 999999999
61 76 406708016 999999999
28 60 131921913 999999990
11 14 892732761 999999992
81 70 412082028 999999992
50 76 880996927 999999990
40 67 633837755 999999990
49 83 456345636 999999998
6 90 475058636 999999999
24 53 518996148 999999990
15 90 246887937 999999992
7 80 426509951 999999995
4 3 79718727 999999991
92 47 405905878 999999993
42 30 935779854 999999998
68 50 798885847 999999994
49 63 839274789 999999994
44 53 963906822 999999993
53 2 189302409 999999991
93 20 806174781 999999995
26 12 751798034 1000000000
1 52 399927858 999999990
50 22 809825105 999999999
46 96 190359935 999999993
56 18 646989843 999999996
9 59 308401477 999999995
49 22 174313015 999999992
50 14 369249339 1000000000
75 18 705011210 999999996
33 23 538384360 999999990
61 31 482519363 999999997
4 18 55076353 999999996
79 43 779888005 999999990
66 80 580241632 999999995
93 31 629637204 999999996
57 4 900011903 999999997
21 67 799678792 999999995
7 26 408960631 999999998
51 11 223059958 999999992
56 85 778691197 999999994
60 74 455878091 999999996
69 41 490460252 999999998
14 26 223583417 1000000000
11 16 639351431 999999999
77 40 49784554 999999994
33 66 482999097 999999996
54 56 946386403 999999995
51 20 140876256 999999997
71 66 980954266 999999991
64 76 405527996 999999999
44 63 635640209 999999994
62 71 890834820 999999995
13 69 483187427 999999991
40 63 900768022 999999997
26 35 232051357 999999992
76 57 491784785 999999995
32 72 852935667 999999995
34 14 917328810 999999994
92 50 294706168 1000000000
21 70 838024112 999999992
58 73 12811613 999999994
29 53 48654317 999999999
51 5 318330352 999999993
76 36 306012328 1000000000
50 29 780187592 999999998
37 65 932177957 999999999
61 16 62190843 999999998
80 91 759872453 999999992
44 51 605524580 999999995
46 33 181269242 999999994
41 96 629634024 999999994
1 37 911704413 999999994
97 38 125007171 999999996
12 43 621066953 999999998
9 44 456642572 1000000000
30 87 877312545 999999999
70 52 29252620 999999990
76 73 744141240 999999990
64 26 678546808 999999997
55 59 614307141 999999997
44 35 858174799 999999999
86 87 61317679 999999991
51 13 30211437 999999992
60 52 449942120 999999991
99 64 310215232 999999990
46 24 616774111 999999994
45 77 291592097 999999994
89 9 616166035 999999997
87 72 838040925 1000000000
53 69 727583964 999999996
76 14 241711491 999999995
87 26 535264389 999999999
44 21 487428841 999999990
63 32 319846731 1000000000
97 6 262063787 999999990
33 74 921443191 999999992
42 23 859656668 999999998
99 45 829581512 999999996
90 18 961088695 999999990
77 30 434046491 999999999
82 75 250143908 999999998
22 89 170357401 999999995
49 34 684879455 999999997
97 45 362175016 999999993
47 83 80310025 999999999
15 79 425745187 999999992
15 84 406778250 999999990
45 16 287774338 999999997
95 24 120571574 999999999
75 8 244704012 1000000000
41 34 598515055 999999996
62 20 61565147 1000000000
69 75 2246974 999999990
56 27 961688529 999999996
64 16 682965554 999999997
83 78 831425539 999999992
78 23 253337329 999999991
81 42 941228706 999999992
63 12 787141439 999999997
88 91 966309899 999999990
83 82 305963373 999999997
7 68 884716516 999999996
43 26 938329351 999999995
27 54 453245687 999999990
95 62 657279988 999999998
35 80 756082719 999999996
98 36 444063720 999999997
67 41 352506369 999999993
42 45 736230960 999999995
51 99 412072224 999999999
28 42 183788390 999999996
5 19 731241428 999999999
100 68 542130414 999999991
91 70 759556270 999999999
63 100 897166275 999999991
99 39 822716262 999999990
74 44 840999142 999999993
42 100 184383624 999999997
72 99 323709264 999999996
19 70 595220931 1000000000
43 44 852706613 999999990
25 61 508427712 999999993
38 94 21648288 999999993
2 83 627239898 999999993
19 21 199920773 999999999
42 43 504641668 999999996
94 97 308079645 999999991
17 74 442808577 999999999
37 88 158023231 999999992
48 27 264333359 999999992
83 34 913885980 1000000000
21 1 668235412 999999990
11 91 629645062 999999993
12 75 623913534 999999994
13 14 212141050 999999993
40 56 947720478 999999995
33 16 294023210 999999991
47 7 742835199 999999990
6 36 907716193 999999995
32 66 410036875 999999999
63 19 819713064 999999996
28 15 524947328 999999992
45 86 121238458 999999997
6 69 910990961 999999998
3 84 615306730 999999999
85 39 703936779 999999993
38 49 9560097 999999998
14 51 742425907 999999991
88 93 449636640 999999995
62 100 329276344 999999994
4 71 293494171 999999998
48 86 70954674 999999990
74 7 370474602 999999997
92 85 753776854 999999997
95 79 314693991 999999992
77 50 942310821 999999999
37 64 306250028 999999990
81 7 221225418 999999997
70 68 763252207 999999997
49 20 262172192 999999996
34 11 896413838 999999998
87 98 202384353 1000000000
19 28 495876032 999999991
83 54 773998285 999999993
10 47 994923942 999999990
98 38 25863756 999999996
82 63 812879012 999999992
24 55 936008346 999999992
21 90 168964012 999999994
83 36 802471906 999999994
52 25 966888739 999999996
33 71 709714566 999999993
14 18 415952864 999999993
88 14 379086871 999999997
66 14 374674926 999999997
4 25 621339271 1000000000
71 96 341842850 999999997
40 15 708411168 999999997
76 44 907800836 999999999
32 92 731464791 999999992
76 31 240948170 999999993
57 19 744968437 999999990
68 44 414513890 999999998
67 14 223241487 999999999
8 69 357862209 999999998
36 65 166953852 999999993
50 83 203396928 999999999
44 18 611156381 999999996
64 80 812500422 999999992
31 79 52191179 1000000000
98 27 337148917 999999990
85 21 857741515 999999991
99 50 447180987 999999994
60 3 571694341 999999990
56 100 342785515 999999997
59 36 134082877 999999996
78 46 66139072 999999991
86 5 722902243 999999990
65 23 272791786 999999993
28 47 552585563 999999991
18 95 120733268 999999990
72 37 6707688 999999998
39 26 291614217 999999992
14 99 850028490 999999996
22 75 433812963 999999992
14 8 881163172 1000000000
45 3 644498550 999999995
81 39 549102203 999999997
55 44 468247186 999999992
21 13 3207306 999999995
68 77 651961244 999999999
12 96 615523892 1000000000
93 52 428325088 1000000000
43 67 82614410 999999990
49 47 425875095 999999999
64 66 401012835 999999996
29 26 139068365 999999998
8 98 726863191 1000000000
62 33 115854970 999999998
80 50 876009912 999999993
5 95 626993777 999999997
54 55 100285272 999999998
92 70 707318919 999999991
12 14 588556475 999999993
68 19 685385239 999999993
56 31 176988843 999999994
69 78 996305429 999999996
28 30 917752533 999999994
62 41 7728964 999999996
63 38 339563480 999999993
79 28 835425216 999999996
46 80 136770067 999999991
12 71 887261118 999999998
32 64 818918798 999999998
53 7 191785202 999999998
4 70 108424323 999999991
83 23 205710735 999999992
16 100 905213255 999999991
56 77 879242708 999999993
42 49 36267290 999999995
53 98 148064573 1000000000
30 34 862131356 999999996
51 62 117105994 999999992
16 17 778444547 999999992
50 58 959943487 999999993
98 97 72818937 999999993
38 25 116627287 1000000000
4 81 285564542 999999992
65 96 489542939 999999991
4 26 990309544 999999993
58 68 717921716 999999997
67 12 343307798 999999994
55 42 178500413 999999993
75 89 956366197 999999997
74 87 460307094 999999996
94 35 474368213 999999997
95 7 712231013 999999990
40 91 344355326 999999998
53 63 594024583 1000000000
75 79 851531154 999999996
23 46 800391584 999999995
13 63 846369544 999999996
34 44 903786873 999999997
6 95 325768668 1000000000
91 71 808990027 1000000000
64 87 603912496 999999991
7 15 170604431 999999993
