500 1929
145 447 834045 655545181
73 376 497575 557949428
401 117 991048260 435818097
48 446 986167 118942657
185 273 286367059 920414773
251 316 52955141 948203512
102 176 114859433 512003909
15 63 889826727 159310975
228 169 776554 378058019
89 23 400857 7737132
295 145 736291 907145391
271 101 93666453 171746092
140 63 334802464 979843719
360 182 255307573 580793944
385 43 977342353 169998278
120 49 992792328 422388195
356 313 183744 91636030
281 471 989606002 801043419
114 130 55652939 803044255
75 300 857887776 68417638
319 76 853908176 732851902
98 73 978877414 968122860
56 259 628356008 464115260
455 188 579474 170424086
298 125 890469505 653815889
455 337 823741 723220807
229 260 58030 121647473
432 67 439823 752916246
447 444 983373204 507411440
168 263 138240148 698170898
356 114 996818441 478730746
321 184 940131 192598789
490 103 887426756 349280916
487 391 61175 209411610
130 158 900204 670094061
169 228 955160 943098535
351 228 730326898 354710557
57 369 626156918 596194898
355 124 651281 558106266
225 321 567615461 494709883
315 30 172875009 782911590
402 238 390146192 323436389
194 110 252301 575310590
54 111 381203153 852735503
480 304 67178679 699543440
338 34 781533 233096361
390 85 489545192 819182520
197 134 377895434 867487962
380 197 145971327 951604001
94 66 590961 728947505
265 226 670514 533151172
144 18 638553197 584061649
335 109 900209082 723626323
312 426 265106 5065238
190 416 54081112 679040825
269 449 640432866 363125172
134 329 997205 962762301
5 456 905773936 258580324
420 88 47824 513647693
119 357 708471257 553036209
243 61 428252 237483158
292 482 855265 620889183
315 9 506258402 388129882
155 254 23492 365654311
494 252 547083 105980801
191 298 501825446 15336744
429 471 307269888 323402202
373 122 976509 724836981
97 489 125830901 739165207
427 369 115893541 165943853
353 130 808420000 507645186
314 261 714211697 71422617
436 140 753423 413460218
376 273 492815911 737303567
52 141 428249300 100331398
119 307 557358 538029826
4 71 777399309 362480008
485 400 214920575 192613663
231 291 942706986 916844127
50 351 100714284 638105406
490 405 743463935 21865195
241 204 923751920 216612350
369 51 219777387 125102156
173 350 632671939 815346342
41 271 140026700 29466135
258 129 181878 542463926
359 5 35040799 407594359
276 90 454496746 519179183
139 434 74298 314581759
203 253 808749 175799417
10 394 501101887 174572335
190 470 408534920 384929131
185 187 741050809 313442195
44 293 711339082 488171501
55 490 516898 454045459
423 445 540478 891715526
143 295 704564340 931276341
18 403 212726 52023237
356 464 456861 567144578
382 350 966988769 790878822
403 300 378539 938369045
434 262 747291931 245398881
341 198 311707876 239643059
294 32 610036 882358001
383 129 42285 984331916
47 25 625574 460855853
248 256 946752471 88533266
61 243 371850 448353285
341 480 44441 359341650
381 363 901229727 374116895
290 80 923394 310687897
383 215 505423202 805549713
206 436 829222992 712466091
275 42 426757045 326504366
336 106 737528256 776080803
279 329 275120795 83165183
344 472 622772667 704535923
339 241 756073048 112958879
145 75 929988029 761956979
312 66 466177833 94825647
183 288 604295 398358102
167 202 210060661 217188546
198 341 503094 605966261
131 156 365410607 709602521
172 2 946895 141439190
431 212 779081112 844213581
210 483 294307965 620395176
84 344 526563096 684755549
414 226 919875501 728447968
91 482 753893 314333312
280 457 958111514 807732118
184 448 190522 732052851
476 236 671968767 369779614
259 385 383414777 343247214
188 34 589579 375302038
198 369 226874 830550408
56 15 495888748 559802566
381 134 380380 166324467
400 264 757665 307522638
444 307 367835663 446933407
171 259 323845 385707141
185 231 922996995 400192162
158 413 727471574 968293500
214 365 124421 461607325
304 65 80415957 476242074
491 262 665445516 127612567
464 356 682849 697024736
3 217 805105 724516165
217 454 261836292 292158231
188 196 122841111 93573870
457 244 677899366 609615295
204 367 446191 133006462
237 179 666687 15572035
202 241 146391627 326047928
22 172 795687930 363914987
114 45 795282798 440064800
468 440 370269 209374953
454 319 40759 874693760
307 119 171711612 151352550
267 39 287688 443801558
149 485 324857 602118357
452 263 701931536 991612170
404 201 241587 916490456
226 354 146442938 55299112
356 251 586656833 8516310
35 213 230054593 927387938
396 202 748333265 319186038
175 248 523246703 106988657
176 497 61236 89588552
190 470 924812 569720915
78 331 570266255 971241193
494 36 524929887 917392500
6 497 291678858 341448265
370 37 486084 968501779
105 227 255671634 266978786
350 204 601681586 413690139
132 314 178309 944889476
342 303 101085 769470914
417 227 373148557 60704085
66 465 582577268 280438269
74 167 183040 188916564
301 374 761085942 458425289
226 257 479820486 187464787
236 241 708104 526898751
296 8 541008499 201374171
407 255 590992647 456696936
321 87 569456753 142198603
112 161 254714 567992887
364 105 544004 87494109
120 291 349932 516196779
115 315 463503919 306098067
120 282 840498738 365447303
346 135 539961895 719838479
473 20 784150238 151235305
303 441 225304618 83439478
484 384 456374 205670353
5 490 489893216 262214008
248 374 955358774 659407621
122 328 204457 983173153
149 177 320951 127506073
291 132 673555 755759592
364 428 386129 661912219
185 452 433206 405227678
435 342 202340076 579343005
99 355 234009332 459193525
235 53 524891 988331761
262 64 468519 182146197
312 138 604006474 515065758
310 260 193030916 351049606
99 107 752506352 55177123
225 158 981546 978057820
43 394 447863087 395049446
81 199 27732 88059911
416 29 793942570 712011475
381 243 447991801 886479209
123 402 611325 151210796
149 479 214012 828397390
36 236 216778 727236715
341 466 55909240 322830459
448 279 82730 561526935
456 369 7366 620800313
338 469 397487817 832673871
146 462 914045 827199039
89 208 191060586 679740736
349 59 289500525 90228809
409 148 640324 281817188
352 432 174739510 796570897
330 158 972143743 483755684
459 236 0 428875297
190 416 54081112 101751741
209 250 364409253 762199689
441 492 92556 498014904
451 353 244655102 569290184
222 284 34176 347447447
335 361 357825141 542710582
53 160 796807127 438771192
337 140 155484 583609390
381 136 907581669 735575125
229 61 997992 683550418
241 500 2867531 143829500
99 175 923588652 956663818
138 363 107926 444972985
404 266 700498758 617964119
204 88 167172390 974385558
458 411 514128 750559038
394 267 142786494 761378610
158 220 676509873 668354673
143 299 78288 614751144
255 62 882506 504784299
396 401 839980186 802288260
308 11 609802486 106946104
297 314 109990610 238785056
70 114 685827 960876816
120 305 42825266 123126768
472 357 267157 349636826
86 400 335672484 807970235
146 462 598357217 658092425
90 109 59150141 530189330
235 377 923096 819910949
278 314 744509321 754780325
476 245 336803832 75999769
437 494 624310 144068403
365 216 819066 405945400
355 475 651652393 436428777
304 314 340695609 945132785
429 121 963809045 969120862
172 243 972062043 587950786
321 477 304726915 444610998
172 69 731364948 348012897
325 9 598424 13191123
351 390 405470696 522859216
343 118 527106222 646469744
100 485 666069 985451148
336 148 930492540 781950452
54 111 280319 148358722
171 163 749765 596405820
222 14 737414 641151983
87 216 520218142 404515621
256 480 322356834 7732887
310 260 223415 800221140
72 277 120988 100916214
146 26 713398 757679847
398 460 997725803 236575459
63 98 94978 28796641
480 271 315367016 900326464
298 154 216412 984581846
126 457 122647401 445062153
266 49 488867353 350681313
492 390 203209 667094009
239 280 395563053 549660946
5 96 871936 939976561
372 287 23731 201770104
151 369 611115 617893571
464 421 138594639 880422716
3 365 936724201 614183460
431 255 143004676 654550686
415 64 579293755 287146305
296 319 53087 445089055
349 295 565980 738619345
475 368 989719854 405124477
172 225 340360543 149433768
137 450 873402473 503227169
210 254 260080276 794238742
56 361 268783 783116086
73 314 272498 540733091
334 242 874937 73173948
311 305 556072250 379449549
159 32 44316 159813633
142 477 712583302 764261059
321 274 907404096 717604779
350 203 374803852 316621795
107 171 481310005 895899931
320 298 691904 564219015
111 486 113842 647207195
259 345 40679186 644996647
52 383 27233953 213370405
452 26 879565666 951051564
433 346 232901567 536134960
155 137 460691190 544290371
163 225 908154469 133103039
2 263 912058745 770927151
42 188 111464778 934574076
309 448 578409 906100719
21 156 717075 955861917
365 51 811815535 875314128
154 210 434545 448841095
238 422 600430503 240917036
387 133 971060144 366980214
126 177 459728 694430523
394 267 142786494 137832335
463 251 412987 167183063
401 169 462298 885810633
333 159 77812 327353895
81 199 842911454 950131245
420 212 267192853 57179987
263 429 746410 327063624
323 240 699292433 544118064
248 336 805789 427698497
197 379 823490420 476321741
411 495 172667187 245639102
397 328 60973308 295502505
239 84 524812084 997419348
118 299 522645 490599431
274 148 942126 706903337
310 46 491606 535342823
28 10 69761393 164303251
256 215 449843 855766615
178 457 961423 645212422
67 268 270666 24660716
81 395 813682724 440581444
151 389 458774846 317439526
317 9 524696 137206467
99 175 904187 997489583
212 144 315589050 562325294
391 385 829250 265136146
372 409 223370853 901859017
191 70 460718516 827324983
348 222 838042363 641110678
362 181 281968 88214032
12 478 378707969 195136833
455 494 102921704 405482575
382 393 554753457 518715847
32 234 934418137 730122425
190 55 740488175 269737080
278 210 956168463 344635020
341 495 802153 395230510
464 247 237954178 573795383
195 487 227910909 513238889
339 380 359607752 577706277
495 380 991729996 882550228
418 150 317945 754561720
89 462 986181 937741513
453 286 65736 196966747
19 40 152096 802819453
205 101 636444738 291581462
110 355 934599734 986212424
295 211 698290505 964149269
128 178 328029002 928672446
422 372 507331296 876561996
401 206 878218 90968350
385 363 627194701 274276599
411 289 490458225 448066639
316 58 244783 248342135
205 338 816169 123146544
150 236 471135 321704481
277 306 580278 884762186
248 336 748601852 945021290
340 421 496781 712708342
321 344 996972968 705021903
42 212 814766995 802163365
62 475 471017727 512287392
275 171 108941322 734374490
333 450 331578 335140064
341 4 990340168 133757652
152 55 330068 897117154
372 66 864726 2354899
52 395 818096356 682561736
495 229 793051 650994973
63 435 460068 810349443
268 319 666982854 491739348
79 70 485144005 691709492
376 457 965569747 504623180
46 28 156293183 120366926
303 342 636780726 11369543
151 370 778931456 99430856
78 465 377178268 529205099
217 294 456208769 760328114
214 417 343305879 239118420
449 167 206187441 285305764
462 359 983062472 330418415
91 455 666297461 333432973
377 46 203494 181880945
211 131 226877 317227486
230 337 293845 647932593
227 126 250052249 811438164
119 244 587829905 184665165
73 19 692728061 849080255
184 197 993150 195125581
2 56 799253 338923748
332 246 79775 836704044
218 190 879611596 75117634
446 48 708125 916653420
321 495 890816496 152327407
207 189 218318 576047301
54 330 713628880 187341522
471 429 10492 926975602
45 217 848307 437579025
17 52 398110 402188974
193 108 837982 455674786
172 262 340575 754844339
147 86 398121951 547982298
309 276 425455177 32315879
284 436 34375436 715449760
88 413 796751720 141084419
53 490 325895283 914323189
271 175 593745441 596320577
258 123 958066154 526612256
498 11 926575515 928868788
70 124 923074287 333665959
130 380 442483 715181703
238 154 797621224 358575849
180 118 338164 840062118
220 275 272622529 416431102
378 337 455562636 564644178
167 308 872702 754875103
416 340 686266359 249858547
275 280 785071217 585011550
219 427 193684 426167592
454 253 573002 141890344
4 42 368702591 275725159
193 160 994936176 366709315
112 38 588774 179972198
407 307 807647 321068628
431 208 541203458 771264647
170 388 50013 102334701
421 495 304159 211369906
347 107 463706 725152602
14 10 312458 435048799
398 289 868238786 143976220
447 406 500788 729819354
322 180 210891790 592061871
61 496 511752230 493539398
498 473 159590 464009351
51 6 442337167 99832529
42 212 398882 350655470
54 165 383666188 607837065
42 331 657474 329301624
341 250 17296666 606650698
53 160 493450 861526943
96 183 275954501 247457237
407 230 356620092 612210035
453 4 651327934 729045932
61 371 607925067 991053457
394 323 533111 862649142
54 109 553490018 579345875
92 373 301254889 564666216
209 273 178683726 23193478
337 374 976688710 535271231
183 182 640689584 267010849
458 71 895840 260286905
465 496 698552808 498574486
356 489 214020868 936194092
371 245 20801327 224709278
218 219 690891289 583609959
269 194 111105 267283653
111 374 600918942 978670479
471 376 7070276 809579737
473 244 602576618 6681826
154 257 57654740 606327348
437 70 686192679 144140583
456 204 561897664 182591354
129 23 513443235 274311926
150 188 480959747 922586292
225 272 7848837 143024015
86 89 998847 829387460
133 253 992286 836850507
119 138 733090 26142413
224 166 762395734 755862042
157 349 222228140 105385571
269 411 666961672 285311690
449 1 323662662 984408852
232 479 560296370 897505084
156 122 686182329 759140123
417 182 558025473 986431632
278 310 772867794 450243508
130 487 992836 435768721
157 123 546899 895757652
144 460 480187260 818298646
128 134 276490469 170290392
82 255 619977 638251275
39 220 74130528 460365704
291 152 280400721 905519867
273 81 197072 366244436
7 247 584018897 219608259
99 390 763121 471957648
4 75 371188753 116427724
155 298 543045338 672615151
56 46 789328643 362376290
116 347 297738 254875340
275 356 938411 593722725
103 225 608305 833269973
201 296 717160988 620230233
490 294 976140594 792081491
192 90 34494692 809575826
457 244 104255 503265131
367 476 574520202 80256618
262 51 323067374 958288861
23 219 178365309 681242048
81 341 623721 844295235
206 401 878218 755332926
221 337 371212686 136808627
146 497 442897269 981496690
477 452 695374376 375277577
401 206 348521 586480987
227 77 785314 354191712
479 164 686248 36054224
20 311 296732332 873313564
414 378 387537306 494883986
282 32 883558 490920415
428 343 250054804 309373477
434 328 212178852 657176026
384 474 17232 568576575
262 381 655878438 620349328
169 38 823281 670081053
306 311 931493 275507009
491 9 800239727 386886205
259 16 433909871 570416041
233 168 981564503 8189938
183 234 145585330 268614965
482 1 278430677 712094482
5 340 590391335 972440927
448 219 500018524 462610021
254 155 180039 151649904
143 122 228325381 234367761
53 214 379089421 858451054
307 330 877188223 767517739
18 192 487423016 54402422
233 158 852751 170144555
93 161 614634704 177543208
489 359 231618 118514516
336 20 665304 777322716
186 185 854765 348589806
350 51 633976 180199835
32 491 137492641 816094079
242 445 124648605 663752329
137 135 242033353 188737575
19 292 825590 281881509
233 168 231886 61152162
106 146 563659365 850143621
108 74 263509042 436066758
9 137 241311074 798386002
277 260 847142 224201336
252 494 772798 53221792
260 361 880654555 126422479
121 221 467482485 922326323
388 9 23118 307101058
240 388 450091007 953251133
224 328 206519 46628826
220 58 846421 541245156
107 187 482362 430755933
469 201 898479113 287111155
344 348 948645394 765040918
15 323 696181827 436758222
54 56 800762 116679731
8 62 555012360 24593349
136 310 988256119 466684544
359 102 401883956 376801968
154 18 611770363 747689792
277 269 814318219 357074067
187 429 309708297 580773886
373 368 163073578 460920860
297 7 452835 341307708
351 365 963791 494674942
248 175 349857 503631648
267 142 119269 454168526
193 323 596406 633812842
303 122 414775632 939756410
277 72 847327932 847746226
326 468 835759321 973628049
278 442 876971 695583767
295 148 882455769 969657798
189 167 998951310 931913683
151 393 773144221 846687397
480 358 390947 436892566
52 69 757233662 687922461
459 211 690767951 423880818
235 22 322473904 340829138
54 342 286556533 562857964
217 66 556294943 950325993
402 370 187106584 921232935
426 305 516123 958319212
246 460 589086176 986056996
356 383 289976544 839256952
292 19 330770250 439878573
53 423 991789 643680198
124 288 578965079 328754728
250 293 372946 545124351
366 317 196618932 762263864
105 483 666647638 4948938
354 441 593127202 502026196
114 331 436936075 401396323
108 199 261806333 303381198
178 132 556851622 441323996
461 218 734726 519197643
429 361 78379 543237406
97 42 508356688 782238992
198 265 766033 650871117
79 77 638895720 806617202
239 293 299419655 901213739
97 166 527014313 838316677
373 229 385622282 20051416
14 437 702989987 505474800
367 447 88455084 89676673
105 16 300576653 890592707
35 93 885283 407948657
368 121 606439 213776460
140 12 461823789 783492310
411 34 3775552 88758883
360 28 196538 997266019
436 11 876722434 308412839
57 274 330099905 862535698
465 458 192546364 25714390
99 80 934861678 273355662
441 400 286767519 776510630
66 312 818741 327661070
218 409 913484892 157487159
319 454 445092565 289416341
430 66 328693 725017432
270 288 6769243 874188802
221 387 829525 217631289
116 412 465327059 883707063
66 449 816443399 722305299
399 395 930026 703606561
114 356 847912 849244705
234 389 250102 18904568
244 163 458191531 341045314
85 192 946757 424976634
460 149 40322471 331189484
2 38 858820724 625128255
404 395 809463 583722989
235 89 649074932 89782663
22 374 434267311 539562824
239 456 559686047 967060922
128 198 710043665 377587907
307 62 918772247 886851533
66 298 42952344 358573977
364 165 277213234 944184267
284 320 476133381 725490886
173 373 295703 559749336
75 50 800136108 147954854
155 195 727360255 520760791
162 270 92991 908388015
153 74 863678 129263066
122 328 212926 605267464
22 359 754463842 399624642
490 15 831261 310455570
341 495 572751852 52731583
189 56 180228448 97583684
424 49 237028 795819478
23 306 889157350 91442434
357 238 414075 166173907
99 36 961410359 662774141
78 127 537914113 879695583
414 439 625960 694280628
366 146 622331440 635019420
296 49 65417 515255335
376 157 498451534 561530771
50 333 109376 703766467
134 490 161307953 822266347
312 133 256088 126172056
195 155 321807 787827368
461 318 561943 749880160
326 464 783994131 21073829
304 423 844640824 223951496
238 232 386202 993594030
282 229 125331253 648278657
385 19 795124134 810116238
307 207 695450 658398912
18 403 212726 181266533
283 112 152160326 575068832
297 354 997764997 930534921
177 126 362364944 447471718
21 105 319383 826438882
423 463 170206710 631379648
229 491 161442210 833495501
374 236 814510006 885633627
308 49 590525881 833575231
485 239 972449198 369509756
37 120 624213773 237203344
98 316 448382642 293070907
311 431 775372062 164961193
261 305 89987829 807258965
92 467 568637770 415085166
143 235 431933455 810652712
311 413 561786917 90549786
329 175 95625 5656051
356 466 40916859 484661007
348 245 132964627 984061258
271 499 973076 906800625
208 89 301278 973281979
235 78 306110 153469765
441 32 603467043 278824471
84 13 325460130 654921816
232 351 320338675 273804600
126 28 707407559 614423557
19 465 212957508 271308748
70 272 108973533 938066917
438 281 741112759 52871607
234 235 262401269 57152003
346 255 851150743 916116976
15 217 942181936 815654333
272 273 774623479 885382335
429 187 556149 553946032
453 294 434519688 548172428
440 17 815011 769691478
477 203 474769 494385216
482 70 124029 996147742
120 483 643576 413342235
323 60 22708772 815061500
219 230 687654744 831301328
222 394 227722499 69331205
311 76 489565316 340223795
170 497 355235657 825710662
422 30 959414 559428788
70 482 629953 901026364
218 169 50674989 369441657
50 341 112989 89332708
426 195 908337840 494971063
132 4 53985896 359545068
248 231 536163130 659991180
395 209 198747793 288141297
75 100 85999731 46132819
94 406 843384224 634462852
333 50 164944499 851324394
73 337 187913999 320221235
290 176 555975 670777957
176 128 324258212 675976193
374 284 234689619 630975985
112 219 610230 584518079
106 431 844111538 259365590
438 468 420610 635461989
238 419 369436 538704172
341 72 361129266 236826164
70 114 348420 860783329
445 451 875559 144212483
223 81 575009 433424007
499 271 394001 205149475
192 277 673020001 57328892
83 334 534168237 236918020
347 106 144252 70894177
80 7 588601 648045961
133 302 846226317 438062315
386 220 251091873 83090672
242 161 590311 993786335
116 220 104671356 117328347
92 247 36253893 338065534
308 448 648354 945557354
22 32 969429988 838740084
386 62 645894 237067301
100 293 168103 181032465
301 207 87783921 345319032
18 169 308285202 210988265
347 264 342902 380969845
306 137 955605052 952982590
474 276 901586 341446111
70 212 995085479 336515241
445 217 891772198 658588708
248 171 425135424 355405120
146 31 372081656 513565288
9 315 272548 826020976
197 490 318262677 194540893
39 145 510067050 108094718
152 433 641587272 276677924
269 192 108488 419921158
301 236 245768 897947212
250 457 424414 541896252
374 192 820333026 983016633
351 415 611301939 898406343
41 469 17061 437813041
24 238 180592960 303567900
152 17 328064168 486412129
76 72 476777941 240084884
416 421 792983083 728338510
356 16 744909733 179793707
463 336 108551480 144507264
230 250 942327147 503100468
341 81 536917 861096608
497 83 193865570 190229796
471 80 488139 874893026
163 333 130796445 477467858
171 347 398328 792499279
427 326 15653 400834477
63 8 363363 929192614
330 80 57574 948121536
107 171 566911 465642324
150 188 480959747 356297977
359 67 156631843 847875391
227 286 217281238 692175114
258 63 164388985 993908042
134 394 187855 894986040
362 203 685586 953307855
172 35 892386607 861331811
391 80 279555548 424260599
312 339 26108900 527343047
18 348 300014017 232664971
478 199 456695 771489498
288 389 911699467 161221161
322 148 840451 415041204
114 418 754655 856772742
351 402 98988 792366845
186 431 0 688823882
302 204 870876522 13407257
273 266 648364 574443453
126 368 535850368 164279356
105 372 681861608 513141928
198 486 814934522 216142998
249 435 578492896 132683073
394 10 501101887 821344091
128 97 404283 619188927
257 407 113489469 326066319
9 391 619736568 816378732
40 23 129950 704756016
325 271 498791 837530763
100 314 197877769 376167788
457 251 515488902 305975040
136 285 751811108 726599775
275 341 232379719 762665162
403 18 85600 155659926
215 425 501416787 600287887
299 494 117858742 84973153
26 147 101706 860216408
282 278 770279 753229203
213 348 684544 691684155
297 115 518197573 303446369
323 500 321388989 882756488
157 446 272383 94437921
469 41 468822989 976893972
307 207 695450 495370719
244 457 742478 520293084
120 186 27698826 777076320
349 329 98948263 725496553
483 241 769122384 357277309
292 380 773930 260477708
494 437 520446 6078692
189 28 430037060 710165352
342 385 622117 373306882
1 387 461484167 356916198
369 151 283082775 871532260
465 492 716577486 733561470
384 204 210516 217744134
427 83 16375 183832696
97 50 671457 469791873
272 271 538162694 939390578
73 314 72097 775422418
173 363 121370717 410761214
137 170 156697 652254719
136 28 174637 989423469
354 495 780312055 746795173
302 191 400461 932194087
71 346 509669521 28778198
470 83 988496537 423286385
204 255 691550 40437764
236 145 496328492 974963786
52 168 267531 221932125
200 289 901716192 157580097
17 52 611216 946395595
174 382 775684984 74556601
18 27 569296 752778935
20 200 13440624 378678457
66 430 47342 779461874
5 211 565498949 36459657
249 60 115250 972317344
332 415 313634 391766629
172 296 114855157 234131822
290 323 147655082 47493089
455 125 946485053 535407412
158 51 830101 815091804
354 158 466915 9009274
243 322 373793 426144518
15 387 481235372 383686761
57 61 98452202 51375335
32 220 484328975 42506351
472 53 135302028 573548138
347 312 672926769 596057494
71 318 563058029 915691650
5 96 247070994 754193597
388 270 708976644 989053854
243 384 992979317 486779134
165 380 19651791 932498878
295 420 165338 618995948
213 138 228428676 902412182
262 337 811041626 40708407
74 468 994314990 758627647
426 328 909378887 802103783
414 97 186046882 52096534
464 326 719486 474290138
396 14 394812 494850929
21 411 198021148 600095633
333 116 249859624 470280921
4 393 12654482 259587261
278 395 31510959 319073243
173 182 324630922 551856320
489 228 600566908 358440774
27 18 367211 549157815
395 272 477202892 78802095
357 435 982311266 858701296
494 385 438974471 94211828
411 204 377923855 398516603
361 257 82391601 810654405
425 360 465981854 930723467
386 89 881042294 957692554
259 271 753468 501844926
25 249 128945 985057069
263 163 778920733 362447690
5 374 980366943 846793806
470 49 315618 27885045
227 410 526901234 609389686
81 119 450131894 180049482
340 8 394094442 191021117
253 363 228241877 55495088
430 310 423677794 147918274
50 188 203995396 761700399
298 431 397907 719069141
478 199 487030 205371793
186 205 671384 314328215
7 127 82888938 943961702
327 181 186074575 699819475
438 414 335528331 594774635
6 187 655064 298497656
145 32 36781367 317176572
3 215 615819218 595167988
241 250 693058115 469310465
77 361 956532864 188260521
108 352 477839 169811278
88 115 927254755 853408990
324 326 365042091 782114132
223 259 588859986 739837240
312 409 295404593 232666706
54 380 121899208 303302325
468 56 474567 144021078
75 263 251944 645307053
258 400 308977086 438425667
463 87 923958 563274452
278 401 498193 626820808
68 249 131775527 665810069
138 479 57666 341692157
425 134 947607710 323687229
404 282 222696040 430710907
181 198 365746401 399721936
176 290 815647259 900482920
485 22 538121582 173520206
326 19 189843737 237286173
77 217 973187159 35748852
133 387 491565 998595321
346 192 907556 46532282
307 414 791740407 430558649
246 307 328919018 227761627
367 204 969027806 945672245
22 212 609617 973171313
65 160 583504 220982357
155 187 194883154 889869016
431 365 770653160 209647400
248 103 669925229 744233977
323 388 204391670 722131494
193 412 926924 976121165
412 67 269309473 220564185
494 109 906958406 877852504
220 160 220816438 726037588
82 117 938560 939518046
67 321 481008242 715581962
458 38 933488 907736365
376 263 183708 390633818
101 427 944202 577076616
444 86 202852 20393486
421 437 766107077 724135644
182 435 663950 919238044
375 185 465875904 583118295
20 296 249978166 30824313
235 388 147687157 47072524
456 2 288404 758609264
266 498 747216 125294667
286 349 284408 564893504
192 82 810115737 642928487
397 139 551759748 254119934
341 490 915559396 744459779
282 9 859042937 857196295
495 123 785051323 805880167
476 364 712232608 451985996
256 370 291966478 96017314
118 78 31882305 833216230
262 291 705869112 289673247
397 482 951703239 550526049
116 245 791937695 358512403
436 60 862649716 568141663
24 450 10318036 574294098
453 222 55009513 221493459
235 443 213537248 559950969
92 467 825457 959490253
187 90 901717008 918202836
384 210 31091659 875877852
271 499 8448973 587891491
154 318 674560131 251602529
107 148 600215105 797539533
436 4 84613568 723826122
382 368 721436 889804519
310 221 423532524 113324126
314 467 478598 398592968
491 130 553064363 92493149
388 61 872164055 981506444
351 50 804366 607590405
469 312 273896 520258761
327 242 109159397 451240894
63 31 715522868 685109646
239 346 444166453 281479742
348 328 740727753 416837322
240 360 896197793 325326638
313 88 603136968 957497729
82 235 351884900 271395833
117 334 84682060 491873200
386 211 565278357 649165528
279 329 429806 914985074
125 408 226706260 264957886
281 165 560770 395911631
19 201 230714917 90049965
427 445 859141378 27386756
75 212 678746659 504599615
228 289 117856117 233329566
324 395 89873 757317102
450 3 286460 6964344
398 495 843104 681724419
349 286 10907 605185172
78 90 849030738 395443486
339 38 702483 461763149
37 214 753265538 882072110
396 388 301840569 45368282
54 207 918700282 325204262
183 222 4075074 477227085
232 456 783684 862704728
134 416 72859399 843312642
125 113 862498 407412303
500 286 728435198 585418659
240 359 781835285 220694845
156 472 234670396 408625544
55 320 560492434 59863042
462 109 393042115 157061052
374 325 10147 957941895
246 247 415757037 547331584
494 143 828189264 667258224
158 433 204365 60180770
32 427 246025 731517880
187 6 947654 645905243
115 174 154204574 131533711
466 108 311496031 802653174
20 200 51420 284697312
441 76 342388024 110670342
396 397 102731881 145426233
414 203 450165419 276011610
117 67 758143113 634350675
37 30 898768780 18446379
315 139 679898094 962379830
83 347 867462508 27167054
29 104 254424 638461721
469 34 593944332 380078722
321 52 96703136 518692802
328 456 89599012 602060510
231 148 396803 422720203
150 490 967992728 149147268
271 255 456349153 631559355
60 437 807821380 729366827
412 393 956456056 985826391
244 142 200485 970445368
318 74 764090722 650689517
307 152 232295516 669956878
305 25 667223 696575373
45 72 865753778 422168192
209 34 557958 461811172
169 114 940330 533913243
368 146 180884953 857582799
165 301 749002 433727162
468 56 799308 921061911
318 390 363673655 275364928
277 181 524566426 929170384
333 159 643699023 649823342
287 88 829429563 292723864
309 63 2358258 354459123
120 267 402904321 748963888
392 156 873649540 649204927
241 97 284027411 731654578
152 446 615416 928227453
30 144 498953 668076303
90 165 557638310 866280411
338 127 192027 630303944
496 395 8072389 383494841
263 72 20432784 600290208
69 252 874902 921646359
327 459 869714301 184965415
105 336 147710808 765871430
171 304 34724 973938317
244 469 145092799 107837122
380 292 247937002 565756508
91 482 542806452 586151052
105 372 681861608 108079597
355 12 258452758 29859420
215 256 182476 272575923
161 289 435506029 556931867
116 363 828501870 82207355
335 94 825371827 212960915
344 146 513459 406793116
161 409 530966 954839612
364 228 591125080 855085616
437 411 133173 963432640
446 272 82243666 126324084
347 185 89999612 807952108
155 5 563960719 587059233
298 20 0 86499499
68 371 289633581 338786023
43 205 989433820 582270626
389 449 538965314 905342505
388 253 372483 951472105
107 407 815630125 272265421
36 353 937180998 628163895
158 330 947935 223343394
494 115 203185263 941536463
429 241 149037578 861471411
42 250 763536 710678033
289 115 781176 401700239
12 491 55849 371404338
256 475 472996 827630020
95 74 439127168 153456989
17 205 108556475 628750601
271 98 938185633 677573834
25 249 635938 851538073
254 274 18862 290896323
57 87 920258757 979643650
238 205 471780072 55173776
330 86 845165360 788641098
245 298 491807799 249768636
495 380 343554 584627284
236 32 894115368 912345929
477 256 863517799 869097895
482 22 944459 93401675
86 141 858064713 38028587
448 37 215586232 389971551
308 390 186373927 780281892
463 121 694890061 684123019
159 26 245804785 839883759
345 112 627445 444942457
320 119 750017265 58719028
219 298 871129603 301752237
324 283 857672335 904437441
415 450 139697289 741708469
347 107 372122 337054755
454 1 189431712 193152970
73 382 228846920 184643661
242 481 579359873 882560860
180 322 94604 963747870
271 175 189861997 922622722
469 184 136812462 390892572
382 319 81274711 430784544
327 269 956929423 627861703
340 343 65129 644850049
120 408 746859 802042563
440 468 482257 696906358
207 184 742085 775146509
485 366 542167204 178870956
66 157 967336 235557196
70 45 94902315 498911737
179 300 848693336 924964977
475 194 916589944 157247927
88 45 308676085 228045286
91 482 542806452 584321810
185 500 805241345 638074997
332 451 398248 310391531
150 418 115827591 489183132
448 92 694927 561544207
157 427 639809814 746253484
458 417 887133 494790232
407 255 891396 640034033
421 416 857185 2320511
122 328 204457 817284000
41 75 220455 153969382
112 476 371968158 402286871
440 410 952347 669896779
486 404 49075795 847660000
232 351 766638 305827889
138 353 173421 730522026
425 360 98578 362184506
296 483 982292332 171645605
6 71 946517604 17958144
137 41 971121645 431375348
179 473 97301221 216985899
116 124 653175036 545340338
347 25 438218 336142057
170 390 859452612 407268169
264 461 228697063 830468860
37 326 106581084 118911667
405 490 47072 477031247
44 156 367767687 543002662
338 161 404302608 735525560
126 27 619295392 523963030
115 178 948571535 639109615
431 298 546977 171250382
285 449 38958 638601435
250 64 148185551 163713708
489 323 379781319 265504940
161 293 597224638 821377124
202 263 194173 329551002
73 280 987055855 342980732
236 299 933857042 37543485
393 122 516982 968675731
61 468 39814489 390089792
428 302 991503652 745436373
66 368 335202726 817611010
383 476 466518 95716888
32 455 958555998 603666892
444 86 336372032 231486729
392 416 955322 171338991
254 179 22508 426591099
112 174 373450583 806094882
77 405 734029 190983009
242 270 603385308 902710536
155 449 19953 385422867
332 199 750361763 150705856
314 132 862983021 628616718
110 141 225189654 579645894
283 249 577397351 872808303
220 166 986961 395049700
462 278 194632767 56609930
377 229 396894676 49814837
481 121 483968434 79207334
80 131 85171259 362106827
189 144 527803269 890134511
9 351 775091353 649998624
234 67 780721 332931115
252 69 915185 107445128
464 76 485909 297195173
499 395 871212 450936172
256 332 334684765 779688204
202 109 955780 736677532
448 445 798394865 428622602
500 438 240024748 743402372
355 221 385879 311952420
486 353 175971 679953607
45 198 451070672 18780046
311 225 634797559 99015863
257 337 612991 961862845
51 158 830101 959462720
187 472 618258 998481312
65 136 943256464 492948539
282 171 412114808 777006205
353 273 372726540 29076231
248 183 733110 182509387
233 465 414006 794683153
288 137 495325732 790579395
381 290 54756839 889539419
204 497 772920827 888818783
210 413 950674958 849964225
37 72 192046066 435213951
411 190 137189398 603427120
404 192 382116 152153555
410 432 799010821 320333430
184 448 956702590 220107414
247 279 358883 785123486
63 223 901327593 402817305
191 298 501825446 352498269
57 387 81904002 622283988
171 342 411473909 42278214
252 494 557105117 465680520
286 483 703803 177579562
212 104 96797252 623004615
422 55 253519528 162037360
180 9 73759 893312855
349 286 805494883 26566696
109 462 995378 40259389
41 337 910113721 835424869
425 50 673909111 174044919
120 291 926427 562625460
252 357 694721 59277698
392 416 217373 399418846
350 260 218073777 377002067
378 318 721832 808763160
148 231 720243930 888551558
275 159 838186377 851269100
351 365 11580 105253335
167 339 93096817 295436370
329 474 489102959 143490291
462 271 520657960 999506150
288 456 780775436 323693492
371 61 305623 695911490
25 249 180923 77976368
39 267 750535237 684734832
84 274 695365 454448844
250 435 365390118 104813164
321 173 671456893 589778312
88 294 832810 823733191
395 342 613841481 332667712
200 73 347620504 256744790
446 90 227655344 717148633
373 6 906391684 919673852
302 313 72476 323962439
9 295 749667499 873447952
64 484 63296665 581187248
169 228 63442 56214572
148 253 460477 989031416
335 23 149446 860641742
138 286 793263838 685263158
205 238 717719 589173112
91 352 730998267 937313571
62 424 650036 951624183
192 266 468831279 562809867
104 489 105344 310644407
72 263 88657 85805313
194 43 119952 614106490
66 288 787456932 23361446
319 236 172375 634343592
149 163 530383024 274924702
179 134 300584358 986597617
151 498 889992 705432991
102 107 25731705 636846248
229 417 981546366 421448141
205 45 18205085 243496390
427 129 970630 561188711
337 263 809134021 715670004
51 460 395365 903493469
298 225 20214267 734797035
166 220 627410 490959969
375 106 392685420 615450692
495 445 304013950 271941158
198 33 963701650 829499971
365 20 515426615 630049818
245 291 346262 623069766
205 279 491887891 102840955
203 257 679528656 785929883
185 131 996878974 652278623
15 94 485695240 693438966
229 381 135659 402431229
236 85 840899985 208697307
107 215 512768 433117398
255 489 550355906 975707845
83 371 179569487 598482090
26 409 745770652 859649490
31 265 8944 710742881
197 272 719621 825527580
437 411 654793969 587349284
454 440 454493889 373081496
445 86 990424 764588680
298 349 543229 615763775
45 224 301578410 665269941
207 356 341631 286123559
249 347 888459594 525178978
478 350 5978584 14842962
11 227 825374 454613748
199 179 123582 281013601
346 22 949264806 998574468
366 273 76784 665774937
483 433 705211961 73221241
96 71 485152 827539414
420 169 426528228 372877316
479 443 799886 223141198
397 396 753141 673055487
397 64 807752156 107789836
397 264 528312 987679260
347 107 890678792 538819376
170 56 220159 353046844
193 92 919401 420093060
47 317 378405092 219403302
54 56 485231724 512886234
479 443 468256 431114497
415 3 854696225 421154763
231 497 682916380 94406406
421 159 584130 414595543
17 440 567573001 482705395
179 199 777721 177306980
499 271 914889 369141985
352 308 109707477 121040401
390 327 976969 646018631
415 36 129028690 786461326
23 20 385084 718716635
27 255 774245009 122912440
114 255 400550 854511566
416 25 963291048 386788423
195 253 893945685 170111306
224 77 264969 687838346
111 465 120104852 945371289
101 116 224349571 116410622
67 99 977168958 805817848
142 244 420679 85502228
222 184 953038715 882963365
368 97 803448811 769766809
80 206 173935 612445449
278 347 699410 781985475
208 45 827396363 40956113
273 150 231046255 564880838
298 106 109705019 429145426
422 359 870123814 876689291
426 305 46114012 23371872
315 292 474461801 183486441
275 204 929012 53659723
380 280 160751 721037459
372 377 611225887 907271862
302 336 389955547 576292329
216 314 103640585 75769230
72 119 380451210 795936872
172 2 902076 989403958
490 130 173675904 157902656
336 212 581689 407319207
415 147 469090 402826337
17 52 398110 746709151
7 482 158687251 811662230
179 467 117650510 773835864
175 46 139785277 369212665
289 49 303045 615552610
221 468 368040917 530306011
98 287 463501 522182828
436 147 53615971 591372078
486 111 0 587249007
39 286 65942920 917262270
133 93 106350706 540307444
377 94 787234192 893701257
49 45 914427987 412340992
179 459 829776 582231138
490 129 21133841 243877991
197 184 548389 966515301
355 348 140300 152050639
278 401 159777584 181830632
137 166 35523827 224921798
358 217 868931732 138640452
32 183 957205072 356324723
378 187 0 884455726
379 478 497971393 849908143
112 38 74675 856681961
421 261 61863757 158279035
355 146 847165845 62570112
255 240 381900276 859782938
441 12 135917 91243124
308 394 30250799 318941909
140 139 498534 400423212
313 327 898094604 192806347
411 372 107393586 472155992
464 76 211712 127002309
489 104 161782142 455530045
7 277 607198 605365182
216 99 422353380 763632700
500 52 562467407 207847473
492 7 616352732 68130092
31 277 5772 482623333
195 477 52977 635536624
192 220 271704 747999016
261 95 953040 11375991
240 203 285316 84806851
363 113 208568602 141825413
390 97 321557 908742697
120 483 309400142 607776809
269 490 741773742 756337585
373 465 449127 832375191
436 140 885199 252016972
3 217 884077 759423836
31 146 316677 200635382
32 81 175550 933643588
85 150 860311 180644769
482 460 245046658 26509911
139 455 846907038 175322306
348 385 0 558842267
390 262 932123833 121297125
40 23 241444 887837999
431 147 549570111 966960696
241 311 742319209 484007875
9 303 253403681 524201320
165 110 432951876 991266627
237 179 45196617 390663293
76 430 917055560 636999277
46 435 251486904 947028232
80 206 590506765 202718500
375 90 739770 191033021
49 80 254295507 193540286
55 467 864230392 512300386
273 303 755966049 408484945
16 488 437698 867974844
88 45 937870 246531431
322 371 866992 612801325
208 367 97652 964670856
22 212 297559238 291504812
372 17 861543895 639895383
158 233 508361304 21184924
25 76 780763971 30744842
265 179 40411610 346366543
453 89 860810007 656270996
392 194 66883 401994727
209 17 648570 201473434
253 363 686465 516654163
303 493 941631033 654756708
325 271 646424036 490699810
5 490 427981 322578532
175 396 832206766 829559940
350 92 576735 593113841
185 173 99586398 381245825
453 325 642257 122680096
143 32 360011587 812136096
81 225 854582619 579785136
44 144 17078 324644092
468 326 16749 853634039
93 23 578229447 539112150
376 157 496888 699489543
57 271 841938 276293200
407 121 316097 100461523
22 96 176350789 775794465
441 131 847147 80541193
82 228 35965699 783411594
323 367 58973 128491193
443 272 267406916 821053715
160 207 522352784 605490356
275 416 545092599 928553284
485 452 94143 406473225
314 132 475685 98334829
391 385 54415 24096138
220 192 566937280 484555905
229 117 44075431 932387671
408 72 796133 977284675
73 198 308011138 834751723
32 98 118962231 656559166
258 287 365684705 983050218
130 388 910634370 943211680
303 390 958265 451477142
383 127 836963 491673288
201 497 615248 327718841
453 134 302592 429701593
121 266 344836984 719493274
168 361 939312635 574332870
176 427 175407636 102413103
462 270 432590 516483911
443 479 112003 590122106
453 15 59608220 992203796
395 404 324174936 798963807
500 130 151831 970804479
487 371 997213716 94901124
280 275 630021 205188554
401 411 281939762 869913402
253 133 133908 165476455
203 366 847446952 484280746
372 287 446358100 254507019
310 24 426196734 172015644
44 227 269561038 104984782
156 251 211065 6487707
91 39 786572 123432294
303 441 394316 76290803
301 1 672305 195569009
479 110 459411324 25068452
250 78 904146443 659708029
286 238 88279481 632446011
192 164 326133705 188049617
147 265 213139 233201556
363 343 417072333 421836517
449 90 777186 431009982
67 18 325486416 444648085
314 382 708381685 393283983
315 27 465265973 951267980
370 239 115600 437722437
63 400 113380167 924624972
419 457 175202938 551946055
58 18 754367749 810905223
425 38 973521 820896200
296 257 118069425 550320735
477 452 735323 474600415
159 421 584303616 45229871
339 68 572349747 995464833
65 265 363198260 77755794
403 162 280341 606670671
348 50 569046699 403698996
29 395 168132 248134330
348 286 380868 657819905
47 488 8978350 663014033
87 220 664727344 580150796
216 93 652230537 231798653
139 413 646849367 302698708
7 248 534647 749822467
359 249 745545305 378363127
496 291 511782 103455651
188 45 632960790 362085533
324 89 924066756 861743712
308 105 799409854 650743128
290 176 246546 156520064
322 243 292947708 251426426
423 445 839153294 104647581
181 128 279044187 834008690
264 461 228697063 806635357
390 135 797177 846014271
200 69 812987 633125604
395 33 335617 800365141
180 91 356738453 733323196
108 408 712259896 619541977
66 237 839287 814728969
422 94 610386674 466327140
259 345 262286 847711633
121 20 630369316 913705773
55 22 404451809 112877081
409 184 537982107 857464074
164 380 743290671 594197726
308 310 815262738 656268284
249 359 271958 304197538
152 42 149526 356425759
107 215 512768 3735540
8 92 530708160 726712142
245 216 17044632 77903278
26 452 54028 155630219
322 462 408976695 687864350
281 437 422767879 267670062
444 253 743033488 375467316
62 255 157317017 363700167
42 429 768797433 1496434
14 358 169343014 739453354
30 168 605281 359198855
7 115 566839558 555578604
2 456 271466533 637104260
6 240 678301340 31724361
236 476 913799 533916990
302 336 324778 286853555
449 389 761201 290142779
74 333 302539783 277998053
221 20 29627341 355807814
412 281 330459 4618130
145 50 0 144324660
286 46 939261668 620487344
300 331 785260519 242375428
439 315 294949691 3421964
215 170 291692783 241956743
125 160 431908 557331463
104 225 264756511 324640227
180 483 623015823 197129355
294 88 831668 602381138
29 209 749349486 923882256
483 493 676402 536601974
102 217 35421 284963380
429 239 687414177 52613358
257 341 580547679 185057288
194 435 115458 55609288
280 126 0 974077825
193 97 689308706 477030685
129 258 41820597 916175877
161 437 595873 408870026
441 311 425111546 568697627
205 238 138249 120284612
31 377 993959992 334156130
269 370 564008 447252877
249 266 553938770 348951646
226 163 181879943 504299969
478 239 348147476 705023504
130 397 110032848 356262631
122 28 658662 960088824
68 273 696805 115312990
124 84 438469016 422515738
6 46 941958155 542898389
448 415 820735471 210936903
372 426 199624256 312394366
9 325 663664771 778918542
405 303 535718388 592916538
14 365 299090080 409802158
354 73 849836903 569138966
415 332 550205895 806609475
182 315 341022 873156372
249 449 574737035 477470726
196 281 327287469 162879645
189 56 502707 198822377
315 439 952910121 668406217
409 476 536508022 870907731
155 449 184327823 870137430
248 103 780782 608733946
158 57 356614847 325848693
340 455 215441695 787826608
58 367 415500 920132367
241 82 815812054 820062644
353 379 519851 267615540
5 394 404683368 788445753
425 10 551153 665958352
221 4 678898521 404806850
442 466 108998539 734886040
425 359 694184899 136851992
306 69 916022 219806596
56 192 391155492 857123187
83 470 482461 553043501
61 57 98452202 884738314
396 53 191159 123988322
129 263 521436 923685239
133 196 529150532 799307261
215 425 918 998631202
182 274 392111760 836962691
480 304 67178679 632957240
495 99 504093755 590490871
387 156 917320730 371477244
15 480 582048 857643372
341 480 635571742 99439053
104 109 398797563 349826131
397 186 105853620 901205964
183 241 899124053 874904092
121 389 483368568 423940314
137 186 363392373 552046495
460 51 242890 523775584
67 174 851488861 474511878
120 343 425074 4025599
399 308 948739 568153200
219 95 692881 468953131
212 412 443400719 58130203
159 421 537857 760636302
345 318 694425 620140635
282 7 832530158 724103019
128 475 385338100 493688903
422 238 600430503 620355750
442 167 186563721 209960253
254 85 311639 475628248
18 428 350557361 596842609
276 312 777525212 313518813
486 370 397303448 61440428
210 278 464973 520891200
408 466 996883410 369410386
283 265 691107 117210963
308 168 897550400 295488258
336 212 555572 324660181
351 160 113004 202035472
66 231 417724863 8868683
293 445 498604967 794137918
12 376 887990278 968780674
111 126 376123 87947228
179 306 892460 744481110
86 481 547487 895023210
287 384 712007621 644750030
485 231 314188 245664752
447 474 979732 12305487
1 446 883257997 717584114
116 35 836588051 820085533
450 348 300406 551694546
51 299 6940081 145137196
334 494 860553328 231394332
92 458 922730427 572278070
78 121 426516831 936631048
471 429 497284 890745994
405 31 425242581 236205671
190 487 886254 820665795
468 285 984975222 507925136
152 446 905819691 488450780
105 336 992447 277578175
471 302 692280083 899232679
211 329 743219989 196163880
202 275 789098217 151537418
2 126 312005806 559079162
26 387 900203933 428468070
2 284 228140474 268744669
357 252 494120 931191451
446 399 176813238 427829529
373 368 24805 856883825
457 153 93993502 153328700
189 217 518 411859164
198 369 321346 766202066
474 179 804815571 297347636
355 292 946568254 80626350
224 466 183100 826597656
247 365 766486458 433265877
89 80 25788614 224128788
381 266 614963685 628625317
147 264 737214619 13191646
148 356 537943738 834804602
413 255 511602975 167288663
17 209 349542 381721503
347 249 719876 989783453
343 41 789667279 953861745
372 331 76722299 475253638
112 193 208305688 174245995
253 174 564387 539948333
155 331 32060894 382791796
405 464 601187455 620184556
86 456 342676 262948264
198 347 426146134 768036304
264 361 988353581 874192940
358 480 956461 196159230
126 371 36907 121577503
456 232 60608486 878223712
21 136 523653 810939
2 439 784159 898875770
109 182 603939368 514922019
159 294 193244428 648164026
307 119 924669697 749421072
483 196 130333 665434047
117 468 332956469 802863386
291 106 549207399 899522059
405 413 543360256 277360646
91 268 829318 356791791
195 480 58343995 926793328
369 302 393706244 751782619
117 36 473635969 442668367
485 452 587250072 192600096
205 331 780962 578466513
499 215 572333531 882574982
95 59 216302 91465330
312 462 688653965 309881771
163 394 81396188 989168753
158 130 244814 870819954
358 14 377499 603763795
397 101 770282781 343698259
481 413 956372 645098614
486 437 716206227 92384822
433 44 0 784920942
281 130 691113586 49718290
105 465 675933 556056300
52 160 859050839 684435499
271 57 694587 804312705
474 447 221050525 686394834
443 424 532223053 72580409
330 121 456197483 351153351
326 312 192956016 552467399
121 277 871315030 559634882
39 141 169016 633867291
354 73 559605 716480103
466 256 351153587 118850657
306 475 0 301854348
245 397 782018279 486149085
239 71 26587804 861518537
251 178 325116340 33475388
304 95 924182 568247239
201 140 360265960 818645509
491 286 259371945 931717583
466 224 562138405 283658740
153 52 275304929 210948853
388 170 330884817 217143825
150 418 57576 924119467
328 331 126853235 652322647
389 369 997932392 377067864
249 60 811676 393411385
158 156 97988 615743460
397 490 902258176 940787392
94 101 980202045 116385347
320 436 434226906 936724984
413 164 252364299 954561916
218 461 107548 182370842
62 163 697312825 782037120
422 180 820747878 829744880
387 267 62007328 318117615
2 395 377060799 899733171
286 500 386204 34278861
82 484 215717700 190470016
437 494 103621036 804418130
236 414 523932391 309835502
75 50 800136108 443659652
328 247 248395422 273812728
86 193 908999279 975609640
435 342 310286 903253732
210 157 435825366 691745500
13 158 17378 238418080
113 449 364363 90823781
135 237 282314531 993707730
376 333 331502529 812651104
368 373 520078013 449840529
61 54 893561327 922521211
64 10 703701503 165159031
442 485 184598373 884870707
224 444 499638469 361882305
219 95 263073625 482365845
488 209 738649 672852481
370 427 827716898 890636259
210 85 54960928 165115222
179 366 993030229 787381080
12 140 619497 250504359
351 174 992607 965436668
58 220 447473 90194422
209 396 238079240 15225462
322 14 619521753 497564853
234 168 212119 633803264
204 275 887604384 9234352
263 429 19005 825419602
205 74 89131318 755461394
5 457 12075 790880036
79 149 141768 673854929
25 271 407183828 818942625
394 323 196811649 904871823
113 464 435768345 7844579
396 104 91397006 378016468
151 239 896618 362083046
384 287 739866 320557231
236 459 620100 419301006
200 471 989569825 243804682
85 192 713226166 749996858
31 227 955685777 845045
295 354 188075339 708359327
457 6 93704670 187877965
306 21 696766933 902696327
44 30 664517452 351371455
428 18 835590 393622855
60 200 193758709 390367517
134 381 703499824 177078042
177 457 883687925 727293848
243 25 116692591 977369468
131 211 791345896 752545536
207 24 829518 126674835
2 55 427556645 894729484
191 61 467579392 295099227
231 185 922996995 209617915
47 393 481971019 457639781
434 337 850485985 68320949
253 285 424100677 75495399
136 21 82579652 92072646
4 257 494332 372177993
275 278 669963 452470929
229 377 747053 288929651
203 362 682982 509423463
187 374 94413812 111007112
489 188 505970 599320463
466 93 213790 369390049
132 279 297969254 399867284
337 499 463970358 630708679
239 485 902760 599556469
254 73 361627092 848429803
328 392 806153606 343085207
