2000 1700
685 940 793918 160647709
1565 79 472990 567504710
620 929 368440 430408479
1698 283 978944 758481586
1231 463 1578428 289491917
746 240 188562 917750857
1428 1801 1143519 137666006
1718 439 2707964 271909500
389 2000 871433 285748570
1957 1885 92608 641981933
331 723 2250065 255764004
1672 1718 2952889 392602631
729 567 103810 622109411
347 716 318728 417855769
605 1950 655100 363438855
1120 684 873035 422541603
523 145 4205619 998839320
883 1948 1160141 785876595
77 1234 875138 475763391
427 1076 2350771 354576680
180 1864 615633 904649280
199 1327 1109859 462278594
922 1230 2026687 715232492
195 356 1901054 844497546
1730 903 1343117 514106084
1313 386 767164 468609694
986 1365 2363795 81101723
1915 1142 1469854 946068043
1214 136 45261 457082629
293 1693 826037 877685110
737 1418 982146 530113543
523 1273 4219942 699472911
1560 113 1107483 880918909
1277 410 679116 583601398
1277 50 2175208 689495796
639 1864 194738 175058666
1140 224 989163 446078621
356 1356 1850056 977647882
1258 1033 772410 876687596
1312 1395 565253 933514935
1506 666 1097697 459852703
1902 1368 1262861 899011498
460 463 2137464 566691154
166 159 798577 20643242
1403 858 1077835 797961525
1926 118 679548 735981487
1883 922 2161277 257296738
214 1421 399253 146893877
1225 930 135068 262559865
726 144 934467 721580095
1485 1406 2000413 717269116
1317 330 526062 398305622
461 50 584723 438514275
1940 523 3286788 940677313
1584 1478 1053900 871127946
1559 1842 888559 102530391
1735 1867 647170 40647617
1634 1327 931706 925889350
1842 47 2386039 684494117
815 558 6126315 313416457
823 269 830893 935754476
1915 704 727142 770185144
946 1668 1423573 889499137
1723 589 1109260 332142793
781 759 123867 430257002
827 1003 1455841 571013552
574 1577 2338774 277945021
752 463 2342300 975426694
124 130 927447 981726839
576 1292 17655 578765488
1443 770 457471 285803515
1284 711 654784 182723900
1184 824 2711197 13277347
1063 1566 2501272 100396384
1232 1569 2717033 794696196
1746 1379 825061 397411530
1682 1664 1184042 183684334
195 1286 1428205 136239860
476 603 199434 125364840
226 177 637411 422530529
950 1366 1304057 11116229
857 1680 997640 778285406
526 1898 2857246 588851507
1260 36 572629 943488886
91 1473 771347 467086519
1320 970 389509 356478505
1910 1511 918654 246758469
245 1703 430990 559672164
74 572 3081911 634981258
1944 460 2097766 619010648
891 735 694653 186990411
1403 1449 949369 119411742
1668 682 609649 577883200
44 16 1462917 299873115
868 1559 735128 908443101
769 1125 107013 550998210
1247 739 1445049 927010930
572 1718 2766847 760043101
377 227 298748 540134564
1817 1286 1627045 515097816
354 786 3282696 402250081
986 1603 1064567 470604638
1709 1901 73149 350051988
1492 1165 422688 763551563
581 366 5571942 728734002
475 108 2337084 362077101
1286 210 2059407 955195266
356 836 1479960 61686154
1541 552 245273 621900859
1560 1424 844282 871793399
1577 1932 332202 52901166
76 790 1419790 228765210
1944 1801 657251 558078007
1693 234 432909 142312006
366 558 6035448 561195830
1812 475 3276365 919226932
790 1601 656662 399495964
871 1056 626532 70001112
1290 108 487084 940188029
1833 13 670234 948855347
1709 517 582382 583444773
204 439 1092229 88887680
1599 1478 741319 249881797
1231 599 3089959 686074008
325 1929 459170 178715249
1886 84 130068 728903695
1255 1158 916582 115175090
1817 1022 1373996 350381133
1973 831 357636 114907151
629 747 1224023 977649592
322 259 868732 765902966
943 676 2070628 534068883
164 76 2844490 401724363
475 93 3902543 51150240
1428 1537 3546830 102888693
1184 1596 3693704 246266470
73 1637 1931692 442626188
684 801 636376 705780076
704 1377 514207 421314660
1801 752 1645353 373703723
1082 1381 586858 373738425
681 1076 608188 879519138
627 323 852774 690027140
1585 483 979639 16943936
1327 206 1738331 470747051
333 939 49684 744112415
246 342 913271 178625893
115 1896 802282 107329206
352 1334 55416 680824501
1481 1276 108943 287072771
765 1874 2692339 158354602
1290 1022 969688 637208622
171 744 743758 447839726
943 1277 258213 648732313
460 366 3206234 486707274
554 1094 1183016 779584130
1056 527 1121862 944622554
1253 41 228830 3698718
1932 374 180058 228709839
1528 1031 658628 778072710
846 1297 2103340 498429296
1076 1033 220207 188395829
616 37 401193 566016551
566 527 3052439 763603839
1056 73 428185 965068382
1917 1648 961026 950347202
42 1645 178070 620840009
1063 1254 1635615 129982081
1403 1874 1037132 359220633
620 835 926740 536000488
1611 3 1841271 564179053
1356 1975 6047585 983080616
88 1076 1617855 496375020
1299 1880 611953 867927559
830 428 1654430 227901526
108 210 1323754 240248638
599 1983 3980896 244432728
1368 1898 3053260 153541760
723 666 895402 536890625
1718 145 2527477 933008309
986 1874 558539 978938722
1239 611 1539851 523607148
1617 1601 1066193 897724599
1940 1672 4561510 539631291
1862 547 716406 820629053
1956 1713 408748 403788240
138 1560 435885 934836066
926 1593 931856 225441169
62 1918 678076 825543026
1043 1258 884715 67940631
681 1033 828389 84032488
1607 298 5698848 841888365
945 61 206165 342073633
490 1458 991376 84025994
74 298 3959535 180294680
26 1014 1172693 544652514
300 1698 730288 385752099
758 1483 574442 27682349
1136 593 757400 925097631
1 205 528694 823920785
523 1718 1678150 456819206
1801 1014 870766 749742855
1577 206 1133301 495634430
469 150 86436 194845592
1238 1057 3452018 604953256
1004 182 713862 7689549
1129 1603 497215 851233004
752 1944 2302599 752940603
1184 1672 1987853 582717951
1046 1200 580274 624839675
747 1740 1337617 723935251
857 696 1801783 811048113
473 1846 1610740 559352593
719 1390 973397 843372905
14 1870 932704 273891273
1812 350 4748482 30355886
1596 1940 1120058 474647625
723 846 1843592 770524067
752 581 2570558 815117299
470 810 3396895 388872286
339 1728 654346 748674068
1428 1944 1800761 639391406
584 670 881956 231620209
1173 994 1043574 880623209
1869 56 187799 171522260
572 1596 5495534 11853951
1449 299 462933 923266583
301 1120 1198354 869368000
1893 1058 747984 158217720
527 691 2958906 62930263
599 460 2530908 586192642
1954 1680 672909 355237111
1272 1513 354119 805508944
2 1059 415929 501818569
1698 1822 1526926 514364360
1424 138 1280160 292293435
1294 883 648005 725067511
88 1204 410545 439872436
935 956 251817 903321611
1404 410 3219099 239037745
718 408 743136 147150948
87 868 1681832 142432535
781 1618 594804 567333236
43 1084 674368 784966087
1800 1428 2757371 232519565
572 1940 4375482 964539800
701 1841 134910 133511600
1274 433 618774 64025799
1925 1302 533051 497719423
1558 644 917723 114882304
316 551 484445 636813125
658 853 832801 969684199
1760 1412 74972 298826808
74 1298 854325 719623666
30 815 1359272 144719471
170 1917 1942837 128539755
212 400 815690 278098459
765 986 2133820 784051525
597 1948 975279 624308552
737 813 1334300 451647297
410 1920 1549576 790802575
325 1114 979040 240200001
935 1410 512476 585989244
693 1642 876082 524404014
1658 1528 857218 284249741
1755 238 865080 39549281
1645 374 225700 318835114
824 948 6248375 543717208
143 1508 92736 413752680
554 1421 1143268 4567209
469 122 1715155 928842428
1330 514 2140313 334338344
308 292 386889 788987924
542 1188 772739 432980275
737 780 1316592 563207950
122 950 788483 227014452
1286 836 3163851 592608941
1594 1726 686414 154938321
1567 1321 701222 204746325
1537 1231 1521853 362442367
686 876 477003 447320325
1204 806 613653 777082649
526 30 4128522 827555854
1428 815 3749469 270896396
874 382 317495 730296866
788 698 828957 351941649
1824 1324 830627 700289986
1368 1231 3560029 511557643
1290 1812 1426358 36936228
932 1548 658054 293180632
1800 815 4219811 274084061
815 752 3501928 979065840
30 1898 1271276 143765207
567 1886 185633 878058916
824 1330 2551855 643954569
883 1764 3463528 493727111
1026 1181 1203899 645306146
206 199 628470 911544433
802 490 2016547 864831946
669 1526 707931 884808614
1838 475 1420137 305927479
1327 1932 926177 410681279
1715 129 128030 850941462
210 475 3660847 39723971
338 972 866839 833677901
42 206 933516 864246420
1001 747 1145690 459917558
514 1718 3264679 985465197
1184 285 1580490 786193926
938 983 155717 175587325
74 1273 2226731 708051267
1330 285 1863818 750241432
1942 631 524068 841405712
376 1762 69829 880328615
301 1252 930005 680595168
1493 9 255254 515116452
1168 1224 537130 98703753
1916 191 268120 850890153
692 1900 559991 871923588
737 1680 655544 23540267
820 1144 532061 784198843
206 374 632087 270507849
1205 557 1861408 280514492
206 1645 857782 725647422
691 1056 1837031 650069334
143 1656 882568 127206262
356 1975 5432012 268616299
1440 1392 1985335 113256080
523 1184 713120 200813939
1037 502 815389 924768262
1522 73 1124217 188987646
297 1586 152590 657393840
1330 1672 1456443 258607553
149 356 2684793 942166910
1908 1533 547978 689616847
30 1703 673883 85370467
447 1677 97860 114624593
1114 1004 1261579 179335968
1223 1833 149255 420300770
836 1593 3064126 366969213
937 113 136873 814986669
470 1158 2358209 556248634
356 1838 3099629 554097864
1261 810 2671918 368421667
723 1297 2389492 787409366
1255 810 1955264 804734204
803 1938 114623 473289216
689 198 1919158 382076880
342 684 1734896 162903615
204 1672 522411 363887207
1440 126 734260 128323652
460 30 2337096 536339217
266 82 291279 670516428
1319 146 943242 424814133
1822 1747 1028297 54779742
1663 1366 348070 206345818
1687 499 972100 253568586
1056 764 697628 959345078
998 192 110157 418139861
526 1537 828618 861433002
1801 26 301930 80342043
1234 676 1420758 321000006
536 820 118094 142969090
1702 96 146951 603119107
1054 1917 1217941 807568348
1707 717 1566968 450977428
245 815 1202876 909299348
402 1012 825674 466835033
723 1506 1993091 358956096
26 1902 2467023 77184516
1975 93 4814791 619597281
204 1940 5083950 664707089
76 1206 547416 695337780
356 350 5991877 508473112
1764 1489 2400660 741979445
212 156 804746 438340074
901 135 540855 69925697
764 871 1324160 301449501
1403 1365 1885195 976063245
1239 1599 1660811 345330592
1327 1645 880540 104035129
1304 924 372843 795901382
1898 1983 384162 892515201
463 1983 687486 635598695
503 1461 348338 739762634
1298 1718 1169385 64814118
93 356 617225 9458229
1456 1822 2360188 955291048
1673 456 154300 425858290
957 9 543002 952598821
1645 1634 51168 588991352
439 1596 5436636 676818374
1521 20 881332 941788233
1189 876 1147316 691234342
170 1648 981814 512114649
250 1388 875944 478883189
1703 1944 2577825 268888192
380 971 997274 139324123
870 495 294458 221017936
16 1119 707090 479987363
164 1206 2297072 143346735
1294 1489 3774165 142408097
1944 463 2103589 351237203
1039 883 2108085 199758442
30 1368 2181253 174993311
1314 1943 243931 952372820
1800 526 4845779 607144647
599 558 298330 125110073
372 851 823663 2918668
491 1243 367347 108396973
1838 836 3345163 131416822
916 244 514467 321590698
56 240 159799 251059992
1788 1616 883250 332786174
587 1699 409419 22294918
599 1428 5114935 208687160
1506 754 2725816 214079401
1470 1872 795737 522446660
1756 1569 2108400 232903092
638 313 921225 731094941
883 512 2742516 577106366
1050 42 1185089 160802572
1105 207 670600 527884759
1206 1617 2595226 919972839
1521 363 1497041 196788253
1283 1173 1958059 724173906
1286 1022 2192438 701951040
1961 874 79513 432627021
502 1260 479074 678165279
195 210 1042116 108383244
1830 709 172053 42868972
621 340 320577 859856607
221 1297 1324625 9309596
1184 1718 965030 396771880
972 1682 683837 896298543
1916 263 1116997 676699054
508 1056 2074362 324548087
475 195 3029635 231355742
1238 597 1876340 614832484
681 1258 1600798 331902066
648 22 871176 939536405
186 423 2144846 956938456
1388 958 1129381 269390519
581 463 4503196 325299936
1975 1022 4706110 941098375
1593 475 1701162 551268062
1008 492 995437 865696795
537 115 1758951 506448568
1486 954 868377 498072179
1898 1801 374685 935055889
145 1330 6936815 647393961
1902 366 1787530 302898088
195 1022 764233 218044764
1327 1577 1258375 517764886
1800 460 3054374 120702596
1273 439 5249741 771982801
1580 276 680586 462747174
306 684 13764 661924591
204 523 1797152 607869242
691 1637 333521 187212688
760 1572 654967 311608005
1817 1975 4140730 528163593
345 1352 576465 403678627
1780 378 249800 54590134
871 566 2557119 589567204
1420 1786 182529 84341794
1120 1252 2128367 508062817
1607 1940 445763 439543942
1756 1232 608644 839389763
729 84 419498 771969861
1404 676 2611464 944201931
1838 1975 2332390 86963571
630 512 586962 772061522
1566 1254 865666 937187300
299 858 591407 326945617
1883 1237 1604343 397718175
1033 1556 2188532 821691873
1522 1056 696044 601876460
1656 1508 789831 235803776
1593 1290 1123015 272816093
1102 739 816362 116580700
810 1158 1038675 957677126
186 144 1278674 768185752
569 757 866004 236865378
234 293 393121 673367100
1377 1915 212942 526360651
20 1406 1840856 800202814
1746 106 544962 475556203
1076 1556 2408736 286077276
1343 917 271153 339555786
308 1566 1595988 888415705
115 1702 630616 935012899
1374 1791 952242 238085782
926 1812 2507066 212016492
1801 460 1440518 524585040
1817 1838 1808362 731918094
1801 815 2605954 556326011
949 1459 263694 589487202
53 1069 695533 611336656
30 599 4868003 950267434
1983 366 1756249 564924570
1804 838 594024 476683196
1603 1874 506037 40361106
601 818 353343 978848731
1672 285 407375 493668918
1202 1682 1956096 7026276
1664 972 500212 397057108
298 1596 6373160 959679589
1874 1394 2370628 776803378
1261 934 1947905 760736209
1805 1769 137168 28967956
899 810 906080 679577838
1407 590 882938 864670294
1802 888 825332 269229370
1482 1722 529248 702460519
994 473 998671 709362992
663 536 183182 831166144
934 899 182087 399544440
1178 1695 683261 895674815
366 1537 4169050 854691280
570 83 755350 845578394
926 350 2241437 114696248
1827 157 272496 289548772
138 113 671591 651799029
755 1765 861605 538856416
265 1167 191179 302734399
1874 299 1523565 485773868
276 414 708882 521641553
1014 1944 1528010 510768239
1449 1394 384121 238068567
1537 815 4259884 113357919
323 1001 1527851 68099249
1801 366 2515112 21362082
542 289 613030 783571896
1569 330 706863 472750949
1050 199 887274 499781939
1050 1577 1384870 644350443
1756 1317 875472 287375552
1344 709 1410204 503484711
486 1508 116452 921559511
210 149 1825855 197771033
1368 1703 2455865 738099824
1711 539 903340 137899249
451 157 1834496 354582395
1158 1261 1633238 190029118
558 526 1037828 122129091
507 1157 153642 619235718
308 1254 730331 819558626
1967 478 126571 601311304
354 164 1677851 515505806
1539 188 862493 185231093
599 1537 1568111 927780467
13 1223 819485 646873668
1846 1283 302427 307869873
824 1596 6404904 627691795
1217 868 2280649 474636091
526 26 3533865 701357812
1869 746 536163 392155708
1237 755 1107095 556699287
145 298 6171955 723488286
1634 206 806633 463985278
1411 1406 2511864 568201262
1463 1089 532177 733965571
1672 1273 5494685 398855262
1217 1642 943462 315584870
1184 1273 3506818 875716624
1350 1909 969325 118725142
948 1940 963532 162896334
204 74 3790345 95887757
354 76 2986260 143185570
74 145 2212416 985410598
1920 77 1353942 487248369
245 1983 730751 52446528
684 621 716003 627993785
1137 265 192362 481231943
245 1800 3103430 626710589
149 1022 1958891 243082855
508 1522 2770379 744979732
461 943 1848710 599781636
439 1298 3877351 280812582
548 1181 525658 129329809
285 572 221344 677176691
1039 1948 947954 597115093
1838 1356 3715229 877171830
1377 787 1489811 557035570
1234 50 825918 521209316
1065 1458 883600 435775706
1323 582 806060 495956945
438 18 882997 963954070
739 529 1271256 804238996
308 1063 905274 605831962
47 87 1240055 21643848
813 696 1482906 194564294
681 806 2429150 753568080
576 1482 597798 338730453
1607 523 3732544 157305145
86 1871 2879 126781456
1375 1892 148110 121081378
1440 1549 939568 217888683
367 1950 391151 302875706
1051 842 71321 681581552
599 581 165181 684360646
1225 316 1615556 474180534
836 93 862741 103745691
1634 42 126892 997809538
1298 1273 1372399 280148622
1186 833 119839 771274640
559 423 660649 396995557
1521 1406 959523 67626389
558 460 2829229 491191894
1607 1330 6463732 551423929
1522 1637 2199537 745439811
1761 423 1687401 663896504
283 300 248664 275306607
221 723 1064875 273578298
1441 181 1360110 751931522
759 1618 718661 81564357
1167 1137 383548 255148018
883 597 2135410 495314424
1817 475 3228483 29657686
1690 164 261584 279584354
1983 526 3241405 480115816
581 526 574308 37171557
1932 1634 5528 189257542
1583 788 196644 52359150
1158 899 496761 309999204
1286 108 735660 154373466
1116 223 501082 82804237
1231 1801 881474 407663891
1842 1642 1490626 273329211
187 962 807636 620496821
1666 138 708643 838353396
605 428 1597951 388235405
1932 206 812145 723115294
1861 390 335488 446216448
204 298 169175 117443536
1708 15 980000 511438827
1944 1800 956595 326805996
1214 1122 884206 594298077
363 1411 55318 118661540
30 1983 887123 105532491
378 761 122484 39300071
598 729 524979 180276207
1102 529 454904 747419543
410 77 2903539 971523801
1760 584 601321 411443601
1003 1910 26586 392847011
1616 1505 71960 984806057
514 1184 2299657 714831318
1778 1733 1418206 210033643
1539 1931 986389 224083442
854 589 280924 672941259
959 1350 225446 939795078
629 627 753395 126142833
566 508 143770 241852147
1485 363 775264 584697332
1747 1698 961949 881619974
1698 1456 833268 816482243
1074 1123 833440 386896793
1014 1983 1629610 589792281
88 1043 1285367 698735623
1273 948 58998 563747533
374 199 3622 691168279
526 245 3972147 370176221
354 1536 1979247 944069580
448 174 459958 81932862
1998 86 739963 270921403
1184 948 3537189 233987470
1730 1927 580291 819790844
696 1418 1130735 697566173
285 1298 3714904 201854422
779 1757 30508 455284729
1554 226 639915 144041734
1261 1255 716655 771306448
1636 1755 1736174 618460850
1998 1871 742845 960461457
1718 1330 4409322 34516635
1197 1654 450982 251319167
1728 225 589021 315783559
1079 764 1134002 282256878
1842 1217 2434089 628092117
340 1120 477607 519531701
842 1417 472212 943157515
327 1830 620875 664210513
1022 1593 2092708 937586654
554 214 744018 757163095
1579 1189 1399026 420348959
126 1615 2352648 538317133
363 1406 2456553 870830238
1339 1576 136575 734470156
764 73 1125805 284600336
1050 1645 1109356 874633228
815 1368 821991 312972206
527 871 1748401 338245738
1556 88 790876 566512867
681 1556 3016912 762274520
780 1680 661038 307904835
1718 1940 1608643 464158665
1130 842 729544 443534865
1055 522 177756 173485389
315 1047 70688 654417850
350 1975 559880 805963991
1800 26 1915785 169947650
1022 356 2665290 881408387
827 1910 1429262 149138501
245 1944 2146851 55577786
663 820 65091 584962644
813 1954 1351661 787321053
1584 611 433532 318119710
1292 1722 1109384 47776731
572 439 383792 768785139
188 1931 1848885 532428058
557 1289 970718 766783799
1865 1887 902289 254542572
1707 1301 572322 348875162
1217 47 1838878 672044638
778 429 635739 895571676
1403 1603 1543160 644898914
648 652 1618701 113850600
150 122 1801584 105229767
1079 1637 328122 121007213
670 1412 1408315 188446060
1072 958 1696204 527598000
1607 948 517760 207400624
1356 1593 3434191 689494082
1838 350 2892267 591033274
1290 1817 404307 586252468
985 757 295288 59005875
884 956 209173 293433290
522 652 1540413 487033960
195 1290 205461 223521936
1927 404 357972 244944318
1368 599 6649989 361064913
1812 149 1441375 386325379
366 30 869131 568575644
1298 572 3936240 268463796
723 754 2862441 60690229
1199 1030 1238856 178194594
1356 1812 3737543 182147944
1297 754 3122206 986121251
1679 407 900864 876952070
547 494 645013 788211367
1247 1102 628697 557839342
439 1940 4316598 532068343
986 1403 478599 306709350
1352 140 962726 803190006
463 1014 2317091 253832142
1655 1326 983587 505380386
1704 92 1678915 64818877
482 391 767391 698442228
1703 366 1543012 379671324
342 1120 2607921 355256546
676 461 1661948 632529014
1231 1800 2495311 630329538
153 1595 167271 801927179
1437 1570 14516 658935392
178 1793 745836 587637679
93 1817 674066 992916647
1036 1837 777213 420954698
108 1975 3249325 287319785
688 1708 1216580 821988077
108 93 1565450 590010301
1330 74 4724394 243904057
1703 1428 3064101 813645441
1549 1008 1659477 881699972
1660 86 667483 479942972
1736 1978 1397123 881786411
558 1703 5440945 600143965
1718 1607 2054404 350271047
606 1289 1191588 635237800
1156 1341 485603 593994762
1560 21 330338 533482698
526 366 4997672 99786400
1902 815 440861 649092629
1365 1603 3428369 482604391
684 340 1036583 818430753
1846 994 612060 691626583
1593 350 3173287 398059684
1037 36 908952 165476336
691 1079 5402 694365987
1362 1149 342184 993545826
1204 1043 874812 863021073
1251 1831 380897 905129459
1496 567 1129417 411745369
3 1490 948388 393191336
1718 948 2572159 173494219
1368 1944 4085203 301280063
1080 1922 478075 406373582
1615 1392 366944 321577788
1373 1199 918761 196765900
871 1522 69505 178199551
1317 1232 1484111 572179846
149 1286 233548 492510579
1237 1765 245491 645112005
460 1231 559053 458351684
558 1428 5413299 63860564
145 1273 14315 372014613
1269 1137 413267 985238587
1289 1205 890689 235073478
1394 299 847045 71959329
1800 752 3259186 726905352
246 306 2661924 874422609
1234 461 241199 843005063
878 1524 1477901 797809633
836 108 2428186 165189749
1800 1368 5041802 763005985
1680 813 678760 598890444
1765 1883 1358864 511800626
1449 765 705843 340407797
809 981 711363 449879845
1440 1615 1618383 975932479
342 306 1748650 430481221
1802 34 1468261 273324718
323 1740 1719787 379668241
816 1586 194796 232001538
1902 463 718766 895617946
475 926 769308 430571728
301 64 1792631 870886656
514 204 1206294 77531747
1983 1801 758842 901571689
1755 1914 156056 937509982
1099 748 674935 214549180
1927 903 762843 375142838
526 1703 4403130 864098292
846 331 406491 30463910
1554 359 558434 909380968
681 427 2958961 304892014
1085 470 3299597 647143367
1073 1065 995507 26828198
521 209 848680 858527886
1609 1213 592208 641728908
374 1634 174534 677233207
691 764 1139418 976817916
948 298 6216615 878989453
1173 473 44901 799564151
1841 956 860703 464029980
1533 1824 720483 704531261
325 1004 2240606 956585326
1322 169 860707 372669648
440 650 907020 43365556
858 1394 255637 846047078
630 1238 3070393 708292411
1158 1085 941386 993619843
1204 1556 1201427 421375782
1231 526 2350472 109218358
1703 1537 3574517 635009779
1580 414 1389461 143031553
1554 177 2494 665067846
836 926 3995971 596987223
492 126 2337880 377471648
598 84 944480 987785187
1874 858 2114963 146694636
1950 830 711589 235807799
1085 810 1980062 772239193
363 20 615705 145693621
854 1723 828333 97322354
813 857 1676410 430612379
1428 366 3658613 979670396
417 1306 498591 207025457
1596 523 4406820 456626471
1356 926 4366062 645057851
1902 558 5685455 44794309
1815 788 516753 324630622
108 356 2182674 72168678
1636 1914 1580130 9157272
551 467 1806652 89168574
1234 410 2028412 99269438
523 298 1966328 216137262
597 1039 1923225 413213147
1330 948 6981477 328954523
1815 1583 320100 509550913
74 948 2257108 905412439
1354 1783 503082 674179717
1419 1916 2055376 131291296
1168 1225 194821 371952578
1261 899 2130000 12829960
1648 1221 935705 942187023
427 1204 1143465 86252268
26 558 4571693 698509870
1801 526 3231946 329630944
50 1920 1304741 661428489
1566 292 1209101 696854907
752 558 3034066 688179660
1298 1330 5578710 460770346
15 92 775469 869723502
1225 551 1131127 644795371
1419 191 1787257 135778093
696 737 148599 194823125
723 23 1631084 710075011
1965 212 248262 578379511
693 868 2213275 160027560
1965 156 1053008 890867259
1615 1549 678813 650677632
549 778 867162 335844327
1634 199 178151 876836201
1601 786 2372873 689834925
1278 380 554314 770916129
1434 570 766045 714645368
1236 1524 755098 767762144
298 572 877630 483290788
1039 1764 1355436 885369076
766 1477 328156 139233575
221 666 169465 692663017
316 467 2291090 478660198
1948 1764 2303378 797046016
1902 1801 2165094 952629201
1142 704 742703 504785886
1179 234 489012 944040775
576 644 980223 850491929
1898 815 2231270 314024612
1290 210 836657 202811623
983 1135 401428 787819239
1800 599 5585273 409176104
815 460 3297097 570547139
1290 836 1941112 669946975
26 752 1947272 477255481
1094 1421 39739 130160713
246 621 3364145 434770269
47 1642 895406 70772665
824 514 411549 522071963
551 930 996051 422085836
1664 1202 772051 408329928
857 780 336609 306496664
1838 926 650825 827824834
1983 815 1847122 974520358
93 1838 2482426 497414802
1527 1441 862846 708320789
367 428 1334004 401930378
352 636 327574 904109184
1403 1129 2040379 573971508
606 557 220867 814936261
195 350 4501747 652950926
306 301 339084 905306688
761 1780 372291 390898934
149 1817 1393497 190841277
1033 427 2130585 123326294
1697 1867 807847 995702580
599 1944 4628674 980902067
1658 1031 1515850 742413007
283 1456 1812212 814774397
1593 1975 2613406 535297277
1428 1983 1902376 36719914
1278 971 442962 640701012
1902 599 5387135 682448587
1079 508 242727 67048600
1189 686 670317 734718731
350 1356 6607467 870053148
466 1832 911910 410974754
1522 764 1393671 882121359
210 1022 1806348 298086358
943 1234 1607508 237861423
578 1529 275236 857779859
1456 300 1563551 797601706
1902 581 5221966 95265657
257 258 835228 383004046
1252 342 479561 458289748
299 1365 1398775 713063711
410 943 420902 20046741
1911 213 866490 72841898
1736 1986 680911 464843700
621 1120 157040 432900841
108 1812 939280 933942314
1637 764 805890 818360251
1961 382 397004 61762058
1961 1525 1169426 95168667
475 350 1472131 224880870
548 1026 678240 594247640
688 1216 913766 842511590
1636 238 871089 279059068
109 1673 500631 188168666
339 225 65329 975354467
1704 688 1140022 341360278
522 22 792885 680434164
1236 878 722805 415207596
1768 1682 529047 989208538
1902 1983 1406252 799009909
836 149 2930298 844955615
1817 356 1291291 106672765
166 132 437155 523904992
1801 558 4269766 953031874
1239 1584 1973370 575134240
1556 806 1815072 636532549
1452 1530 71229 675838634
1172 1317 1741210 204617630
1212 1624 1309324 829436759
1419 263 938378 789693787
1404 461 949510 566873635
512 1294 2094504 384401894
1563 789 316615 100711457
1888 1209 734890 23068566
394 659 496294 598253072
1672 298 691580 248797394
1596 285 5274217 235272034
285 1718 2545513 853426363
1541 1520 1035964 615480214
599 1014 4842192 412531222
233 1653 321717 536547169
238 1914 709034 626665894
1645 1577 377836 415283617
1039 1057 1603013 255590938
1286 475 3072736 284848090
108 1593 635930 373153152
1449 858 128479 276413801
1948 512 1582357 114561632
989 224 196395 242781988
666 754 1967042 358436228
1098 464 55824 97052273
1426 734 392900 50093416
1057 512 968603 506417130
801 64 2076145 6794533
1609 370 491174 980189647
140 345 1539184 410593243
1072 250 1442772 100961905
1607 1298 885011 619344499
1813 1463 367692 175941074
354 1690 1416264 508688107
1104 1642 1715184 382380224
1975 836 5677510 970338971
1252 306 1269100 468450785
1550 779 471039 53589353
240 1869 347592 693186944
1417 1130 1201767 2507657
1085 934 1256058 239868472
316 1168 1810394 637293518
1108 1051 311443 905238675
245 1231 1621670 802680255
1339 925 200192 526629801
17 277 319847 844487151
1188 289 159719 809506491
1428 1368 4571474 227949684
160 1140 292897 686919481
1940 1330 6017960 344862530
558 1014 5140511 913446799
899 470 2854967 338817270
1072 1388 566832 72376188
1365 765 1641674 138652448
1217 1104 771722 979882904
492 1549 664048 442176267
199 1645 229328 819231334
1144 184 347595 389719467
523 572 1088704 296642394
584 1412 526353 95896263
30 1231 1778055 513259563
587 1912 191549 469361370
73 527 693675 266927311
1022 108 1456785 952972115
948 1596 245904 73178478
1896 96 1579848 869857259
1356 108 2798264 918003571
126 1549 1673823 310734834
1417 1108 712341 921443354
574 1634 2012086 614876401
98 157 739213 331680753
1129 1365 3925571 419737520
1757 1550 440537 168328823
1050 574 953900 388935674
1108 1130 489427 250050878
627 747 470626 261055784
1368 366 3050390 343849569
1653 2 137009 395929813
836 1356 370082 549210671
76 1601 2076454 652462410
15 688 236576 908389039
145 948 44690 491350339
148 116 852803 544056839
221 1506 928235 159080303
1001 629 1428467 610748277
73 1079 2259817 8384790
195 1812 1631834 298203746
572 948 5339015 234440082
108 195 692550 873362835
568 1401 468475 689736951
1079 527 2953497 605928415
1920 1234 478818 643009664
1579 876 1205716 43075543
204 1273 6017060 140417281
566 1522 2626605 350071981
1238 512 2483407 687521722
517 1901 509226 339270144
1286 926 2303447 234470220
726 423 68304 381566415
618 912 666056 962297197
1120 306 859280 561264236
1418 1954 2310602 311587808
1308 1212 540315 253753260
1709 1564 1271018 7163773
808 220 709058 477289287
1975 149 3751443 401470154
423 144 866172 529460645
210 1838 2240721 188759620
137 1962 1206464 533277991
790 1206 872374 106835986
298 1940 5253116 869724674
321 295 658878 113613949
1995 1441 1684384 353286658
1617 354 1976003 81244288
581 26 4108179 920473580
835 929 558299 40414104
1721 620 740678 813747396
1672 572 186037 936259737
463 815 1159618 658512979
113 21 1437814 514775279
1104 47 2610584 375738936
1290 93 1078380 211136801
621 64 751303 379189486
323 747 1323406 228517710
1277 676 1812424 934625286
701 956 725786 344578472
404 903 1120808 50342136
1593 93 2201377 82331509
1057 597 3526256 965273308
330 1756 1401537 599173163
77 1277 2224424 285816205
1428 30 2789484 812711377
1634 1577 326676 58609847
245 558 5009952 725873888
439 1184 1742927 350353456
1307 390 452777 870131327
1014 1428 272763 271198405
1703 26 2222495 613215130
514 572 497836 645672616
1663 469 29333 950672852
1537 26 2705251 294068339
1231 1983 890933 810966443
1559 47 1497479 429260238
815 366 2228379 402940642
1537 1368 5081890 576477380
1216 15 677184 235645485
824 145 6203695 321484199
1308 1624 769003 36059747
1664 338 366619 608197847
1290 926 2054869 689008680
87 693 531425 341411593
287 1010 631962 764643200
824 1672 1095431 60592799
846 666 948181 266722432
221 23 566210 913513650
1206 1690 2035477 777419071
1721 929 372244 442587292
774 1032 961203 377496676
134 756 566356 253875580
375 264 628577 575862374
1184 74 1280082 781683606
301 340 1361911 794092483
679 682 216038 805742602
1998 1660 1407456 802434967
1163 1581 675197 164042704
1292 644 962566 73190015
1920 1277 870480 547091710
1666 21 1474854 897250508
1668 679 393606 188370587
1800 463 3060188 990253963
490 1065 1874973 220864093
1983 26 1060767 328341747
350 1290 4296301 40873550
1959 1710 909727 124972434
366 245 1112033 401656345
858 1365 1064316 417011533
410 676 2491506 441270409
807 1159 936702 837833626
1179 1693 921930 200420086
1065 802 141567 711258804
1050 1932 1063710 101656360
1254 292 343445 270557057
824 1298 4845615 515900486
1564 1901 1197862 406019513
1976 90 978267 180207385
948 285 5117677 683299033
786 76 296432 116426276
996 8 711128 33838294
316 1224 1957869 642372491
1708 1704 76546 889641822
463 1368 1981617 216860579
1800 558 5883587 556187350
1733 853 469513 132407108
1721 835 930534 603069667
1224 551 1473426 65690355
14 689 559319 874649067
693 1104 2591267 954394023
207 1338 233264 795201304
754 331 612381 137682570
644 1722 2071955 937367854
1948 1057 2550967 463283654
700 436 610246 244339107
1702 1896 1432907 60586401
1039 512 634412 450929365
1525 874 1089912 438104769
354 790 1566472 860614222
597 630 3144612 419085152
1255 470 1441630 70621704
926 1817 2459175 984598989
1583 698 1025592 243283494
514 298 1375463 642800407
306 621 702234 992590444
994 1283 914494 510685336
1449 1365 935834 74253536
1231 366 2647181 482731789
23 754 2363796 554108075
886 650 915815 908337301
1971 530 257047 855941089
1394 1365 1319941 602648662
460 1983 1449994 202974694
935 1841 608895 920806266
1537 1014 3274082 918579200
1490 1611 892878 988319573
630 1764 134059 444772750
956 1410 260661 948364966
463 1898 1071648 856404343
752 460 204830 636041575
1054 1221 1192637 999738521
1356 475 5135350 568648157
1615 1008 2338303 252478047
1301 717 994640 470106839
1184 145 3492497 604753017
108 149 502105 560120142
44 1119 755825 562106957
1617 790 1722857 47684047
138 21 766226 887166016
1527 181 497271 780954887
1022 1838 2373755 614995118
1489 597 4237291 875541659
461 1920 720022 590306108
106 1379 1370032 951432258
737 1954 1328453 277606392
330 1232 2010164 165210301
1521 1485 1040876 495052232
1764 512 721014 782656447
1531 1840 506485 436613613
1231 1014 1752234 984766425
1128 1810 898195 897989859
1358 91 1673629 488218883
1221 1917 1896731 651472272
1801 30 1645979 522843046
160 224 1282058 715383040
1261 1085 2574621 503067513
1039 1238 1849005 173663860
1107 1028 129755 356387267
1931 1402 1709088 403720223
755 922 1664024 758186337
884 935 42644 617849408
221 846 778716 622812011
1225 1224 342305 300326492
1525 382 772410 427810969
1094 214 438991 803433997
1468 1960 554158 993305822
566 1637 427081 150165165
801 246 3284541 728154624
961 1250 801808 401009572
460 1537 962804 396373171
299 765 1168783 640139208
23 1506 362017 259998827
1105 1338 903854 79997310
173 1848 549156 645134419
1231 1944 1538727 4899444
1672 523 1274745 824226784
299 1403 486438 688104331
439 523 1029801 835226358
1778 853 948690 139409788
210 1593 1959685 539982115
1154 1443 191979 284520660
801 340 1645424 61102434
1187 1833 1264745 211818803
1142 787 232900 287030437
883 1057 3711109 545228487
1817 1593 1527325 141927857
1273 1607 487397 470259350
1817 108 891395 77811192
972 1202 1272263 914821380
1059 1653 552945 803365473
381 1019 435105 228108195
806 1043 1488465 706144557
1746 1241 747357 36689515
883 1489 4422155 417789997
74 1718 315059 41947875
470 1261 724978 661107923
1297 23 758412 334559249
514 1273 5806472 603488189
1765 1230 1224266 799085125
77 50 49211 264334587
1690 1617 559751 397593852
1292 1482 580144 647098364
279 604 797910 30426644
245 1902 762027 813069625
949 1805 314967 827916977
581 1898 3431556 865926208
872 712 204666 13366815
356 926 3750452 366529373
1556 1043 2076224 294770401
1782 1640 564320 83611436
812 1518 462354 461990226
1440 1008 2599045 617468815
1368 460 4119087 997173116
1133 738 987998 105112394
1569 1317 1232919 781376114
1379 1241 1572418 383978905
182 1114 547711 994663665
177 359 555936 472948806
973 1044 324618 97143514
819 1665 82787 574320849
1418 813 2316440 512614663
469 950 926663 805419868
220 928 1112740 934958991
1722 1558 1154236 713278764
463 245 43257 458109930
350 93 5374685 88976906
1073 1458 111909 406502750
1593 195 1328465 286807882
752 1983 1654813 307887408
374 574 1837560 624059110
96 115 777566 200657881
1365 1874 2922350 505560288
465 407 207467 92101690
1663 950 955997 829003797
1273 285 5087294 899888505
634 1174 49241 234456330
1769 949 177798 178081164
1404 943 2798203 577822739
47 868 2232602 803469981
935 701 473978 137269059
1671 1287 628752 434988983
985 569 1161284 326070621
204 948 6047467 648525455
15 1704 903449 448337146
427 88 732923 509048806
1049 1295 49286 16591123
1842 1104 3205812 451755544
508 1637 570833 617600423
383 1166 332501 40725218
210 350 5132970 783871145
559 144 1526812 871363762
754 221 1797581 842003813
850 1587 839634 865934986
1764 1294 2815528 301949204
1076 1204 1207315 526965573
50 410 2854319 887602629
815 1014 3476727 887573033
137 98 886332 661853107
1948 1238 901065 348705032
858 1603 2621009 238239892
1638 1808 650027 781603605
245 460 2180724 194023599
928 808 403684 462241070
30 245 242901 721464899
820 184 879650 40166632
1615 492 1342858 167000611
463 366 1068778 698880240
1358 594 293629 648765996
958 250 253432 305159405
283 1747 480332 27156596
836 195 2146568 806943428
1014 366 3385858 791911589
7 348 276722 710343039
1704 1216 226270 36792026
1601 1206 1529035 447032865
523 948 4250307 687410718
92 1216 1452645 651621207
508 691 237313 462060958
1366 469 377400 963749000
679 946 1029977 261761974
1012 897 230329 862312733
1238 1294 388920 595663802
636 1334 272162 399317314
1404 77 315576 761272574
1666 1560 1144515 304016191
459 1131 773145 651878499
827 1511 510603 314631914
1703 1983 1161723 296946183
1944 1983 1416099 446222682
1607 824 5730614 924934216
986 1449 1427969 529811136
49 1941 679474 698229796
753 1816 751296 101423609
199 42 305033 384781624
1363 1895 652405 461805660
847 471 619345 472091448
1703 463 474249 442441224
1536 786 3442286 436045237
943 1920 1128683 724619444
108 350 3809219 114347204
508 527 3196213 777878150
842 1108 240114 745520596
599 752 2735740 995760202
1258 1076 992619 704053958
1637 1056 1503515 84532437
801 1120 1481878 8518147
572 824 909388 558449863
1599 611 120959 300289901
1642 868 1337196 844428692
1724 580 149404 11395182
1485 20 159549 603287776
428 1950 942844 680341624
1722 576 1127054 395743451
199 1577 504828 587418098
427 1043 2018278 824325215
392 1318 333057 128585570
485 1337 409251 141465822
986 299 965036 285048836
13 1187 594513 70026461
145 439 5235426 537039029
629 1740 1620401 81850210
1983 1368 2669091 900150187
1097 103 348364 565971427
691 871 2463572 960907105
306 801 622604 376446056
729 1886 289451 368216070
522 648 78291 506205841
1252 684 1255334 985607527
597 512 2557648 220389840
1033 1043 112302 621731878
457 656 157993 163204218
858 1129 3118206 715542373
558 30 5166318 51971924
1778 658 1781488 452013219
1434 83 1521388 897199818
451 137 208951 180197826
972 1768 1212879 675646696
268 504 476390 580042924
581 1983 3815712 215625939
1763 1275 808203 144108458
204 1718 3475301 738256767
88 1033 1397660 850686771
1607 145 473073 51163532
1221 170 1917528 609648763
709 327 792924 668676785
299 1129 2526838 487692306
1330 204 934024 855306870
868 1104 3052386 272163769
159 132 1235727 155078455
1842 868 1623687 620146834
786 1206 843847 18989178
698 1815 1345690 411476994
770 1154 649445 782616711
1663 150 115767 153913364
1607 1596 674298 470870094
1366 122 2092540 53619962
463 30 199638 736344684
1478 611 620363 50982561
918 1351 38010 295330444
676 1920 941940 761188548
971 247 1725780 205512300
1478 1239 919483 917341545
306 64 1453543 82323524
1902 752 3061062 595410669
1593 356 2818610 131731681
1838 1593 281037 878287450
1975 1812 4188602 303043454
1984 228 989630 773879408
427 806 1757111 905135906
583 962 1613193 209691668
285 1940 4154149 569927748
925 1576 336777 278112790
473 1283 1913159 473540887
374 42 301432 148594530
809 405 112178 503837173
149 475 2839204 820177152
285 439 162440 165918061
523 285 867370 11120671
87 1642 344654 355973657
1607 285 4599898 547176388
1703 599 5142621 348957745
1672 74 3267968 403590241
380 247 728509 449259091
815 599 5827990 395989189
92 688 1012049 442447669
342 301 1409569 212578707
123 945 917935 714732836
746 56 348354 388686332
1827 98 1011708 314218945
195 1975 3941883 689666489
1932 1645 45640 415845838
1838 1812 1856239 10620115
1765 922 802418 300119766
463 599 4668374 76434441
157 137 1625537 355869829
1496 84 1445095 236887889
1708 1216 302815 533653273
1894 1903 181862 270796324
1697 1735 1455007 225278184
1660 1871 670358 951432103
790 1536 1726089 915120398
514 74 3579744 516342091
1297 1506 396390 781120308
1172 1569 508288 863130254
1703 1014 2791346 597630669
1476 700 859282 989106644
686 1579 728711 247292353
1232 1172 3225321 876248944
1733 658 363298 652731468
1760 670 1483275 816170125
790 786 1716227 999669616
934 1255 1231270 136729407
1054 1648 256923 195906093
1269 1167 29721 546869672
350 149 4311315 306942138
76 1690 2582903 710787400
846 23 1344922 762421656
367 605 1046251 265765531
170 1054 1238745 392062815
1902 1703 1193005 619910969
652 1055 1718167 47868907
989 1140 1185552 128912541
1120 64 908335 203842584
1898 752 1270655 584591818
1489 1057 711052 414485997
1128 1381 1364821 739649444
1577 42 453566 645428306
526 752 1996260 497761860
1747 300 231667 827151806
327 1344 617280 883584404
824 1718 3676248 818485222
1669 1990 618104 199402006
366 26 2817026 3896554
1637 871 2130042 922021824
537 1896 956664 272824261
301 684 325327 544298525
1120 246 3521191 618680734
1601 1690 506446 151774771
1415 282 150392 600222363
1995 181 324282 699534801
2 233 184716 571712570
552 1520 790690 532303820
599 26 4273342 466814417
297 816 347384 835887497
1860 215 835692 960952357
298 1330 1103205 227716995
404 1730 222313 17786967
1898 1703 1545895 192281494
1807 243 102169 647672606
1556 1258 2960941 77907832
1231 1898 506781 191203590
986 1129 1561788 624229788
446 1805 545841 724615929
1050 374 883657 274620032
191 263 848886 150350814
1672 1596 5681561 653854245
42 1327 1058597 687731169
42 574 2138976 836772028
683 235 387694 994213203
880 1589 126141 572124877
1213 370 101035 520188650
1428 463 2589866 58452234
1368 1801 3427949 210745303
22 652 747533 540844404
144 1761 821230 653737080
74 1940 1293581 38793262
210 836 1969167 760943083
1559 693 1478135 772032962
1740 1001 191934 493265011
1489 630 2266622 528251010
311 1117 787807 967078188
1902 1537 3819038 543261120
944 1103 670684 929749190
1404 1920 1669527 251194086
199 1932 183683 439512775
252 743 514094 604821561
810 934 724003 707089099
1953 657 557043 456266768
1827 137 1898046 854801686
1827 451 2107001 406967435
1205 606 2082283 775593034
815 1944 3263212 900875351
1128 1082 777953 81938316
512 1489 1679661 415031370
475 1975 912248 401950431
1187 1223 1413988 769507797
1273 1596 186901 697984263
1966 1832 92909 955089912
204 1184 2510283 81238637
1327 374 1106238 198925117
1231 581 2924781 160173472
145 1672 5480366 998001498
1427 1628 862489 143194568
1502 570 139113 464925082
1393 669 358197 545700143
1234 1277 1349290 531773416
1558 1292 44842 376825749
1158 934 314678 741394821
1037 1260 336321 587172205
514 948 5836833 687224543
461 77 633936 948751643
1489 1238 4163069 85845495
245 752 2385551 815889539
1496 598 500626 56078554
1883 1230 134583 611528635
385 398 351639 258991083
1206 354 2438856 582802391
897 1772 997749 686540089
113 1666 37044 763578442
1708 92 1755474 715001160
836 475 4765273 919823866
1377 1142 1256905 158879995
517 1564 688644 220621405
439 1607 4762349 255144120
1601 354 909820 227581835
1642 1559 602064 592650992
1022 1812 2396062 605529941
1505 1788 811298 438785045
815 526 5088515 142244348
451 1962 997513 750384873
1986 1978 716220 763347854
1898 1014 1245456 828296752
1584 1599 312574 949678553
1294 1948 512141 87475697
780 1418 2298724 715428084
581 1800 5420082 910994729
402 897 1056009 58729424
1908 1324 2099093 934509769
1129 1874 1003259 123049284
888 34 642934 8151024
323 629 1606166 892658573
154 1619 470893 881379063
1539 1402 722694 102410015
187 583 805551 138052116
1043 681 940702 632016223
84 567 315698 553800524
1423 1118 604891 42138755
1827 1962 3104505 267799837
1962 157 2832019 783098957
30 1944 2303216 663453642
342 801 2371258 18755078
787 704 975600 965033957
1597 1939 615126 105234608
1057 1294 3063104 478536814
340 1252 2291901 527935429
368 168 823844 594701320
74 824 3991278 80154176
566 764 1232961 458435336
1617 1536 3234 149520844
73 508 2502539 966391971
526 599 739493 338540583
1373 1030 320097 889965613
948 439 5280108 684232711
12 1146 129534 979217971
989 160 1478448 255244507
1039 1294 1460095 603356441
1812 93 2504730 52668308
1001 627 675072 836752157
149 1838 1419069 898530574
1012 1772 1228084 837173222
427 1556 57953 284705321
265 1269 220910 127757165
1230 1237 1469753 558801763
1413 1201 861896 662504837
1290 149 989187 262806089
1392 1008 2705239 263823815
682 946 813930 780026093
186 1761 457438 67607940
1400 95 484728 646706468
1168 467 480712 403640762
26 463 1748263 666225414
149 93 2067567 291664885
245 1898 1114915 518075868
1817 210 432355 146302461
246 684 2648163 80657389
691 566 93550 789641682
1617 786 3439058 924704943
1417 1051 400898 456656280
790 1690 1163114 547471186
1101 1967 24178 171328246
439 298 1261395 826889488
806 1033 1600773 618632214
1870 198 427141 37235726
1380 1621 502425 329208266
1358 1473 902280 181518004
558 463 4966688 366051322
1769 446 408673 816546206
830 367 1102734 379306979
1493 957 798259 189804454
926 1975 1681553 669770641
1298 145 1358094 846305989
502 36 93557 323701324
1330 523 2731175 704145510
301 246 2322835 673809850
1356 210 2339251 295477641
815 1703 1633876 274561459
1262 1374 812106 78152765
930 1168 329884 669709177
581 30 4702820 580962276
1559 87 946711 304684652
780 813 1339792 619078746
245 581 4546456 48607107
26 1428 1445449 232574574
1316 431 743231 983597143
1196 1578 155310 290541662
1073 490 1103287 944157825
1977 1504 139956 648497551
663 184 944745 323900365
164 786 3140908 294767601
605 830 1366679 190148175
439 1330 2026240 65507415
1577 374 501210 34148452
566 1056 1930585 568972125
1004 1929 2699783 872040509
755 1230 362666 435280247
300 1822 796640 43273129
1940 1298 439252 380254753
456 109 346339 253945723
1690 786 2879329 949165422
1449 1603 2492539 688308389
558 1898 3895070 959232902
