500 2000
38 488 55749 658761882
269 115 5937223 358074559
76 336 3689136 506786016
297 257 6277 112557728
142 52 7173390 436405625
107 324 14410632 54717794
73 452 12054266 538164186
278 48 279684 726479484
356 363 4506334 323119453
68 479 56365 494983482
137 436 349682 195826427
38 23 504116 719227152
334 445 11038012 363009863
256 500 12690912 895746011
461 58 12524430 374804391
466 470 15627558 415567052
180 93 7985132 458474178
111 181 24333 810472106
419 254 6061152 462136155
226 364 188206 507988623
146 13 7452024 208087922
425 496 11210833 784793914
496 323 8738506 981470462
213 364 46942 456414327
498 124 60672 213530295
142 330 5458238 53573519
334 252 17744669 867649988
204 331 395303 931870591
36 139 536994 944880532
287 426 14116117 504013710
356 322 10483993 314967078
193 431 637446 343683071
116 358 369523 933071589
90 295 18413708 688514979
360 285 868627 615353030
107 138 8555960 854112822
5 234 891070 383013934
427 333 4496551 547885900
101 183 11166313 897211277
111 488 7048 507583885
73 169 95503 722828754
456 194 249228 625223279
456 414 5846 683879034
65 320 9695310 248523648
231 101 15873 27363457
388 391 9636452 978312245
127 106 6219483 140619504
203 228 742025 155561727
250 154 10627637 498380283
318 110 5125462 215911766
162 413 61326 673389552
412 375 447474 87048584
53 343 4935612 698827693
61 355 294630 442617892
500 95 52529 226869227
253 145 27187 834545843
410 370 55589 335092456
214 474 48820 25269659
473 353 13928013 675521657
35 196 10303246 612957595
140 314 16166 459025837
404 373 62981 233398825
344 203 10041225 780424383
58 190 9890198 247621003
324 255 5579788 675497077
159 410 11151102 708359683
172 331 34625 272403520
212 119 976596 413663967
130 487 57060 681011951
45 333 967883 293267626
433 401 93341 733878090
432 478 484022 411679251
109 126 525256 612696375
245 17 15250093 382900553
84 177 493272 716153545
99 300 5683819 530336216
353 130 3863 875657192
11 72 551700 816112376
349 234 7951569 492026298
270 41 36069 932049549
446 392 450504 773527940
120 124 221941 433257331
104 151 12545941 636066014
296 487 1690935 234586895
228 45 679386 478174370
65 120 4853829 748269909
252 249 252425 682933198
270 491 63516 20842152
202 347 9989115 895010971
93 122 71267 937432660
155 483 818251 617350508
75 391 728987 245856449
350 109 10518906 793915074
160 210 8593532 532170793
218 24 82441 641056628
297 30 487049 185827212
27 171 641317 743084085
76 176 17291 103740669
332 148 14743504 921964031
347 417 8162369 634221383
155 98 7990756 405606687
73 325 28978 541816567
356 369 9531829 267006754
262 117 63564 8180948
356 241 9232491 351739254
424 45 7637 397662257
36 372 10478015 331642313
267 291 6169920 770497813
423 258 11200994 603953108
139 94 66019 514297628
149 287 276682 889852168
171 293 25088 187072325
470 166 13813560 157714615
53 63 145579 724988672
79 248 748440 539550557
249 251 12028621 855774852
328 316 61050 308289320
384 97 11453584 314912093
470 243 90469 147720103
84 100 760672 23615234
186 97 128779 134924557
158 113 566689 446101833
381 316 265846 554050624
161 429 11193904 415994724
128 143 33343 794120117
476 10 62456 520417867
146 324 38009 707887257
372 402 10714902 125585960
1 316 80410 77218584
197 68 8295864 616514972
490 230 777634 306336440
106 1 74883 788372496
135 204 83270 515105174
281 300 8717549 226570276
11 376 604210 688649633
74 346 12693327 114804255
136 102 4200633 540159518
179 397 904683 768927228
171 490 13211140 371445787
234 191 146620 276649902
465 60 11563643 712221971
472 86 18485 851690659
22 217 7741615 292528489
294 145 7577718 98514177
200 316 44945 82199120
242 132 1447 409655347
82 476 13294932 608404518
499 127 7341490 542060902
16 500 14082863 378990754
375 175 8036650 158505473
493 7 8903447 801039507
434 335 263984 948356858
101 173 975176 400883988
426 386 36788 170368968
85 301 491010 119962670
316 430 1722250 305626930
298 468 11375677 705381735
307 390 276855 640767162
369 248 3841881 873015349
72 359 10890 361005803
357 355 73107 862110539
221 21 79988 778081121
467 201 3738182 584813840
48 301 13172 763954877
264 312 3071867 57068909
465 12 7275058 6908433
60 64 23438 946501294
188 210 75659 340857457
202 29 81900 46800652
464 116 48097 484048756
112 320 13658186 292181537
300 415 92043 363810846
39 458 8104081 790880585
10 195 20339 23923900
417 266 11495255 614688937
50 446 7571847 787538232
3 251 7501175 722697889
486 173 13342491 56717597
19 253 96203 331120047
302 57 4530921 250159099
77 491 45709 445933785
136 213 29812 260132248
156 487 22651 655857276
87 291 5226782 372751204
325 62 24254 268258659
135 485 8229308 430988416
491 224 13446288 280212979
392 339 32980 210417510
324 63 8944222 563418668
408 421 7479353 781626601
23 388 5949 623893992
388 206 8044565 402293947
204 6 10438265 503832686
82 263 97287 55819518
127 338 213499 71775054
286 245 17846729 459776973
24 340 17587 489166131
75 256 7300891 428668081
224 422 4920892 417075275
389 420 53699 614507375
172 371 4902740 70491601
232 30 8870529 696674561
13 39 72508 702214735
194 52 43711 284133146
165 339 33166 481230965
71 226 6758307 79588435
356 43 62245 733042170
421 359 6370126 531184827
377 141 15040367 156485091
442 341 916206 155393011
307 34 816967 20566166
470 440 17108026 221832469
185 337 46868 557843597
353 101 7092341 795864418
298 61 665337 638499877
339 431 6336820 604208760
378 318 31966 555606589
73 362 2660070 813930649
338 228 47926 824832322
148 70 81497 517646152
367 356 90745 150519319
10 162 213992 65986175
447 93 9605559 742448257
25 320 9379174 406874925
117 49 211126 105834024
473 91 79100 52702450
153 70 577710 638892282
259 419 6598688 941780061
412 127 12325175 417763158
151 71 10007391 782667339
311 432 8311824 565716057
308 313 9742855 875542559
486 118 202816 37014885
30 25 6441234 826546625
403 229 6430616 735848477
19 45 5914067 746765908
498 301 3600167 869501758
150 188 7978491 355864944
95 40 428751 782056757
119 141 5078541 379465235
142 125 172684 528826984
240 321 4257044 705386649
388 304 804791 715830656
255 329 944504 831144571
241 307 32586 455137261
113 393 7847777 683014334
320 227 5990977 942467594
42 96 14666360 136609331
381 269 92119 957312136
255 489 16456 987821619
145 190 451272 243743920
319 177 15658 295837671
406 408 9601133 412257154
19 56 7611526 815459021
90 491 960699 64339341
262 94 7512605 230579147
380 383 2455392 128987996
488 352 9675025 957415800
407 272 6646415 64106268
430 190 1782 797611894
14 456 5433317 880820129
42 315 12520833 524155965
441 379 387088 148927713
393 54 8578382 652018001
109 492 6678624 219442949
334 27 7686087 343631005
284 330 11204264 566087838
251 307 4338052 616540293
388 170 44368 511807286
322 417 74273 882520363
172 416 6238164 955169054
331 464 7495422 308405470
230 369 71722 919122400
449 381 331598 927093982
8 325 12033990 818665019
152 432 509467 841914222
236 183 11799427 620820085
340 405 41867 769948930
104 26 10529688 505491263
475 82 9665878 249718054
445 199 7997270 18833532
96 14 9226444 705782388
314 373 91567 784075235
85 343 10136252 82202977
69 434 4399235 784571990
187 335 3697983 573343001
119 76 8921053 361285414
337 445 9405918 967732823
483 302 7168425 113315470
311 409 44301 806239757
494 223 7046576 506157476
169 232 13361735 927472934
455 223 381007 119410913
127 148 9806954 229874205
269 493 6396081 952681179
321 68 248048 559442126
50 307 17513157 490774966
77 114 20787 417942858
119 372 44323 973387485
27 32 14589357 65310223
427 431 48881 890581388
334 463 996955 139074980
60 418 14664935 199013535
224 209 610964 544644029
476 197 72994 370949719
474 58 18304 431038676
4 51 6404829 514527233
136 283 9287077 689998121
370 275 5891601 411768738
165 122 923692 10268046
307 305 791268 272466294
458 349 420497 661410968
481 118 231503 767732575
232 239 70616 319973024
394 157 49741 927841038
12 301 11013328 213807002
288 267 972871 754841601
243 104 8816779 218001939
459 236 13986473 386348173
330 382 11850310 63635045
41 149 167500 984866320
339 105 5344978 249902596
419 298 26195 221841756
70 444 13102123 968937625
20 262 962595 747711881
16 298 8636331 631464496
87 231 13454277 422924981
491 454 66097 10981852
471 457 634900 407011625
357 497 659520 78094377
468 282 11190378 669330269
182 474 11234898 868414003
243 397 5746416 532995526
402 442 651212 478153176
488 456 2053947 206424066
151 137 3643473 309948379
486 164 38498 615199304
128 280 10485442 618879911
444 448 13051 430244408
474 27 7293 156027133
167 481 17661399 357787447
284 48 7398639 589797704
186 85 13126510 510477021
70 256 9885370 496801449
62 311 191122 427033989
89 361 6066491 750988261
122 463 16960693 626327755
336 370 6050404 901876843
236 405 261560 815584526
4 76 74062 14722503
317 165 976069 267020619
32 215 598330 731279320
303 247 42840 872594925
112 442 515532 737514203
260 107 9283364 66522304
118 291 10867704 741729669
57 65 981746 401896553
89 102 2358937 534928510
76 244 6153260 976671416
309 153 382806 488329721
221 277 204271 223508937
60 359 11512638 281062436
151 225 8160026 326574330
294 280 9372369 621534510
316 339 393330 56915476
261 468 6251570 355066101
165 491 54370 658145133
446 130 94944 123465029
341 359 8336390 155511962
484 227 8758150 184004414
458 386 48646 87735226
343 57 75585 35270501
404 79 187272 508354702
313 257 288507 740567024
379 346 828580 590731839
118 259 5598657 635853224
253 347 15121 811055543
66 239 8924979 419882248
333 389 6662415 983760086
206 163 345262 710203913
233 325 6980024 416168974
335 84 973597 604836680
273 436 7549323 485813553
39 185 12757780 677128345
262 460 424777 71010470
362 98 44985 185477411
21 53 293329 813410451
130 62 193830 161340212
142 289 15213 227200175
409 204 42904 986234793
261 90 9704345 394932239
305 386 6447518 624124162
13 472 74665 341027773
412 82 4481 296273804
243 329 2767677 990466863
475 43 5550595 782970960
473 360 15539057 878474705
191 247 27770 475081754
478 160 2656467 100929876
354 308 9294849 758049449
265 99 3762966 367253025
120 256 637308 998666235
457 414 10578097 521048849
465 64 10510462 954386867
92 360 5474016 496474331
360 404 10971088 333670688
275 419 52486 396989101
155 106 515470 972787024
289 335 285974 180600005
190 494 566377 6404638
308 491 14994765 325119617
485 138 99198 841133459
424 309 647695 71160603
386 148 5032408 521915075
446 157 731063 463130622
407 374 36103 443330807
226 244 8345188 346400139
440 332 10601035 954086862
383 191 307512 511790573
345 98 3483 351258775
128 303 375907 84757513
60 117 12999760 5886182
279 191 4458097 208976510
103 115 7218839 502396823
423 208 5660489 719217899
287 301 547038 949125979
268 249 75610 173495033
479 221 5732432 489194329
176 410 7102398 752524052
88 99 622922 391992333
472 496 8012695 703729705
429 388 10078342 91529599
189 323 191660 265835498
64 478 8013798 970508865
137 462 5030067 933830874
281 486 27925 908718203
62 486 9113491 553015716
338 489 9983214 905994995
457 169 71390 377651889
128 283 2219880 99094076
179 309 9397218 176135617
170 126 10387351 329158725
97 217 7152919 390190432
423 148 6436540 279983665
212 158 2237932 617146406
280 417 55359 868753906
47 55 31509 42497643
197 170 9417681 352269310
416 154 59041 507886631
16 245 51679 900800701
309 366 729663 957370901
342 357 8522017 598109358
301 348 8314289 656648570
53 487 2848334 768283394
140 486 11546986 77094472
483 18 318554 229801277
227 246 7489322 601646860
479 99 614461 705893751
357 49 8567655 226964204
116 441 80598 781122833
100 424 4928631 152881662
40 262 1089639 819865852
411 395 16007 568880993
46 288 1294591 728215387
377 334 53266 728818330
457 185 9885654 378264856
348 460 2178772 34299559
43 458 4802270 667946151
79 364 4959935 454609857
144 369 4573459 587662556
195 86 489244 578562623
301 303 13082192 756227054
496 141 54317 552992379
337 358 64158 33813290
314 124 510023 584567540
133 250 20794 230702272
377 255 85170 230673203
65 343 6877191 242018574
407 163 838303 788820903
114 132 13955832 116160087
487 113 61827 553093383
317 77 9227525 286194229
60 32 544877 335423502
196 151 196340 351399552
224 223 63536 421190701
175 8 11436515 901126043
437 346 8171730 936319032
75 336 6534492 477505475
20 332 6710415 657388727
123 252 12868494 512501622
94 243 10667756 343522529
105 242 407808 101242864
181 21 583013 134345122
390 136 38481 225099779
398 109 94953 536341232
29 262 12089307 958907027
369 165 4465057 778731856
123 499 98921 360593600
418 322 91189 681169881
178 305 481341 539687469
390 23 16873388 435458969
322 131 8454005 181305367
250 148 587618 687560808
307 290 14063109 83617224
89 272 6335904 853555402
26 3 85872 584133673
375 18 3549 649882717
123 1 241143 72637046
346 103 6934124 472070777
431 11 11256473 465055618
405 462 15095912 853507849
236 4 64711 613057605
23 295 999680 369665420
154 296 389972 765412463
32 184 17689282 893151846
162 371 1947478 835726772
131 202 4222 792915713
378 202 12272569 658541126
358 35 293494 200308701
240 109 6524412 908683963
496 31 8021575 564816232
345 232 8516664 791832840
54 316 3160 790815397
400 14 63808 218012939
22 323 21834 380171784
32 253 93498 765063376
216 411 288551 777744415
271 87 10975286 512826365
118 437 9069934 320071260
129 149 23610 346980707
159 168 12908684 758615700
238 459 510308 748099061
343 352 6211866 310462258
148 476 5452544 277311220
445 400 522618 507971810
153 337 11069694 344194967
387 65 55423 651168312
285 261 5719202 692873555
98 69 1532 8735011
110 141 44355 660589362
298 109 11734278 628581416
35 243 641722 843946633
189 460 3206629 179238542
2 368 6772519 239935864
292 125 198237 7526718
458 80 12598 854538641
330 468 181907 270440973
408 51 7097979 856382277
244 471 916263 686128355
229 11 8733712 474476777
36 71 8930793 138377208
393 472 412684 734564788
9 455 71843 769362746
480 25 57074 526076099
416 375 96844 80650123
33 191 13031281 245168978
172 305 12299417 124166812
31 95 354885 884545844
13 8 763948 135401869
194 255 60796 233320223
279 467 53190 956504205
449 304 55718 359916189
97 25 57167 650135002
354 271 9195576 945120379
400 427 448361 293481136
485 180 82369 550357187
145 496 10130373 745741793
183 331 7984913 493841427
308 465 8956764 626176992
214 136 502979 185771603
84 224 3481941 17113111
391 394 9647129 859956929
496 376 12449470 187652648
339 381 659166 845598072
210 296 10577365 458322777
154 57 590951 523438328
259 265 681462 711485092
463 331 73564 719535087
38 413 15535 106270355
456 53 4344334 720174203
331 414 3045539 196150390
42 393 8546661 441917037
161 418 65658 233643812
63 39 59532 995749408
73 76 6560196 862034936
20 117 7330689 321670725
238 413 16918957 588693404
104 236 13792738 736648297
428 495 8252855 603003985
279 421 83885 616947328
147 431 813568 268085750
375 192 66618 864794616
344 216 8731229 478057731
335 306 8373575 685984959
401 467 99843 638139197
458 131 84744 979946145
29 465 58998 257174642
47 317 990232 604309451
311 380 65770 852064695
323 53 4440877 563852667
461 187 398945 899409569
58 263 96153 359305785
402 313 506585 511403393
330 2 9820545 60358678
217 343 4043592 901897351
393 413 90512 179205968
99 143 21509 987175086
286 183 538758 649896794
95 340 3386132 318196530
316 237 881152 136432561
152 138 663398 994986466
476 87 3585742 34788424
393 474 3959689 419840607
203 130 9755317 585650042
42 489 926847 742289908
113 315 64522 745979742
403 54 7351427 747596802
358 108 103958 543364539
429 131 8139403 797450413
231 451 76475 191902338
309 376 12132227 739122929
166 13 6391393 167452179
27 108 38262 834111190
364 177 4587880 753692732
78 339 13074327 100969311
29 167 475797 838372016
66 353 8468062 542799226
78 436 13065759 654729193
183 160 7227329 454386567
409 336 5468208 65922498
155 121 583844 130438005
117 279 11543957 38325232
70 203 8162524 57453384
9 404 9355428 789356996
130 89 40958 177369450
18 450 20778 593840107
320 223 11521942 898141338
154 158 10545978 122488440
313 398 227716 207536299
16 166 37907 191699164
452 173 9820407 429523073
403 290 453735 143357625
244 456 695951 202097343
225 239 5734 26534157
284 311 69085 724685822
207 481 5214168 564278917
436 299 86493 603686599
477 124 5659862 964149558
380 498 3522195 481192332
20 289 1391498 714165081
140 482 9968225 125482007
283 164 50518 56703600
305 317 13106509 992082239
406 240 8921594 664596630
143 186 105586 698020132
433 103 85228 918412448
165 149 11597412 930303385
482 322 452218 889170476
249 180 10318448 701931592
194 330 9635911 860477002
321 395 7225280 913709159
117 348 89891 512205930
369 423 8523392 796776280
272 274 607956 776047211
479 158 11486898 703063545
44 344 804966 283210475
370 190 271341 88360544
242 119 12534778 303409575
484 434 7047822 802266004
61 403 8795409 587754175
397 58 80830 176503252
362 171 8289643 539261864
80 222 49019 185940817
40 20 127047 420377977
339 94 23403 31661096
142 30 32229 738272178
2 257 787257 362187127
410 367 910716 808915502
38 358 42445 420236507
115 201 1622480 121948675
373 261 13377 919273752
111 259 9207225 524601097
302 16 848989 755403671
454 495 636256 840751649
35 230 133583 206411430
60 234 24966 348583092
391 450 16789 899184804
411 86 36422 801989240
480 224 50556 628528573
287 276 3387818 944365261
277 7 874030 122393634
297 383 14084442 348254
96 418 14320079 827521427
61 43 7602716 527971863
362 160 276409 696226262
378 374 11464 507553091
479 267 6468188 543873262
37 207 546138 10715332
370 272 76986 536364720
307 221 20612 40810505
53 411 3733002 852847691
301 398 3170121 795889390
312 257 334912 483109439
398 308 34937 96020006
195 8 8869606 359688749
226 407 394066 80521852
28 439 892099 953302964
143 482 4414 278045948
452 363 839166 32879638
439 306 8947122 215388365
162 288 1212466 387116568
496 432 8178683 898495780
108 157 78229 62587327
319 339 87035 517961337
32 283 3962710 383707419
94 380 14258788 268439181
160 410 25856 800766330
166 47 225809 750083135
133 121 9885823 37326541
204 333 159419 572888448
415 23 511515 784504569
15 206 4067164 94616382
199 495 9927542 671962200
10 218 667975 901204550
357 433 62383 290618333
57 15 27008 845142404
335 235 34012 82356659
413 260 26688 349152641
187 299 23915 145198376
356 271 10747730 111264230
271 57 6735952 309575108
62 18 48128 871634963
389 257 9740256 995442718
176 470 83660 7142093
244 348 7208215 417947587
191 489 2861973 790225091
96 444 23739 543679000
363 198 14612541 683988572
63 385 90677 59393351
414 125 3731377 821659926
379 163 7858145 142072108
213 195 49736 54380047
237 152 6395357 550732938
212 243 84441 228873326
431 124 83306 499565922
195 463 97339 245989268
21 374 7466 775723999
59 352 40628 231484451
336 163 668758 489324590
304 315 71803 309627894
377 259 36123 307588652
249 456 7128575 591974735
99 449 3085722 201250774
239 408 82766 592484891
34 336 14267317 278974675
375 305 655628 203474155
151 419 10286979 413487704
479 278 71087 734156235
233 329 225312 614654703
472 240 40567 576183245
355 157 7687996 252272746
359 240 8160770 887920232
194 447 9143576 698294332
466 197 249932 88069113
465 314 28524 398750106
444 365 14116655 669975011
319 269 31540 40380927
436 47 5143638 101538066
455 271 515999 186781221
375 342 17599986 885059264
211 416 865309 965460874
208 107 820747 736326724
412 93 16484961 87004914
116 250 13430626 586435477
46 385 732 318369461
32 485 9310163 799291215
480 72 7168178 186416287
133 473 74136 414926960
113 251 365993 170852687
41 95 7097254 114457342
16 301 39588 650965802
206 457 8318727 860939600
237 119 11414772 381106015
433 122 30492 305713349
144 325 12992 362457001
183 446 561415 333645274
495 462 967128 689507721
191 132 62151 312964757
334 354 45297 821128272
87 91 184744 874835978
335 360 6834935 638780434
106 204 6405979 594225941
14 286 7970074 797167298
5 296 11381496 615715175
186 58 7980899 606875250
193 92 11219997 423314174
222 330 265324 549867030
15 4 433218 168900515
151 24 547180 679278396
1 127 9538411 291385322
493 42 607838 250820157
195 416 16955 205926642
229 142 3447228 866828325
271 127 6836951 995383053
260 158 368596 619597743
336 397 334089 457048247
67 87 13650316 682405618
6 283 5216240 610117914
403 395 7219087 189951595
382 374 7834 868239012
10 147 7709463 135661833
379 322 91196 64737384
224 7 5629102 752929583
120 35 707558 471736804
341 266 10812696 277517972
125 66 1413829 513804181
238 106 62791 370305736
111 471 384970 550528242
298 414 36900 705176933
129 380 349066 474544026
300 30 580578 81797575
181 240 473709 10805440
284 486 463845 876150265
43 195 3478756 692291833
163 347 88908 773195768
395 259 8620692 618893392
201 131 3866266 315725944
71 448 596367 112437711
154 233 2088077 815314611
89 132 10054289 566982559
277 222 3537354 387466741
214 277 28954 683601877
187 190 53290 710116297
100 436 5214316 66351177
193 210 47562 534234008
447 408 8514780 810578481
437 475 175005 778156182
2 30 12438298 653753376
164 26 134387 423293488
281 484 8458284 898096526
441 428 6249110 204342811
470 235 58839 99337326
59 442 626177 288376427
5 443 674622 163647893
313 17 8161613 862544174
178 413 900178 941658940
92 275 744488 487320640
477 499 8806345 885078297
201 84 89428 43846482
277 23 86312 475902131
418 46 9552724 102794080
239 59 3725934 798348327
324 289 26198 904677603
438 51 491999 26590920
196 412 17378520 842848369
131 310 93304 81330117
202 171 134326 422789017
487 211 376602 100329872
413 167 783866 619670723
103 239 968635 422476822
467 366 18723 354315045
443 226 12258498 357418199
201 387 80340 540703073
4 328 7430132 710910312
176 70 58424 976259202
392 294 195000 50791231
197 330 11477 733004223
390 290 14339981 303157523
474 308 750506 342908459
63 223 953146 657789267
298 395 71317 54575155
474 222 512915 963789644
425 483 38266 93764930
459 467 11333163 887815238
410 440 395279 784884570
32 214 9532782 184894283
486 445 69164 87874668
216 88 72314 681568804
412 437 11335 536645638
423 375 8507259 768237031
34 55 877905 923967534
277 472 503252 736713853
275 33 9575505 291192149
136 135 80752 903891327
77 461 366789 155393497
196 216 8035503 198361669
98 316 2223888 141301547
264 223 36996 528215417
253 447 57930 183799269
217 155 5851427 127444337
83 425 97413 924275206
258 282 95538 207155972
162 207 7592596 42480047
272 247 10863135 183159172
394 114 8050417 740072448
223 499 5035710 143627101
34 339 62413 694369140
133 448 9859441 949809246
416 259 212163 630904091
18 194 658796 280814387
253 435 7115057 64490194
60 37 29749 277070882
166 1 10206814 162494948
321 185 6201202 634286889
81 83 5825493 88057054
147 436 9811317 396424067
80 253 381695 941506186
382 96 515750 613495842
437 93 8224572 955289597
77 159 240421 708676545
343 166 93553 227875359
40 267 2218048 774687954
26 131 747562 609450112
137 356 2164 808416801
7 233 5700627 112009583
144 438 782792 689978876
481 74 11713082 144831288
428 252 6154895 488121886
87 191 605410 624211288
340 477 8423355 831971441
7 313 6859607 312785823
94 82 649948 188925170
90 357 92213 592889892
353 341 68849 457460410
193 398 69472 954900318
69 57 3040429 578476091
93 286 7331942 202242382
288 439 5604608 330145659
390 76 81538 273637538
492 200 8022974 780978086
291 445 422074 519162330
15 14 185809 858010853
424 279 86620 691388301
351 187 3695856 378726469
271 70 3071 779414015
202 74 13660821 1302819
328 75 43127 732448799
443 500 229622 62916339
91 81 12029388 652642445
354 40 4259537 336269737
249 350 9565450 492931243
343 436 6444058 124081640
320 8 980561 919596924
389 4 7943 491679000
487 433 128852 702285724
127 466 4364012 557360433
44 318 77537 666710111
169 472 11911171 904467374
156 269 12123476 33642612
139 237 9455959 268900718
129 331 9715356 276214341
44 119 385140 322619878
54 130 12664514 843726181
79 166 3439464 226371469
474 399 8092004 490033620
132 476 14925490 347904665
290 435 777328 576252088
245 59 48482 232285524
486 182 11553134 434065228
93 230 477901 550887730
33 160 8111726 458982550
186 497 292609 551823756
286 209 6806845 626007697
413 315 14891849 567786749
26 475 695266 376298966
276 136 6517948 312267448
35 228 7088670 478465793
147 263 15856605 175619548
57 143 6881303 878155463
388 309 45174 195361069
338 133 46350 798634525
398 437 7099173 561892735
394 251 12025707 765114787
80 358 8511428 223371728
86 347 33194 547502970
379 465 9110459 722397933
228 433 3776573 556625320
258 152 35268 558063320
150 143 6115761 753717677
207 451 32636 654019527
282 304 455572 588553625
268 104 12733245 451407306
154 64 7797994 889851795
76 235 7301443 839297695
377 262 5188463 976907020
50 151 12451085 955861726
204 374 76117 175796604
356 48 92266 993335738
84 132 8962460 295532435
466 437 34557 901386887
74 454 258050 884050500
53 248 718355 597974658
203 16 7877756 530952642
29 79 65545 23947094
217 373 42717 89854450
363 149 280089 150382156
264 123 346389 570256180
54 378 13355 760045363
68 464 850193 144463229
186 404 3689548 386977410
55 156 47089 173717456
41 458 8249289 461369950
168 482 10250386 439415390
356 298 12968242 527503802
450 387 387428 173077390
371 146 201125 918475415
182 36 876068 587735774
163 338 65845 764991685
310 174 97959 930855
174 281 805251 409650239
37 382 5343564 225391012
77 337 11308574 25627131
209 457 6517217 935590746
56 160 932474 852201054
365 254 9720282 454040987
228 402 5850193 152570080
353 103 511715 31838029
432 420 37264 983188867
471 147 49070 150200918
33 150 81184 819363356
396 87 351626 60478141
89 349 73325 495301423
45 95 531341 609976461
100 225 243873 830191451
161 204 8923607 212237419
138 443 10460820 151206677
99 391 7561185 466998899
287 247 14836824 362827393
127 483 6522279 523916921
373 477 6705143 998667056
32 103 12787991 381741220
79 432 3911161 491967684
253 176 753165 195138916
83 195 12664 254783963
458 317 5375887 699323545
15 182 6349706 421465469
100 89 331187 725488413
182 8 46025 671279349
248 209 644133 827495314
318 209 4744060 130146895
25 125 647915 296612350
436 162 20780 441678017
390 259 90490 948715251
327 30 70791 506122418
291 373 5191022 738291621
379 160 6904343 594224284
273 23 77503 622375073
123 216 51436 521672718
233 251 9852671 174563901
368 84 984321 452769295
2 143 10874486 576974578
93 21 7194114 522218292
387 93 27341 273951620
470 463 31323 923683512
331 300 8547317 831454536
465 142 5342454 409185666
485 366 7753218 585441131
51 107 8834280 308168406
404 363 47843 393257926
25 323 3396806 810071605
121 19 567030 144852996
122 230 32445 467575338
91 53 8794821 972197833
292 314 94908 376610803
223 457 7690164 979454742
221 133 9081345 449510435
132 147 2083 846619327
347 10 3250771 381299684
86 399 4563486 566697675
478 166 3994076 481555514
69 213 22648 192382310
28 427 908495 965261156
477 237 46006 181365374
223 9 10236806 941783966
311 198 125350 11346663
146 292 663534 909956732
427 214 133148 698900630
180 16 8173936 860746495
209 483 10040 893720083
419 435 75526 898971296
491 335 8990750 597857167
391 104 40282 39220246
474 252 9756928 976382498
305 43 12532899 199986377
119 354 10729141 106410945
25 142 475230 458845436
215 129 13731686 278847211
338 161 17647 338039486
299 295 12184155 464384397
102 445 4801788 407807117
49 147 1127 18894064
382 291 89700 778027889
331 62 65772 431885696
2 9 404689 905282789
341 406 155522 943973274
488 235 10298735 883672573
407 25 3303518 217308037
24 478 9122553 190453854
397 444 79439 501236429
233 391 7474111 585548655
488 483 827353 932998331
136 21 6172047 607862887
86 432 184477 64264848
2 205 702243 922034621
98 374 5814939 824580643
491 393 11146913 58606034
3 73 4822196 733815495
170 100 31754 377690600
56 396 9038688 280504860
310 176 8183049 770233201
477 98 821874 464615326
38 247 735958 224509650
280 227 23320 166294639
47 99 840571 512816275
374 246 239752 47844993
301 101 56602 592805483
174 259 6920481 834358966
104 102 8767496 894928370
122 127 7585986 147356668
493 64 13350149 719517276
223 408 930849 991286174
184 192 548541 498462037
480 236 9048189 759709171
328 450 8114117 770241639
497 76 4292582 794235413
198 334 19768948 238847046
244 74 131867 729922893
238 133 420108 577766613
310 226 55828 100140784
89 109 7774701 537196649
128 254 13497260 428292698
175 108 8680631 415026259
13 306 17190672 306116078
477 198 2030434 543368602
102 218 357293 665676671
269 222 8171187 15563838
12 63 267724 744101701
419 261 84438 155832915
147 317 7231628 269302615
287 50 14513379 671828765
469 299 4091 688697907
155 134 4820309 590312043
411 472 17926 294923058
155 137 295968 475702782
348 326 8029666 963694897
367 322 114516 160323042
391 311 11296612 465259049
20 430 38380 227212781
242 411 6857847 279213252
493 353 75149 996145732
266 282 13318008 100200080
18 266 47122 118573745
199 4 6634175 897420022
68 195 4429576 943033892
353 153 5132947 823041080
253 419 749318 268014858
79 340 5927759 517878074
488 337 417658 227749817
141 491 718197 450130621
241 79 450406 648898049
53 43 271406 171962900
148 118 14812102 625510503
269 106 8727641 856581589
391 262 79193 737412509
166 154 69887 788334870
470 293 5388317 673943871
224 23 7860961 355957246
150 373 1780126 67656695
350 186 8816721 887668689
499 179 7917056 52859591
56 175 5481782 856566987
175 253 446907 294741238
262 79 3805931 797838662
120 112 65138 255936526
55 159 32678 275206362
106 93 53067 784412864
116 470 17356499 739933538
357 81 832184 609904329
54 33 11677359 641201391
176 421 875560 705060495
160 300 33528 322159290
200 441 346006 102449855
79 176 4604280 522813396
45 323 540463 314928372
209 268 8103826 303851271
179 117 9934225 965144127
178 499 90859 645932829
191 240 10935027 911008144
199 286 18525 558712397
306 276 998394 272913684
361 24 5061316 566851329
97 3 6311421 194795124
120 443 9935 620085866
423 249 10527777 21295468
41 220 217914 572843724
473 451 10572986 236453903
368 211 46028 345871222
370 174 8270891 470050343
476 210 910262 117174334
421 291 85187 537430370
107 146 8165726 202998655
368 7 3131487 732495098
89 376 8408462 198167379
477 479 5699623 40479598
342 467 326 332608031
290 274 680532 677365441
30 485 434 786372673
390 266 9841 198899447
228 15 5482981 450842487
429 240 6547838 667339247
345 159 18429 202314533
444 409 9451386 700017125
493 87 721898 272482790
117 186 7989649 52362105
411 492 2893569 804501568
246 307 35228 442633809
340 349 4117698 831733107
266 107 12789084 808392796
405 365 77635 630477533
471 274 26327 849996857
3 116 7319066 121494860
49 52 925535 263045595
448 160 3985464 760257582
398 290 8895716 301471784
453 117 10048683 37774908
79 155 832712 60596552
133 1 15236636 801759620
417 117 45869 361758232
105 314 183731 148381473
472 353 6967381 529899973
327 415 536371 175762239
216 358 6823925 645858117
115 142 107161 545621716
158 310 13785918 352260809
274 315 9792830 279036184
410 115 28009 753729060
314 283 875034 160114382
257 91 848684 584239284
263 123 997422 804808683
429 45 5317753 158938789
348 247 8388519 145781851
388 69 8877422 348250204
461 167 7177831 590409571
40 316 4063977 259277995
378 157 8859161 13582804
423 424 630416 811414287
279 115 35310 770224185
208 101 32749 307669400
114 227 624020 975800902
197 467 489455 686277380
352 280 460738 605178425
180 168 531935 276568448
266 387 9584875 106709720
130 471 12733739 204961321
345 62 888620 270558123
485 112 6278088 376937407
87 171 811474 868784693
191 268 5609638 944821750
445 211 5924417 966726947
439 379 819823 773313373
70 462 14318217 149166658
250 256 11422767 486242172
25 83 596385 847049811
343 46 544468 90971559
393 173 73722 634705999
449 171 10317252 424430685
88 140 9102332 170217673
180 286 653173 658028565
2 357 70886 840654852
149 57 10736165 371946766
420 2 9868932 639636062
426 96 293929 116820822
402 482 9335241 919800324
108 106 8065020 923258087
161 458 12207 347559302
44 390 5165551 491561471
255 179 56696 109023448
106 55 50437 246623641
468 180 10913261 564443883
319 7 574239 94677147
229 270 356990 234759525
33 496 851295 519462159
166 492 468409 329040423
275 279 897338 589057821
499 293 11663105 421279548
63 349 4255963 82955023
368 404 4146875 850663878
378 418 12310250 618109444
374 139 59016 907470449
419 442 423140 25388469
22 379 504285 637115312
459 486 3494100 911810383
71 389 7591189 874743056
205 175 80201 2799988
273 414 617520 927063439
453 323 6191721 7610692
94 109 907 219060988
155 336 5040829 846146007
102 308 51199 527339308
267 217 4266375 740073212
425 334 45104 815487062
369 168 6176541 419542151
196 56 9611850 717938053
335 355 7764307 719381541
185 252 762405 941580117
26 105 8691497 740107079
55 12 15160936 321406037
183 438 7138331 440345424
300 497 19242 646379929
384 484 9484831 540515603
455 272 29065 58203951
332 475 32881 340844721
143 500 45579 499527460
155 389 94697 169411582
292 498 9069057 27493392
332 365 13633014 626462992
346 236 279607 500801887
2 24 13490865 767499239
479 342 10948 120902373
428 10 436099 217602015
362 288 203514 166244282
468 424 8382184 745640557
11 9 12905282 698437918
87 41 629256 1274031
131 199 13716 680138306
37 242 948608 298539149
172 417 75798 762853669
317 124 4732419 460395550
316 350 7904906 825076061
76 160 68751 407664068
172 475 3814331 656221456
198 133 10325772 91255835
23 402 10694813 914733495
415 358 229893 381042360
258 317 6166574 491390392
155 444 96053 593243242
476 345 12259271 619394553
334 289 32149 325727202
450 370 7673165 931618495
356 77 369499 104302384
295 306 97399 479881955
268 83 7730365 930803737
427 497 7251774 414007355
346 66 8283281 478558925
313 443 3639658 714112502
111 240 7691589 529186766
224 455 83121 409937075
302 449 4097322 256842016
63 270 5469084 500675914
26 132 11991726 604642462
305 31 10104811 632587427
455 240 2829794 882009637
23 345 3470 438171258
139 200 12533139 954307453
353 295 90085 751002552
326 287 262413 316881045
323 414 982477 72255160
391 323 5426085 140767596
473 60 54450 648405835
263 386 54584 104817567
102 84 1267089 416049207
479 135 6250114 930150766
73 39 10622284 912034438
477 41 5235 837878179
169 81 21520 655723726
13 376 41123 73958321
276 362 4610 16350668
340 485 744561 912441026
279 185 10320733 561411625
444 404 8378569 690526945
475 32 9436221 154484354
406 265 8775014 661845778
392 381 72797 925769797
15 68 319047 43291204
359 328 716988 88732265
316 384 7743507 687333133
322 172 81923 654287840
126 443 76336 338892939
468 315 942481 935147198
480 350 26434 512864094
130 452 15329033 592807203
471 205 16267 735771870
53 102 4212253 6652394
433 497 4720074 585765630
131 289 5036428 95621442
347 14 4933192 527181431
73 447 563863 566534687
494 447 537355 850261224
139 57 49303 836050017
17 323 4954616 299133763
297 211 4747391 535373304
386 59 59684 714841456
43 321 3178387 552648801
427 130 9942392 860495883
331 174 24467 926878141
281 21 3542873 43245549
225 167 11523531 554558947
252 408 502232 959854054
142 248 800930 160137040
477 326 75872 168092065
33 383 72074 991544164
54 113 14060989 338593394
465 428 29484 788888523
3 86 450566 747289550
77 148 4926787 197757910
269 132 82750 929856282
129 219 89047 670519652
292 158 8286894 750666698
114 33 711853 845724612
141 20 80744 64689738
39 442 2963756 225933084
272 361 5765033 55088298
303 124 458911 991790335
354 118 11165561 129645697
179 31 5360343 462441013
262 112 5164695 556469712
132 387 49814 261252936
486 258 305482 458369214
480 167 95543 353912884
98 159 84942 598647632
114 175 9932473 793421184
292 20 923059 909765337
190 168 9667246 102259023
103 322 10362915 587796011
74 484 10380913 332356005
189 470 73919 559354823
209 419 35455 600191355
210 128 79482 684202907
428 150 351584 660226211
19 361 15771 510764923
24 104 24146 195216379
431 446 6820303 301334367
196 30 11499275 151372913
13 75 72769 446505576
149 306 4109536 485766041
448 429 6618063 560527454
339 299 36810 902527803
396 285 553916 470576549
438 463 13165790 280309781
369 181 5436581 10793681
393 28 4654790 829472927
99 483 20133 68007159
433 350 38546 988505508
294 477 780693 507937135
311 333 9299056 339627601
500 286 14627565 696524532
497 378 604335 553616600
493 351 679684 284445617
339 1 50539 439925621
288 287 67426 372123575
381 403 6102343 791242429
371 452 47291 858997167
196 109 276305 429744040
499 303 8762846 513442453
54 86 8147181 155306386
72 214 9694644 140049793
39 200 7671240 308694400
462 132 420381 536516681
431 105 991867 713934880
199 214 6893139 915033217
51 416 5378262 301052987
119 309 5017401 347602
132 12 47896 481733585
190 46 2490561 991423925
415 262 6808145 528119943
293 251 81568 811612803
348 48 31369 892220647
374 456 7291305 931377584
481 43 8249057 851984748
329 211 938408 52111381
369 329 396889 830651414
481 103 12828208 205516592
328 48 4939 331240178
67 455 7587205 979763807
23 314 2474425 998118470
408 498 12988855 260767075
267 177 46108 985903873
481 448 9397949 519116131
467 465 277551 906070866
403 265 30716 245163098
224 270 5860231 282565435
285 57 39299 603562285
493 122 23296 494810429
237 73 20343 6377937
343 483 878 243641955
68 232 10951 64276680
78 251 5282 465826244
131 253 4314 265760112
465 73 8030167 629991639
273 51 5482731 416931379
491 305 648054 290097092
51 142 3549130 154571242
418 234 231445 293133239
151 3 8357460 480423047
254 416 88529 789133784
57 224 5276986 396706884
445 128 25164 390884474
215 23 14912 507385607
250 279 5131877 306782877
380 262 8671361 523605303
213 127 30795 927612004
433 22 7830397 946574
188 391 10869664 103010870
429 275 7546525 389911134
428 284 7849876 516656130
53 52 58554 821636487
265 47 2922405 973978643
372 105 846822 415375922
359 330 9080 727822797
93 291 26702 238779504
385 411 34712 463614610
134 212 56682 341124414
408 111 60001 176193633
367 497 125425 838128333
329 180 5247697 564411675
480 402 6961734 268949854
117 192 17501144 261337850
180 480 50326 172437322
51 11 8835618 724536756
133 220 14485508 459523195
288 343 750122 265081837
131 431 10430923 310608836
223 340 6996408 956917859
190 147 9903904 891862913
137 272 4894335 943913145
292 487 958141 128465959
191 75 9831468 346673191
175 223 42798 275328451
283 364 55519 291797487
410 435 5752607 821513250
311 427 9939669 548674458
202 156 3204 836245288
1 276 716107 13316207
253 498 5631904 230409776
429 389 376778 75470277
123 113 726308 182305692
206 492 223015 174920896
348 422 779491 765412698
121 225 5396369 687677509
178 40 8839824 988368910
482 173 11763801 358892042
386 310 8672 269073783
360 424 56662 900078699
67 471 150924 690647811
54 212 14837136 9119503
389 181 6450915 982315140
213 265 522623 128674065
271 337 6358483 686429272
367 15 714278 603034023
292 297 6082151 911282013
153 173 7068492 52701152
346 150 7042215 827588028
160 190 716064 180518141
114 199 6786503 505368060
328 145 261009 318427950
449 154 157352 69087979
297 238 46714 972709942
314 251 11777712 630184221
410 413 15208494 457829296
139 11 96469 401621682
469 159 11590775 487657501
376 121 4092446 432726226
386 14 8274684 916495340
335 176 655419 919616961
205 194 12094011 845953388
132 323 10458127 290788814
359 400 72033 924798647
159 152 7123067 876025687
356 177 2978 59298293
402 187 465743 797363094
227 410 11090789 154605679
301 260 74666 9478840
13 353 14040961 971350667
417 196 304235 503501999
75 350 644364 546634534
37 395 12172149 351548948
33 66 4635825 405187653
61 116 378998 60982818
217 228 408841 422629841
356 476 156245 594930652
27 267 48115 622532893
323 42 8869525 782404980
219 50 14707831 697335022
151 493 13911744 867802415
162 84 27821 401744076
189 348 2356543 453810410
293 87 183279 702682277
462 158 27119 434705534
65 14 41773 405512539
166 70 8350301 699770155
165 262 84542 950258575
120 461 9817051 768238178
287 87 1073429 291570902
147 407 6953746 816412168
135 103 7845 887130514
173 213 30270 728567290
265 409 6274100 874994919
438 451 6583678 496825849
87 365 756290 153302747
289 60 8906688 923997250
206 69 832865 285034432
52 263 16988210 718915060
484 159 11487956 922322012
396 216 7462352 171167262
96 185 11431676 292786468
6 295 867091 256884612
308 118 11941341 581460224
494 92 48770 72648754
201 438 1984485 793053549
113 133 14269175 724341538
236 287 8635762 966462804
165 354 84627 406848455
455 369 6039960 290973267
452 226 11856778 215164875
392 113 11160405 874623132
371 209 2680643 403133233
484 401 681061 972145423
266 116 224748 660059126
485 453 10646 714264581
302 255 18572 275680596
281 4 4585920 15493257
43 290 738969 709127169
169 390 756889 505954651
484 236 12102545 96764837
193 19 10140425 113836728
214 99 6071093 646076056
443 178 482862 771325067
218 432 1362033 672959611
46 428 42217 838109974
76 366 8001626 407030368
499 482 316070 748657301
280 349 90011 406585813
351 478 8855841 251904193
77 46 97948 646499409
113 314 12143677 163548393
267 337 8084421 671113579
329 273 6423825 841184530
289 319 3980979 845896793
55 309 35456 575916469
345 8 10124188 368199043
34 267 13137693 104844444
391 423 62348 769451146
78 185 14851518 469917333
282 254 717843 618986831
170 484 521024 223152787
86 116 6868507 300931105
401 440 10249967 15094077
363 52 15710491 706620347
418 179 24901 813237129
401 398 11431446 326648003
270 248 4605155 170125893
384 324 490653 462966
179 302 70582 409336885
400 308 8042516 525565764
300 233 2966701 570174736
7 442 47662 300829479
151 124 10013956 423689829
84 40 4876 801117643
147 206 5770165 150810096
50 114 302220 503135093
85 126 42955 234149457
53 276 11293955 735979620
413 350 13571183 875768695
185 146 14540 735973677
493 111 14606266 540720325
348 288 580827 818509087
330 235 10987432 235457586
462 4 65064 91907470
125 494 4255891 584665474
156 406 12345701 837674030
259 70 31976 92463852
474 318 8262981 341406158
286 268 11278675 440619135
218 205 7400240 689216055
475 182 10655 342547778
64 81 414120 31718894
310 238 1782937 669684370
43 498 11230690 145952265
128 323 7298952 666508672
56 472 2938959 691797423
320 196 14437170 608513432
420 29 15075544 312606928
169 225 85687 322146069
209 410 2602395 723287593
7 232 73265 939370438
446 97 7945171 112317146
321 20 4283537 791553564
346 274 10648784 885315058
399 472 4581975 784569887
480 76 299569 840177199
25 76 555186 135372189
493 322 11433445 181821460
144 499 6293871 571025848
20 144 980359 613400640
465 489 10193 632007956
103 313 973337 93746505
307 411 10895376 952091954
426 93 942746 155928459
62 485 9392778 744372474
83 68 3813133 805451303
499 425 632532 431783668
224 188 10430889 399514375
249 30 10269510 840097473
109 195 6945004 462394641
214 253 48383 115237335
249 469 7188794 926751348
424 219 87388 170398813
269 28 931962 570275641
253 496 9624997 777299040
199 62 5019273 956352673
182 148 14856146 951965681
444 457 13315939 650841300
371 382 7627678 39825454
39 293 300743 647939150
148 126 15109277 453581563
45 99 4595769 358594490
318 226 76656 451037964
243 214 8526358 57053742
460 36 95717 379395341
34 118 17835439 734367968
113 36 51455 14322553
113 483 11291423 272966945
35 135 567288 980754738
274 433 4668094 140559690
85 365 95032 898624533
155 85 11953826 534175860
487 492 92635 933605739
232 420 6301164 140489581
300 235 885600 221161513
324 37 944792 42588563
403 244 6504391 965831783
393 396 52492 310719359
489 318 86828 343163065
37 473 711878 583228886
330 208 24005 279557856
17 164 285530 123763966
209 450 83908 957792004
209 402 7076828 632537019
430 265 14777 99316693
274 430 6689558 235859163
223 451 908554 786652855
10 373 992455 284317306
452 470 7121038 582806835
431 170 7163830 350288686
461 93 95255 714561819
71 180 9550914 918137116
237 133 7774548 939853753
498 250 700534 688216513
419 191 3508278 383450387
78 11 15324519 24873913
354 412 96674 261791854
441 328 20146 842934018
468 169 15355532 369640452
226 202 39226 834107448
470 484 17049604 975494645
341 284 11642795 992046862
407 236 59471 436012393
110 243 7238221 314585193
325 177 3919824 51248380
498 176 53303 592101738
231 193 128373 175221701
396 90 5242296 124633492
423 105 10460588 42790437
62 104 315578 568845981
30 418 45107 400139720
289 173 83475 151520439
15 224 366438 565751003
55 181 91394 626089934
161 93 12896934 853834182
58 72 189815 289394848
400 372 80567 81311014
82 10 48030 195576503
5 310 14231467 587292266
227 206 6029924 362189778
170 392 794027 918788164
5 166 10251623 729472652
427 202 4779535 344080048
456 449 7214257 597155729
256 262 4939869 112320499
12 425 4982825 61508928
216 90 39855 641583252
27 48 32182 942281779
456 275 9036790 332791907
401 457 12481274 465128558
437 478 739110 193093926
265 156 50513 336648871
459 395 12847653 886649168
471 253 31305 636022201
500 232 17561 52025788
492 66 164803 88054023
264 306 2302013 341551099
426 401 8720146 174007096
498 260 3545819 437304425
425 463 17348695 17231733
456 31 88994 507877348
149 219 471105 445900437
208 169 12003426 545512829
404 105 6714804 772938896
347 492 903201 491372005
363 129 116579 163494554
217 448 212074 533556681
105 196 45149 56188987
396 238 13569836 937796644
428 16 6179061 432744192
418 284 14189779 219480813
11 342 915704 406493873
483 211 4906017 198512020
7 199 6609756 494262837
481 396 13528416 357654994
309 32 11917855 973778999
28 276 40591 559873293
225 373 14724 150754347
441 316 9640081 860923951
110 177 649135 479483591
317 453 905831 664269242
240 85 62685 847579769
490 454 11193991 264067740
24 68 7416403 564516846
277 173 7907546 986630465
291 386 3432900 873290665
431 236 66706 28781538
426 415 2077611 744093183
363 57 50879 397234894
308 330 24347 224359844
289 459 8953743 819731823
318 48 269859 993791574
172 233 16547 521163033
320 345 58609 567034653
327 310 40181 852129446
317 64 8274151 183664980
89 285 8031774 30020034
492 279 6187085 900048533
268 401 11724115 218622529
350 338 74588 968077770
374 253 5930619 139360804
332 402 15756 417771402
147 177 27353 222939096
468 36 10572 13208965
100 446 5706343 858910537
472 34 65574 22378377
346 277 53282 170721481
285 463 72209 698272423
482 389 7758748 104516915
336 8 7923988 881135656
383 233 56506 5752987
368 405 43771 242432040
409 187 6806768 869865964
355 295 2784239 680715035
446 465 59501 591366230
390 89 11476254 544055772
489 161 21101 403513632
147 13 375844 546413888
311 394 4112103 821126356
328 477 8619402 566222321
256 369 384188 619309909
78 301 957292 719264307
337 33 10152779 191576599
151 202 66183 106244391
451 3 6154427 609708287
469 139 44852 217846693
478 140 6268523 598476794
309 268 417207 301922661
313 53 7657636 726704930
442 58 11008556 727847488
203 487 4389733 228028660
480 35 6099998 705550739
340 222 814512 664622560
273 467 543336 580091776
186 455 55893 587255463
348 10 417649 436025362
316 429 293684 694839799
250 285 373638 345372651
496 389 87972 655230729
15 26 74946 709897146
163 306 74844 922722924
324 475 17981 94079470
232 140 24254 517369411
179 493 11337840 936528049
272 116 9251196 883429958
266 134 34098 709869877
119 293 247098 782399040
76 158 9688201 134465009
261 61 8533393 784602498
89 386 5332354 865607118
319 172 261711 843924822
221 395 8740878 463860038
215 489 58617 709826219
90 245 875844 764263876
332 116 725245 406656812
420 140 8919604 167259463
46 88 6798349 561166747
456 485 8060770 231993290
158 81 62301 909459502
368 372 39180 856120855
208 436 84108 735655628
109 311 11948832 785346924
199 420 381840 562097924
24 474 11982611 292221496
20 131 23229 878211284
340 25 4853614 923912886
74 117 781989 268116501
281 283 9001576 312406190
54 109 712954 214437192
306 189 71018 649787381
256 466 38823 111692801
320 222 13355023 980649595
431 57 5779641 95008482
380 453 47552 631773082
56 325 773879 652966725
340 49 10626224 32079546
434 483 5863807 38423617
439 464 9381899 410148088
160 177 2213495 835391679
208 379 442350 732751722
48 498 13754 994122859
322 126 7431599 95190103
308 92 8958907 517867758
420 57 175707 205478776
183 57 2783976 492316959
342 258 11920719 753058021
483 281 131771 804703483
242 407 5556106 610523500
167 230 16106671 673769918
233 39 75901 546189518
197 354 126187 675444492
426 30 2750229 423701123
206 439 6693097 353822352
99 190 6076805 25015316
458 215 8089584 484504083
16 498 13515197 29109261
248 256 4226091 117538393
107 425 12525215 76618280
368 191 7624082 985274373
46 307 41997 639513263
466 140 460464 550259166
120 156 2972809 338551599
346 161 818653 404163273
458 246 5373854 925041113
392 261 28284 739332709
447 58 23106 74137788
475 347 94676 523573217
440 59 10049457 692311998
176 261 408298 483239842
122 321 7995485 758040776
140 77 57006 30024882
36 488 625335 534792763
11 395 551077 125267253
9 69 9354541 222829903
248 169 13368145 574916386
83 64 6239609 737410085
16 94 59912 811672772
34 178 2089595 841767318
289 333 3192435 21316985
169 470 98085 241759377
198 165 8241370 872489348
499 469 467581 622799896
458 229 435637 783983611
285 386 3286 769201653
436 234 11240047 892291872
422 177 21851 891978104
122 207 9228507 724913928
308 302 9682569 996722988
421 141 62108 400618027
1 424 5537617 842849638
497 62 9762952 955007012
187 304 6427820 431559490
396 319 45683 283748496
3 132 10164408 748288525
134 86 260943 506422948
476 71 8824708 943211954
317 399 21867 105007353
180 153 11897475 204104748
231 156 299443 711853651
327 159 12191550 849767575
441 388 144575 65865668
23 323 7984654 966056564
320 79 99547 804460503
272 432 6179929 340916446
154 440 7072763 753449805
336 334 15610457 5583431
33 242 321501 539713852
234 161 17082 840896045
222 162 43548 683430826
322 117 7686103 972438576
258 490 37329 652784336
417 155 3455418 432874903
149 332 13673481 230552012
278 430 4669806 477837197
423 139 11414282 687146551
270 185 8617708 831945344
117 346 13475332 299850451
48 395 9406405 322462931
296 349 51045 818355626
358 192 15786126 599934794
388 229 7737110 944728873
337 21 4656107 618719811
349 480 3921068 148845389
196 113 13624349 1663542
296 317 3468000 924995911
19 450 2308477 551032617
