500 813
196 293 43452364 947070200
392 493 335607258 452168495
470 253 0 595016979
6 324 0 278629846
156 365 0 364735425
489 178 843346224 523844057
298 437 841732725 316655477
1 58 276899477 134153653
282 349 0 783976945
321 99 801536826 400599422
333 28 338377903 452931737
456 292 612301341 866015725
179 340 235819683 21452237
499 358 58849710 874468444
305 257 0 640607613
53 360 488655900 973324798
10 185 0 842185390
383 356 963536814 494490299
1 489 519909504 388967521
281 222 26448105 473644042
290 245 0 720321688
11 334 552792697 747254712
161 361 846890346 537962272
354 88 41609567 259635822
153 499 472452741 923402018
231 263 789365048 476626726
469 143 0 92394805
386 23 0 577441816
182 105 500470258 356392280
429 393 0 989493017
349 244 198538673 335903079
414 315 506587585 71277213
338 457 0 392608823
208 405 946983271 531559647
86 106 0 419098893
95 315 0 568876753
300 14 759294155 738508288
48 172 423865718 408300194
464 139 35606122 235797651
396 342 0 178840718
171 355 293956262 620069014
374 497 0 253676506
181 267 881523602 312092166
225 434 26267733 385848747
405 357 0 602072656
316 447 384625187 917840196
20 70 688218726 123562157
182 315 82795922 132258608
283 197 0 512446272
237 6 0 796082451
500 245 106468526 835660926
467 336 0 979965414
402 14 0 1352063
269 74 0 624238843
439 255 0 864729268
187 307 95307779 514581691
152 81 945978814 827906323
248 23 894110849 863719424
37 222 0 771817722
12 438 75559988 529142556
250 472 609332449 216263123
304 286 0 799161381
339 184 25283620 638498604
256 12 0 257164046
381 174 850250089 260965579
120 450 685578046 19677737
349 129 0 595264925
316 398 0 65755934
380 359 31228518 81651659
364 77 0 69026309
274 32 580792983 328340594
353 378 0 426841613
21 452 544394094 487925260
122 318 332416064 169141297
67 51 0 841617193
422 307 547503064 306199407
245 65 229110595 514616722
117 3 0 966940035
177 131 851266520 304177579
107 400 384444701 410331735
280 202 124318972 429065492
125 431 827623376 70894126
154 465 0 341370141
125 410 0 605117998
273 328 0 325222189
29 257 795674467 583426902
132 220 0 318455791
90 252 493667271 813820809
491 369 638792773 18836838
227 422 12039807 231730766
496 406 0 909640613
319 333 830295037 483939990
384 206 503113935 516036747
10 137 990404031 180262144
15 475 819959677 333942301
122 62 0 785937239
212 254 0 916228135
63 119 0 201117264
158 408 169706987 700118011
477 215 407177152 876684397
377 357 877321019 818814447
77 82 0 57360771
337 164 0 958954466
482 61 315826957 880037588
66 57 219827549 192353176
119 167 687781750 608876373
144 56 0 785054896
353 164 632566546 579178032
464 183 787964655 89377875
247 68 807080035 36684492
316 63 0 534312127
478 108 321224350 622599801
6 233 607513569 269673308
213 74 32775180 914320544
400 212 676081454 625666878
63 38 0 748459547
357 84 773496761 888415662
175 31 21281897 503389752
446 365 981059552 870008459
70 364 0 39277551
222 420 150509519 77244293
453 327 0 974874037
370 189 0 870826884
322 289 728069855 636376736
418 11 241354560 120083456
371 350 492645620 369036797
427 189 0 786288102
43 107 226553360 929466450
228 85 0 373229585
467 415 513737836 14838162
419 296 698230199 12665844
102 169 994265795 477937395
170 352 797541829 129083994
169 498 0 197402827
285 456 0 828509098
393 454 0 441310974
282 369 0 149037771
488 213 308516390 647038647
12 38 918887762 699685257
409 210 220404500 446794639
361 82 604542144 999670282
224 346 786521170 543077172
10 417 0 294483823
164 350 0 778429015
116 479 0 50623123
323 53 11703496 130437729
471 108 450859702 281760756
251 106 404270266 14095177
410 498 912930936 72180509
288 51 0 425419844
309 128 717072127 876504689
322 109 555423053 34448559
90 219 241870475 855324951
453 407 421505506 893514210
382 168 840325415 179465008
336 282 241342331 121570624
208 407 405342534 738995860
424 94 156660101 295522769
232 99 903952559 652654381
388 43 270729609 136650164
186 392 209175239 806740737
236 282 0 65245926
315 34 0 937410148
222 225 0 909475301
47 176 0 173342212
147 19 757801780 921869114
491 112 512530389 456285989
327 276 251193393 823299340
32 402 0 268887682
451 60 375887880 245979653
219 347 0 329489415
174 70 0 16723559
90 277 88939869 564633654
325 177 0 958278520
300 8 0 978864397
410 347 490132989 547637558
170 406 511403177 106994831
227 131 524114488 582930721
237 146 0 181244415
253 138 0 482011541
259 198 0 68674791
141 411 681665232 245621305
258 399 0 242542087
197 347 585773488 70323646
218 404 0 406613160
28 23 0 502484172
302 220 363493308 302794068
211 209 439027753 681847784
138 406 0 918778965
338 415 716513899 494237231
220 106 185846504 797252804
476 209 528050159 533938808
207 279 152212212 617121781
336 321 750446529 444364495
287 317 797919514 295143753
200 336 0 651420004
111 288 0 144074920
101 50 136912533 452593741
379 254 64708074 869807807
154 480 596299328 687192028
434 404 18336657 486690967
124 295 0 589055814
412 495 0 677423617
56 494 844395200 849578755
428 125 515035608 505296993
483 199 397716925 919822283
188 77 0 137435866
496 13 0 469454637
199 64 118833225 487910050
233 362 0 879414667
189 162 0 182355830
79 244 282349257 52206470
328 74 473267756 550897215
279 294 337220134 246024338
432 231 0 295330373
301 179 0 619067713
253 67 305975734 837572872
162 137 676571335 130440290
24 357 842171413 393056127
273 391 0 908760760
416 335 895635061 289393187
75 373 997573429 938038300
431 343 871610442 115215623
254 411 677207084 501718862
419 476 658653292 549109587
474 493 351474727 891110143
32 490 833660281 987018478
159 157 0 599342845
242 397 666959550 346129601
116 29 515930947 244893685
96 190 0 464914110
307 333 0 467292465
386 299 298101531 615466315
375 72 577287343 852485370
310 316 207646413 141869231
312 25 128995842 267421242
260 450 911348777 164607957
119 161 0 174097080
36 84 0 798672198
297 241 0 163229496
128 227 0 562141650
401 8 0 803823296
20 361 62678256 500289183
345 478 207808182 615160320
393 223 308651832 819933607
203 364 219224952 553531586
135 100 0 544190084
233 175 255747697 33839096
69 153 0 799971514
137 213 0 157946609
11 326 154716698 65337138
277 343 88939869 531808399
342 296 0 757064692
402 277 609524461 182813860
180 91 209293546 512926624
359 414 60371376 992878745
42 431 980390029 458888897
248 480 152321217 320373452
375 323 0 854484782
52 215 142661055 925246790
270 108 731346631 940092026
215 231 0 290135541
63 124 0 195796782
465 394 0 63411652
255 497 0 124064861
135 162 213291772 546752882
300 61 574983709 29515585
50 42 0 118795976
377 476 0 356373030
290 495 682148550 964710293
267 169 0 368456741
437 456 912393300 656452126
311 233 0 789130309
311 420 640692762 450323892
324 354 0 212989816
492 138 0 331598024
142 254 840994795 18948095
252 155 0 455141251
464 450 0 361147719
434 94 262390688 805751189
437 403 340530209 734880389
237 254 0 342517289
44 446 0 470875873
123 500 0 799635856
228 14 937048945 678097357
65 24 769618314 59687189
107 217 0 743105342
482 153 0 91006983
414 253 0 156654004
402 204 811246753 8993642
253 427 894746436 435557900
249 258 0 824072345
395 411 0 740867533
322 364 0 344294910
397 453 0 747389428
154 247 187553467 284178326
189 318 904524508 545027901
162 54 901985773 204970968
337 363 598352588 851033551
397 375 0 757576959
129 350 0 646991939
120 273 0 889563691
58 195 490784262 554744055
379 285 0 525582084
375 20 984968238 265005456
406 42 0 621240369
241 249 359722573 879203701
149 391 136554420 701445907
43 424 0 179417341
497 492 812892443 104879716
154 385 0 797391426
161 327 0 531478500
424 40 549773150 85969911
461 420 373459784 121840701
342 376 0 292648254
218 420 51224443 50818302
480 303 36650723 915742345
485 450 50449157 479337504
63 247 0 307241229
282 139 0 468867645
184 450 18846571 708719383
41 107 197147119 290771561
226 494 533063042 827510221
358 309 762937461 254513160
417 98 841389071 989712720
357 395 323303255 466935910
210 456 704005057 908650779
497 413 244329217 470474899
156 167 423127744 846631306
36 52 0 251330026
180 284 808386315 396078638
247 273 0 715060210
86 135 0 968375784
20 216 488838824 380028968
35 185 875362861 364941995
160 31 321767223 824637791
190 60 142363529 711643238
105 338 0 761185105
214 236 352056457 181283343
366 492 0 195738531
354 268 821625999 541614339
37 117 747812770 216326504
76 314 504569615 202159925
466 418 747658479 842620613
225 124 706019319 660069653
260 222 0 649552574
183 265 338719515 674137126
196 349 648899376 932349458
365 257 80472705 414259304
499 47 0 782149005
464 325 978114128 976976425
63 251 0 649369020
2 216 513929856 431897136
136 223 959806268 606748757
206 77 55055035 852198872
355 276 0 963712288
84 61 596361147 389021917
117 399 483632234 131000395
75 312 0 282474383
259 25 0 187839261
250 137 144058125 736812207
87 51 534804836 177531964
356 64 0 786916117
19 287 576179792 404532115
13 238 657083345 93333804
289 51 582396759 618179032
100 362 26978616 944481096
259 361 0 688588194
176 73 487248009 940512328
361 26 281593388 808984432
224 31 0 795586630
289 357 767820633 902011113
86 493 0 931668354
226 442 0 164078244
139 468 0 849694913
333 281 288966174 100938932
472 77 744971884 354807158
233 351 520471640 449893389
98 90 0 426545485
273 94 168225167 61884019
301 497 278527412 166974039
8 353 108944238 90101461
55 235 384810503 496874152
216 194 594225461 61271899
291 457 679038511 2548452
87 73 0 551211640
57 22 215690389 134477018
469 202 543174339 976195509
382 277 0 925243317
296 234 631100665 530630525
115 113 123193335 528737561
263 171 0 49783923
461 210 0 562664293
92 47 633489129 964890844
149 370 386143194 876126234
495 305 0 544675233
242 89 821466486 216787406
169 104 346786518 834688655
127 18 397489080 935122173
283 118 971905439 44478258
186 270 316882686 125804224
465 377 627663812 893048044
463 348 208287520 263778254
438 171 572371835 436129395
390 335 987857855 286154138
360 427 541447858 45246204
402 43 588054905 505574447
334 333 0 409441237
62 353 556530547 567628423
411 285 417053784 485614182
44 159 655347064 39024517
290 320 849266473 491156072
440 41 0 129176246
349 343 0 882003442
55 137 0 202792228
366 86 342089385 144983811
242 198 763013660 194127887
436 154 0 266585603
43 67 0 57850286
13 294 238266 357190852
487 110 754075973 470498000
283 129 0 435682115
405 325 980121841 712912005
177 306 306206039 930482093
476 153 0 789481769
179 387 872642780 40055985
382 360 0 695186659
123 138 0 727368899
263 200 526270519 260572539
290 303 259850470 175464388
251 121 0 912821753
143 372 479652132 794688844
467 366 943412167 434874858
95 191 999198816 653581162
410 157 471019947 237834281
252 16 283323659 116974727
258 226 0 679481427
378 179 0 125696699
154 51 0 950600045
255 261 0 67699252
458 100 233739332 47801966
323 289 693720742 639621022
319 312 572323129 966841590
378 187 0 376926631
440 370 547106039 776119119
473 465 0 949062692
200 281 974394864 257181148
238 240 320180113 367054620
240 350 902380705 788417888
366 298 561921283 991487918
254 99 669519478 205672872
2 222 0 224988291
31 333 0 516210247
140 339 514282048 999353920
187 361 0 55111417
298 5 847931374 515821963
281 217 43566253 839346661
256 96 307359023 942888374
212 308 253635113 558878935
61 275 0 984845764
240 252 0 648198755
118 413 303561211 339779613
336 153 0 325341117
131 488 825098261 957253087
491 405 628257800 100523407
280 478 21507002 832348745
442 117 950508315 220300083
69 72 818060113 903561419
253 272 646742535 368232913
265 113 833179603 786919651
51 364 0 664194964
191 282 0 275728656
150 410 0 631908242
428 291 0 154661470
338 98 0 882716769
466 323 0 500662213
146 222 678704241 378309300
209 214 802997164 872604242
53 303 756288058 857561268
271 66 534096151 22873183
236 395 0 974564547
299 429 679641612 636513834
346 65 55268521 87784301
6 231 320452125 237997232
230 323 0 926811190
36 291 545146988 540695856
140 255 58191963 423336784
204 236 0 791712367
423 486 0 429266280
119 71 12313986 613360169
420 159 750301554 299355180
170 152 74787471 842498652
444 255 0 492568185
352 91 402618627 839521072
460 335 558566440 815819530
494 471 896399206 214561850
214 311 0 208178849
368 28 264240801 675661027
380 287 0 825844576
29 166 769901008 783927015
305 33 88945129 179733100
301 439 656229288 126731569
267 464 79720883 809913852
125 11 0 105112132
250 362 0 172679434
302 228 923592661 120557911
160 486 725354450 502368696
153 98 738438441 364949196
299 104 0 838711248
91 98 947167904 429349872
57 4 637320395 134481534
54 478 956013193 517849809
344 282 0 196287305
353 206 0 452183223
78 493 985597616 785779954
199 38 100361503 237364731
437 457 579578432 393583811
381 369 0 334986618
316 337 556751280 457143458
119 348 0 186546938
283 231 0 10829984
64 187 0 29132693
278 61 240035909 56929967
328 20 0 156365685
368 275 482161253 947181955
95 65 0 290782106
365 283 0 364441394
398 443 386153880 796803814
498 128 0 822334028
385 57 117340869 741456182
119 311 0 814817634
488 456 678039460 342540235
228 21 213629405 93151968
396 45 0 595260108
58 64 0 250726899
426 88 587552728 324533078
59 173 391322625 366646499
125 250 0 90180585
470 413 211773808 481072714
402 93 0 371314291
224 51 0 186017824
234 144 592592216 859118991
4 7 438936962 896595440
327 102 549142394 751130848
357 18 14248360 818219853
460 201 0 119907724
456 455 491185328 760679432
309 435 363209202 86749551
58 9 0 477161397
28 229 256049511 449807135
239 180 536364934 901901858
247 418 0 549366740
408 28 659253141 387541124
72 307 0 72227655
313 481 903112501 23343708
451 125 914397473 324659900
464 437 331996180 356435931
98 65 843048293 335348915
266 490 629475160 43982026
255 463 0 226381850
371 208 0 601575060
414 48 919114047 736975494
347 108 0 211523191
32 112 173898065 811966027
247 459 654031689 255408103
338 296 722190911 867621277
431 371 0 739443070
263 215 519939600 283357681
143 394 351226697 548657518
150 174 0 22830543
487 377 75814570 1319663
193 195 0 513698435
364 438 786377235 271898134
227 412 807309044 359367567
169 103 470919880 861196386
331 202 552792282 857918197
238 454 640495411 508399793
43 192 919781247 622398527
444 6 0 804095482
454 436 0 224995501
357 48 546826452 184852049
96 471 253713335 670689395
163 370 279099681 587209045
39 123 487797228 811452371
83 376 0 658025324
332 232 999298145 327483725
356 398 144877801 586449931
401 498 0 500312788
225 392 801223768 538429957
13 348 339731274 453530897
63 207 72640865 762986981
341 500 340423946 191295354
76 11 900970432 555293297
317 8 0 220162100
349 489 0 715514830
259 477 845458386 877657903
93 209 380210190 263464081
79 18 162231241 746589554
325 174 0 59157842
34 364 137669333 827540013
433 473 827803000 917584703
388 246 672419102 482148524
445 357 551584733 459355585
237 235 702877587 333411205
24 297 0 793133927
451 80 324927784 819568524
350 85 0 743837421
237 7 393149495 193557800
425 342 156016657 451001178
328 99 0 211477203
256 264 254582469 16700283
161 17 0 193425260
327 96 0 754146210
488 344 937742651 656794786
236 138 421933696 769589143
184 375 0 819421931
63 295 786361640 942365180
471 173 0 47192791
155 233 0 204189905
309 365 0 962441005
151 137 928056416 333914717
451 150 906873031 236301220
298 119 402135087 596746175
468 446 0 517435030
448 19 0 518642440
73 301 136694952 519683429
237 370 367773300 274003409
282 465 0 107331186
356 216 449831532 878329735
189 270 0 383663865
266 244 0 532831727
49 112 46669006 702910011
197 277 0 194198953
333 485 0 576260411
298 202 0 915097310
436 205 781480213 70563947
42 256 0 169214792
66 160 0 748373858
205 148 0 275899065
400 416 0 492669977
109 25 0 273410463
365 157 290265233 876436219
327 341 0 274899460
487 489 0 452113131
361 289 0 222956554
39 281 816718546 832541242
165 125 0 551427881
106 83 628676363 413717182
448 150 196474784 556668924
291 141 0 32895976
103 19 0 932200920
222 429 942637177 480749329
477 348 0 220093790
59 201 0 331080411
98 99 0 847503182
468 411 0 53506192
201 39 98388683 769868789
258 182 459021436 619894864
33 156 577450074 323633153
332 243 638852952 391119815
425 193 264025372 940474704
410 62 0 339956597
89 370 0 234734255
3 117 410763172 315679068
162 313 936666114 630731710
193 321 568786490 491748166
235 353 688336367 405804775
418 367 842614747 456317589
439 191 806821836 891765724
342 288 61266519 118160414
343 389 520839027 906274562
381 412 0 461412362
401 320 91558279 907585430
29 396 264583102 282659914
245 404 0 993282855
75 343 0 53137429
131 254 857852624 376288544
48 258 0 256257988
340 46 165345184 305315201
6 79 0 760316796
90 103 0 582906508
111 481 659048429 775414280
155 325 187272962 338491950
338 283 0 608589372
249 246 699278746 140584271
169 329 903266952 101566252
139 41 0 6238635
324 370 410078764 162721783
372 438 891376168 913211648
317 92 439339643 200804679
106 408 0 598201257
6 188 336615756 536561550
434 375 0 303427169
389 300 0 99115759
397 329 574014045 857113018
129 211 325833174 177823411
479 100 147347243 634799824
130 350 863381674 675890819
370 326 564967633 473959339
423 143 815775679 458827236
370 122 0 487984709
263 396 0 126896579
304 462 562659242 283139248
293 81 0 622235997
299 467 0 712000083
143 98 0 429849251
431 36 71959865 226308423
410 294 0 678921685
299 225 48130954 150324207
261 160 0 485168876
312 114 914174467 765565114
340 168 0 351913886
4 84 0 702667906
226 221 766984409 253045375
187 148 400464284 146449870
496 206 39499666 253282792
422 145 217653239 192821843
20 354 871849179 221142259
284 50 708724529 485829981
33 112 0 458994773
50 131 728366173 984325505
180 378 825429586 417498773
65 27 204458091 792682800
450 53 522648181 836312204
405 473 256596342 837807979
500 432 465301389 844658395
243 32 0 216082234
43 131 729592753 670675122
74 480 0 280915157
306 400 0 929360722
211 152 0 406229288
493 4 0 335729967
99 119 0 957109297
462 168 806115060 851545170
271 233 0 801330782
151 27 0 973748072
395 420 348230206 849298287
65 3 791190236 965880064
235 297 27781503 499978405
61 115 0 417909624
379 141 0 422952669
251 266 0 83940128
389 365 709977110 81361439
26 39 0 673786965
405 327 591079098 150214638
386 466 0 160616587
50 376 782233423 163742343
329 67 0 294825286
314 468 119605565 386475263
88 91 7486734 974639092
254 490 0 164269321
99 261 443488067 89977106
318 449 103645240 86904422
278 17 179002616 154416794
252 132 612123556 129996458
136 75 0 304790171
143 325 0 203613605
45 37 362222945 472579728
108 15 951095685 264502884
168 425 146687867 934932850
19 318 929933989 988723118
342 484 544671865 951619897
386 447 0 487104073
492 287 944308961 249470150
340 18 86709558 376587734
4 141 0 438099453
256 59 808348014 132303273
41 286 596811957 888594433
418 299 841671121 950495486
186 255 0 799788003
413 58 0 448218955
91 23 0 427379266
12 395 0 895518437
429 269 659815671 696466955
479 25 119352663 926653073
279 420 629119759 184962286
245 30 365052732 149500272
116 484 0 470361634
159 294 0 167245248
491 58 73843407 401276940
368 459 0 63918729
84 9 421075925 527211414
414 134 417477867 689416796
93 85 948013496 790986811
493 122 409168453 323872269
361 394 950810345 722362795
126 494 254077460 157474527
238 165 693826963 192103828
288 335 785084422 113403580
245 252 594410202 46879296
208 160 0 807737512
220 393 887389804 464748437
421 60 869319971 5983415
14 374 612272849 67650479
337 475 0 954526307
133 286 385996238 985108717
124 337 813459880 301328465
44 35 563892733 724893705
262 368 995448698 223734334
436 77 137676562 588006128
450 320 0 458825021
107 457 0 398490997
121 403 323266977 193732935
97 420 343943244 538487220
173 330 730021736 425350484
17 174 926964542 79824254
280 230 500713444 193110650
75 360 525365406 497626391
441 449 444592140 812309694
368 430 938159854 252230313
131 254 0 960039865
444 467 707918353 249373623
359 222 0 415196423
