2000 1999
900 710 0 313027545
521 1871 0 455711558
723 1683 0 984335408
833 185 0 379924927
1032 518 0 111058332
351 677 0 846856016
900 1220 0 113086595
1382 1235 0 175738811
1420 341 0 365765252
83 1151 0 856060921
264 1023 0 647015079
558 1267 0 58580485
440 42 0 950394805
956 226 0 542195846
58 554 0 771927010
166 1209 0 471291487
1163 1807 0 828794055
540 1457 0 545427637
1108 680 0 99526697
440 170 0 824301422
1266 1688 0 568814863
1493 678 0 290212926
225 1814 0 519625226
1152 445 0 761392715
1736 1667 0 832915656
816 1315 0 324462201
1557 692 0 668649277
1707 114 0 491204957
129 1844 0 571656312
1157 1636 0 104959420
416 870 0 47486679
1174 1920 0 137178089
535 1975 0 787715686
60 783 0 222432997
1196 1776 0 548439022
311 868 0 447171252
800 1211 0 2024816
1559 1571 0 775857711
708 1248 0 120551274
1723 1500 0 499664014
1326 1723 0 724367443
1354 1118 0 61445127
923 1747 0 769022898
868 1092 0 602472941
1307 340 0 264281463
795 995 0 343923202
97 1822 0 65900173
393 1347 0 131378024
1844 383 0 757712698
230 1682 0 484314119
1549 714 0 793335506
693 1375 0 681443002
1325 1969 0 887436370
487 721 0 824875568
1787 637 0 233043893
861 1582 0 701983107
1562 878 0 665124939
1233 890 0 968213507
654 594 0 177326737
1998 1279 0 95722040
174 839 0 36980419
49 59 0 576135719
1222 1473 0 312148804
945 1899 0 548873990
1124 120 0 528015459
1463 1203 0 424970715
952 505 0 180336468
143 462 0 87676730
1657 599 0 676034050
1467 1510 0 455958047
454 1442 0 669705925
1400 587 0 624219100
1976 814 0 360829288
1918 1067 0 970793002
965 316 0 352838688
1225 409 0 941234018
266 247 0 510979729
1654 735 0 217882621
1943 903 0 45165066
1277 1833 0 852346292
1659 375 0 190521282
1292 546 0 954307394
665 75 0 116781365
675 1563 0 878059673
219 1057 0 964323744
147 280 0 664412965
468 788 0 610693214
1337 1089 0 583914043
1489 1013 0 164583769
1259 684 0 855896576
951 820 0 991557033
1916 1200 0 745953869
546 1225 0 510450224
516 1594 0 400281997
643 1121 0 919324714
1188 726 0 138988195
307 654 0 638743252
1464 173 0 378854965
79 821 0 70866440
1647 146 0 42203934
1331 782 0 516074528
1369 1104 0 572327201
1923 98 0 909520826
593 108 0 51482740
1224 1393 0 427157335
1881 1177 0 660278178
1763 1626 0 630073127
1902 1003 0 148654274
806 67 0 584479187
1935 1154 0 711586028
717 1813 0 936907220
793 823 0 316213568
239 858 0 396430445
811 333 0 707525666
936 14 0 493269371
1000 637 0 869109776
1541 1742 0 514376991
927 499 0 67816200
525 1988 0 148589711
1728 194 0 529569181
1250 1155 0 907276461
337 1390 0 202213301
1693 1301 0 905448096
1699 1993 0 62357500
1556 20 0 412075036
407 1123 0 569357871
1309 248 0 772882200
444 1718 0 683941460
209 1462 0 495498596
413 148 0 681111248
7 480 0 571897599
1660 1967 0 574698903
1536 387 0 972663129
71 363 0 816962412
1684 784 0 670003492
426 1527 0 596157796
474 966 0 89219604
1079 1942 0 901790961
1942 1666 0 194301413
1811 1268 0 588568251
981 1213 0 208437518
687 484 0 928971403
1732 1635 0 764578489
1941 88 0 620131159
1271 400 0 252580261
838 1003 0 81795559
1210 616 0 925619662
1845 1184 0 718124002
1758 1816 0 76859697
1279 1607 0 306768655
1770 1738 0 389443889
307 348 0 858139000
1962 1835 0 328100733
639 1419 0 141793323
383 221 0 995325161
1893 1964 0 592660901
905 1448 0 187027511
261 88 0 65058207
895 1819 0 406178573
3 1610 0 113603590
1973 620 0 335082089
747 987 0 756759293
335 1537 0 687387577
1922 1300 0 260409863
358 501 0 883040370
433 1844 0 88494434
1873 1151 0 792182530
922 1986 0 526091303
1198 1781 0 222771312
987 1934 0 158087284
857 1280 0 521087504
1968 1210 0 201537859
627 1362 0 303735156
1790 1078 0 126364438
1344 1599 0 230998438
1824 1931 0 269792301
1260 1700 0 709930564
1760 476 0 357791681
1512 1779 0 572527163
943 1381 0 861029306
491 377 0 902203980
87 234 0 752555539
1869 1936 0 471287049
1269 1099 0 94746821
694 908 0 873770764
28 245 0 739413626
1437 1256 0 866461447
1524 523 0 450870562
46 1686 0 815805461
1791 690 0 821503013
1098 204 0 901017313
1130 1191 0 946225758
947 607 0 438934634
1952 692 0 779241157
162 942 0 250561309
1122 1968 0 21290216
1844 511 0 294774874
1867 1453 0 8379567
1439 1657 0 758405089
1066 1445 0 889788796
1612 152 0 172129228
555 1810 0 746691783
1067 432 0 575003680
736 1591 0 507165175
650 1297 0 295049982
285 477 0 289599164
1786 822 0 955364429
605 449 0 840399302
1387 1947 0 446865344
766 139 0 210156859
498 156 0 669169539
1836 1050 0 142674277
742 67 0 496607969
1459 182 0 579458431
1162 1407 0 335655712
1545 1708 0 160649906
1191 418 0 392375388
1378 1461 0 524710553
61 991 0 572508908
300 242 0 227645992
1610 1257 0 758984929
1345 632 0 594112600
1773 1990 0 299789592
484 1671 0 293732949
131 1905 0 376067043
1161 1485 0 534229504
191 990 0 824704685
1717 783 0 462653806
1255 1238 0 372225446
418 937 0 228709621
747 1358 0 612477383
103 326 0 373263256
1778 1036 0 5465122
933 91 0 698749683
1671 1139 0 62776119
1411 1494 0 104982287
1931 1967 0 19572132
1306 1900 0 852455303
519 1719 0 453094817
383 1660 0 876913573
542 140 0 484044613
1825 1212 0 870614715
1298 135 0 259418282
754 960 0 657980948
330 1386 0 482955820
857 422 0 664862432
1749 818 0 235481663
1425 746 0 656441828
363 1186 0 437094028
1644 833 0 430828309
1695 498 0 783325681
1705 532 0 998647507
554 417 0 354765141
1968 1972 0 179662659
1903 542 0 784511406
354 1962 0 119501595
1856 895 0 872346467
459 1642 0 663055527
1580 1842 0 958729950
1287 1565 0 808422657
1717 1621 0 284484469
1986 406 0 86948866
711 1125 0 429548660
1334 459 0 322214530
115 1949 0 464724082
158 1054 0 171635494
1118 1012 0 750263723
1755 1285 0 436156816
813 711 0 632492971
1278 919 0 620151195
796 1062 0 482697088
396 510 0 852034997
74 997 0 942851966
1483 1692 0 581149079
926 860 0 812044522
1368 1818 0 175041327
1143 1660 0 791809061
924 965 0 707355669
403 1457 0 272883106
1898 994 0 181878049
1877 1968 0 305893707
881 1579 0 524064649
90 1803 0 650131842
87 1526 0 41555982
709 1651 0 436804508
1136 558 0 325667732
541 89 0 626895773
1130 497 0 268761221
811 1111 0 446931905
627 1053 0 70787636
422 750 0 68933860
1456 296 0 550195614
1102 1784 0 386890888
288 703 0 190211083
83 281 0 423013393
1247 279 0 497585157
1277 770 0 640268690
37 10 0 533920924
786 474 0 851027095
1049 1315 0 191600588
147 71 0 693554498
1756 1260 0 642654325
1860 731 0 620284893
1113 1815 0 475657825
1059 1372 0 685576051
1034 1982 0 464344623
1141 1589 0 469267401
1125 1849 0 521299908
1338 249 0 511550498
626 1653 0 564518236
424 379 0 402968179
992 1407 0 141620291
1841 536 0 895532418
1767 197 0 197532953
128 1481 0 380132183
1834 1167 0 95953991
1520 106 0 416212376
716 1336 0 255609584
859 575 0 511278619
636 827 0 220996979
102 1997 0 628283677
682 626 0 215734121
1394 353 0 638714940
1169 771 0 981542478
462 318 0 440896994
420 808 0 39879043
1236 1262 0 897240087
765 685 0 231607508
339 90 0 909258814
622 23 0 853014838
119 1928 0 695664854
311 357 0 99743127
449 1329 0 937122182
1285 1378 0 238301463
1593 1365 0 450823411
1000 1170 0 94626812
262 1913 0 661407188
159 1578 0 982551318
199 1054 0 306682954
1302 54 0 88828446
48 1437 0 969100095
831 1274 0 404005118
347 1025 0 332332396
1179 97 0 672697697
895 562 0 375900316
13 1551 0 964090945
334 1343 0 736833250
9 1482 0 810785667
865 1250 0 268820674
1501 103 0 16077742
1594 1823 0 485812877
1200 1056 0 52265008
251 1314 0 832338761
1276 422 0 934302602
1800 1722 0 262139541
1689 920 0 79057429
1027 1733 0 82355357
264 686 0 746339702
472 1926 0 789384842
1153 1448 0 930674130
1369 947 0 580074261
619 1216 0 872909543
1040 1179 0 840936718
1965 569 0 511577960
1160 1380 0 65806040
1788 743 0 727179342
654 57 0 164406245
24 126 0 573515431
1848 1284 0 338676405
110 1745 0 135634139
1811 1349 0 637128689
1880 1919 0 311776830
1924 474 0 109166704
275 1501 0 217485577
1811 286 0 928601103
633 1991 0 100421114
1312 677 0 650697251
1035 1176 0 754539195
1756 485 0 561228635
106 307 0 170840799
614 938 0 640998717
661 1843 0 944664944
364 1460 0 185416236
904 1739 0 73281920
2 1476 0 697673820
890 11 0 778613294
649 27 0 179065150
70 1941 0 816832288
949 1527 0 128550013
193 757 0 683276410
1046 1120 0 179287289
883 1846 0 446319908
789 1477 0 771196127
597 1101 0 908289883
592 1854 0 794995104
1808 142 0 842016133
139 1697 0 385173380
343 1452 0 348529237
1685 457 0 980718279
481 241 0 891669653
1628 1824 0 601602318
1201 1453 0 853335327
1836 293 0 972849956
856 1374 0 46411643
1638 1713 0 172594683
923 183 0 370196903
274 585 0 101085577
1402 1646 0 744973575
1186 538 0 636252549
1996 1405 0 531515300
1739 1097 0 725235595
654 44 0 269417881
1420 240 0 794247938
229 115 0 187341742
1129 843 0 505152239
1889 1931 0 743840036
374 1429 0 61728302
35 680 0 529131280
1540 1780 0 943181941
508 359 0 644807594
1959 1144 0 301394662
335 1724 0 858062333
34 85 0 46360699
1310 894 0 645970544
1184 546 0 537487709
356 556 0 390782548
172 604 0 1782108
1830 1459 0 283601145
450 367 0 336233814
287 1593 0 46140987
996 601 0 260381640
1648 217 0 642164682
119 1503 0 939081811
934 1320 0 703741415
430 1536 0 348191946
250 836 0 866947237
1498 390 0 419289801
612 92 0 883233384
1157 637 0 39490464
1055 801 0 716798427
43 1292 0 979433552
550 1273 0 801735648
777 386 0 699291078
599 214 0 523483681
1641 666 0 478098143
1650 1192 0 744287001
650 1495 0 632156460
1323 1618 0 942605327
763 684 0 450066486
1359 1831 0 446492696
1475 940 0 368328743
41 596 0 699284199
1261 533 0 796761330
568 851 0 307490148
552 1712 0 151782482
99 27 0 431516437
329 203 0 672830999
1658 378 0 340931856
258 1583 0 751298441
36 1730 0 456345435
1936 817 0 892872867
313 1262 0 797282872
153 518 0 663168114
1423 1875 0 87106836
1670 1273 0 479996584
1523 756 0 605883881
75 1601 0 784797869
237 1060 0 416724195
421 65 0 898596120
163 1404 0 835138256
1608 1665 0 576305184
1231 32 0 836285649
115 127 0 377689324
253 1256 0 848176821
1750 392 0 189177547
1505 334 0 907709814
716 714 0 572919096
658 1502 0 134036849
45 886 0 388353172
1670 468 0 772097164
1085 69 0 871719008
1438 164 0 515598722
690 112 0 152367629
603 324 0 216229542
56 1942 0 944027275
863 1623 0 544490349
1188 1799 0 61585918
905 1398 0 768798682
1873 590 0 60964176
1478 1680 0 921574415
679 905 0 915251
1940 293 0 897337405
1803 1366 0 461581318
1649 1443 0 348846454
582 781 0 218057121
816 442 0 731140690
1455 1882 0 552996091
268 303 0 233799232
411 220 0 34036624
1232 1543 0 892446142
1669 1036 0 720339281
839 1675 0 284880798
1134 1412 0 179515826
741 391 0 279257348
1529 964 0 719289881
1884 1478 0 563997186
1801 1082 0 868723725
630 412 0 613346764
1474 288 0 244958717
1432 230 0 861453697
1709 271 0 528752926
425 1555 0 646905037
1099 1384 0 20638082
31 1645 0 369430686
1777 78 0 814717743
1599 1028 0 363018484
1516 23 0 185234794
146 1616 0 767531658
845 376 0 691502577
1976 1874 0 291768130
59 1217 0 202869730
1131 955 0 833018464
477 689 0 577741582
1246 982 0 818645582
255 1033 0 894228693
1953 378 0 233927394
124 1109 0 818408282
1920 1474 0 454056631
591 1823 0 610364666
1341 692 0 37140236
247 467 0 837488112
802 1528 0 529450437
64 883 0 866457814
1188 247 0 686614612
898 166 0 388205656
1185 313 0 189163898
713 1916 0 994437894
983 992 0 809200966
709 1517 0 439637509
1260 269 0 150564282
169 1759 0 854889015
684 1012 0 768795041
1460 80 0 384140335
552 703 0 543440734
1851 214 0 73412292
749 1251 0 463943441
1076 1350 0 348914683
1887 207 0 442146594
1141 510 0 114876949
291 285 0 778304259
79 501 0 133859415
1651 588 0 985232171
96 1241 0 426530972
1701 1608 0 404933040
1977 996 0 713169781
1298 576 0 629774501
1672 1249 0 573528020
1070 155 0 990673243
120 584 0 237629917
375 1263 0 46778540
1171 1190 0 787181476
1794 1614 0 651124122
524 246 0 400066868
1294 1691 0 69666793
1552 1252 0 553324827
1827 446 0 90739316
164 882 0 71425442
486 875 0 124460794
930 1689 0 276923804
1391 20 0 415226182
1955 1548 0 784831589
1112 715 0 690502705
92 785 0 200412767
1773 801 0 139801118
505 1428 0 201352868
602 333 0 149788604
1396 1444 0 954434804
558 1053 0 171833889
598 1389 0 55408193
72 1876 0 178724531
362 694 0 205998749
1153 589 0 381094194
849 1191 0 231755839
1380 238 0 190044217
1592 538 0 901379323
1157 378 0 883096692
169 528 0 819210854
1144 340 0 451418547
1245 263 0 288840851
1120 586 0 495751900
329 1584 0 595668461
1539 34 0 839302849
1605 828 0 54916283
1021 16 0 585870112
706 372 0 483604960
63 974 0 346495763
1419 1805 0 185507083
276 470 0 579917635
892 646 0 736491617
1790 51 0 703747452
1137 1205 0 31171426
648 1724 0 144941218
718 1600 0 388160875
1627 244 0 56629908
390 1558 0 524820296
307 869 0 440715440
288 1296 0 205124100
1661 1978 0 554561523
121 1619 0 750693806
1714 659 0 462926936
1760 854 0 829238060
1339 892 0 171270402
1264 369 0 888170144
455 318 0 156426738
1585 345 0 768135065
41 1966 0 249343528
660 165 0 762467268
1205 1057 0 964972895
1928 1126 0 901209671
749 775 0 519711340
106 1029 0 38862629
1446 616 0 566938117
614 738 0 420722281
1214 1178 0 265609539
546 1383 0 473152484
1571 931 0 691637587
1218 1505 0 29101037
1227 1780 0 885497086
15 914 0 79618825
1095 95 0 447611068
1334 1021 0 17677388
1318 260 0 333524080
517 1828 0 855373727
326 481 0 969669469
1576 1716 0 12151207
376 1048 0 601356902
321 714 0 536098570
1159 730 0 107118721
1856 852 0 629945126
621 979 0 997680123
1206 1123 0 96299189
554 1474 0 370714440
379 1181 0 386468618
195 598 0 910739110
359 372 0 725067756
1093 352 0 27278348
272 1578 0 583096450
678 208 0 512546837
948 695 0 981083643
2000 585 0 45987533
1127 1543 0 395463884
1570 554 0 570918153
1288 1815 0 96488791
1234 1150 0 654976153
1079 871 0 510589719
1014 1793 0 477418650
490 1253 0 995390081
1986 888 0 129343536
18 994 0 632824062
1866 877 0 78577101
1147 1311 0 226489794
1917 934 0 458063754
324 1606 0 874179242
942 623 0 205970218
1733 744 0 614011295
198 1644 0 763226147
615 1829 0 423903345
1614 1724 0 835684673
33 1821 0 808062272
1417 443 0 831389632
99 1433 0 316964170
1624 1211 0 667150127
1571 413 0 353884800
1807 1214 0 121632281
801 211 0 448235701
2000 1786 0 64607760
1663 1655 0 521041047
1680 1893 0 432171121
1562 1132 0 302912314
1991 1028 0 251028018
1617 1026 0 113104027
1408 1707 0 68596340
972 253 0 964915279
1963 770 0 103087820
1499 1873 0 295842716
1681 1531 0 490356851
1286 259 0 241249284
897 142 0 770783910
1194 757 0 658004358
1381 311 0 167374091
549 1648 0 294023044
1943 1455 0 607874580
1106 1165 0 866649840
1313 314 0 788863046
711 1743 0 422529207
1186 415 0 91956482
1553 605 0 260384077
1720 1566 0 267200590
507 155 0 26459150
219 924 0 625347835
1937 846 0 863012367
998 772 0 486008316
549 1732 0 498902533
673 183 0 232402796
1897 13 0 110569239
884 469 0 928286913
1020 1091 0 274150696
276 1619 0 939711332
108 273 0 450687447
400 835 0 175050927
1355 1285 0 598077325
564 296 0 791952090
1241 1900 0 666478396
204 921 0 458016545
638 255 0 504008519
1814 1330 0 961716974
1691 312 0 715498984
1285 1561 0 907452594
658 1555 0 458748807
881 1788 0 726837808
149 719 0 845855545
1957 467 0 952437830
976 1814 0 595586030
660 40 0 494591828
825 134 0 876895093
305 1150 0 767751474
36 1642 0 925584747
1602 1183 0 283295006
181 1872 0 556968428
1674 1960 0 529932592
1617 1209 0 461666207
1555 1436 0 448176910
1637 1741 0 558021903
466 1991 0 109880242
1433 500 0 743048566
1142 909 0 401023618
1078 1061 0 335661555
821 1588 0 227346458
1816 543 0 340248641
569 753 0 792312983
1780 1488 0 319769348
913 60 0 959780171
710 1202 0 484834088
409 1691 0 718155821
159 1743 0 908759178
1506 1684 0 440671966
264 793 0 827333101
1600 340 0 113134980
278 1498 0 226786933
51 1579 0 186864045
1735 1361 0 860626040
820 908 0 916470482
70 1767 0 23019982
1881 133 0 921650039
626 719 0 241803283
341 94 0 105131568
1423 22 0 951206488
410 18 0 7843775
932 809 0 394822221
738 918 0 626386531
713 256 0 943097708
828 1109 0 820945996
290 1131 0 743720162
212 741 0 558386638
1443 1207 0 862648279
81 570 0 914470526
210 152 0 200989454
1314 269 0 838477802
993 738 0 839369947
1482 587 0 832641668
989 1404 0 903239132
7 1715 0 447874431
431 770 0 989458557
383 1929 0 141746340
1480 368 0 893476637
1573 874 0 507029177
1047 842 0 865369248
332 676 0 729185780
54 410 0 982404451
160 11 0 883114538
260 1640 0 711581829
1916 1656 0 462549714
1185 1662 0 212438552
977 396 0 749925613
436 1967 0 519216158
1921 1893 0 382442492
1611 1881 0 22769831
1810 1631 0 354472025
1770 1051 0 828933680
1676 1997 0 636415676
1191 219 0 205869975
1564 130 0 709966697
567 795 0 311423232
1246 500 0 661356030
740 176 0 211019491
1187 336 0 617309004
1156 110 0 779451479
1493 211 0 6679780
1615 1547 0 930353226
273 1775 0 387812762
918 382 0 864960520
1105 1775 0 232024131
1544 791 0 508159024
296 611 0 784884663
932 467 0 729871626
402 1885 0 412908975
1469 610 0 842444136
989 1564 0 431301170
872 346 0 263593603
906 823 0 415111293
1727 143 0 302483152
375 1396 0 589465832
1502 1107 0 324101063
6 907 0 794355496
956 1412 0 912870566
1828 77 0 583381542
1622 1249 0 686853123
1842 474 0 725042412
1662 957 0 639919475
1944 979 0 61517511
1430 1565 0 112279034
1006 1507 0 879990380
1161 1355 0 493319518
247 1892 0 596443764
1623 1319 0 438464069
1764 707 0 167846037
266 1857 0 144163961
1613 962 0 319461106
520 701 0 244161495
1024 1221 0 942905198
939 509 0 342269783
893 113 0 792611151
3 183 0 85565381
1581 552 0 421005444
982 1069 0 416469475
851 984 0 218576339
1082 87 0 710662829
137 1055 0 736699061
1292 1508 0 134531321
270 597 0 558468188
1436 762 0 628154860
1670 514 0 115250466
1932 1302 0 681245102
1746 850 0 400309747
650 1473 0 740260517
1305 1738 0 325173378
1051 3 0 961856714
1991 321 0 75653982
530 1816 0 582289254
1210 935 0 167097931
1185 675 0 463750063
640 1234 0 545961351
941 95 0 720148030
1179 1848 0 41790505
344 37 0 918632855
389 438 0 416055120
894 1328 0 759599737
1022 1853 0 460452957
1667 723 0 271906381
1662 1908 0 222630825
73 1992 0 938508330
1262 893 0 499685874
976 1774 0 692363993
1990 1103 0 332719353
1933 534 0 205418309
755 1307 0 174342179
302 311 0 137238970
192 289 0 675503334
917 1920 0 550891408
1129 1839 0 943800668
1603 249 0 913299503
1174 614 0 269910301
1472 1228 0 219238507
512 178 0 910267877
1270 1152 0 78660000
1164 1795 0 384042273
1339 1397 0 512227754
1533 1275 0 604853880
1555 164 0 466383738
286 1737 0 564467856
29 6 0 318051154
109 530 0 635601814
1407 695 0 188873626
1170 1535 0 324669847
1141 1164 0 646966780
1533 100 0 309689885
418 17 0 887386028
1784 954 0 504732195
1229 1027 0 69953816
696 150 0 530500023
1327 1235 0 172506087
1720 1744 0 545218262
1617 1001 0 849753309
187 578 0 229858287
1361 1318 0 124998732
702 819 0 624916152
771 448 0 195919831
1751 1669 0 502868438
1033 864 0 653652191
65 1265 0 880088475
383 1985 0 809246862
530 1421 0 333559178
1655 1899 0 806783127
192 1547 0 16496558
928 1222 0 555479123
1431 617 0 672036320
1598 1897 0 635976717
1789 250 0 415898082
1638 684 0 531160474
889 115 0 485520732
1703 521 0 475164119
1900 198 0 61707438
653 1231 0 991894070
910 1348 0 326895882
1258 1090 0 624468632
1608 1716 0 91928392
1544 1865 0 617649551
765 760 0 286704140
1152 1488 0 724744349
71 20 0 95050447
565 504 0 717526871
1906 1041 0 790122890
952 1331 0 431395670
202 1111 0 852882425
815 51 0 300355739
594 457 0 223042339
1521 1397 0 556027065
189 315 0 21523672
1986 1565 0 18091749
79 1128 0 926246490
1211 1324 0 437358765
758 1033 0 186492297
1917 984 0 898966004
349 1093 0 226314768
570 1994 0 463263981
1930 1053 0 214712765
34 888 0 137482778
567 1491 0 247009628
221 1501 0 115224526
548 1372 0 576557292
1192 174 0 305139112
879 1126 0 522369983
1342 1317 0 861785810
559 1980 0 264372592
1748 495 0 610582772
1593 1708 0 348456428
937 1530 0 91102081
5 1686 0 406987949
279 973 0 140629554
814 1741 0 503183155
1110 467 0 242500398
616 206 0 107971612
348 1753 0 212665778
429 1406 0 482772696
963 677 0 300215893
1335 473 0 140515876
618 1529 0 494569934
525 1000 0 211422862
133 941 0 348534487
1276 23 0 868842062
959 623 0 650684388
774 1312 0 696772490
1141 561 0 616223071
542 235 0 977972997
1038 1144 0 836942349
1487 1197 0 649109071
915 1176 0 625007801
290 88 0 310867064
171 1272 0 769357204
380 1310 0 929323617
1585 668 0 988846095
1147 922 0 7779611
1414 1442 0 511013423
1325 730 0 826973893
396 222 0 728097509
443 574 0 854250503
99 66 0 835718818
374 1198 0 265440986
39 1773 0 293552387
989 145 0 654568689
1922 317 0 444410766
1882 1442 0 968682855
1814 649 0 876104325
692 662 0 926346581
835 221 0 48773570
408 1862 0 155348970
706 1531 0 894528187
1084 1259 0 696136155
322 1107 0 225950585
1105 1951 0 580981343
962 111 0 435133457
1247 188 0 196104527
551 1819 0 761485685
370 1310 0 151049619
879 1512 0 229207917
1725 1101 0 265978679
1864 1261 0 347039946
770 180 0 662726845
1492 153 0 44097689
582 1017 0 309274512
1435 913 0 802722802
612 487 0 595309864
1199 266 0 596917234
141 1922 0 663740300
223 1074 0 537685865
437 1848 0 241662810
1784 931 0 130395720
1357 867 0 44596142
1111 1376 0 469862824
1898 263 0 361715814
651 564 0 306810511
923 1766 0 909734396
1051 1293 0 505718221
55 1828 0 765417059
978 546 0 304095371
655 814 0 71637985
476 512 0 745847739
1976 539 0 256821602
552 1962 0 545143917
1805 1149 0 556512797
972 462 0 363426354
901 824 0 613714166
733 1623 0 580887770
1422 592 0 610356096
1109 1937 0 262283547
89 395 0 524821318
18 942 0 476847127
74 1519 0 896487028
1035 1969 0 321250226
859 888 0 902269186
572 1253 0 880245617
832 1945 0 722795539
1696 256 0 769305738
1452 1839 0 38490839
1802 1624 0 957888295
1158 1946 0 636968733
1024 1842 0 848691481
769 1862 0 297556388
1269 1598 0 59149561
1336 886 0 458122549
857 1994 0 171063356
1818 1269 0 358676845
379 1853 0 923222015
1022 1395 0 760015379
1097 894 0 850190492
25 15 0 355970058
1089 802 0 964516099
652 769 0 161768477
334 1853 0 475174993
1093 215 0 983436036
355 375 0 413819633
1528 847 0 747046009
153 1847 0 359839673
660 1954 0 146085532
1451 1828 0 543097842
1703 177 0 242928076
1717 1859 0 208766664
1035 499 0 746002234
822 269 0 267334198
636 1602 0 634525770
101 557 0 352802565
1035 247 0 221777545
528 568 0 616249292
216 845 0 639273178
1852 147 0 13740856
264 663 0 840611922
72 596 0 844149506
1629 1427 0 492016972
524 1340 0 467672944
427 1999 0 812637654
1336 579 0 798177553
1588 1678 0 303973857
713 859 0 461567434
895 1684 0 974985552
662 224 0 180366572
1142 669 0 809780426
1192 1175 0 786068522
691 1733 0 559369697
457 1207 0 445751394
946 1828 0 558909686
383 905 0 435441273
62 155 0 132260146
336 1458 0 768106991
555 1015 0 397469061
684 581 0 629345783
479 1631 0 913611110
552 1371 0 552631471
339 398 0 775221547
1686 1628 0 374186168
1782 215 0 538684488
248 1261 0 387369626
1145 107 0 106267869
1567 839 0 524865877
1726 278 0 79109809
1005 888 0 553199109
319 700 0 939755449
430 352 0 952209718
1991 848 0 755150152
1965 818 0 818212577
1084 453 0 276827013
1828 1637 0 341904075
807 1743 0 669194102
690 808 0 871963292
451 1510 0 710730736
1846 461 0 9097844
1931 739 0 188149470
914 921 0 262079925
50 144 0 249396249
238 1202 0 416317355
183 978 0 338292111
1867 301 0 12556748
526 1856 0 516510587
109 993 0 875179839
771 1267 0 474266645
488 820 0 831595649
513 207 0 288492069
1136 1072 0 749817902
867 1030 0 180276195
714 1079 0 65395967
992 117 0 944907521
793 1512 0 280170088
1338 552 0 530773839
136 275 0 880646222
878 376 0 568020883
1901 491 0 975113025
1460 1483 0 421425707
698 1850 0 955699757
118 1243 0 857448695
216 1765 0 291459146
1222 1647 0 601785381
527 1829 0 850020966
1538 1865 0 105777125
1702 1172 0 873399683
853 1451 0 38149512
570 591 0 322174394
634 1986 0 881546196
452 804 0 557039320
366 1193 0 846570394
1128 1872 0 839353309
1852 1101 0 354339947
907 389 0 980630795
1933 1275 0 548752552
1091 810 0 565972168
881 364 0 180057893
345 1536 0 180610912
507 447 0 451347057
292 1652 0 750641592
66 1917 0 749961012
1088 1778 0 55856950
1317 258 0 871087052
1326 804 0 155915968
919 123 0 81642032
1007 423 0 916330419
607 1870 0 729564017
314 1505 0 38043427
1820 910 0 289593059
938 324 0 395074236
986 265 0 54477538
1579 1988 0 692501367
1912 1673 0 111741356
849 1906 0 889946393
555 1542 0 884672162
734 301 0 435549786
167 641 0 350102881
356 1493 0 559662424
1459 1315 0 242230043
558 1646 0 742074165
1793 68 0 396789055
1911 1683 0 385238970
861 292 0 55002161
324 1886 0 299698181
77 577 0 280873120
1425 1700 0 71211679
1322 1527 0 507718152
1075 1575 0 332165693
451 1013 0 6125294
1846 1020 0 62794238
619 1224 0 467486495
1797 478 0 81285044
1408 1838 0 406634197
877 139 0 577548817
227 288 0 990333016
1942 706 0 50700323
1743 587 0 718429318
350 675 0 808551774
7 1858 0 601136775
1687 377 0 556505816
720 676 0 53637710
326 1586 0 954277914
705 1114 0 140599326
1999 1031 0 55533876
1261 138 0 630061579
650 1971 0 764065625
1044 1700 0 257053830
445 153 0 811616700
1863 786 0 515083129
1157 1405 0 538985355
1742 940 0 970342715
1146 1849 0 764134675
606 71 0 629260459
192 477 0 26741356
1140 956 0 23671416
53 1607 0 376095011
1017 1793 0 610980607
134 1639 0 877299809
909 294 0 781605918
1063 325 0 55178282
1469 1609 0 783039145
1310 1373 0 184316829
451 1285 0 918638769
1818 515 0 469087459
819 1572 0 311759972
1158 645 0 588342051
1230 132 0 545327376
1133 1259 0 158361252
1987 1538 0 419918599
1969 1208 0 830724198
1083 1019 0 753081970
1789 1993 0 193183598
384 738 0 577819785
682 263 0 453130984
1565 969 0 447197087
1480 1305 0 257521482
1454 1125 0 513861459
1296 1050 0 12625160
1170 851 0 694046777
1903 1706 0 109774897
1307 1083 0 286138115
553 1613 0 71043278
107 1832 0 138365565
191 1082 0 843232578
725 641 0 183670798
1282 510 0 829761772
407 990 0 374321112
725 1215 0 636115415
1112 1542 0 799995511
709 1240 0 282481756
797 10 0 634162173
1620 120 0 144334200
1308 834 0 997260591
1318 1734 0 199848363
1847 731 0 638230749
1533 1997 0 568996849
447 975 0 236192263
1829 29 0 147033045
641 238 0 680540113
431 1254 0 519413237
1074 1710 0 617521911
700 562 0 81454061
370 1604 0 851064511
93 476 0 774933408
1841 1025 0 25165884
1115 620 0 994614498
1447 1792 0 332834071
257 1226 0 83726681
866 1067 0 742811361
889 1045 0 224059716
1802 393 0 241139021
1248 294 0 792951064
888 1440 0 405513923
732 470 0 371378572
1538 1065 0 661847912
970 1219 0 529587564
745 139 0 802299547
380 1537 0 753140772
1417 1004 0 783541661
992 546 0 691437780
1821 1173 0 405786355
1568 632 0 163052763
1143 522 0 796381139
1511 744 0 163527181
1992 679 0 78275690
218 1250 0 958201184
845 849 0 384563549
1328 1117 0 366342032
757 568 0 689954495
394 116 0 435107820
648 440 0 210147920
664 1313 0 382175333
583 345 0 26848831
1346 1584 0 460841758
1388 797 0 65754733
39 1373 0 719513824
1722 199 0 929758061
1729 1322 0 265857872
1154 1518 0 590551240
1593 1630 0 669935818
1230 475 0 379773094
938 1498 0 871827094
233 962 0 649333153
1909 1132 0 589283130
51 323 0 512199191
1153 473 0 632895657
1400 1204 0 188134438
213 1223 0 198938028
1531 911 0 445366356
52 417 0 944352887
1891 265 0 466020408
1112 379 0 583318380
8 501 0 833599
805 1948 0 57272128
1605 1 0 816677471
592 142 0 965293679
1170 1679 0 705190200
53 579 0 778711405
1785 1717 0 317892431
547 1477 0 656636212
1566 563 0 569891513
1587 1244 0 504783685
1016 314 0 699776029
249 1626 0 134393128
1529 1189 0 987562006
1734 803 0 132780031
421 1329 0 750463692
53 1008 0 859993739
502 1219 0 939004059
121 391 0 459895337
891 380 0 132892019
296 434 0 598416008
1978 83 0 26754753
99 1490 0 909952308
1597 356 0 263891609
220 776 0 135933832
1939 1566 0 984394029
428 1074 0 972320077
446 707 0 607524954
1367 1480 0 839996732
351 698 0 363926270
1888 1327 0 545378316
396 721 0 891058208
1297 980 0 78725450
717 1480 0 118880333
1008 532 0 363666334
1064 1754 0 577020010
720 1491 0 689138958
257 1161 0 452573527
1135 1070 0 688046273
1187 1482 0 414882254
32 1696 0 560950980
1714 1381 0 225835258
1921 326 0 763320914
794 754 0 667768292
1744 1386 0 400111941
165 414 0 205086869
1122 397 0 439520214
844 446 0 180322373
1175 1351 0 390991968
1627 1329 0 281735646
1428 125 0 310056545
1222 1611 0 638146376
1862 486 0 786417725
1462 1648 0 370743557
541 1094 0 890144214
1438 573 0 249814853
1359 1058 0 853316838
1264 1522 0 802393546
1942 1011 0 496147939
619 1921 0 728972992
220 1290 0 304116496
1914 247 0 256643291
1643 1252 0 585858697
1070 436 0 154376074
1018 698 0 742678309
360 690 0 760613323
352 1746 0 177444055
257 704 0 906334569
483 242 0 501070879
1651 1939 0 807495929
228 1364 0 148867664
1108 88 0 443660105
599 1341 0 978720673
944 1666 0 423160146
253 257 0 264042761
1142 250 0 506026012
1410 1654 0 527111621
1064 315 0 832247925
1312 1768 0 786602906
819 1921 0 741353302
1612 1072 0 80164189
1211 996 0 464187194
748 280 0 646281345
156 297 0 84894201
1362 435 0 172425773
756 1168 0 114407602
252 956 0 655702091
885 1804 0 235351923
365 1565 0 210335787
1633 1469 0 732941050
824 239 0 604714397
79 1554 0 449957360
1569 127 0 166494041
70 1608 0 716330572
898 1414 0 809844427
1090 1224 0 812199701
1197 783 0 864124176
535 1698 0 456482682
1321 618 0 228853054
1463 1454 0 339819047
1362 930 0 296864985
1387 697 0 439835483
1876 1861 0 967811752
1562 764 0 529774036
720 1677 0 392390735
1820 712 0 471566842
593 1545 0 887654526
880 1577 0 427862733
763 777 0 900613406
173 923 0 513379968
1385 1513 0 361684449
988 1849 0 944270524
225 213 0 71958436
1340 1927 0 967066816
215 929 0 401406333
1281 1346 0 295282577
263 1427 0 978459547
1357 1130 0 635983422
641 705 0 258416171
365 997 0 478752111
243 122 0 320410799
1117 203 0 524105540
201 24 0 4756005
700 798 0 899338131
965 1094 0 851140446
464 83 0 777543818
1575 1422 0 463386986
1096 1674 0 106089584
1538 953 0 496085431
778 1216 0 832773666
1406 428 0 346579581
916 759 0 48414588
1855 642 0 838293506
309 233 0 921443734
164 1613 0 632969547
1483 1158 0 728590147
331 707 0 824689855
511 86 0 66422796
1157 1769 0 403205414
1663 1237 0 208911210
154 886 0 581896459
527 1310 0 254284985
1403 869 0 753140415
1231 1363 0 616025421
1859 1083 0 702047876
1591 419 0 74613838
1295 1412 0 380403717
1837 1686 0 224891792
1750 1369 0 107205038
531 680 0 776787271
252 1864 0 479767474
275 151 0 29122738
997 1060 0 296798319
1387 1109 0 701493992
896 1318 0 862879239
273 808 0 940008955
294 629 0 35766487
925 1481 0 339557162
1866 371 0 577492354
1948 1638 0 176265433
1567 1546 0 279149278
560 376 0 584543003
1248 366 0 95350769
961 107 0 119845515
194 1513 0 235331876
1159 1153 0 466583035
1052 1453 0 625892647
203 1374 0 162224087
1362 186 0 163169321
1333 1964 0 500890843
950 273 0 677768036
1660 4 0 172254250
463 203 0 704694453
1702 1548 0 732644899
702 1702 0 256993541
34 1426 0 333009176
656 295 0 739726817
1106 1023 0 916784355
547 968 0 360483184
786 18 0 215891661
1462 1191 0 462999415
1711 218 0 414318909
132 1865 0 847013343
855 1459 0 922416947
1091 680 0 140310541
63 528 0 615165433
1760 99 0 460993127
319 826 0 981392788
1963 1532 0 837826885
1514 1170 0 368150375
1639 186 0 8518522
1022 1438 0 981592005
916 1354 0 249105542
1280 1758 0 949691842
973 1064 0 127838622
841 1214 0 456176952
1596 1821 0 56489272
291 1479 0 520438718
792 441 0 325949848
1817 688 0 397458011
1565 1003 0 787685583
687 302 0 480105304
620 803 0 578974947
1771 1979 0 930531474
1757 632 0 333213383
1880 1371 0 941036211
139 1430 0 179324499
1086 1380 0 899860908
1105 189 0 804123669
1910 605 0 35275573
1719 1039 0 633832541
1664 168 0 701796884
1042 345 0 553672711
1944 1378 0 303058126
1855 11 0 378456553
721 1949 0 768142425
916 1690 0 327498354
545 418 0 910898229
1749 1507 0 391462340
1826 1459 0 366984281
81 632 0 417313059
819 1890 0 224251923
1731 102 0 615335174
592 1897 0 970509558
1684 1557 0 53726532
686 1904 0 434750499
1638 683 0 170237568
1973 1063 0 528437934
1961 109 0 423755920
98 1150 0 745062027
1234 636 0 764714215
451 388 0 219854662
1812 327 0 923963572
144 874 0 279623821
59 1140 0 860651254
1740 988 0 912005694
1438 399 0 65744481
1415 290 0 582329002
1005 1783 0 542775932
1997 1272 0 865676491
1195 736 0 695540802
625 173 0 894767942
1634 649 0 858204689
1819 1119 0 917635896
362 493 0 303530198
281 1885 0 645925765
269 103 0 880430112
1758 1392 0 298782776
1654 303 0 880025289
439 1975 0 668660958
938 1332 0 770608893
1895 1082 0 269459579
456 1763 0 768579136
750 830 0 787900631
358 1981 0 478048313
1061 666 0 512682743
67 847 0 575414115
1511 7 0 597505511
1017 1031 0 592277174
650 1522 0 807584364
328 1866 0 542339576
1187 958 0 705360457
404 1522 0 798862322
327 912 0 373233029
654 1275 0 820651685
426 1333 0 195204022
1648 552 0 68165160
449 1979 0 107194339
114 637 0 935818809
1968 1840 0 655901212
1897 459 0 242973092
1651 761 0 768261033
405 764 0 198534695
671 1370 0 863068203
1529 7 0 392788362
176 440 0 222576974
1378 208 0 576619806
1148 580 0 774817433
150 1621 0 239856055
1428 1961 0 204060203
1923 1484 0 807672491
1497 1046 0 250928842
78 1411 0 74514097
319 30 0 153701445
204 925 0 698249236
902 66 0 182408415
514 876 0 698163078
1805 775 0 308722694
727 954 0 991238526
1639 1684 0 993075441
1010 1350 0 444615285
1014 1304 0 414947648
672 1301 0 305795550
965 157 0 989144692
1417 1242 0 700646928
768 583 0 404170341
856 1925 0 684669969
842 306 0 37266372
1894 177 0 337461724
1356 129 0 945034086
1470 996 0 651768553
1531 1122 0 89024039
1088 956 0 237114771
1610 126 0 934202339
308 1080 0 896420943
887 1712 0 723071135
910 1797 0 946654772
615 1323 0 275048491
1399 74 0 951035442
1878 262 0 948979386
68 1002 0 175862829
997 799 0 997250588
1413 1417 0 855858445
204 1720 0 428113798
880 911 0 938791870
1639 282 0 784383616
1140 910 0 112889596
1068 1399 0 619390495
642 434 0 81247922
190 558 0 567635395
443 1381 0 907207863
1950 1768 0 216502114
1986 38 0 30223848
145 1030 0 844577509
201 1291 0 800385664
1868 1887 0 958974371
1012 774 0 905398591
544 1580 0 965859609
1279 985 0 821273555
694 1354 0 563951684
1105 277 0 350799485
432 1550 0 134334690
925 1833 0 603103654
169 1853 0 277496171
1203 380 0 96032063
130 1907 0 421332858
503 264 0 836548404
1388 308 0 102903358
1531 1956 0 490422568
1297 1073 0 402450760
253 1459 0 51618363
1170 1654 0 311969899
1719 1493 0 626629249
1123 681 0 510087094
1129 1743 0 601852398
1298 1812 0 191805270
1883 1988 0 69767367
1619 1974 0 851111449
17 1472 0 157462202
829 1653 0 261712101
1394 458 0 615619382
967 1339 0 763998419
1953 1239 0 876115535
1392 521 0 363617697
458 701 0 499068799
1455 631 0 332083869
668 1062 0 437749284
1081 1824 0 223481887
1514 1639 0 233815698
82 559 0 771965026
1148 1772 0 981939377
1970 1131 0 171744457
342 544 0 650887064
26 236 0 888788478
346 1186 0 763749083
1749 755 0 77935174
114 1092 0 282404778
108 1246 0 297095980
1773 1571 0 231514991
988 1903 0 364041884
75 1820 0 276384818
1890 1316 0 469516258
918 1353 0 705486732
910 480 0 956730976
1338 482 0 307330151
833 779 0 551858606
1902 967 0 224167971
1926 730 0 509818488
414 1303 0 758769347
1721 1497 0 795429487
914 1255 0 654717891
403 1828 0 230365146
1847 1235 0 736339598
1071 1191 0 379235437
1798 1831 0 340648195
242 376 0 595425528
837 770 0 318315674
699 367 0 982408860
1602 1611 0 26741833
1301 499 0 504110047
972 445 0 33055613
1073 933 0 94644606
1761 1881 0 147541355
907 1034 0 948645128
284 799 0 275162225
559 1623 0 185831841
1569 231 0 277951139
1704 270 0 990351219
1195 299 0 939726568
1515 1556 0 149031443
280 12 0 860451021
1830 1672 0 929166493
1167 451 0 774105405
1420 26 0 396761854
1965 1799 0 429850479
1146 267 0 808621121
495 914 0 450339466
385 65 0 400585517
1169 184 0 269934717
702 919 0 930918373
31 1670 0 867578860
1726 1156 0 728196166
787 380 0 994787557
76 1386 0 294749328
373 90 0 845956504
1922 657 0 362599543
537 1088 0 529551794
503 1266 0 51783913
1213 1328 0 768270141
1360 1622 0 405215964
1590 85 0 267047063
356 999 0 516620037
127 722 0 897303891
812 304 0 861805691
899 1158 0 110286403
1595 1920 0 518073309
1813 491 0 940698988
1523 397 0 685708928
1409 1093 0 8820926
889 840 0 12424094
1718 602 0 459648841
1169 960 0 791795430
624 688 0 45363802
639 1476 0 710385402
28 372 0 104285476
460 664 0 627823301
141 441 0 609117767
1041 1915 0 488325829
1867 1447 0 351800714
1547 875 0 340828947
718 548 0 300172660
1338 99 0 698021754
1280 1245 0 785503814
1534 444 0 368655161
1624 951 0 52986773
902 349 0 747005908
1190 1880 0 100986054
1218 187 0 66085053
769 1463 0 585384674
1525 1377 0 40940301
38 790 0 5744456
932 1989 0 853713500
302 465 0 820626026
825 1138 0 281273712
504 1677 0 399029742
1518 1651 0 188136273
1416 684 0 241759641
1995 1365 0 287509446
939 1495 0 812064463
617 1609 0 438110644
1290 168 0 859137291
517 1560 0 589358938
1602 1966 0 450346127
921 1370 0 367330767
496 688 0 633683696
1317 711 0 806452764
1173 1098 0 35624924
1141 1788 0 747360894
325 557 0 737283618
207 1195 0 548589466
1552 580 0 963790356
1796 1851 0 623210905
641 136 0 72740256
1706 1983 0 402199035
1248 367 0 475562671
1610 1960 0 230225959
1668 1029 0 826623500
38 604 0 918843478
862 1289 0 661137923
874 797 0 294126930
799 1632 0 653731096
179 511 0 809253053
161 1599 0 614544833
1232 1237 0 913853097
877 1494 0 580640403
1392 1655 0 681854837
1028 498 0 365480033
75 1574 0 258440099
1023 470 0 783621466
1986 638 0 257420425
1384 1496 0 23296009
694 1868 0 679196062
1934 1957 0 738202224
296 494 0 937430264
1804 1111 0 332481564
394 698 0 270841639
1214 232 0 819322484
279 1806 0 271240996
788 1936 0 98699630
610 1351 0 189504861
1696 1212 0 388264150
1015 361 0 213958968
1625 802 0 992047933
1900 88 0 213706763
84 813 0 876629001
514 1912 0 816507569
737 1792 0 961108242
1100 1759 0 243185351
1413 613 0 967385231
341 865 0 139129286
1815 1480 0 170107891
725 693 0 288126238
332 446 0 644408209
1253 106 0 314367202
536 1197 0 321050103
943 1166 0 747952691
260 571 0 644718380
421 381 0 558709362
1032 1879 0 441874478
287 298 0 750684655
772 951 0 306821632
1236 505 0 452665488
122 1731 0 266121390
1752 1364 0 524599401
1497 709 0 646987737
1767 1954 0 590806034
166 588 0 58594700
299 489 0 585687872
374 1039 0 404363056
1422 752 0 580245451
2 338 0 519330015
1976 1504 0 252546388
1018 452 0 164627940
904 728 0 367004759
647 1923 0 665420250
1764 1283 0 149306719
1028 1037 0 633032754
1289 1976 0 459619399
357 175 0 336298118
203 47 0 872989938
724 1903 0 611536566
933 1981 0 749838404
1449 1245 0 279799941
1116 710 0 698618089
1083 1389 0 397949896
1359 1269 0 56792809
337 1244 0 531684329
1758 1031 0 258299273
469 1053 0 844836338
1936 690 0 974557771
1836 1182 0 94627112
1745 1582 0 267084998
399 936 0 990024118
383 971 0 213658553
287 723 0 113492446
706 1432 0 583179132
1694 413 0 389332296
47 1976 0 780762470
10 1127 0 993273883
55 1434 0 830616163
940 714 0 471111780
1418 1459 0 242454516
1509 1575 0 714990244
963 265 0 555329459
1751 19 0 227135840
1984 1872 0 803840178
1180 1767 0 845878889
925 1709 0 235784340
1676 865 0 703264870
52 411 0 697476368
1466 1446 0 100707199
1000 412 0 52112459
1362 375 0 608818724
1083 197 0 686373957
1401 591 0 568882584
86 1696 0 835498624
299 515 0 196324286
110 1465 0 872208853
1811 613 0 8354956
1043 956 0 19863176
1914 729 0 225652202
1299 68 0 599907884
892 767 0 46084285
946 1450 0 894719170
661 1669 0 212010787
1684 506 0 729322248
21 1782 0 672622086
1945 1150 0 717659085
940 1205 0 837106586
608 1408 0 715062476
1403 635 0 968746375
566 1831 0 373690792
1226 488 0 848702844
107 186 0 478348871
1387 416 0 817687501
1282 1477 0 842868691
609 530 0 607826546
194 1538 0 594935063
755 993 0 506753212
640 1117 0 233018318
10 105 0 326273829
370 200 0 594229696
1809 353 0 585627038
1308 1379 0 797035243
1684 873 0 810088881
1009 1261 0 667991917
262 1078 0 792692502
1866 580 0 464510951
614 1822 0 252073517
839 1074 0 639723034
1734 205 0 420820285
748 925 0 635940255
1943 834 0 125922197
1121 1265 0 790021260
656 435 0 586621607
178 254 0 475987658
901 1438 0 522812183
1101 1441 0 250491308
1623 1528 0 71785357
1418 1499 0 351062430
189 1812 0 81747383
831 1483 0 500959341
1215 1807 0 232323697
182 1001 0 396738508
1175 690 0 181301123
1265 1486 0 226778631
1066 128 0 533143167
1471 470 0 41865666
867 1350 0 960460657
423 1277 0 332570104
1352 1811 0 762561760
536 59 0 435261336
896 1101 0 273760763
1802 1423 0 341948850
1810 674 0 711091400
1336 1123 0 985520057
1453 832 0 329585739
1424 286 0 741923226
340 199 0 326738058
773 1702 0 670524871
547 294 0 494526344
1088 628 0 402846827
523 1525 0 718116331
353 1768 0 465940357
595 59 0 463943676
644 1668 0 477350682
214 1525 0 494571530
1608 524 0 678168491
991 792 0 619625468
605 1153 0 801851744
68 320 0 800120734
1870 1569 0 401971471
1484 670 0 184629321
1124 452 0 220816074
860 1262 0 959904131
1390 1541 0 548483145
1896 344 0 366117187
471 261 0 368757645
1111 525 0 910626786
661 1364 0 85639943
278 332 0 943818494
1169 1047 0 936354072
1077 475 0 437212747
751 689 0 949161628
162 1688 0 867930249
196 1623 0 904877337
1464 1276 0 937764929
792 1927 0 911695892
69 301 0 826139624
1762 357 0 305317113
611 1078 0 6681403
1048 492 0 128011867
1468 569 0 762710237
648 1067 0 757869352
1623 1770 0 300502196
780 1912 0 916672315
827 1728 0 624056112
1898 439 0 885701401
292 1938 0 522312927
309 529 0 75974082
1934 1461 0 927480264
290 970 0 233101864
865 1754 0 137442948
667 1720 0 64877291
1776 743 0 211972106
1243 1141 0 458803706
104 709 0 558030145
304 1617 0 424483304
639 1395 0 338067781
1087 436 0 458997802
401 729 0 480465012
1871 760 0 927303712
999 1286 0 233876514
1958 1345 0 616220404
600 1288 0 919654366
210 846 0 895519669
1318 624 0 382221733
156 131 0 501153064
55 373 0 646669893
1969 283 0 218979222
608 310 0 326797056
