1900 1916
1856 1256 26498476 858694392
402 1459 712503934 393364979
719 139 198243436 633143095
541 802 164289964 636756486
319 521 31216264 6031893
390 174 6532423 76481414
1131 1777 426434567 652291543
29 66 212521805 144009965
798 827 224307541 800694431
135 1309 9274139 917216705
159 1123 667265727 24761294
1290 743 189951985 187381304
1745 1360 340607329 587980115
1198 1364 328451856 644299832
1460 264 456811739 955814258
1304 1449 624140729 75996290
1477 1222 177605418 96259706
1489 453 165095828 855776441
711 277 112810370 2067758
1353 852 181267118 457048998
42 1154 10178454 612893526
138 1724 219533722 841304123
1658 242 708413371 820438333
1719 1858 994179710 584712215
1275 258 433351428 451039582
1072 1815 997228700 306060601
1561 377 651287038 447242581
451 979 450861855 573928475
722 1412 138723840 446818844
1626 1432 262331580 261825312
346 1759 738093888 2442845
1863 1429 170785639 815342106
1605 848 880325784 353819523
1412 912 360533943 166531036
1118 1164 513586092 853510908
567 483 666869245 165631826
1507 1642 901675426 720697768
94 1518 49424916 996206988
176 513 679813744 381491869
1767 1836 812671763 324477001
1764 554 895789636 957956633
1074 217 891313274 749639001
822 402 653797589 330559885
1315 1579 827061594 813916745
404 752 576232672 740536665
832 1086 642050069 775992530
6 549 940885546 814074061
1762 1661 718831100 512490839
1119 1696 884656138 755257914
1674 1213 970990740 656483383
1517 1198 189280844 851805875
974 1228 367136977 619591375
706 1414 518320320 22272748
70 888 715095572 649432351
605 328 405991894 848511805
1648 458 109194294 931773160
16 1524 730876972 617840694
1383 985 907681592 694493613
981 854 610043426 877322648
700 1883 45305267 522228032
703 1268 95192939 467380544
317 1044 586116393 35178978
230 521 687197718 510350631
1159 1138 684795081 668290730
148 899 884366736 54177358
711 1097 253279377 402513768
449 13 908571366 747017213
1188 1132 328380031 71313481
1079 504 749591818 981768689
1400 1396 183292196 314144705
1806 777 574953609 511631893
420 1506 691121325 69484732
1371 584 985730264 157636625
1092 1267 51821834 620272717
735 1609 979269776 920802589
28 700 971671478 19573493
1735 1298 46881704 400106405
1687 1615 584069813 91547066
1439 640 545467742 510632319
1614 1652 807537987 830651309
619 1660 775389763 421387570
15 1094 904999993 236506515
279 1101 329550804 645772812
1895 1740 358726665 813124583
494 673 416624701 948297124
382 912 712772865 207496102
1107 1238 0 213619951
742 1726 101362389 366521225
173 531 687207923 936045694
1388 917 642184023 477380219
83 993 500693027 935962870
1429 322 58474922 986941911
1644 1322 926975623 896538331
658 204 613135451 365062487
1546 1199 277090082 839208608
1770 100 56250633 900328600
740 1452 366329455 585308005
500 815 572361994 166986918
393 1391 122141432 837309209
759 158 527459963 738622971
741 458 252252120 46617238
745 985 742880661 509307276
1166 792 107769825 187774857
761 933 223235427 688727978
1338 1211 544994066 795638393
518 381 286996397 555823250
119 963 183699590 1638147
617 155 601338515 262548306
1487 882 43371689 527845643
832 1289 266332707 955364205
1142 568 672910058 332555351
1532 1713 172246862 438432917
1085 877 479341865 81603733
1187 1086 91326462 16696182
1646 373 464307405 653682962
777 300 969249668 19688256
457 1558 152134360 843857371
236 66 804050095 417646794
1322 833 212793016 399810604
1577 1320 504535744 660635986
1572 812 650163566 300515531
1415 203 79659378 174567932
1157 279 434960207 479655040
678 418 254992136 5506652
1593 358 63710337 796119005
1671 1345 133733989 203629124
713 368 929591852 886199175
708 653 240210481 597866611
1029 555 55132261 656197364
1792 1453 394401736 882575720
182 1641 651966364 911454104
1201 1188 451596242 395612066
1841 57 256306796 861380042
1885 1383 721441405 457081925
1228 1025 281872461 784876462
1619 77 102023601 509708244
477 384 728020161 449568515
1888 837 970992126 1200236
1337 1208 746128445 798553462
487 577 508397302 253860517
531 135 936822288 159544463
1145 1844 296369791 640776890
166 1514 722146301 354324105
490 880 949027108 280625256
165 210 83379532 10074207
394 895 814248419 93059887
1240 327 14926538 490564505
1151 977 966523236 930274522
598 944 264128617 442669087
1234 675 676456987 297149447
1508 1149 121747812 579168278
398 450 230495630 113292108
678 350 480795480 373312091
1499 1529 236853691 992641854
1628 1855 299734763 373620867
828 242 450448550 182966958
1407 702 965527510 468534004
1741 696 732635643 944211015
460 454 265827138 499281376
1829 292 661190880 969357967
528 1365 631609261 131091908
433 744 397823736 440228558
1672 686 937728762 576434689
1284 1066 761468283 802146531
334 212 647578675 775177295
1523 314 348260858 326368938
960 678 794621563 73417749
284 1066 775692138 791277660
145 1802 350650980 725054670
1225 1457 298093568 913318968
1833 1517 193379312 341950776
1865 567 823246358 783974885
1005 953 475818280 885509098
288 534 445884237 78630032
309 767 54054298 379334259
291 1472 638220325 597205632
1521 498 18314716 785935182
1129 1390 14981836 276846719
1781 386 125174105 104432601
254 112 242179980 763841091
493 673 895159107 937381865
694 1844 678039412 182222176
790 817 467688785 320571854
30 1569 893501786 75388319
1437 432 759321499 438656383
451 782 527536078 376814618
272 127 642238180 735663828
781 279 522174085 469388745
302 1536 6357431 493551039
10 1272 509901698 486593295
1479 1147 458899380 363001700
1036 776 956688297 908648264
220 635 655693361 412226560
789 1515 291397392 791342005
1315 207 562111178 639382738
1453 1371 270381376 257772886
1641 1678 652881396 596361225
1422 763 597650205 798174445
1399 553 370614863 8994990
614 460 645895582 885477194
1603 712 292395226 820150465
384 215 819062476 368324218
168 1365 116989996 154909678
1202 1220 998912833 718264899
1061 1653 600039699 927423597
1781 381 691609890 479641753
1481 1433 248989334 503775391
1252 479 155537746 639541528
1563 335 74482102 428956675
906 1598 112101682 545613296
1558 1470 673204226 458993927
1339 1575 317771579 967846559
990 688 452658168 612674087
427 1755 696128036 347580118
1820 1480 204523094 560672501
1226 849 751774029 953440298
1214 532 394387287 163773373
99 1213 356717831 436958771
537 1729 336378756 865147739
782 922 577982812 954216385
697 408 798219752 679186166
660 184 897118203 360364545
762 1235 646852283 922313898
803 1882 60410262 525539344
1052 202 400902230 373129953
798 1315 509414872 815687630
2 1442 506031626 885986379
1892 59 174668042 900482091
34 94 561665727 772584705
648 1193 848389600 607590238
1754 1090 387977998 940323960
322 657 542574539 520029716
461 1353 121745899 240623659
521 1262 760650856 707330456
405 1380 337632708 197764113
170 1537 354677148 630674441
722 40 333062772 131789974
1580 1354 299092636 522147294
516 751 991956809 190729232
408 819 228999957 391226181
1384 133 603051956 681867619
1006 656 665289567 65789240
446 420 288433745 820320753
865 1607 958798903 26884141
98 1520 404007559 547803918
462 31 269305430 914973488
1848 1395 899483909 574375665
1693 1577 200298648 536571818
240 1803 845272059 615111079
1495 527 211382084 251929292
1347 1273 723073677 255002495
549 721 948613706 159016817
520 218 369987122 649129427
1432 1308 398040640 540723008
619 930 859127314 691103106
674 1594 73417452 737365447
870 970 681746763 79538780
1884 1847 410383668 550931025
365 671 622509554 118218590
1314 245 247760267 304085330
1451 375 732084283 712002285
476 1870 265630443 291019020
1090 9 270043226 242138273
595 237 511842078 764894193
895 1160 342573718 82325559
938 20 711745645 984286134
1422 69 892020397 579790151
372 981 471986210 208574869
1402 378 492652894 182543644
1421 972 325762530 308963213
874 1469 165933964 213456568
1782 1101 166430198 361837655
1808 1470 141088237 358116940
1505 1516 536988196 386307952
208 1635 57229443 228133048
691 212 147951156 827106913
1286 1082 574764250 101160118
990 385 403899618 172090920
492 1086 580009439 305994937
416 1440 458835994 846986696
135 847 629641885 399750544
1490 691 283616370 492905633
1315 1480 780071667 862232136
176 1063 399017711 259686288
464 318 545907969 577703229
1315 63 594115712 205731018
95 800 204819874 399766227
1135 551 600971096 520854960
805 132 221192567 162859008
85 591 550107849 795982021
552 1435 956471149 426428938
1400 1738 940027876 85569416
1795 211 855525324 956658505
1207 62 323393080 806707607
11 1358 73143920 467679407
150 124 316981540 972654464
1056 688 406425747 461289988
1216 899 482652656 311081802
430 950 300114321 196404211
163 1548 487137542 264340727
623 1776 36426231 427318277
959 1034 638634108 801169629
931 86 181835499 655197244
1327 402 753350015 821365801
1379 679 442960491 81574259
272 1600 874582037 261100363
840 1180 339092321 562340024
1501 1892 850559622 758091758
1179 1612 958965372 87669574
1382 432 667373537 292041225
1352 652 326119865 458643150
225 80 263113364 53047809
151 944 351307932 291060658
659 1718 603560 82565569
387 1128 22879462 838300768
752 891 612842444 230060548
612 733 529191362 426010706
1835 1812 166491319 173277302
913 1120 137639043 892751238
231 1753 297394088 7750936
81 181 647735701 625115558
847 1050 697957204 240251936
770 1028 703755789 863071448
1043 157 902911723 900432765
664 1112 663426009 718341725
1258 361 23961372 420968706
1122 1737 839182503 924361771
303 1005 757059354 848305303
1239 646 577131171 897455360
171 503 70300122 427582435
912 744 917795431 561943115
366 1223 545989805 966407109
466 903 899088276 864030449
413 1612 711493234 214257483
973 780 950468477 768847966
1696 56 464683063 594501095
664 1792 342749075 652499215
707 289 746950054 855987800
1669 1542 355664304 942030979
1115 159 47370098 662437562
600 526 130289854 766034631
801 1556 657444724 739677113
648 1309 436246243 607449825
244 1436 531370205 455646729
1494 586 309674098 597662997
471 157 529088106 977303023
507 1789 285662559 947593646
1430 367 0 579106983
1427 97 917667891 276338900
1258 666 862676903 756479286
552 1294 94640243 848752311
160 848 270481535 689117429
1417 699 585213648 761386955
1382 233 275391058 142341540
708 1549 263614564 714202718
554 821 472497408 97774742
654 1028 644884257 803461559
1225 1857 97981448 398600139
325 356 867043697 164089900
1661 45 238620304 964585288
1181 1599 87781009 867090178
1410 354 477036923 26712479
1055 1191 486132551 916182955
1377 1799 720923732 62619143
1891 839 947342787 421258189
130 476 656097463 40873563
1134 229 115894864 97597827
258 230 732422951 10956686
1370 704 891130275 750631225
819 512 782906442 74281726
703 4 628845797 964563182
371 1092 970357302 596720373
1673 1257 947322716 124108010
283 508 973465912 808927357
881 842 344766170 952027336
1685 1147 836359692 757991599
198 1584 43727243 325944019
410 1572 591321173 671886742
626 1348 897827116 777231074
1002 1758 152819366 775881301
187 1471 199901781 843858426
1460 685 454439209 451303367
1105 383 75166352 499148196
1267 1664 533204821 433126881
1899 542 426322229 248691375
657 949 69515070 580363094
802 1570 513960468 542226259
271 1118 498529365 901479853
1257 1022 401264605 588687664
1892 1627 344471725 931785578
1496 1223 959254685 738621840
1677 1551 214668748 970632500
44 669 660436602 206750100
1193 1772 533164417 569372251
1534 1340 319801618 951828883
1274 55 551546249 271300344
1440 526 561894709 793114797
1573 46 57765065 798389377
52 1594 235365488 723271342
523 1182 350711192 56162620
793 1657 307039124 836342648
1072 369 440396375 693302352
1610 419 423828529 175145362
1515 751 0 134611704
1684 1242 74729036 57408646
651 238 622596319 246081025
1042 1215 2430389 313280257
603 85 232364731 337135154
1598 1597 436111581 705100629
607 1398 734642654 130965361
195 1526 667674113 385857805
1313 140 996521390 41857723
825 1419 144580590 807360837
751 1397 88798483 442909209
1586 303 243322768 237427500
1392 1215 803081590 284870070
1525 602 148421644 460715322
206 1620 827609310 974668087
110 331 609115717 477151308
444 456 601893589 435063938
423 247 423987393 653552748
759 282 523532660 638014160
1264 1760 183115784 847297444
1645 131 979290371 487608769
699 618 880250549 350021516
651 1374 858550289 110256775
1007 73 637284943 327237623
98 609 386003129 339168859
1104 1328 779897523 617940486
545 542 743140861 545581766
901 1328 715556454 746203395
1218 1183 827296981 15932065
1326 926 26756864 826223985
621 1801 633238217 941351214
1672 1335 495608566 114815906
290 1171 611362380 157178918
1685 986 885547752 422452281
1539 1533 794428544 85731644
1107 1889 0 604532599
129 1014 440987745 382691163
327 444 43067264 323190826
1567 1462 578699552 50088016
742 1288 661068314 235501827
133 483 5349317 158959596
241 1547 363900862 472605022
550 524 111288412 71278219
1313 1897 578119159 127927386
1312 381 619958269 247626098
725 735 648718297 337268700
763 1725 396152363 787243495
495 1280 291821526 758442808
400 1879 668753586 787882603
777 1221 74281451 51928159
491 735 899233594 865877321
320 1539 678152389 190308857
374 720 431918017 352461943
1161 1427 466541058 240113714
1117 994 683786000 918980620
965 1618 372719865 592203492
1035 1671 535271032 689999292
310 364 993956590 477732585
1853 1402 822659634 151083744
897 1108 917993321 808608616
710 43 539096417 775866312
1861 122 379742564 617120928
1143 1163 938194879 592604652
1727 1610 684483788 293744054
1300 1006 312020563 94863639
1373 1040 16727724 751311929
1499 41 996889400 455477424
1380 1576 163482697 719258219
525 1831 704097202 598026072
60 78 854751845 621612727
1260 69 993374924 285072911
306 925 78972041 418565801
48 1583 476581107 834622831
813 582 914442816 264537263
813 1317 161519375 203536956
687 931 165848261 186981929
251 570 0 978199517
1403 883 303199546 627832572
1704 1218 904102091 775454670
1341 809 711820996 461812176
820 1006 57865300 522334691
105 784 227054406 699171189
961 316 141962212 595275884
380 69 969515871 481360183
1001 205 534016871 815367794
652 406 139154006 64308770
881 1 664362991 392921158
1212 197 837365357 306231195
1108 328 24351475 495353635
918 1701 537584158 619328279
572 678 656121567 622371452
786 29 724815458 706568927
660 1667 116667072 571633264
422 227 362879360 274511627
1804 1690 303744240 932190543
747 945 509618190 263445999
261 145 435768584 441727195
399 1600 559385197 157131377
1819 1816 743099625 701540434
432 27 113339226 313505733
1255 1387 921071398 423681294
265 156 193969063 888391215
1631 1116 461517793 414662713
409 966 704498952 584989976
261 453 241296283 119224030
857 760 930473616 988557155
1544 1090 508131168 764358060
1016 231 470395831 301117440
1323 949 934437561 360635636
1837 700 938358003 282784882
1045 1627 770364163 891163330
602 1688 559261271 551835014
911 45 142541576 490255319
1821 262 861949164 489459769
1545 1133 722362009 682123580
1325 274 195403847 142102370
620 878 286797367 928022447
635 869 28995228 898997474
341 1295 413496676 711306082
1493 1625 529748155 813400835
1033 1549 121339851 740119446
506 1548 997212630 246380301
428 1694 193790911 347180584
1701 1354 805619786 806901514
702 5 619692705 681047306
1832 1307 474040417 491392413
224 1432 176605550 99136191
582 91 983186192 425034260
401 1166 795209800 1202052
251 1647 0 927451385
650 829 61098987 257742412
1804 1538 88148316 417410467
1515 780 625753520 623560749
605 1872 473069294 85229735
1007 522 461168079 265159492
711 1545 998594611 664221901
39 1155 891482382 378666038
1167 536 303007545 950597638
1523 1701 233431378 518490707
672 1893 636658946 350414213
479 387 520789155 562719326
682 1548 796630321 126083919
253 1733 834716006 638842061
1483 558 775116435 952744640
1669 693 501540211 876777463
677 905 4082028 711335805
228 1009 893246501 112079989
1709 479 379780011 322252973
1194 1831 521270335 873043515
118 663 661034836 392733524
1608 455 518334204 126102269
206 240 204337850 164329278
420 778 398254151 530769403
1497 1257 340342329 87489378
227 969 998018437 478005639
1702 221 727013647 222292846
1821 1034 169271562 399697611
865 625 717355435 194196291
183 1423 646543919 78006575
1568 667 303264644 272826533
707 848 724455467 634883929
463 678 694517999 409753193
1874 828 803992010 974862733
860 290 947314953 587700997
850 1767 802219616 46739486
663 206 319711492 298557377
1453 1072 766020636 98184675
1417 547 150827855 601897068
1376 767 948361542 125128529
1418 720 912751118 988597646
1230 1054 576741321 608290835
1875 399 48320164 595269512
1141 376 952750124 953486281
259 1719 420951077 592884543
1801 280 316488874 944042964
1707 1590 664850274 85530851
1067 1649 93919168 254090746
1413 628 699093461 397094571
1189 1777 784163441 182823454
1061 345 726226494 326533537
24 1363 474607907 575424520
1170 1338 350746549 931182274
1364 1433 351624487 424151096
1366 1792 626482167 526524297
1255 638 135180546 475625317
357 1818 804381606 513318925
420 825 696730085 570609807
191 280 316838849 710446153
1842 746 935530388 709953535
848 501 305548259 715526606
1324 642 117781186 908337001
320 383 985732029 22381532
12 427 845810895 635226123
1254 1076 851881964 762315317
323 603 399971461 263743974
180 1612 240404753 625425368
807 1714 319468226 288351492
284 1273 392269858 244569657
1569 1870 797148920 4604562
814 64 331242837 693668439
1380 720 738786059 927848286
438 131 159846917 888156817
596 86 438990178 789208370
190 222 483577407 815807666
1441 1540 901237484 293221702
17 1771 346351441 131319784
1742 561 208423361 189401323
1629 1033 99658839 296537251
575 1635 136258362 675543051
842 504 71619651 230890292
321 1386 125633603 109273222
1105 1894 631938625 592027530
132 330 763471219 228781571
257 1443 531592329 476227789
1492 1775 342095646 44428347
1065 969 645441708 448141375
186 481 797179452 770620026
730 1896 902826902 46158845
691 166 596641233 806950506
27 923 872115930 871742237
311 555 483054991 190818934
1715 1016 689575075 364271787
1706 273 953205434 599473740
36 1297 559580985 7371236
540 1669 8609269 54648104
1322 619 835893227 804572591
1269 1236 839854349 491403577
435 1314 242374291 581030908
1621 163 574516121 433641774
1482 1237 787466752 859486235
89 1812 782224128 60470674
1782 367 166430198 871273384
849 988 191514412 413746383
581 1316 722180586 838412872
1577 196 803694348 485998155
343 217 476716517 738809668
1618 92 544085581 459576069
209 1250 766090638 424325523
766 1776 334580495 445385426
1552 469 859132319 432974559
19 194 19381228 931695282
1125 505 411373009 133813494
492 1722 78000819 957959795
1794 238 327795504 816050930
201 919 589335893 617703546
1696 1625 652103739 263701578
178 298 755244208 268872729
1024 1078 859449680 85890766
287 1069 86627636 110284489
1756 557 825386403 299643577
484 829 944091800 821987509
916 1448 997064937 971583485
909 1108 46792101 773863470
649 1321 350965698 951831250
1409 223 77053535 95399685
948 84 243327151 110776233
760 39 447350563 453856009
1815 531 816983782 988460227
517 1553 165803656 19232323
1118 564 416878165 242613623
1651 1699 562553053 192314401
263 187 588704255 191722093
461 13 286392694 174571505
381 1332 746531764 472588668
1139 1796 806594975 123323672
1170 287 201543158 729525382
523 1302 132485438 782724065
1468 1304 611183043 223084695
717 1504 493580305 802595584
934 262 711686314 823132627
769 273 429552562 872686036
2 815 612295286 18603651
258 200 869901866 23866284
42 1328 405880950 28852621
906 1881 238747394 591254012
885 344 184070298 717160851
839 569 572025283 817108738
207 393 786602660 129998357
132 1504 13544931 315803770
146 1068 419013728 881309701
241 36 280273966 751159255
1029 1869 126925225 980965940
1395 1809 850828701 461084584
499 1296 907925819 148691205
509 767 76761975 27127801
1486 158 182911536 975458837
757 1699 580992490 377761152
771 1401 652404604 814228781
1209 1480 829360038 102399787
286 1177 48568299 273542585
216 427 546583840 76153916
629 1278 765937166 344940738
1476 213 555786117 64402954
624 705 604750019 673322264
1151 309 71073997 915418262
1474 1490 584421499 807799059
498 435 48397951 573969449
444 1889 695764215 266157035
1448 1418 942753656 446773313
1012 1540 250085235 394908943
1537 1051 914555022 32393583
1887 51 356940177 436135435
1639 1235 857565313 988711825
1042 995 239658723 833627702
1091 808 387709912 945222771
294 1662 789896125 770056647
1687 1655 5258992 56936838
1000 1774 823579449 915935298
265 142 142127621 649636628
813 200 323007058 56946413
1881 748 844448549 396571688
107 1371 73542689 118937990
1333 1196 327224500 453404595
416 1585 951176578 355562037
1641 1157 832612119 379063541
147 707 686460702 461803866
560 1301 678474068 522859668
1757 86 131570799 157298577
532 145 407449172 85275593
566 248 113174420 615103313
1848 1118 854153513 498798805
1614 1791 888276027 496441026
403 1818 387358689 708182989
138 1348 69641289 598152095
1274 293 18723122 376853399
219 785 130107759 731141378
482 1330 804029293 280405805
937 953 761803526 839155405
1141 926 916546931 879319617
1287 1417 224173479 998557873
1634 1821 620878882 730386028
593 697 80509107 691095756
718 640 81507443 855755499
1593 1647 199435960 489724202
1172 307 260542166 296688265
1650 1476 116055631 823043439
1785 1494 118847414 423721764
1895 384 157608080 794327177
978 1694 733251058 648102265
1804 1717 913731884 247123847
657 72 870688363 50108362
1687 1113 210615994 789622643
1733 1153 852348558 245490432
1716 246 982033374 961295474
1049 855 701299867 453137353
1688 442 807979198 99193660
1477 1245 98654085 665523113
1258 1082 654821106 569585633
278 92 757232518 372481166
627 301 76739154 996154234
180 1651 483712523 616881846
1418 1021 556954205 408918302
505 1271 829026476 244355503
1435 1280 869222995 495527845
1127 1290 685361756 276423815
324 620 499718319 282747807
29 1455 211685805 116334340
946 454 367419723 338229674
1339 1442 952659366 209713925
92 198 124161614 104501045
342 1109 883500898 231595146
1827 1614 494915983 682818989
827 1311 255295960 616655843
8 791 912272503 805102239
227 940 819279776 50621675
1242 883 103969951 62621600
47 1443 720981968 59806880
1236 1055 848395516 533237899
1532 1333 869027444 245522399
1288 262 103421 259873495
490 1454 538505152 463517687
1342 462 811153842 910364554
746 561 135719481 832812816
1438 1481 582590837 83728650
495 1898 85054793 691885409
832 1884 776276582 4935418
1032 853 134631496 531190808
777 788 401402243 54896284
503 77 698879259 17267754
1337 1872 449094628 962912904
958 515 384216883 726544523
1650 1327 304854457 455105297
1623 665 91136548 26258950
728 979 524942616 668608287
1711 1841 855281243 244603012
1867 279 873529357 723015262
1896 1026 57853427 820981587
1696 24 874481438 5108672
663 1038 250216554 835984677
1862 1473 947016257 710712767
1808 652 521463640 51524257
1565 1427 567192308 511842118
101 19 298513586 682218713
527 67 76264020 38509064
1670 520 306101125 759338637
436 1227 6954664 437022251
1607 1540 887615010 368324287
219 1721 428000887 225395996
234 611 281077476 518207940
1169 686 474327593 303618507
837 452 178807628 649234416
296 1311 904888833 366631662
917 490 193349500 44374921
1247 1496 213909891 726700527
1046 768 748210722 930864417
74 337 942325171 498914186
1699 970 490858546 574849113
1435 1173 883710286 576829333
646 392 957175060 382633752
413 58 605408381 909231101
1279 1330 516833625 265528433
915 687 573660026 969988090
680 1421 627835084 218981823
1447 1531 836969045 589853840
1081 1367 406981232 122343521
308 746 434970924 723841699
1346 1375 133421164 594777256
1736 1848 760603314 344788641
678 1840 402784049 540304578
331 388 579293585 557705016
1670 879 607514024 860232617
217 1587 974772210 33173177
1004 1790 338691244 417446122
1384 1273 173930421 82065227
764 1665 120780618 492938642
1028 992 918403071 136453988
884 1851 412348247 907154201
1194 1797 285471659 668724281
739 808 672018599 372416499
1458 691 460395151 681176239
956 724 945012478 223951414
264 228 602238938 892455266
1441 1097 368319739 93540367
46 816 941960922 365495103
1708 1234 541747564 724266228
1768 263 291482691 394605878
1812 289 833196110 448688655
1003 1132 227134682 123185505
1385 1554 640279212 754849051
191 370 128696391 941293840
1259 34 358748927 643243351
549 1514 919907507 164953201
1717 1446 829570568 755083177
596 322 973772992 666460847
963 333 713756200 868441569
1702 1001 79240690 609407447
1785 332 2610315 587236086
1866 632 7378377 396250992
1505 352 313667356 906960772
1026 1326 821017041 486327312
371 751 141350238 427658741
41 236 916812260 110572958
1205 1653 764387492 314093963
1588 801 557739279 198776992
132 1730 744609570 358532418
1560 423 800629095 300871099
116 991 993958563 695177060
717 528 688933385 722500014
1147 335 69796469 797461141
1253 1521 91093397 348368637
852 1404 755931249 820074379
481 841 464990613 255858152
1522 1776 601736888 501035476
1843 1220 108249370 916120311
207 817 534811273 915844443
1864 1035 878086376 672287466
43 1869 624318624 886285656
136 1031 735053744 103561027
459 776 11255831 638590634
648 1130 900097363 530493461
1077 687 96208327 725999338
103 1039 176788529 760190080
637 1247 145811450 883302100
548 1890 225879696 623765081
742 629 160236566 385276343
600 959 311883764 746537318
506 1443 853818662 547456133
557 1464 670532374 958051436
1631 794 260191557 365444915
994 214 62362295 180337943
485 1704 574870048 208595468
1844 229 83216420 813148233
1103 1318 782365060 634223536
1060 1460 165187931 1450146
272 1085 955490442 22913093
1350 489 870688720 546212692
197 1051 385290208 235759284
98 133 445647445 306280908
594 65 678101688 435301687
1883 1596 372359007 369979684
432 737 559764725 617028647
1033 46 256593536 777505168
365 1262 866738340 878912347
654 328 761838983 986072058
1454 1439 168291005 812095783
1709 252 135887966 964967978
1002 845 592570219 685437016
178 433 95127078 293824681
1560 661 496696303 271799491
439 947 853578324 189392988
1891 774 953485179 867701391
1076 746 777416553 970507902
1450 495 659959930 47661757
1570 275 895137067 365511802
551 1373 844021779 44823345
468 995 20544005 541301
1676 1412 455115657 100539808
1550 234 625452050 676117748
966 1600 113118839 636699895
1562 191 29019853 811634710
1037 242 337457658 575808134
261 235 153341031 948758045
1532 1372 458654937 898762482
320 1457 378213725 601086386
1260 1364 109472088 241897339
415 1023 510094512 217706299
261 1136 189821821 469130317
1049 1336 178929724 809533329
821 473 407693920 98324306
817 801 172072366 665248289
599 741 107671250 608563425
545 754 593292077 311091273
1073 1376 359207183 247578584
422 689 683660349 801704910
44 1111 351038426 737721062
867 377 140985443 753188505
292 1452 914573619 796016553
549 1104 123374268 65576046
1798 444 826509780 732622711
1376 636 453347410 242696243
318 1047 736766753 498674415
958 1823 359816444 340220542
238 559 774499288 370298164
1102 1317 392635842 491533336
765 1168 524846236 573255587
92 1188 395643729 697304410
475 1432 200094921 232244992
771 115 531719320 337892679
1362 717 602942975 367471399
760 1763 702002712 734645328
589 587 397396929 932367216
983 1003 875257698 266501784
194 1173 489072754 972619744
1818 259 807401209 141423716
1717 1352 543421982 188839117
1730 1071 85049899 712440069
1482 1845 599855022 585296171
1068 1574 175480724 119230981
988 956 830128396 251451537
1664 1613 683290775 718147018
1326 910 792571874 888032899
1733 1784 758552088 83792148
65 1264 297721112 551160993
437 1222 103102484 174294946
1297 1304 104789901 245168136
1192 1437 610712780 382982717
1186 86 928936399 259968405
398 970 464003467 192945109
835 425 176409476 454865054
1382 1737 453801826 569186833
468 655 907911708 78747080
1549 778 865881096 667328833
1583 884 764938594 203686471
1679 1258 942897051 31557597
741 487 423063598 220708750
896 1555 342017789 741151149
249 1555 753941007 983262012
327 1148 333459428 507354821
1857 1114 315698006 404620255
547 338 340846875 74595727
253 676 972139979 630390811
1873 309 829398282 56574582
1633 572 921119573 945848944
403 905 745425442 914482410
57 924 899818526 384686702
1318 16 960102274 636028984
973 1769 617587393 50863563
229 730 513716988 649669836
1065 1649 966205681 945236367
1256 744 637852179 807681440
146 1849 473845825 856878007
421 1191 926974418 364560206
951 563 960959203 479443525
1493 925 536231887 732023313
50 240 826775577 368376782
907 1020 811796478 846183014
339 1391 103356371 935851388
1551 1431 682040867 766671244
188 1372 145128887 63876469
1177 1053 390393505 532574445
152 1239 180439381 997967876
195 1123 258297023 849132523
321 954 392581927 108076344
305 1034 910391703 985963822
66 1359 173235061 465038449
1070 398 732573761 849629353
957 98 813301116 19543865
1191 1134 186900055 892896045
1408 1851 949458088 912856907
681 528 9087572 770673055
326 1695 36228094 986933431
1720 738 556699822 378008121
328 631 744008294 2656136
608 1838 251037001 969689509
567 833 685119018 789041381
1232 887 149255799 938783936
1893 790 129048137 97835434
714 1790 876208541 707686262
848 276 175985570 44909321
622 624 122342884 786334252
874 1793 468042339 603472012
1406 1892 925362686 791360718
192 542 205227200 634010212
329 255 159208978 959885608
1241 1839 290892067 148976346
550 292 783144987 374216105
1166 997 446879746 351865620
404 1416 712098925 35170085
1695 305 697137076 241855887
1555 1002 963491773 54241706
1482 1178 261265864 557267208
530 1556 830522288 756529565
1385 601 255411497 265522564
1430 1691 574581332 961491419
1710 95 604219195 826316889
647 682 58850843 621560162
538 775 685956098 918671850
1618 168 359692336 405772120
830 1110 553048371 350850832
1557 830 120519229 385359652
1373 761 832879463 50647008
1115 1251 191136228 798344177
1301 120 554467895 672613406
807 1537 833621766 727202721
1700 226 154383406 579412547
1079 1239 309838152 942536715
337 970 987942999 511824251
958 296 890532846 959347297
1360 1822 660856409 549608741
33 1401 859214353 504936290
126 461 105652737 194137700
1119 209 647331097 180204615
544 1166 276081584 719740476
834 1351 869018021 418203742
1085 964 700878064 660461063
1164 8 292961191 820798887
1681 1152 351949892 342779300
403 560 810206211 356447233
1292 8 781021408 900232935
1827 1465 729087990 671183046
1492 679 149955001 244131599
925 914 780594481 810043470
1697 389 701060554 457427494
1355 69 263873074 948945583
644 750 489982314 992250806
150 1517 318169672 651470356
54 1574 555499046 374320048
531 834 492698621 594110016
543 1396 721119106 970927358
424 863 658413697 319419413
1156 605 341961617 583460294
519 230 424185955 993296223
1855 1268 660020213 708161519
79 1365 848693396 144839021
809 1058 186472963 908787374
142 818 205950387 386914737
570 1238 0 129956666
769 908 200422651 228974195
933 46 395859197 4830574
1187 1678 312993873 175977220
474 1475 93952085 897461702
3 1192 428730946 736823218
932 1108 729733477 512228428
1632 1273 163597633 491178861
620 1704 396747921 620773927
1464 1217 905109375 735997521
944 487 832936813 303246154
1656 1336 930638407 317435222
811 139 404702936 672713771
158 88 557790723 916254539
1596 1640 0 715069990
301 1643 366844616 545641816
926 761 944829200 110308381
1782 318 843220198 420686891
394 1194 386300896 550518668
1148 759 354144002 357336052
1418 879 998725392 975789406
68 683 152447723 497058371
603 667 557418290 423634138
313 1447 142709158 597195716
363 687 31786748 159468854
656 892 121473613 698350731
1332 52 51744582 927102389
428 832 535269407 311191337
1807 1556 207240386 664748375
1121 1826 841429426 866193620
516 502 595725356 335235539
1752 1013 588223407 395752901
1420 1380 472091932 37667470
425 1842 444367178 548630524
295 464 304239936 499525843
787 1240 336727225 729436915
764 1162 962587662 441824231
1672 943 590414882 572764423
960 270 943937315 186298635
643 1153 294956077 273883975
1404 695 62761104 246493121
876 1635 67433363 200273410
210 1416 280091922 830233103
692 83 800657254 278602243
1608 47 81914360 715254499
774 1781 116225114 874234944
954 742 221486673 631331288
818 726 687180257 155804551
281 1263 597291011 734862666
218 1531 110611423 803910905
1401 1722 70570963 563455198
1283 317 801906519 287567196
728 374 853160639 678460256
1830 266 7540355 159315485
1537 448 70793490 184339757
1796 32 858439078 708572310
64 1432 40195205 177576474
1265 592 502954863 954750496
1172 299 71600193 927845053
67 170 151273796 694853881
50 638 751892129 366626762
1136 982 510992286 132645858
883 755 914930976 286873013
762 1796 365956404 77189128
1113 668 233760999 795076337
1599 1275 706482656 441412060
1877 763 31435587 804150663
121 1190 172934900 980822705
1513 1298 939094408 286156566
350 503 779391230 130959390
823 722 751942210 485834874
364 913 409295218 64212121
846 1076 325874785 470544779
1184 250 551237016 964461505
62 1262 367340589 572915445
1218 1231 310562192 631432279
875 966 520828564 608457042
1680 1382 530750796 704409534
447 522 833293541 80490134
260 1788 783662697 877058694
1860 658 852811482 287656838
1783 1707 560255297 974736914
35 1775 90268503 183791327
1146 1697 513822966 202670203
1369 1867 935779387 898507312
244 1293 722045505 223355478
562 982 331581923 117502671
1185 4 946312945 325640322
936 1653 951293152 283776260
268 218 30279066 184920309
289 615 911895797 996536529
250 315 248006341 13133188
1367 1509 127764079 282226359
38 1351 895492335 855655382
175 1747 910065591 18431891
1046 1406 250782586 322496474
87 1705 581855255 477321551
1627 1175 104800029 587827133
1200 776 114883581 217764711
104 180 215414431 668292335
1544 1553 340464426 377025602
87 405 137663243 564857608
1648 18 20624597 824350741
1810 96 206826088 320342075
1717 315 309204521 946340893
604 518 539865117 233514277
1577 285 89248021 61310861
1109 1670 877408822 986448934
1764 92 935053070 468691415
404 558 223277056 259951249
932 1152 195416991 935539797
1758 686 417798998 194485833
846 275 939710371 601467524
1640 1101 0 963303534
1580 1367 153421519 727384199
1459 1262 453355289 11020703
1582 26 494139256 117301881
1566 117 861021689 70547650
568 1066 338943156 800000132
414 354 936564685 544412066
1015 1892 81277565 461664490
364 114 578013328 133768799
867 660 440633414 811827870
539 618 854558540 332812854
129 1649 747189689 197650635
1219 1367 909734678 717566526
627 1527 245893829 431055170
157 826 753133914 875648638
1126 74 709676109 20621122
1148 1838 440126843 507203293
1583 1092 971438259 498180898
1602 314 140517507 886040211
1733 1039 488316118 59713257
270 111 671587068 486206413
1378 777 295029019 679459718
1076 82 802409336 977667537
461 1008 723377715 731050145
968 1439 702225817 449821506
695 1058 117758820 384548591
1642 1077 67990824 363618000
883 855 400886239 825562910
262 231 769419571 530226615
141 504 316172314 113820975
719 670 32911282 236942715
153 1043 558360763 384544855
1306 1817 179858483 963383151
377 1668 199319020 676709298
1559 872 678145140 101246444
1606 250 366302826 524641879
1786 1851 191567981 741563894
71 485 837940349 270424906
368 1612 685063289 970994269
1814 1649 662802507 374005616
740 587 254732125 384051528
1137 578 340493368 591414263
1270 1165 116737515 4989530
1731 22 728747378 287207238
186 1900 231530135 584536470
873 629 894523629 925155839
1744 1006 615302785 851725432
756 1395 356420100 818426621
1782 1174 306078397 663304092
661 1805 163714311 631041725
1213 462 48469704 269939618
1493 1091 421261283 547732304
925 1686 520554938 309348395
1347 487 975117789 211366111
1187 192 130454673 556932805
212 1234 332319241 924430634
375 1715 350107922 157086003
1623 1874 137742373 714223078
990 1586 175600342 648616512
466 1580 694669283 521464468
571 576 45789289 784299147
226 1475 514021542 190018590
1871 955 434840150 537254588
1099 1154 856822016 911861351
134 826 87741015 236168651
1824 1782 495095369 437356603
391 52 480670952 581534133
993 642 147871251 644750491
470 1478 31134518 614001838
511 738 606390895 288521135
1463 723 382353793 46115519
1616 1508 163766173 180689914
1251 647 14574865 630379798
1293 842 101373837 19374275
443 876 233192886 592308860
573 395 391471494 811139974
603 273 812280415 549854130
1859 456 487407351 282349612
1298 214 299590286 483596733
1798 1054 902899989 525308402
1557 742 220386678 841995790
1111 187 820999846 119096106
1353 1505 794067771 280462402
1221 1532 816855776 868034870
736 1344 167206874 635572850
563 90 231212506 75784803
444 1491 970048104 405216306
315 367 510374603 438027871
1716 1272 108201315 8230796
106 779 934237911 977029561
1469 1368 612005583 373640228
898 1543 357639404 137278038
1452 108 689131 720592606
1290 871 130709370 941044513
1834 791 64059622 845193008
931 103 673477599 913582991
1771 1852 191618951 272315934
739 417 61593920 983383322
409 1019 759514967 391930842
1654 687 280012361 611286843
1689 705 943501388 817344849
1473 1682 389563453 331354746
1203 1006 911459787 963481173
1234 1062 914439576 541396692
740 1354 894716898 806930694
402 164 699026315 508371200
1319 1661 623889134 982429092
23 32 958696364 42963681
858 1268 891811498 347952578
49 1440 55939013 347780506
1100 1094 153011682 732981838
1146 702 287846744 947380582
1817 1326 100481609 561204628
404 434 625562803 736080500
124 822 699293040 437141123
731 726 839091202 536047987
1622 1557 250935335 918907521
535 1299 816907158 331300046
1484 1624 245893528 240161699
485 312 47170736 699332398
1522 820 455284120 232584607
1381 991 174475799 883774328
1799 1358 540116993 888353764
441 234 861095002 842663224
164 868 232311982 376437330
155 830 709465275 294246529
753 1333 394641340 720925947
1188 1683 927727991 897048247
145 218 256520455 857415865
716 758 171579687 835234656
1175 241 654389962 356090116
1775 942 932993010 662374978
449 866 552802811 863650333
1283 1586 50923362 720459113
886 178 862650595 3440377
1547 1672 546031920 240816425
1765 51 125830210 10949554
734 851 667687035 980637245
1323 1581 81531303 314700838
196 989 279052463 982166220
1596 733 0 99821777
701 382 978144864 49914932
1838 351 654672179 918086503
1743 244 273841376 723280405
1642 799 61275131 546911864
523 200 873725419 746653686
1780 833 134344310 649624119
445 723 268798990 942918916
114 1600 926347395 67891234
882 578 926730070 470977529
1190 809 829246242 436754433
772 1724 263357734 469758467
1299 395 618875316 501340920
138 167 290962402 171464216
1535 543 386430127 339228690
1461 1540 78122641 35345201
1557 1013 107460070 758649503
1010 670 431256421 796720875
1895 926 187219816 969196435
771 863 62502438 315567585
1781 113 671179605 336353316
1564 1277 827512952 897853154
1649 1761 50949766 45217534
1527 1150 138921194 862514675
456 1197 442069071 966235314
123 183 569930475 232283084
22 426 276718863 565725426
363 1245 494591197 791032028
365 950 612304564 388886495
28 739 16205099 139244108
1227 1193 508786905 607657814
603 1462 84326417 197447524
75 298 595782256 128247992
366 1874 557358598 63758753
812 71 835969969 870898554
316 1238 771346075 147134594
1053 1377 978537415 697010149
1571 1441 211400967 717516761
1423 209 980333493 73326200
235 390 216830414 63217635
1380 1210 523603278 178469996
1220 1505 303503949 661915021
1747 594 999415647 991721205
1075 258 632279999 888043362
1093 1547 51849050 462257816
1542 488 807928718 827644657
1893 378 546037886 965471465
1640 624 578193013 438932232
608 452 64002176 526440534
175 849 62832772 313251320
1383 888 69499804 558044649
25 471 83983824 450783442
1012 243 499085702 724265966
1180 1848 999054943 636717776
1528 1453 630161989 187843918
909 1846 334031028 390903639
648 1897 114754402 47254466
1029 400 68748620 870032088
1158 1020 326125386 135176549
76 1844 861652033 921662759
497 727 123607178 636181678
500 1346 611619464 184251513
865 765 984739565 923546789
37 523 817914190 333818213
293 1609 970011888 144167200
1281 1754 915021567 174684637
1472 73 214862910 944609652
1638 173 779216196 165608224
534 1610 748174688 526449744
1215 1011 54870059 108185864
778 248 226261689 881188226
1155 1832 241199855 17507726
777 256 696365423 421430945
845 1735 967997570 996330068
1192 467 281025441 527477495
483 489 281343536 732118303
1707 1599 966289545 887201214
1155 1732 291241110 422437310
1787 223 397165746 969007364
1243 1882 195292894 238935467
158 392 942817956 239133014
679 73 936038653 758697561
215 1485 85729331 584073121
1754 1331 339458486 813351108
1507 1751 740355590 978890520
1723 22 730698635 231785418
486 470 49799474 174871907
100 1606 490877856 152625297
583 1333 654996212 247396937
464 679 296321997 502897078
31 1527 973538752 784549948
1250 112 482205100 924442608
204 639 675307825 775677097
1592 1510 894819647 589456395
185 271 427077979 403710145
1586 518 921225684 721225885
1649 810 798117310 98020225
1759 398 681159945 552911929
1135 1502 779042197 986701038
401 683 412727016 326352474
530 465 592934453 928409572
580 1529 525767817 292454580
1518 1811 849438543 963110305
257 452 128455086 823866060
205 1624 470735315 777504925
1630 205 355272739 181874554
43 1096 788474025 787793252
379 1058 933517004 125653996
551 1488 965802725 111947509
1397 1335 797260973 169001292
169 1295 611050071 96253872
1289 1397 944244569 124110091
980 1710 113404350 143214042
1742 245 489287060 974609724
321 1750 524821221 967935929
301 127 239895051 410197243
978 933 587726836 800081321
1296 681 825594287 888222633
719 1303 93625361 582866046
380 1739 410772303 245591841
632 1858 726733200 928090053
698 901 242507671 828812512
415 1086 672628818 367317629
1187 517 260852486 821811603
1326 651 884934349 996949634
1551 874 932126396 735971129
1672 78 883916842 430087631
561 164 41870786 115109874
283 369 868384483 777997789
1102 793 137517808 861559844
1542 955 516565038 620249892
1550 214 446498850 735912875
986 1544 971124845 661758389
632 29 470329018 871839843
1732 1444 504764020 823134104
1110 533 407682321 547223637
814 1249 525424432 734777405
1454 1614 486692520 530144931
1559 388 24330841 703171888
435 864 482846530 650919972
859 740 730567442 714574518
257 921 282916418 310397337
107 7 18876192 567631546
535 1800 901147454 799600943
1659 591 332765809 629908587
337 1276 441065095 987425458
1305 1511 469015067 742868215
836 900 654034638 819744040
21 724 657507048 881000339
1152 984 967012562 461836319
1426 746 991883355 171503341
1012 1682 241810967 997033305
644 1052 102569116 794545295
1599 1723 487770918 640283884
523 1617 220882139 227223496
1900 1180 629127684 225486233
878 1057 938852281 496134121
15 1237 841104919 515485999
1614 298 182221810 77614991
1593 1604 590618604 232237238
1464 1343 524744333 16964470
1163 179 681204879 951678872
896 1290 414319743 41393020
1094 355 18815284 872102735
1024 1456 151061261 287943411
630 1336 516072202 401286192
1361 751 866836875 872780684
1248 362 456855475 824668899
177 1467 194941177 404367213
218 1627 261161428 929696157
927 720 571617088 640706138
1266 1519 374697971 78003205
1106 1334 531387841 332795307
382 1688 752672977 755156700
466 1591 511767273 928701761
1217 646 12811073 837809480
507 1090 172848792 523625487
1136 105 272582122 884209116
431 1886 944477125 208584084
1107 895 375066144 443647566
1321 613 527526686 545668055
685 1687 358813475 588635028
1667 1765 697604758 101107640
1405 1537 465503441 79509182
796 1647 711369711 868803581
210 607 62239816 947361082
1763 1886 815700728 951699306
154 649 258739408 347715849
702 1010 14659690 104750736
1852 1076 167216042 738467832
1712 1598 823723861 333143366
1339 1454 941095075 328196082
1244 1805 703388582 31635256
1595 183 485473208 870548383
729 1028 175986387 260077883
628 555 967817889 328920156
968 491 333035029 821208606
1670 1011 124989199 210054317
157 1287 482532800 91922725
1748 441 865524898 511085912
1788 1063 569168045 455005844
340 19 495404338 844720655
1889 1430 0 646716302
304 81 979269193 493572653
1718 1847 286445561 549305739
900 344 447506658 85012455
1558 1710 506945715 836130249
890 894 836231309 367593169
980 1767 405308667 708997059
862 67 428369608 826174114
407 141 484008907 13882863
230 1335 829052544 843912833
512 1018 626275047 401875897
884 745 459640710 141976717
1773 257 779759859 910439056
553 827 924982739 601914635
1149 1900 102637959 610796583
575 1029 730436440 105977804
1172 290 302787576 305690694
758 679 242289128 885337606
175 347 671188742 77186363
1062 325 431631580 323058454
1403 945 455764919 321004175
1624 1080 274975620 526500202
1317 1666 953897701 981409449
1839 1823 681229586 311518413
1261 1400 270843955 70752969
986 1064 519682687 651446150
1753 806 439784546 182718689
562 1059 741176542 951010385
1671 1642 280918826 264783050
1536 1410 247000760 351399876
616 171 759668504 256952138
995 1778 43686079 930324201
1043 843 870663848 417860819
1596 96 434124641 607772210
1816 1304 334767586 449510447
1498 1620 905212866 41768001
1167 1653 833926617 715630172
1000 1106 407260485 329372414
106 169 336840054 677345440
273 1816 250533904 620011630
1285 1627 659202039 229348809
521 856 125770181 613688516
981 967 475433293 415539580
99 576 466770101 342368118
579 280 845547212 251573688
1787 1843 486328222 793568554
1478 495 390686469 5370703
676 947 18583689 37387707
1511 1192 28183968 191711948
1637 1531 19819380 827953364
1532 842 770370827 343705852
1820 102 272617820 896994220
1006 1843 512903361 618777491
1503 80 608940480 741249738
1762 1201 997070275 597242336
262 1389 774566150 245043555
128 7 789344111 597192363
797 1591 708844971 179428003
269 373 338463089 827536658
773 1702 957097416 664018477
1574 1820 217674305 824867498
582 574 376018338 696381995
27 1854 122199083 230537671
1735 1850 586952542 787750502
1229 1407 453602522 771943945
430 556 301894429 724710243
1098 524 671349223 4110651
1358 1357 188469232 470614365
1224 936 603260215 779184481
114 1341 645059745 813215165
138 1266 57984197 511544617
1129 920 305472648 360532638
694 1691 433517903 911340022
1255 976 130553483 434588031
505 1793 25458290 151431062
336 1343 667694338 595259414
1464 1895 760097213 232019330
548 1045 905996862 723588267
1830 726 314792500 281906877
1261 1788 123176212 369388447
1347 1466 361591861 315646473
1393 1035 88537413 701324935
838 330 18557091 253552446
1030 1121 354355964 106651264
15 1557 828259151 700335031
512 489 769990540 150325781
851 1775 279739100 761260702
941 1137 634883885 474407242
780 881 950154568 954188480
189 203 374477502 608609317
1297 1163 873331578 546180894
1541 1685 499093940 406695935
237 971 437661426 554718015
1069 880 74176651 706500525
1274 935 101012909 184834290
225 1299 143153478 47770268
1554 919 406863009 94915301
437 1048 740830452 534267004
328 1238 972705857 892513793
1138 854 726048792 489106457
1819 1167 87917557 307745407
862 740 630934073 628992947
1166 902 924561960 819437004
1868 1425 713266253 145822661
751 1024 926102239 175073128
978 1124 739367197 764844147
972 592 66435083 235329281
1020 1517 612833276 855962044
906 840 278414320 799300373
70 32 971416301 968048927
29 998 863610825 742844690
1206 1551 249838548 94601307
1086 795 821438775 831322321
137 49 551219488 253207254
161 758 709289920 555711104
1165 78 408560166 90550994
1688 1787 778027311 740913149
386 1494 984136741 125241555
641 309 511134707 848899836
312 996 888279513 853952160
1848 1370 255700739 957402878
1209 267 649154788 964071735
7 1330 233448966 449073373
690 146 220965041 898348990
1439 949 268092663 911867904
339 844 608995073 515574606
472 1429 325074351 254214158
751 752 0 420248184
1108 15 599824566 20164803
527 514 596179055 381948319
617 1460 304050671 797808090
1233 722 577241371 305310074
131 1574 978002924 817651791
1329 1158 351278420 372584711
985 401 797060540 466129986
105 955 523643109 900493567
61 1745 225087168 815448978
222 82 277156530 879344770
1083 419 147862685 448125317
92 348 364866329 7421060
590 1139 216095427 168763824
438 733 0 444621200
582 1795 800158025 961118968
1819 796 94074949 115766251
1662 761 140039380 933419177
354 1274 38650874 795894915
1825 1281 933936966 209591874
110 617 538223826 190681746
1445 1315 453828168 179640050
1672 578 517400410 739352987
499 645 696329607 419053919
1263 827 37685111 227253045
199 1500 414521302 84398045
956 750 984669780 201975965
349 1685 174313527 603027751
494 182 294742270 299423960
1479 1663 108331938 648262700
64 910 918123030 442731331
1294 1578 357149522 783669388
1291 29 720361101 801645822
1138 1187 742366784 85057929
723 76 377162597 69419049
867 1844 771836984 588558675
263 1589 304235860 206717291
1808 309 406883175 117346903
538 16 496273184 709392618
346 684 646710165 688380544
1295 1864 114569581 253395350
623 66 718127365 432999178
895 1600 38634984 535821956
1528 612 71387404 384292072
861 127 497097052 556962242
928 345 767966797 906962290
1004 940 745733665 68473914
1806 1808 189330070 360605489
478 975 479204950 90188890
1095 562 937637123 937402506
1200 1360 923749376 145559123
510 1776 300738451 330240759
1017 723 95072296 437885634
1396 1710 855302634 926808045
362 208 490628035 657516693
177 546 237940630 757082896
1604 329 409235796 464186964
834 940 600892199 868012498
278 709 985219888 559669262
1041 896 747043006 282023111
1013 794 177554869 467896228
612 975 335880159 43412493
853 440 546908865 881105425
396 1616 375009092 725843711
274 99 887228020 718685921
412 1006 161817472 462269969
1066 999 404069659 379549585
1530 863 858797133 774457166
752 1647 0 897037209
943 929 365842205 726714287
1811 1579 664228020 219634476
180 1605 745360944 2112174
1670 798 742786985 315608939
565 705 777228022 960751383
662 528 205850541 466664955
366 1601 734425132 788742310
239 124 20285196 869775632
820 1590 403306993 847894289
117 1847 915317738 59313021
893 194 397907430 967804250
1612 1868 764566819 98046012
257 199 832667342 84584584
597 927 30393638 221240087
20 557 889668745 164654441
715 1542 471088214 663797160
1636 1753 996296181 917769883
442 1088 183991369 740006045
104 960 159746782 510552545
394 529 669697648 827380018
727 148 244285846 952824109
1197 429 486150231 973942613
1640 1000 202961336 90637414
1749 1359 419934220 53009790
417 1246 258237226 165492708
125 1184 208986362 21936701
768 696 719818573 332993962
824 1622 91008289 387484690
634 18 800676032 656086375
1478 639 698210197 722389896
408 904 48873614 114498088
1423 538 598336120 536220944
991 752 642322790 562875347
162 1122 611864126 881328434
1519 1828 799247960 50754706
1064 193 713289269 67472870
1289 1646 849335667 223086367
792 831 980369033 390269382
901 1349 855748052 867235353
972 944 717761594 115821724
1737 1031 618637210 150139000
1355 109 613443431 780044155
1860 232 423658495 804056610
1582 1265 360766943 583826373
1861 742 130914519 156715122
1117 1610 547836680 751964814
1003 1414 819683791 685561595
826 688 889191216 844495866
898 1481 363925697 748027173
1693 1194 382119551 951416225
1357 117 129533033 479612148
1839 307 20370667 342135247
1728 1878 585266350 996586600
1569 1524 973372452 73916703
563 939 217927069 264822229
1548 206 623408332 609222143
83 650 316003830 728082263
353 992 249936852 581815368
1874 1356 278819963 331486716
962 880 536065689 450219696
1087 226 104281285 156160896
1386 172 65731710 427351675
177 1310 515847338 16868081
1309 1598 50645739 980076158
595 115 684053795 855968916
1424 148 89002992 365850290
1243 1322 843575316 379181557
1000 785 509883051 499440147
149 1003 537285208 474731899
1698 329 899260950 681701186
1524 783 734576629 501322691
203 1130 725681554 838320727
858 587 939162975 978195625
890 840 777655764 614871220
251 867 875977735 538473204
306 225 279339135 544090512
633 1531 929577299 125205335
1027 169 567653627 63257845
1675 1683 218685066 599099206
53 954 536289917 845901689
1601 297 917159766 917899019
801 1703 680171813 266626337
193 1880 229694683 706711557
1316 1899 770428644 374098089
952 880 678796499 645139355
342 1231 173404938 570570103
1228 1716 623463039 150129819
1587 813 604281835 277089702
1282 1090 564795952 734102523
1195 1719 895145144 233178101
1089 1179 214212554 92315197
359 912 668453719 643271010
1681 14 976843466 172281559
141 635 830731845 65347659
1577 579 617812801 137437677
1146 1754 795994506 845469797
226 1808 179243492 563816870
6 1140 127661099 962054329
1542 924 33092653 240134375
807 411 798425236 914500090
610 13 260296865 84390566
193 252 435410871 438460110
1007 452 521800030 40564843
413 1280 638863579 450502766
1611 321 278220085 397282662
1299 360 582565899 587426035
1176 1010 873271924 870329872
93 1127 151787940 303797075
710 585 982512411 658252172
1669 1592 159166545 682568471
535 187 312928604 448064484
1866 588 92397220 47703072
471 1603 886577726 212999288
1091 1258 992442464 317653633
1813 1146 516882451 915063234
1787 165 90296937 116475176
1694 987 280330419 938089626
496 313 444415169 529498563
887 1321 668353367 700170974
1467 154 657974328 634619543
879 1546 897141735 764090417
1379 397 21471947 80324811
1129 1861 893033604 657670968
1682 785 756175482 493776684
806 142 169082582 854524695
1876 316 396213246 593677022
1411 1583 785726821 308020340
1223 1210 34310150 116681628
736 1766 888478538 339051839
199 1755 205081719 928113223
874 1614 237983555 702976499
360 1519 840969104 146306070
669 210 885360271 993903619
834 570 844558623 568356333
900 1070 765867836 224033579
587 1022 736619338 658943572
1394 1422 419821869 531182537
1515 438 0 367150905
601 1580 264401939 612788578
1084 653 618979850 239612984
1653 481 740289278 62744587
1427 1371 649800679 877305511
1030 166 803034681 588534599
1766 27 933735812 94988251
804 488 634997483 452052354
713 1734 875489975 552296460
1745 1482 575558764 167143299
778 84 40155831 694133275
1747 1340 206883607 21676147
1512 273 266350234 891093797
143 1727 573038458 602366374
1256 724 568734425 325665297
1511 586 160289501 800569415
149 1692 758294534 661822372
963 1751 700484865 784191386
735 1204 806632790 849176430
865 1240 206406807 250451063
1197 1878 307107352 787944360
1406 1777 322376623 400956786
149 1144 118712562 171928457
651 755 576047500 503295036
1866 1624 716741075 464666540
899 716 953895512 578017692
1763 607 906106363 925723154
849 1729 744588416 627690238
1300 1716 555597982 103147385
993 912 37072951 778472709
1575 1552 802947218 578708852
511 1188 348400936 364426433
1434 170 172319253 239636951
1098 1335 487799619 631896592
337 1516 776384163 479917734
628 100 830197327 845402782
585 144 155465825 403346292
1898 606 75704190 649038696
1373 1132 160949658 905735295
1466 1467 395194388 432786038
304 1738 991970886 982744131
431 1857 33035440 898854029
1564 731 45417370 345565480
1559 1560 341461322 338904637
1645 889 188819288 110143873
951 1226 944806146 112601587
1160 480 971877066 498593173
376 1382 481898238 99810787
1641 1746 259556624 260930490
732 994 797461909 797268734
749 674 25509660 375951086
923 853 997902073 256430266
1110 738 360279774 236196828
1273 1496 440642595 492088809
153 1162 158334825 916896211
601 1514 145535671 420530087
1779 1470 50420656 312225409
1721 454 6590014 193223284
1428 1196 410138041 421940358
