2000 2000
984 1141 832245363 679750396
1962 1755 709605707 108248635
1780 1598 256573866 406779398
1748 2000 897406826 157427852
110 1187 509856050 318702960
724 1613 630270650 580846632
760 436 590358813 451974269
1388 186 595900808 184558368
994 77 202468859 251299302
463 167 469556994 486317469
1764 749 880382563 837334438
633 1687 691705886 689534116
1376 11 192872459 493130573
1362 132 797612821 645712335
1838 1313 574973513 840222646
641 1685 334574122 263963224
1274 1368 145605894 4410446
236 1884 840542867 525470735
58 521 853354680 295955946
1658 312 283697255 684332044
1739 1874 699218576 893765031
1957 765 681379114 289400601
1255 257 713450914 517669116
364 802 520303113 881723106
549 203 914183767 327978078
1169 562 956221792 782228571
1011 387 747754026 517509099
1410 1742 376553045 900535784
1272 832 514501046 926985243
317 1355 145906154 367431060
152 779 639381059 192846570
1505 600 639321192 635666364
436 1683 948199003 576115299
41 1974 849477910 973560130
137 444 164264072 637511289
1537 1734 762964122 24153154
460 1998 224389166 920442585
1754 565 818438768 859138240
1370 1991 200094375 357422502
190 436 41231027 444776561
1551 240 532876368 875332632
1052 62 833728609 34897320
2000 1179 786677169 129964776
420 1978 192725768 268300787
1986 473 225355976 473452563
101 937 196442858 117184575
1336 1483 80349246 739000977
1702 343 389429475 991409995
1860 682 468878235 134333134
1076 530 979252920 689126594
637 525 490584198 130303747
1273 847 576631648 557462048
629 1512 116248856 259318409
1080 859 85539223 301988123
780 1692 896077515 467311014
1156 1405 194536128 414640667
175 576 261115686 145133951
1230 1754 216807156 375166782
305 65 964457613 210268778
960 955 777550832 401792898
468 1800 616876281 495653744
522 1517 763272280 751889119
482 485 408001453 820258346
653 1969 433742457 595326917
294 269 39256996 437776141
1368 645 329601281 7724198
974 1125 765111902 169795882
1380 1459 689082022 563552989
1234 1600 960911443 236551588
62 451 152260560 366393483
614 1541 445360147 789445806
895 435 818803075 402095531
1466 150 885551734 901003015
1942 866 622341289 135826965
856 834 97503194 526569195
39 383 7642467 48082282
2000 1211 609558203 88858513
458 206 246468786 79024182
369 1378 8469018 468595600
1924 415 498294731 968261987
521 1579 261808322 923621125
241 166 804234527 619513688
1261 937 931196243 717989047
434 868 381218102 326276155
1577 603 999645594 703883315
96 379 599864556 193188589
742 1731 774436492 641109451
1619 527 299607686 364098946
262 1921 201872400 375837591
1681 1292 687505729 697239084
994 1930 582504497 488913664
921 1379 771641739 512771511
1435 1288 68093665 25004878
114 1070 53332809 34523235
1487 723 575292758 566761885
1265 838 804296522 339121874
445 1168 384858201 926142952
1013 1911 524337782 218931192
1030 1834 552158821 54299617
1523 1468 505433801 568337077
1679 1868 848278779 362506197
11 1406 990654755 986864810
1397 1503 279413764 10826523
379 731 684078568 41672709
1063 504 582687301 57928961
451 1718 133990544 338279508
1912 695 374311170 407512337
138 868 66362501 238038707
171 755 253419598 422163731
1588 1833 571188598 990618996
1756 171 780470655 243804999
515 749 356853983 403188926
915 1607 312930403 780449869
1714 112 541953604 325420254
935 1803 697077406 191758291
1380 864 887562737 40101817
1973 615 105315636 221892050
1320 1892 625144262 220906791
1098 1161 171874893 893772060
1045 608 681320625 829557478
345 1285 249672519 768393106
1013 502 846346206 412744708
709 767 550955017 123312173
1766 1156 280866591 913450203
1807 602 316357434 811640579
638 960 792336793 556138368
1559 1176 819257128 100995372
1084 1523 251434334 854189504
711 1226 36847578 18757333
163 1706 100311492 499122510
866 1454 206367240 315194658
1898 634 189928839 541939702
1613 1246 690630282 62679292
1972 521 725150865 38638069
1927 1776 501382685 216144660
1046 1967 173505953 158089677
1164 1811 910709766 211842071
1353 691 773663066 220109924
1730 1295 867198676 60984077
1454 999 462272973 236172761
294 1157 752515749 954181006
1628 1408 475302221 912875077
1176 108 1860012 731005962
1573 1749 610637639 629852207
1865 1766 566486790 615353619
1258 1234 32039691 928355484
1810 255 361818028 513795670
707 1782 129855496 498520375
129 1661 309331404 637324415
1520 663 168301447 209371487
1046 810 298370175 811330811
1577 495 561000362 941223064
220 592 427261363 23386537
1625 939 673931286 102341121
1388 1264 452974559 879661331
1504 678 261451656 880352790
1982 1237 722667449 848757135
220 508 34715726 304343086
1960 140 514116916 20663578
53 1326 619427525 231217972
661 1475 812735510 71504326
1300 563 253980952 842497344
585 540 256788785 482873644
1015 872 547728357 275386455
1678 1562 280527014 572180932
1268 846 244522760 329007877
1865 66 248223711 39399624
1791 1831 121032555 765561455
1015 782 94754252 895153150
1382 1282 775205429 674601940
656 1860 335933779 192090417
1038 1295 943945453 66482566
1449 1233 598235445 33953286
1445 178 28154723 551367039
820 938 571601525 942529126
1713 66 891961414 727396307
1405 1407 979374188 379369227
529 1463 924154542 682412075
48 542 959486987 780543337
1545 200 137729323 751077816
1673 774 160130644 884101987
392 1435 747595861 883705090
1538 161 791419398 616744966
274 1193 39315337 159240478
851 1702 204075103 561930002
1008 865 678823202 888392149
712 1984 228355545 46756708
1123 739 127116713 246283760
655 1749 228551502 289986899
936 682 42689806 299017343
1178 1974 127260210 242153035
1669 396 275695435 920748785
1131 1229 619303291 262651179
1395 619 596718948 634279627
249 1867 102219963 75504387
721 157 4927974 254103837
1355 469 249797408 248626735
1521 270 637825708 210032720
170 1621 408394395 680293384
284 118 907127699 608731015
83 1514 218114117 470521963
1178 1932 752840327 491472778
346 873 506620419 447139041
987 4 322897057 205421717
586 1178 490269641 664775725
1929 1759 90149966 408437727
1055 1410 488225421 304601170
302 201 692727443 182210005
439 646 991188712 375778796
1228 1490 265154198 493323076
789 70 651844755 398058980
1391 904 123420935 337640044
1247 527 125974847 157269311
488 418 214640442 81086785
373 1190 223910833 420159165
51 1155 714263178 300229653
773 1609 874654056 565342726
1872 912 830521057 91782209
499 1179 815638677 6631495
331 1963 730893131 465268002
1929 60 633635854 646798109
604 1221 549556784 548613620
833 1924 974685145 569945430
1060 1148 327829803 850064466
590 321 150598561 873406321
879 28 436619089 244464491
534 1143 846410620 79803253
590 781 347362627 34883156
339 673 205280764 224898594
590 864 688826886 79627077
792 1317 626012255 101891126
764 90 135344270 780645696
1364 1182 99849019 548261747
1048 1006 894420067 574308526
1633 991 745914970 726207951
1771 1313 856730379 543931011
1495 821 625321307 922010905
519 72 300606573 472707723
122 1289 707835257 535733598
1661 1534 854011015 482600435
1527 269 10213096 900070335
1544 1305 625096684 94939711
137 1271 320723150 864065313
1843 1542 660634951 381449148
1003 1007 5015792 206699867
1397 21 14846867 248627596
612 172 757414529 756317586
1415 1001 354825985 373680936
1381 535 600418551 939276418
1232 673 741034815 124061562
1993 390 79407764 510126712
1684 1202 933374711 357915925
1832 1350 285655881 872260516
591 657 989381222 294152168
225 1204 626307196 594991073
179 1257 64466335 514470604
1271 1545 323553748 204177651
560 1770 994977052 85642574
994 719 735916776 538684390
184 1696 522377567 594319550
1313 793 774972114 597053901
1676 141 9867118 239958087
1845 12 594832527 381484674
1154 53 520042749 754035332
31 1880 717731043 70462476
790 673 421392092 892068034
1001 1227 230041607 640164906
799 1272 772149951 446645781
338 1350 635497295 378197479
532 1654 191548519 537969155
1896 1726 811096837 643457043
1774 888 518224428 589677228
1197 251 279595993 190821675
1298 1537 384912518 101935826
1198 1547 798496103 20150484
1599 343 133999212 594927669
602 912 269591225 364345759
1864 1049 255403400 98606265
1887 1151 338493966 416439314
1994 1093 484473803 267549685
1862 1949 600631325 687412534
1716 1353 444013829 402616128
1125 60 308776782 675211757
308 1868 961427666 64380610
1540 286 589120736 904720887
527 309 918441247 479308215
296 764 813769399 307734199
32 1902 470462613 804148646
1155 1203 938268067 485793888
415 1635 216965658 582143957
620 1828 139032618 853704593
665 1933 496667801 92138035
385 1275 852231649 626702809
1744 1602 950224459 121196196
495 1000 390318017 365895057
775 501 653479927 59251330
1812 875 241208303 958746605
578 1854 940669713 505011226
1432 195 671487463 792431797
1879 1794 998844163 132491729
478 1765 55369699 433373411
546 447 293495437 731162654
1027 1372 800508764 458843370
1508 523 535795606 936579378
1234 494 117135913 38873372
988 296 498234049 44554179
405 1216 317141061 438862219
1572 368 315394877 228395283
1341 168 600518452 583978454
238 66 857016642 946480857
426 1118 907206883 805691577
569 226 187566939 334382602
1203 1275 662738479 278332908
380 1428 906496922 789088448
486 423 900683833 684156733
1826 1948 334461677 941964105
1270 970 503845022 59969880
705 1768 424747093 428235350
1174 1203 562570969 34180647
531 65 76136139 720183267
815 902 285385955 131321741
35 296 723667496 523399112
978 239 150713882 76253738
269 225 863225550 753779604
844 545 141541579 986072727
204 1807 577060061 140052343
1526 713 443182445 739147097
436 1165 86454062 102317924
1476 868 381476509 811077282
934 237 767960439 948709894
1116 804 574759240 951281696
47 1994 612815178 7544764
1001 932 567177075 610875319
1764 300 878817449 167266221
919 1022 107253873 329040405
1226 579 813455721 371424771
930 490 314449127 447495378
98 1541 297631671 560385524
1549 25 575022110 204997357
1817 1016 971763931 238816013
814 1289 189394539 814385352
650 1982 149484403 552135561
1046 23 847777290 72850693
1342 1877 594617373 783549671
65 1826 30174467 489692281
1801 643 560734220 345455860
922 254 432948793 728161125
450 1211 147187670 787445945
927 1399 390382357 847773996
24 500 139558474 9238412
14 292 427339414 919102361
1880 96 878429089 974151979
11 1761 130045959 966660012
239 786 823079411 100170476
123 957 300023522 191876682
1336 1801 606121141 456263559
670 603 246145663 209775180
535 640 195936392 229260806
881 953 488729589 474118058
745 859 545311874 236794871
847 1179 840133770 62880221
276 737 180271987 512556573
1691 1465 843827775 70945835
173 1264 169633447 193214171
582 955 575685228 289081963
854 150 664431472 374759733
55 1749 120438478 685738991
202 295 29721869 640018058
904 594 740886616 101980154
517 214 958732009 950349864
1267 51 431063153 147685800
1838 429 740600207 467777021
847 1799 674257091 293811188
1421 1290 750061371 925573327
1011 793 742701778 434160534
1177 955 389834755 41359011
670 1972 596648995 107185144
1344 1663 846494835 22544840
1907 1641 221304415 992859658
1587 1536 186015253 819923544
648 1159 655577714 36441363
1894 1424 496818573 240950681
53 512 895010265 807050578
397 652 436276812 536932511
414 314 274224386 982422493
1452 1622 838396343 337728759
934 1121 89876128 66085974
1656 91 21036122 725120762
455 1612 334405902 907211387
1033 623 537983432 74591407
492 1634 143896950 228502546
1524 699 312879715 15569481
542 704 200521628 480613359
1563 1458 416713896 542951865
711 1410 137909571 443134419
277 371 399031313 167359296
1639 672 84160054 479572461
1120 1854 613859145 796865083
1798 94 41112552 226299290
892 136 445159827 437760455
1594 334 637479326 524573580
987 262 723645091 906989667
468 1998 373680129 683383722
104 761 584556448 986492229
1917 685 127481360 814470108
1955 624 870094565 676294427
270 1857 304271170 863658758
1129 769 454849445 440577397
95 1636 873811130 926349130
1594 1172 989322344 204765532
1027 553 380217611 855426103
848 190 655568972 14158873
1649 561 233701785 287441074
1237 1111 67915752 881891031
1025 611 941242700 757636338
1726 363 94098404 293945139
481 1264 278092639 600538991
838 1382 539502578 880426953
527 573 991716274 864909353
548 161 274364915 946319103
1860 373 344226781 620159423
728 496 323132063 297805001
1476 1293 148677337 629134755
1421 1775 943376713 390195737
674 724 374378803 409356328
1420 1918 571698806 773959993
911 1728 378758302 767190034
173 277 974731044 898393900
1888 1143 447013779 172075963
763 301 7571695 826804680
1317 1341 588848787 135825262
1349 1958 153119069 77832009
1863 1820 371335596 737680219
1137 1318 529904921 53866575
1192 730 7973410 8413437
843 465 419798402 228448834
1622 1563 400236198 799296416
192 1313 571300514 932419152
794 1566 852545316 632561186
1456 1515 805794026 586579621
908 127 622320888 443138910
1389 1136 118685299 131703733
306 79 160462654 71856091
1447 366 680699415 319300721
1727 916 533317936 631214302
1037 1250 671488870 236290133
1454 773 603133449 125866607
781 1322 233953041 382281386
190 46 491860126 139746869
287 1366 169463757 559210305
66 882 548395835 196011338
1445 999 56462209 949547036
292 248 98130509 147999183
275 429 403328100 925941733
171 641 940215098 169318699
425 87 827871679 422371074
200 1163 515495825 163397817
1429 369 534962570 210056463
109 900 703697539 738996871
18 167 88412357 669465070
511 1615 656411238 599636673
527 69 998170242 349583643
7 992 191304955 225256875
447 1886 789303076 301811457
1866 1668 102017029 89414943
83 1917 969945591 319538674
1145 281 615033508 137729004
1075 854 559127882 844246351
1090 1786 726460436 911579029
1149 208 104515226 381649558
213 1590 686884643 43100773
263 1773 225900086 21030195
775 1404 704089693 954063949
1350 338 533604816 717647436
995 1938 658977360 783488956
1189 117 671194484 610115965
973 250 529579241 759610500
1064 1268 504844813 21158169
1896 1766 24674131 452368517
8 1256 719634380 671554915
1463 973 335925385 932483643
727 955 438422034 449719934
336 575 129952205 25190972
489 713 720186769 946715219
653 588 5658886 998109760
454 1490 632684150 480925988
1433 1920 201673391 887076709
530 387 536287204 902557698
136 1411 177178247 350875879
1264 694 205482303 272969830
137 397 676871087 407927180
1344 932 931341132 760039084
370 693 984801204 428269983
1093 1629 700245721 505881323
1107 1461 542618246 992479802
244 1881 152309773 930646622
1338 389 339466508 597568273
1846 613 86144017 43741033
826 1339 960175004 339146103
33 981 391946134 851333860
43 1151 175599888 73081735
850 1882 515368864 460925190
139 314 881634276 6377211
744 731 301345566 132394524
598 1791 316066593 267832492
612 1130 525444418 533150049
851 64 520641536 203786994
1903 575 8033881 230186254
1421 1356 303462717 883293272
1550 1638 705943042 677058408
194 650 516212185 341265129
1199 524 169127784 449773127
601 404 628716338 819623860
1131 1605 643682860 117106376
1554 385 688936191 500947354
1646 445 987303351 327964117
1114 1298 273484538 250818642
963 1138 47405167 542614134
1608 1052 678453665 645164968
1498 397 479127034 421153917
995 75 971490902 285021460
506 1308 334665104 145470751
1995 1191 323546793 181694464
875 1230 642385999 359893260
1130 1374 293696220 124805156
1874 1918 155873145 343706505
1528 1479 411861401 278289865
902 62 61213352 810328700
72 1498 235903840 323971132
66 1497 886429094 676034830
645 305 565168134 203290644
1915 372 318886522 680109798
1937 973 608682156 76662856
1249 1962 996330997 947912319
38 1040 622118374 284330195
1991 960 281065352 249653378
1835 1723 829727884 854252939
1714 842 529289500 354874534
792 607 507567384 62231519
1005 285 830926261 730160998
907 760 188463686 296255558
1007 648 722156216 98110383
119 1408 913448974 684333895
314 1367 415336205 159235334
1129 350 958160792 605563104
965 971 356763632 959265189
1164 852 543049313 548099373
192 568 472922688 599755770
1365 402 909252399 97004191
1251 1174 794556211 52077923
1188 641 905016182 982591759
1404 553 190233917 108167517
1503 1806 11786839 244192638
1507 412 358209454 526329474
1491 1288 563513731 186332149
669 1479 740992340 211728538
1841 1718 54595215 570227137
973 783 909338976 395554983
953 416 928941662 874886203
383 1841 781204038 509986646
750 1329 135940123 349012217
1081 378 359816989 126242592
532 134 358560671 515371164
1354 1456 630584367 927670145
267 414 789945323 858051442
681 1217 23222569 764367875
1840 1749 61205140 703141085
283 1004 344291655 893799124
1498 1132 591560874 615967380
1396 76 209136496 845138914
1249 1296 288600846 471653217
1441 648 460748603 82268511
533 1462 183116808 56664703
259 842 555417507 218610061
1520 1022 185839460 807689361
1581 1122 713472941 181919020
1513 774 354624216 838599481
1744 517 88632243 471960991
58 421 990369333 878620574
1627 285 41273202 761765887
803 1146 259396745 862440062
1198 998 725941578 180154865
1409 316 368206284 620279328
797 1582 742997105 800618062
1516 683 182694790 536155750
1553 1133 725937547 276940424
1005 1432 848862268 495353588
1686 592 859545500 557098166
1719 1402 863359774 78340060
1178 1643 77775857 885159475
980 505 309931960 663655071
514 107 257381612 97295681
758 1099 909259905 278444080
1333 1612 769408188 219876057
548 239 908787953 77119145
1973 967 483102286 998486363
1704 992 861534462 935778782
211 788 95969653 806087444
814 1198 18520492 318052739
1331 1772 110100087 739053493
1701 1219 708291863 187160727
1029 1519 573603646 465085166
1788 214 999466067 568498477
617 367 3644114 475389854
1250 242 341980031 434040421
1309 1236 478717027 840310070
1255 1909 45770803 883626462
775 25 254821525 608448903
908 347 660909092 4276830
1235 81 601897366 524747336
762 486 707865615 593238969
584 1188 157162105 259979594
125 941 487737100 634217708
1040 49 477781163 489830612
651 1129 32187377 96541288
1164 1830 984417362 807787946
1650 195 153968496 507352948
844 693 647136012 555707778
1459 1981 686923138 920068176
691 298 64128395 335994584
1304 357 344452794 671425879
750 1123 942802938 423554724
436 1215 761532342 671783893
1566 414 371827348 35382791
1791 1695 26216633 430479818
944 358 995956536 775050486
350 840 837573502 350433755
1132 575 979732785 870268634
306 1430 795179753 149873290
1531 242 944078259 580333656
721 1663 827786126 147287775
421 1840 120240345 405504367
95 1478 436784698 256611680
543 992 838109057 156160028
1648 927 301646468 732917378
1120 231 810098859 352790233
1724 371 707546955 191181937
333 893 184602293 769820573
20 27 444561216 108079708
274 1833 944141376 866434364
242 823 279054219 83382569
659 1404 186619453 185222887
864 5 718422405 684160848
883 1161 509065626 430563800
402 956 276934957 60732186
602 1223 608867790 764099251
585 340 976976095 985841485
1882 1825 873427706 60095312
1231 305 197680580 406486309
835 92 355581159 444974204
1990 785 232782729 958689718
1780 1351 404975089 285843638
503 1681 142934342 689314640
1635 612 461835280 691240502
1001 24 1730733 333634753
1908 29 304576854 765290723
1242 1025 696818124 756173138
907 847 94706973 444842695
1774 1448 142962218 193378791
1561 1416 561406728 293314849
102 1291 315748945 853662311
205 123 889134091 401274144
1804 1731 476658976 617558983
923 1117 978157796 512752956
715 1001 346291578 202214476
542 252 295399164 944209729
1678 708 151528090 839517092
1931 586 344082217 352104185
1293 1911 964199353 469702071
646 230 174006024 502581325
1087 289 298134948 369185676
607 1296 4572002 220713910
1796 1466 236900026 822142205
1199 1183 887055884 172270999
1368 1588 754674593 846346755
1707 1241 778910759 841701590
269 867 659474845 636831707
1873 1859 44359088 504123821
477 131 935266728 903836608
179 1731 152751822 468729498
1758 1134 912157571 142360478
1979 1018 947786693 365469589
753 1048 183167995 653096687
404 549 819324177 441582987
313 1934 310663587 972385010
873 992 218443150 222627800
1995 948 303611376 92391464
972 1397 623616222 698323320
1822 1138 797094913 394040865
1798 1493 266885411 735072980
1292 1214 384121032 575522510
494 1678 641927404 786832635
986 861 835836188 420513429
460 16 256359695 694149891
298 1288 278338834 662184673
1765 1418 577762297 213687990
8 1214 187904822 945127799
1200 1922 291309078 261410320
506 1453 949032433 709655744
187 1316 67499859 982467880
497 116 118027588 19101229
239 391 862354213 129744272
122 572 265469249 351299109
1269 289 107865558 903731777
1270 1786 819324163 290372126
113 1822 483796927 680499849
534 1055 135668032 835605869
28 639 565553316 784790448
1833 1005 24623012 149337400
553 558 503077813 991392041
171 122 223406515 76487896
637 949 495444433 791813506
860 292 896192373 605280370
1888 1725 497840830 527057077
720 1813 931491562 748741294
1526 852 767066351 434011713
642 386 906138780 24862847
1480 1972 336781879 311227427
1352 1746 67843899 201880253
1515 866 690372365 487870925
1061 774 194436345 204074447
1108 194 176070036 89129068
864 1408 532015371 26191301
1896 1498 175096893 883242597
1224 1076 344602811 753088843
475 1938 551476290 636681064
1037 561 13248116 398511093
969 724 102583969 312558166
1596 467 201884647 904371226
859 727 249280765 260689605
560 864 495562204 464809326
103 1946 684638697 820895312
1742 738 911937390 233797187
1163 795 338781731 107158360
716 1952 396117719 815368239
754 1423 837370599 182764143
1678 1443 412347304 424647888
211 1378 61241086 824535053
1430 1810 718585140 910255103
30 270 351190935 720321682
536 1476 873347559 510631639
1170 286 507267002 954547397
1662 873 514617429 817325739
1930 1646 95872205 476357378
1051 263 570228902 318084634
1717 156 306825435 942390745
600 1213 645584531 795445938
424 300 636534674 932782157
1488 1121 354373463 374299124
1768 142 73440291 947448702
1899 248 900700769 708082056
16 1298 828521289 82103920
1213 1835 773688690 447513112
1072 452 136170938 815929872
181 1925 912790830 158467870
731 1946 68901727 56500264
393 1780 733347300 425853321
1936 1226 317203015 730843334
532 1888 911052102 919985258
20 1559 473093711 868258334
691 537 144615854 684681968
211 401 618419349 13582226
254 874 250551611 470906544
1832 848 440701412 321295311
268 1378 939243331 331990883
717 871 445752939 652093593
1176 1229 894845422 100290653
399 1737 901131535 800125385
1551 1834 389536839 748827426
1016 1614 11173496 572036547
1676 1297 415894327 338939665
1259 537 836904739 693855514
611 1616 302469710 502244613
89 1132 679769853 680685495
1741 245 539602956 483163494
1221 693 763880147 589405091
1277 1110 381638707 261836016
1835 1078 106848607 896446176
998 1897 356330204 602435435
624 1876 765379052 675119619
242 213 486568621 13590748
89 1703 347505363 432220234
281 1128 658436669 68619365
800 929 509142948 648959285
1875 218 60174126 410222933
74 1214 756141211 516062026
1144 1765 222423692 48339288
1323 213 576644771 731787159
1571 1949 428226168 655751929
1379 682 883680328 361689945
944 336 863869824 804328122
268 177 89969285 136306677
1595 1743 188930306 190892158
1287 538 709539141 446077933
603 450 492668701 423548963
451 1956 42673529 221650588
452 1565 766457336 444661516
415 702 350379031 584837068
129 1317 466606852 417196663
1669 697 957794992 829290430
147 300 578548537 991973766
89 222 690458389 274106555
1345 544 141914133 269383472
743 227 661144050 762175501
48 984 916685055 488308825
1624 1144 590824 167341691
1973 523 22159297 940219885
1306 1984 468883139 97716526
740 1144 249136412 110893817
823 16 262709469 989756088
1071 1803 747010091 997439796
725 1118 906838457 241936608
370 570 293568025 652135831
1331 32 495079786 602744808
1633 1757 771495590 276796680
720 1454 227957036 523730529
1774 1770 779476335 582304806
725 1007 658983332 209914594
1844 1821 25807297 623145183
189 1024 178309407 410255708
1023 1511 688957887 620672106
1699 34 200082407 658565612
1357 236 958134913 687436629
877 929 39268756 210405169
683 245 762125937 262359531
863 930 995789759 960463020
1015 72 101929285 918831541
895 733 949366705 269856124
608 544 991892137 677826968
959 1625 980958986 390169766
1833 1527 295982261 861376702
526 1435 258601150 587559362
1329 1137 60946739 46878670
1569 794 954699457 545434569
217 1141 151082440 261155580
273 446 87414337 871547171
771 1523 960971239 112591222
1511 768 75956331 636427425
1383 1635 281931635 856204143
837 154 374569097 179696384
21 1028 755954544 23559854
204 1393 3537143 960693508
1662 1053 122929384 663797561
1751 301 589123974 151561500
73 83 827414357 996955344
1254 1011 697516454 68738192
1413 1662 336945003 803486065
1802 718 611354360 771164830
546 1210 940933347 603484425
1984 1056 208667555 730225404
430 1407 990992221 612821513
264 1518 643466918 110691414
1508 126 169646023 986692576
1306 1187 856365795 143631143
756 855 545154077 526642646
723 1782 965008809 726102848
1646 256 540107087 103257414
1588 1376 749895956 327669195
778 738 14121433 843032500
1865 530 443068068 959521062
152 1585 278654943 507928643
1718 273 34459374 127002485
737 1793 689804704 549877109
340 907 259558609 816130148
746 1172 41914637 377577546
601 331 987287627 519668422
795 420 139914432 934435604
1676 1285 156743891 91122126
1958 734 247347553 291501901
213 514 251978943 509820249
962 1260 538261642 197475222
304 1176 723510277 630914561
1288 985 854459350 272559720
246 875 71952194 44666514
110 1961 611194545 230145489
107 309 478860565 395294959
620 421 966842441 467904687
16 930 603485379 926891129
1620 1906 359409576 98356383
1776 1573 903832716 426990149
1901 318 596795739 363152398
305 1286 667322299 375011547
904 1662 288458532 327833550
472 948 655608591 634908230
1351 1343 986392650 651824660
616 1213 774429848 100107397
949 131 965401910 893161360
542 625 934690746 630903910
1548 1239 678921830 923301553
811 596 205082693 572356281
976 853 746117789 708461493
1091 753 225690111 362785288
1387 570 107375069 252597880
970 1384 343987787 608746959
1010 502 747195765 321981684
818 436 53280488 369329058
1092 791 840381619 177920150
771 381 996920501 158038721
1502 1785 544336640 611115307
1886 812 863647379 768358487
1695 352 140107698 965549351
262 1469 928255575 771058550
603 1306 817514847 425928447
943 614 654586510 11205979
1581 1349 150958243 198985816
1810 525 125263703 35115012
726 792 635834294 761506698
676 1673 885651756 360769536
1355 905 460697390 207537302
166 1471 915087132 71480626
872 70 274748394 295547360
1349 681 116304978 649802493
9 1247 587003392 562831923
941 1955 724357374 975834466
1808 1710 378645740 884127580
74 882 703903555 348700179
1863 1822 215998394 591458509
1104 1897 389294648 68732953
507 485 329860077 988630250
2000 1358 182672048 392263958
847 291 19358698 5491666
1528 21 45211006 77645414
544 1001 991549786 408714061
383 482 11800757 183192403
825 41 396427874 737809874
1912 402 462107041 417273901
1992 1177 38099660 7774982
1684 1099 811494240 134317405
67 1441 570482640 9479371
1353 72 493957030 453250421
1719 610 819872544 704610199
1248 1207 593740231 712872187
74 907 504436131 813044450
184 1588 625583443 754863676
634 1450 324226102 188061064
1894 251 726945758 851287287
49 598 417001724 51258667
670 1934 952316769 710639893
996 1325 239144111 500390261
818 786 801936669 53342541
147 74 89375202 895978307
1104 958 872942004 702900102
1531 17 811854956 889177432
372 642 653425882 458647995
187 1520 349657207 544832511
1622 526 228525885 638676988
1334 1541 905421703 149242011
1782 212 371425821 841954711
728 485 385749643 857310688
1165 1018 596119075 32793376
1155 60 591668103 984049043
1997 1494 407473438 194514890
619 618 666646611 103964331
733 870 982992976 824719196
1735 610 521288525 508182138
77 1599 181162113 135841267
528 551 810263524 718037439
1674 464 244524275 765900527
1922 573 88515620 100840057
1174 959 701853297 376606361
129 501 802558205 834190899
255 569 451417155 129661995
1546 694 633970854 220483361
946 882 811776470 71996155
1589 628 410392451 38301020
563 409 525018336 312439273
370 720 166138222 817150078
1291 369 341559043 159904477
1221 999 117219141 593189252
832 1225 437926044 380620823
125 1232 737689857 332861216
583 1103 449578484 741872034
114 1847 839261627 125613059
1555 1979 83637750 916395923
1023 866 473252988 912954309
1010 1758 780022033 307859178
273 214 650643474 487471184
844 729 682925236 911530078
271 1980 815245763 516002883
377 861 526743859 441339270
1886 1326 609961623 929156647
1882 1005 506632522 270263122
579 1065 4741291 810361554
119 509 102353691 287076636
1077 10 333242350 769327536
1424 535 33344354 538262288
1498 1807 904415701 945500847
1932 490 88687928 777815894
1619 481 154125114 678131025
791 481 535432440 610859040
308 1823 62275344 204563536
79 143 503780356 635777456
711 1077 950604747 569658227
574 1802 509513652 922269315
773 76 584424582 502483185
1759 1570 773402061 739630718
901 68 408798137 529093376
1860 846 59881439 581951939
1825 1962 740398805 534148946
538 991 270692324 45076202
1175 415 542241346 460992780
748 1780 670241408 30750312
72 1525 88954254 576928431
665 193 515272781 797547066
1882 377 129710527 481880250
1506 1291 239325676 702427229
1411 1522 35048159 969610013
1199 436 834816013 149610786
248 1252 594335875 265270809
806 1226 615768844 328495858
1052 67 445674181 857877464
187 1566 666060189 346382219
45 85 816502050 530594319
483 182 459604604 72583965
734 1298 759404916 374552642
245 140 541597126 250675263
1957 53 513348455 276313743
973 1493 986399523 838940339
1199 1952 465215874 787749263
1121 1076 806865491 791628859
1361 728 430628502 843764969
1058 1577 267758189 372498231
1331 339 520151522 436028442
390 285 823421011 458021267
909 613 900306893 629904888
580 1343 422086071 159444481
1375 391 587868540 653051879
843 524 922831551 621681845
1348 274 343430320 220304694
814 796 331330235 691372175
22 702 680940228 243699508
915 35 245140655 527251064
84 1915 610054371 235210343
1877 371 445800146 426332473
779 585 692218778 308636440
1925 1256 558809076 895844087
1193 373 105111345 184728222
449 808 391201901 219030232
328 1400 104398488 954544810
406 1976 204552413 34627183
518 777 133895997 426084681
1119 219 221901175 213420260
396 1869 957555489 13434441
1279 1858 98983332 958080590
1028 1402 148901161 477567165
745 1011 882457463 618263264
1310 1865 825306015 732985692
1602 664 261902149 494323921
1991 430 624858653 139867334
1366 1575 382457555 147186552
1970 270 687389998 344708477
662 177 108863255 142656887
1554 1805 717275092 539852745
1732 917 635139057 276380754
1246 596 456168372 466225193
1430 1376 673763077 617304441
252 282 145165415 146152339
490 420 434347914 69805445
988 910 982395455 483824220
158 1202 490198915 782958622
1258 1228 801463479 693244040
590 112 301429189 794920188
759 625 149081335 311644150
675 1875 133681022 904960376
1219 1417 673301185 919026238
164 926 709524580 479534988
1447 1705 36069682 6420929
1947 609 167917117 79804597
54 1168 5967393 190168117
1809 776 20003297 100511823
181 1526 61555816 350501491
1864 703 238087892 62030634
1871 299 601170140 559307343
1559 207 311855522 163654910
995 1932 887992484 822295136
791 42 258387838 604502990
1670 879 59571240 219094865
1512 294 608156254 584121461
1942 1686 451815122 243270610
1262 1449 323007462 45388632
1977 1596 545178737 148399285
843 1602 597873846 970923161
1501 728 332963264 731134469
598 1858 727961397 510372965
1156 1769 523316388 185251439
1591 680 623616881 768442470
432 667 835797212 211295969
72 210 156231679 742770416
1817 1062 559078267 629232610
164 469 737757650 360456977
1538 1189 916211195 448067255
652 164 91900758 653705243
1995 1018 24103967 959522914
1629 729 244449807 204495709
1952 1192 16415117 83145348
788 867 923496722 416786401
1297 787 820890217 648160838
51 1741 54449307 621772534
458 1583 438673589 389073470
1385 1232 970246892 129963948
840 1252 725196119 422131091
473 482 423087925 967847134
313 298 662325327 717372406
676 1555 15736610 827836700
90 1705 662434555 348608425
690 971 813108285 529930541
943 433 566147309 717343862
367 298 762877261 73849688
244 1506 591301818 122119660
472 1686 793120349 874932964
1686 392 883243781 81344321
139 716 634860594 788405990
285 921 638821131 963739135
43 112 211014292 348169852
283 495 823083222 357223927
1373 477 782017193 589070800
1822 1194 435759738 473383328
646 1736 81529398 83777211
1885 307 272752027 561191796
211 1551 122379888 588539713
871 1940 799924892 263259287
750 950 511844553 826058936
815 1612 852750029 276861822
740 564 748060644 54976934
450 1193 462059568 295840434
673 1115 164494781 24359160
1258 1168 725974177 827329822
145 1903 203874274 560978675
670 1402 301760925 750944431
1411 1741 409595943 736062608
1780 825 91748896 336929901
1325 1452 302285226 147928613
1930 786 746610448 212523462
1300 920 395950461 607159495
1863 1317 268182678 580374332
1174 1098 205808554 716257124
36 264 717817769 205060422
544 1278 568139988 713679338
1691 1823 583035296 557480203
377 392 659518583 914380081
1437 1191 435824468 895754907
1793 1583 662900095 540711966
1574 1593 903014129 178642552
450 1131 419275374 761559896
791 1303 232831495 986675405
1548 1667 340197444 681381742
434 961 942109664 47493012
1225 391 706929128 517167504
216 1797 266795579 276053186
1100 1433 130540154 135220167
1622 817 591595450 990695476
1485 696 47021766 321934833
34 17 707678423 26861764
1745 840 66641303 766862197
1243 593 319954008 803306189
1291 630 267800560 808412277
337 482 249595690 486573744
1740 1335 71143680 315412421
1972 1054 203717309 434083387
1894 1068 120747803 786920908
1605 185 946979417 958489917
1338 331 15073435 836632632
730 639 668619064 47434863
389 112 865442949 113495717
719 775 472020856 638828247
955 286 470407784 494745835
1683 1297 511067402 480998670
1195 1613 139355659 90942211
1582 1542 265493866 701386558
1320 257 951031975 602289601
657 1886 301834485 88558650
1548 1882 564636441 847536830
1621 356 22251283 32952862
193 1013 147253366 738846483
1876 1664 574656988 940915685
429 321 574690301 257335202
1592 1680 393189518 937206330
856 1369 501922771 862290135
694 1945 604964431 111547711
173 1928 453647945 403092846
832 145 901970153 341361723
820 821 722619753 512632357
770 1647 915549635 10919614
979 497 775431224 481568454
1706 1965 962396482 745310346
1210 653 450266511 833001481
380 1677 212539895 104527089
1655 266 962355277 630850018
58 1867 590142468 162192273
941 1353 49667903 962828085
606 1514 829387075 180113424
287 1610 432753672 617135928
269 1770 474536877 462792362
965 1904 26938446 555260487
655 110 979992634 273490388
752 485 62546857 562204861
1442 1613 962142944 419899445
1659 1090 542258689 36170689
732 1190 852791655 247210245
258 416 16802780 744047884
1520 1330 721498038 656520521
1465 1168 793256120 783488079
371 1828 230626162 95979241
1528 1493 409325335 951253812
666 473 431792427 870698666
1880 1279 29440319 815958296
578 7 426273691 660367543
1520 822 591365170 840866659
42 148 200897284 503241974
1092 358 937294614 349819852
485 53 822359494 529909780
897 647 472844940 872550211
1943 1948 954211398 116521025
1797 1357 837299375 572198962
1702 272 463692726 565189767
1584 1369 133756268 207620128
393 976 127441293 117824843
1080 894 222960823 799306101
1549 337 309364219 927748774
1938 1900 396590063 215537646
1846 1557 660269644 596616714
307 1487 784293623 791725810
1142 345 442166679 852036668
414 1721 761570046 33503666
449 1199 433145516 537277212
1978 338 295628980 805053880
237 912 549223537 967626499
509 286 341858887 598814503
1198 1308 31763036 142372135
560 169 244672787 295499060
1986 566 777160013 566519358
43 1150 718865541 176663211
846 1090 348192278 156882307
1476 957 351668668 125093577
1082 1766 851009140 870703051
267 1081 717863228 724357397
1561 395 380725343 84133162
380 753 338544110 361015408
1829 663 962701815 706702257
302 1358 424610400 851345827
472 1158 421158856 330716222
327 545 914517200 921699679
762 1780 236806201 399743923
1231 1886 698564324 406120683
1499 1185 732343364 736215789
1804 1857 273198204 882388577
1592 640 639831362 689473700
1231 56 604587834 217948587
443 1354 450507206 447723987
998 1539 626550302 519526098
911 556 400781768 772909318
15 171 332057629 956705800
958 1027 990015459 14168411
85 454 543040736 44287939
1940 1556 103541578 84357702
659 501 306351280 822282970
1037 580 606719029 827278470
414 1189 796462617 238932246
659 987 549623384 443590061
59 996 80800406 658658489
1659 832 55474588 256814763
691 68 937613213 55212824
284 747 325104679 854925752
795 148 760894679 515348555
1102 1870 40914162 324006522
1895 288 77752005 803835496
21 397 564507415 121152195
19 1513 59455910 900267499
1982 1333 304242199 1824434
978 886 654208293 328753711
1304 271 898900937 238789223
1647 1450 247819813 996211023
515 1484 703461523 130760916
1364 561 178729626 560493624
1232 1498 601589544 621780748
433 945 286055003 275908149
1232 1424 10882975 24734962
1713 1301 869992588 502110582
72 1030 772323172 629473662
64 809 415480416 365823634
446 276 524906773 223483275
1047 1702 227124813 340972336
1927 1249 956972522 61950345
1835 1248 434327293 771344114
801 788 187352383 931510067
1819 1987 291787223 733559564
793 1593 640570556 660078588
57 1767 673571065 786314022
1313 1126 507634014 315877885
467 1585 399821567 183410826
837 741 277110106 295623844
1990 1394 65201878 810794841
1911 781 108901854 223481619
956 591 224433213 87503327
755 1781 291012659 314216396
1336 1213 283937016 924936773
846 495 60341436 526209508
585 90 33619767 133858614
1842 590 238492666 549194161
161 1308 20129123 742997419
340 396 988630686 600297624
747 1178 380094967 531746743
1834 127 235720460 779937572
1622 864 587142940 556227988
1254 900 898967678 402580540
805 1467 158919766 886816597
1170 1514 601305596 478787195
1851 1958 315305145 724591380
1173 1352 639023548 389596346
1565 1137 582967167 815514980
1630 1065 781231983 483318586
75 84 11258079 397891783
522 77 689335944 575822562
1813 246 787688171 453809576
156 737 1626238 19429481
780 508 782155211 250913708
1421 403 900587640 709226800
1028 1920 714395593 650185748
1741 1456 556653630 903342680
469 451 210165097 225426255
1737 129 398860803 97803937
1848 669 216707714 278334899
862 596 849835946 249424704
497 967 975103310 578431334
261 1693 594298212 751483741
1508 1384 837068558 524565284
1677 220 781374752 911237934
1953 398 137271108 960490227
1982 1814 32675255 281096961
1707 1581 465148354 483933113
1030 1517 939846547 281528354
882 868 57504241 84215577
1082 1925 277416653 833183550
794 1320 893184993 361789489
1677 976 306614155 849240173
1746 826 875866206 953932338
1216 1878 809901991 179583307
1604 374 98165837 299788329
945 1508 102403385 443486296
933 652 821414634 190094106
920 1687 358507446 226998034
1402 1332 808100015 770414202
1902 1885 565655302 321715833
1314 85 244915198 611250908
1613 1704 985799016 910055030
1544 1683 494673851 345932277
1249 778 760978838 887453047
588 1155 746249736 808209556
467 1940 617628906 241027277
76 418 521657004 265657841
931 1738 403983881 335368271
453 218 365589736 17697273
770 232 397649279 544209227
7 961 375732496 840682762
144 275 68296383 191673519
1923 751 598022268 907695974
1696 648 240350818 628286489
694 964 151447705 79117572
1736 1451 292251381 262175041
288 1948 432623354 620008958
223 1922 626273836 206054943
1189 1107 15078566 770199849
1111 800 938417554 654990559
773 1122 271973605 346180141
662 1640 195529085 793233415
552 1029 110211838 610112458
277 483 707240144 955046281
1404 366 121715440 983233966
1297 1217 89206902 216465834
286 759 388121584 680567842
1086 1070 816398153 129517967
603 469 915246343 510344585
1258 415 375713076 91389780
1600 919 890629005 722769971
1556 1581 69839196 702503799
1518 327 27650823 68934521
1621 569 413797630 789846463
912 309 588275665 885532268
1875 1003 76694853 637510847
1070 1929 845757428 718968064
1630 1893 993678120 580397411
1533 1306 646095655 686755191
1131 1947 345830988 398760353
242 1178 92597438 787513730
936 1177 230407841 854250726
805 1532 908291604 135648864
1147 1425 109110598 979559418
1155 706 496884430 700869639
1464 1462 589225841 578024691
1617 800 252354806 825475826
1824 707 312965472 798070877
1002 408 26895548 428993432
956 1894 267193872 895647365
1717 326 155232168 709728967
821 215 69720635 729848555
644 857 664897539 311069718
1422 1845 203654976 75197488
1813 1664 305083609 103704287
1636 1927 312157202 613376837
1934 1846 784229802 605621337
1343 599 17497415 546596272
1176 1852 138174491 432281213
749 451 55479161 332897594
1456 1386 514460308 900769314
1161 1287 877649471 264534694
1948 219 130850571 603926735
1849 65 224641066 619072460
1621 1145 970151856 327404056
962 1718 428938650 885621226
1741 938 517891289 935540830
1819 1933 783362927 909855116
1042 1559 88032161 5011759
476 1234 353466827 862748084
399 210 749740074 847480148
1826 424 932631801 48217473
823 1497 615233155 714396875
458 1698 523180331 829403570
495 508 446472532 34834813
1626 951 630621416 685757417
788 479 657544401 703619716
277 317 468963280 193427541
541 881 321150613 27838429
4 1883 641078821 414806453
1932 1003 319305593 488164258
633 924 285104194 453333126
1980 1094 144326949 196713827
635 1395 992757823 835204615
1999 1877 259820921 301208924
1882 274 640151674 351620638
1958 953 731743409 169519732
888 1220 69821989 418689524
1729 635 697179600 343249839
1107 1077 544412772 646457183
798 1380 728534449 612992240
1882 1476 226910687 326562971
606 1385 877265909 982837498
1294 1222 949533495 724366223
40 38 355651685 655627819
1456 1701 422799051 958427687
1674 841 722574655 474041508
1784 266 734219079 675281134
605 1312 12557161 982655942
1738 1365 456070167 683301219
1109 1639 287086516 982324039
705 1827 253974248 763890866
1828 382 313761544 397833974
449 141 716683004 145187610
1995 1247 169351853 381813477
98 1652 554278860 88148037
897 1825 29618851 866579536
177 368 848067202 926748784
43 218 314007356 834871860
1585 187 368058036 497191542
173 1262 511829597 788593007
748 1286 531565898 887202605
95 1088 731793133 595999428
618 541 293135232 951711287
1305 1510 987273630 933212533
75 420 473477817 381785546
325 1160 72915234 935449200
194 1367 847538792 441917730
231 412 427177216 204171827
1171 1165 973424790 467723316
1409 1423 622391306 603833338
451 1554 735581593 543949425
650 186 329297022 693346956
325 982 4290624 181378639
1360 1579 836289291 177546444
1462 1652 759521410 416150389
199 1016 172225298 198658025
1391 19 301686739 631970771
1398 800 67599195 584863161
962 1002 932526804 280814650
1710 1229 965544403 116934009
1006 1074 863356256 921105708
1430 316 482171634 935737607
851 177 130173225 608753595
1787 209 322398233 532981669
40 427 256557851 338771259
1688 647 590737174 891491189
846 451 935828803 302375053
266 1466 581523564 373809996
1542 1181 47380828 524987163
657 589 161889273 53877819
65 1620 487940001 498444832
1816 1519 804177878 138884994
40 572 130927205 488615353
150 1102 18734283 356118900
182 1659 161933376 992258707
1131 1437 973878907 625292368
706 1190 388897490 222866693
435 478 767047323 353066129
154 999 796829987 628398997
1292 1914 223551918 211862867
291 790 374219804 202565018
538 47 802695082 189984176
477 941 67596090 916137833
111 397 725564463 893830
1755 512 942651728 796119896
1120 1955 862595612 93821424
949 1601 657558898 916940830
316 1498 450019263 546604432
5 1598 348679847 892488786
1121 532 838954636 823587503
1987 1870 207709757 853240205
120 1460 383441394 74210751
1165 1876 733602457 775281866
1205 1324 848020470 990897892
1196 798 100343180 168859928
958 774 23749089 399232808
395 1025 378852789 689725728
566 1222 684946007 855858961
1993 1486 572682872 45021526
1109 402 561269519 910727665
184 636 315215725 680901614
1306 1452 885932841 154345034
1664 1248 795299297 433287028
1234 229 842897288 591727381
436 1992 501324616 737664663
1181 1100 879447570 750446966
1187 1028 51274333 393537309
456 88 395623318 266639653
407 1820 667782966 880510119
113 607 625779584 437984743
173 1416 459051205 563174936
215 900 303849533 198305161
91 368 791926244 67592943
830 298 294098828 510660023
1504 250 568914195 266439894
546 710 966254361 147819857
1895 311 266713212 942363273
234 196 464608695 44131991
1840 1215 465245933 593126694
721 1638 954799814 78186787
1657 520 977607492 671622245
1133 1339 783962735 695664261
1693 839 525865638 263761274
402 660 714300370 782009790
983 960 857774553 939958030
275 1011 787988009 712273420
145 1578 492592755 722148594
619 935 836517084 67340588
244 1128 698438637 308001328
1774 1055 83790848 516897786
1515 1189 483888568 202004566
1660 99 314851830 24862994
1307 961 494157528 100319656
1754 1349 107324878 771579073
1601 1858 248576211 515457908
169 1241 46971877 953734882
1643 1611 885868794 888007139
462 679 103143135 960687961
95 1568 926790249 180386134
1057 1821 800315037 816223083
129 1931 15743906 779885110
240 413 404078051 110167812
1876 1090 74048694 545932514
321 753 372047109 136370877
595 1782 832799812 35001855
1280 1185 219571656 854450237
15 49 275471663 701894050
761 1903 963530782 969892026
894 1687 948199670 274627755
1959 145 399586086 292283828
1998 689 460594779 46967520
1552 1666 453657210 539134660
1247 1506 51554064 170727294
339 1333 587956475 972270502
1649 1680 424838740 829875933
1993 1845 392063732 265768362
1113 1804 458108308 738971039
885 1447 640173598 943618407
1359 1626 212521907 997218513
836 653 416480815 456397596
1958 1019 275900585 783317193
64 1720 191958810 406537378
1758 1695 213862815 840279107
972 1700 505240144 112708746
1213 368 913520466 244428567
1078 1735 148472434 292852135
436 1753 610367800 157147203
143 756 657001536 748146541
1683 134 158746689 90007015
851 692 604457561 864899345
1557 1761 813125854 395523274
1709 782 113176382 121306442
360 1408 59888298 765303163
638 1841 197087709 105552817
460 131 489326712 8350701
713 719 219069236 939976403
1677 243 144990027 425419217
1228 220 47718695 676755961
1500 393 106745014 905301234
1865 1892 669136299 879565660
1796 1738 688237744 98445417
1985 896 377895676 295203524
349 1928 987027711 962122798
50 1540 479209038 454353284
1643 1786 336056439 760684376
1618 869 687587741 130135057
1 1914 853157992 110652101
565 784 780361296 896693672
1929 1542 3187110 865785061
1812 1630 244589918 193902356
442 1086 43362068 690194875
1347 1834 87559044 779790458
1004 528 981368967 816820146
36 634 310230750 784379268
809 1922 628881813 416356254
1592 361 741784370 488613902
1072 672 269403515 68169385
227 300 882323866 852449568
1971 1652 63198900 399345703
1775 1801 447936835 837315929
1678 1219 722865081 111044061
1205 1578 930588583 301614430
1115 1548 844440229 992773079
1221 197 160315435 550969999
1351 363 360045995 317433430
528 979 904056916 996704204
1980 1031 300287864 682512643
944 47 915455711 398941994
94 1220 161290297 230440620
929 1982 592654972 831035085
1945 1623 228821793 975387495
1839 926 367774604 587940338
685 1090 101103017 572089417
1999 806 679676635 249118062
1726 1365 574785491 6369522
229 1769 966522399 487384449
1640 1443 598264585 893369359
1298 1360 388010249 887611936
520 1803 9817518 968043717
600 233 490159601 868938520
1234 466 476705887 431437390
49 1295 681255666 869982022
665 685 359955915 404854591
1601 833 319298992 461816499
309 438 380599309 146565163
905 1835 616852100 186578127
1557 1333 58961255 376707340
1278 1808 250123788 669655075
1830 1147 898783725 937397611
1428 99 70169629 668278686
1192 280 239491444 96435789
946 1873 774036669 678173058
1988 1589 169004347 985481370
587 1525 534518302 602694910
1746 731 535967910 120425043
943 1698 416707198 393224826
1366 432 209821484 569782745
683 811 138314343 909468428
184 790 887110259 514177562
941 314 65767309 66860942
1569 948 628714224 269377059
620 547 375693559 984909615
1912 1456 945816338 134380491
576 191 852639808 696609673
827 1393 288793060 727644299
720 235 125935612 217072465
1080 1285 133422222 763422780
1415 301 489553799 633590332
844 116 217562160 954145990
1157 1640 813374230 664463303
987 1701 464410409 345176376
1186 900 450878937 119993600
345 1170 515098284 750446668
835 1421 650860289 315008004
404 1532 995938870 950656785
1996 1286 609656784 741416423
987 1216 694062547 452536905
1736 193 181990894 370024081
1314 1479 247187787 376851567
1670 874 815157644 488284326
142 567 443763555 688995956
468 213 949910611 264682688
758 295 292244581 157563825
164 320 567759848 84535339
1495 423 877811264 140396155
1522 474 296090780 222837305
1484 1715 792985652 838534215
79 1331 836590838 322442262
1921 1757 254692209 543781719
1623 1883 482319956 333061144
442 1646 100813860 386605319
1586 627 512787310 13391932
1888 506 234196073 975574297
227 1701 854514335 908524054
1057 1996 319726910 333661557
858 647 786142929 465664944
498 1040 955463655 907423721
837 1754 921602431 486535091
1665 397 383860075 710554083
1525 1856 197067841 737111708
1315 1775 153250173 153184301
926 1447 147172673 333554958
139 584 333855964 148335129
1359 1271 582055451 987111284
1813 666 997273899 326446193
1443 1152 894270377 18385142
206 978 685883474 365858055
45 1872 496542645 519299612
643 632 34885961 432238399
358 347 500278519 915082306
1223 525 102120371 533433081
686 1160 383896884 613053867
243 588 302880121 207981105
943 502 705105885 741583905
1691 1675 408471789 981207276
1579 394 595960974 457680099
480 692 367730739 234517809
484 1468 623162775 198582731
1876 1581 269000652 125658613
439 1955 362255310 610889008
1250 1373 972454184 300600006
841 1031 384110990 934949261
1855 283 898228076 77166177
491 1275 721014444 982692030
688 1306 639702470 91594907
507 499 763694400 352550021
1880 1835 573494030 954287004
1496 250 339693617 826147173
1679 1395 300527104 315019763
1233 675 996412648 470665927
1469 956 925776108 19103800
5 520 287192531 141517163
704 318 50357949 712011332
1153 371 960836680 202144429
267 1648 292732234 81924857
1471 601 85009245 766616179
1211 1650 460717748 518727606
335 374 554510744 368090308
613 173 299362311 199987050
1352 1321 520776974 817304424
1855 792 626977758 118861429
591 1353 488610284 204656059
56 304 417027921 330433135
171 830 693559590 182936505
536 517 185446514 680875655
146 705 555387564 606998130
230 1281 926364199 555325545
1511 1045 768388255 91229833
572 470 341362377 549136564
1760 112 293004130 736271686
1453 1779 442621877 706513051
1811 496 938898333 16987456
1330 609 485241676 759430089
759 1524 316556727 428332804
1150 237 245981305 499833723
289 334 575996139 847820326
1060 349 575909998 495310794
482 1613 427582587 506582784
334 1703 797347850 718648973
78 835 624853920 80227898
344 1638 964983614 882787125
73 222 37230262 551470415
1468 843 561580889 881406037
1441 1607 402041830 318744783
1432 523 382750654 453727252
1024 84 328662505 950920517
1812 998 612976980 647494949
262 752 172753350 275573443
1066 1997 646195406 509184683
1360 957 283106364 126080506
601 529 423163660 446861406
1432 791 995773174 846223220
870 42 761016699 343447554
850 678 762528067 275041225
1221 1575 637849739 372965904
352 1849 997071300 437354986
1142 1713 668586667 813471958
1959 623 893883883 265822906
26 1692 162756428 220304064
643 1219 929458313 248301693
1292 989 608676835 205296449
874 875 823456929 612069144
1432 1974 839403997 570556628
1368 391 684442216 620758786
1031 201 528680326 350478206
364 578 940919315 419321396
1761 1512 496355229 663213072
784 822 382928008 374541816
520 1276 165063000 768185851
1545 567 76649747 367334825
951 576 716169506 410502804
143 1446 16203169 775745785
1395 729 790721386 530527702
949 830 133078142 671655303
1353 1045 994339249 319320409
1275 965 739577354 916944101
1318 1310 358895527 821459656
589 217 488741593 710433753
250 1277 258618872 914303346
853 1007 103997544 828731534
844 275 901287316 790642981
830 1551 613364067 370326317
295 918 710135007 401023818
1808 1658 918149 361710689
1457 724 989340642 736441424
34 468 724977985 1251313
1227 174 320357431 362430514
824 929 680250827 141523674
1252 449 851105378 925931684
1503 872 973930523 281034066
1939 1983 699081817 995697788
664 1687 122750577 198824889
1964 184 813773919 125669639
517 1298 198261743 628008339
759 984 232539179 986261706
330 804 244505233 320478792
602 1282 721095684 91423475
134 1803 376128845 532511186
1514 1583 390813331 422549777
1895 1506 2086354 720418084
1720 1582 429794776 867869511
83 52 145051980 354687329
1217 1585 484261516 219856739
1719 1518 663247524 110626149
1270 1370 364375279 853665642
1295 831 32351458 141656428
1099 666 832277990 739449834
1932 1059 318089215 351643139
759 598 572868939 780061408
733 1846 703390814 970761318
495 1964 629448589 810635241
254 559 8759978 509524322
422 1147 923559497 706446329
1426 1208 652256676 564420435
967 332 247248544 57177030
841 1417 631161330 105589621
444 1229 911053670 139443880
281 121 148104165 545995613
869 1272 395667341 290175707
1458 1190 735152969 173032284
1015 1768 889936751 284713877
1675 992 917154904 409257475
1368 1456 116455813 650964881
1621 640 207518605 754529256
39 1025 540262801 547810086
780 211 232809595 815594681
830 1308 559302539 601673684
908 1963 594770475 834437300
1190 1848 828889823 213214300
1565 1897 282381610 445811146
694 754 733582812 757034985
700 1473 686421386 515317346
890 1740 9495697 295126903
664 201 173593759 941271355
938 1241 711601422 43305514
1937 322 319246569 317370252
686 720 279314787 410192077
1069 1649 916730076 355771924
1090 559 166332869 281816539
1052 576 241059303 484710545
1838 814 791696159 988791153
840 1725 731215749 261988623
1875 179 3397116 738169863
1527 430 689873228 509928739
1297 1850 125155793 734670668
994 1444 296388908 330525626
1811 604 777685997 722120871
25 222 498614861 210117667
927 571 108104746 991370885
210 1882 822402603 327595202
1968 1667 493487619 164307068
1583 1402 469615723 606926631
275 550 417637729 381762145
300 1316 338554984 176307348
1983 761 550070183 25955741
1665 698 87920796 415164597
1211 514 472683185 511185742
1095 1176 142023051 749007787
1843 1541 39525115 179013314
888 608 979170072 113672674
441 1759 21591079 251480773
1825 1785 839413631 770382363
1505 1376 486596222 253674645
1182 958 56311527 973482215
1023 1380 330965742 168026347
1556 1089 489245000 734716220
1626 89 354339202 994043574
1855 674 644912363 161436349
902 1034 100418440 940171576
1656 423 303296702 465189304
512 458 77167977 17962953
9 1358 256014773 54057471
369 124 687098354 769953886
196 1969 709925972 426126843
1125 1026 274747930 762235106
1986 1907 61559214 635788461
927 1842 383047974 130850549
316 518 365749736 193093130
173 103 744985261 992645069
287 1591 774531548 153654824
1769 874 586568222 609524753
1637 536 664560640 76790917
1039 1062 87090765 178206674
1705 1565 876133206 321841025
359 869 380030342 639309426
1263 1356 99473896 620193019
1878 91 603222560 278794296
866 1130 94774715 67130387
170 1050 641369921 25094848
1058 1575 684263406 281194618
1253 476 715786913 292743439
1734 1598 760225748 709727214
1756 179 755972579 51271237
204 995 531274369 267777402
1291 817 685824727 901814357
973 267 805925144 67710251
772 78 395338690 270590780
1299 189 339666844 974779139
697 447 247367677 106586929
199 417 189410147 200795018
1717 1461 389776383 837250776
727 1574 942970583 699066197
545 414 977449924 930829091
738 78 211899285 763703888
1234 1923 820114720 565365817
1151 251 953381913 832153900
1170 1082 922717530 378265840
1921 297 3832947 45751191
1069 1357 719947419 869073850
440 1102 644860982 498329580
1656 1819 193496415 571416107
1912 655 780681376 732253253
1178 592 486659969 534657687
846 1455 504962587 663808063
32 863 600444998 80851090
616 1154 202684446 466218549
565 416 575439555 792106710
834 48 147640747 902162427
1912 1452 1390360 287296308
1829 134 72086043 46909976
989 534 785833767 258305354
1077 1828 708000102 257182265
1236 381 136312633 130489064
278 423 506847168 988463123
359 1382 701534816 331193821
831 172 351623548 633915480
146 1971 376168107 45852099
1621 874 406367283 50112135
359 803 602358055 162968622
242 1800 272712641 332030630
369 730 853650997 397675575
1004 1952 187894751 575410794
1033 216 782731199 825924534
808 1751 69171063 625413641
690 671 205998661 545499144
1472 1017 795640909 96246712
663 1306 412077556 987283519
1850 218 98909929 915403336
783 1118 897471166 296414055
760 656 24675365 296651740
1577 1005 327953160 322273429
391 1107 440165706 669670940
1909 1435 99145575 821925855
1929 1199 78298279 649110480
1696 310 977615040 84404614
1281 322 414047699 694547519
371 562 80206849 259278353
1465 1279 263354156 74751701
1209 1430 418025775 938938426
1398 736 41032647 776587648
961 311 759951430 38866117
1573 1093 516131184 229837574
1577 1857 972230578 807770199
706 1329 161088084 773502243
410 474 230418376 133743148
1752 685 168784280 640778734
23 1176 777381278 339897846
1897 969 300025358 935139842
900 1530 473692735 393244046
472 1640 661284943 396848554
176 619 119063654 245353528
790 1401 272014101 305002162
844 887 300181950 254330732
1281 713 23541589 275527950
346 1411 842816103 694723578
1008 923 114813333 806078258
1135 722 827279157 884935333
501 483 375342531 934774879
1824 1866 752025234 824939333
737 1516 178986557 444934127
805 1205 461831572 292649380
515 1131 364809645 126741717
1419 734 65432533 889941270
1957 543 490472265 290122683
723 811 385859437 907158265
905 1668 250083997 252636764
1069 368 432186429 608167198
1726 579 660465123 594258351
1450 802 254382023 753075624
708 127 298634497 168061890
1001 1482 725187444 844358663
356 1598 185289429 175151702
990 1342 960316858 282119509
1026 1617 161831163 972107525
1136 1784 886400637 28493832
708 185 630003554 934271592
