70 2000
37 7 249931183 156794522
12 70 361117659 779943334
25 30 219141426 180678461
35 51 776579436 82432418
40 4 209179768 566758818
35 21 896023838 677505551
6 46 285850342 822989673
34 50 500820103 628261601
6 51 862889075 964853142
3 25 971929569 983440667
70 19 638882814 80161782
3 13 529798057 15585365
4 41 339993728 170073183
56 58 588570164 872253037
31 6 448417205 208876537
7 27 93028377 36934730
42 36 212590355 585119803
33 12 893503273 429244561
61 18 504541235 796650177
22 4 148608055 766948202
4 9 418565708 652159864
35 20 153546254 815006107
34 3 281078371 636889580
52 24 465479602 715154937
70 30 707525485 929746435
63 41 586831168 925854845
13 10 72673627 530085963
5 29 240651979 214425585
59 62 695202011 137522569
6 66 336522054 784234841
51 21 382163603 402221842
68 33 675342927 892287001
42 2 369991726 771428717
67 52 971505007 130440201
14 44 443987005 633770648
11 18 556387208 713427220
15 34 274895069 274953827
68 20 926083529 523446442
37 39 263896505 765487517
66 25 899466804 518143320
30 31 793071131 995845703
36 39 806239287 132083399
25 42 166183074 399895306
10 3 846648267 901744757
65 47 981838126 504827222
59 37 457384336 628468027
51 25 17153659 854298875
69 10 965244569 793563515
27 51 345032256 219396517
15 24 556525001 214542026
32 31 533183502 330222809
61 25 491348711 860448563
9 35 471367491 598487534
9 38 469743477 29457148
15 31 459807663 123645519
9 38 28259822 913934782
20 37 967930130 383119995
57 69 28841594 230754959
57 31 697200088 926060059
31 59 424313174 473160155
15 54 235851820 886832790
7 13 861819868 188797103
24 11 270872154 226606656
66 56 462673753 224772811
67 9 532121273 40602410
25 10 105441720 127163596
37 65 266374361 709948336
42 58 302459006 943382021
42 11 465090398 500439797
6 34 445144890 719099409
1 18 948253416 981733115
68 15 442262614 688856131
58 20 683791756 262539762
29 19 156402508 339348186
25 66 127249315 904662839
53 38 568763929 505838855
47 55 548232841 351435006
23 26 173185371 405218602
37 27 942812488 728048173
48 36 357322078 73716779
24 7 905853861 768398491
22 53 294324037 143062691
15 20 809075740 241978964
61 18 371086775 587642207
60 29 693739121 299080900
63 32 278056266 481983600
3 41 235933036 317300876
22 34 637583997 175453175
15 53 14542557 871091984
20 46 312138396 977010557
25 29 117432771 171302931
70 23 163768924 259296676
19 63 174500206 822855952
37 65 386197488 434094226
42 24 501159876 275077617
37 62 638577981 604112340
20 59 853426824 499188742
56 47 610960402 254172022
47 18 812571277 820935444
38 4 181331478 190634717
56 2 694065590 88598554
52 70 200011055 382154246
68 1 528764965 386822491
42 20 434027098 681092654
54 19 529887126 209481677
20 61 943915810 48713616
4 35 431555070 649832515
59 28 859763863 908809108
54 37 337399561 892858124
20 8 897876417 717424763
25 3 568502789 428870345
24 19 501150372 631162676
58 11 330316934 485144705
52 9 288646814 329544441
45 42 720151298 781085278
32 37 234868819 88896194
31 27 562474170 83058638
15 2 875946948 255999092
53 20 570039533 486577800
25 7 362633502 814509575
70 62 685107127 205983028
8 68 350960981 312131584
49 10 87871663 871646359
41 8 390187423 794319476
36 39 693111125 140496386
41 60 999465187 439433302
40 70 407036778 289966673
9 19 811100924 193510641
20 38 502959613 318120870
50 66 736420163 157792255
40 26 188713506 301295577
2 44 16718697 672459501
45 44 788532850 32063665
7 38 536210667 853067104
49 27 36418144 567981676
29 18 641805420 184020102
70 54 143226224 307083181
7 42 810887316 562690748
20 30 65864656 228740560
15 2 371434078 217849338
50 9 588644021 663072830
8 6 91613703 634618312
65 59 469362719 190803393
38 48 609858772 386437282
46 67 126944977 919437864
15 23 847445790 588242265
3 70 18592155 626887569
19 11 660893915 423927918
44 19 498261645 47613159
17 45 560868981 407012628
59 45 135628228 664849949
14 6 38081557 687960451
11 56 587122326 381839669
27 40 947529303 305027685
16 26 687819064 678850124
8 34 661494652 607985930
44 57 382156103 742176827
48 39 312944398 646078270
35 58 211001568 827047321
47 54 370686141 18361731
34 29 900579407 12965459
29 17 625997922 224967264
1 46 249004208 772711369
53 1 66248488 363841712
65 25 406275169 353415028
62 24 680023421 896250179
66 38 148431786 598141936
6 46 382135936 722235010
42 54 682671610 279475020
27 63 924025264 241164243
4 9 619272406 371842420
2 61 795555941 703564220
47 64 280240057 572278608
22 10 166259135 390744710
55 33 27085276 426137552
4 55 842988709 904247580
40 13 976842278 426255244
38 15 297255653 695413880
68 26 495025024 837109535
70 21 486469228 166096209
28 20 898106980 594705254
24 29 137805538 733497958
20 46 222526451 199780925
50 61 896809724 303951954
46 42 813672573 21775936
40 69 778853475 452176660
4 27 839213765 745846932
23 18 354488940 398573822
50 56 637301917 604773279
33 61 688203964 577472639
3 6 876357553 816207125
33 59 125921001 169180902
58 63 90976635 241049836
52 70 646564938 984614404
19 10 501368015 600207271
64 13 218857379 398755547
60 30 148657733 10279813
67 9 328284796 727555822
48 29 744955175 499930882
19 18 231067794 919409723
17 62 585637813 202033339
37 47 119806323 863037819
5 27 55297885 623117571
45 6 521372953 153268351
56 18 350086411 265431053
26 48 76454384 981766847
68 54 373952747 208236214
50 22 89075479 711043847
66 62 777889806 362695382
68 24 115119072 685808827
45 67 464617031 443032445
62 28 725408746 648644301
32 64 441288939 605025550
33 6 837036909 780847273
56 12 71118441 766103265
63 53 792843195 998272281
34 68 325689665 275297423
40 46 881203057 61580681
11 27 879044792 21429211
45 66 468096645 669336981
45 26 981061378 947588526
50 13 406645508 478676380
8 38 772656390 648854430
46 10 979935822 452948702
26 4 736158098 146327620
27 23 770872529 264399890
28 6 673376893 581591380
63 1 704577859 585078288
1 38 174520795 448645044
17 58 705914555 208329856
62 51 990854698 243768788
18 21 924796114 101092784
9 52 740875414 178658787
39 4 214954065 35735319
43 59 93696594 399071638
24 27 781695069 837202407
18 19 303546129 880614017
56 15 321598796 259742579
24 3 370438220 278570198
12 35 445938966 255432853
67 66 630223661 967541972
38 60 970937204 906013035
11 63 757962447 403019960
37 46 629570567 635827175
15 44 382452903 637917562
57 36 8290048 70295743
45 56 575570569 963258618
65 67 9565325 700270717
4 27 725776862 615877147
56 15 487914954 2593568
43 38 359497091 266746006
46 65 206679167 329300631
50 11 191264905 424241756
66 41 846083038 426257673
2 45 977058392 395229390
47 12 791666022 855348393
31 8 170181258 562134551
44 2 629706667 190256364
26 13 746777587 583017715
31 44 34701378 374312529
55 49 634166750 463129817
19 12 137045622 607378149
65 52 661126878 354925179
2 15 216579403 967853431
4 16 410682152 928560201
33 28 486675015 828354176
49 2 932692697 1030366
25 65 631928314 392156550
43 49 885278915 455484935
14 48 282884158 655098853
31 4 150653057 174700605
8 4 647712823 872576200
1 12 807105622 567776431
67 41 47344095 770896010
10 60 177862843 552571713
45 39 819621835 613510546
57 56 252720759 362581699
57 35 298296629 936533420
27 69 500872591 382722092
2 14 517951420 487549796
10 30 997912241 791882427
1 17 103130482 681480469
60 66 727946972 214349571
21 47 245200566 460438154
28 48 905366155 242938141
2 28 873767640 711927192
36 33 43868839 146813065
5 19 155521049 541931371
45 61 521841822 166460221
46 26 258059319 736957359
51 10 423649400 798518707
17 23 46692944 288094890
3 55 525250358 670235612
14 56 631254370 146656908
11 13 673191982 129229899
55 11 41069869 639586994
41 4 5121869 130533057
43 67 210028236 408887811
9 43 112500311 44352602
9 31 85133522 260291746
12 21 881447086 416437733
69 33 562786114 962516122
66 23 226952704 503243235
20 43 718258824 116551394
53 11 168522063 565962246
27 47 662541291 593566197
33 51 923551718 741284577
3 40 830846116 255080142
18 32 190965026 208568436
14 32 864433603 342768928
46 11 513670167 613721840
9 59 235216900 917459568
58 33 318667119 692659586
66 41 219813795 194861344
64 61 273326062 68632103
22 3 974057036 294296649
8 1 367108052 924161215
5 44 884035912 60977964
41 12 369209382 765609242
39 57 725713869 355880049
42 22 124375008 923864509
34 64 731060572 465094245
36 38 25465131 983910252
15 37 52095880 371279566
42 22 18489654 367133950
64 19 610495603 902099153
68 24 911142539 976555181
49 24 960194883 439617185
55 16 689870749 516854361
67 29 537180046 377367727
23 9 672012621 637723593
27 30 96842206 144435694
69 16 351333488 720436328
17 51 341078524 767070865
38 8 776803724 48118808
52 39 471713704 538359229
54 55 158645043 382563355
27 65 528010339 781186420
70 4 296701674 54295119
64 1 788163887 865798645
29 64 658103267 163404843
9 28 335310488 647391892
58 51 494799738 291683195
60 29 316806519 884020369
67 14 962415018 477205942
28 21 965685206 310475932
16 50 195926141 214977689
54 20 958477905 474860856
32 58 663501426 504359593
9 50 361284298 254128102
24 64 887162629 255925043
53 32 608268764 846241313
56 40 664568930 27433242
41 17 340961107 505627441
25 52 612193642 217421096
46 60 869848110 660450205
55 49 656732424 237858861
7 51 553885851 390736051
4 41 530314796 338769526
36 14 790402609 169825098
57 14 662954148 96775714
2 10 495121778 345118225
16 21 94422298 971405619
67 40 626325446 129156794
40 49 325958312 350080298
18 46 309686025 789648742
10 1 368958234 91883093
3 7 411483097 412881733
10 62 56902164 627036674
56 14 527981182 957182414
2 3 921478179 686563569
55 28 461432495 333351863
7 8 141212975 146702464
32 31 836307980 56361151
23 44 684232962 488190807
59 2 155339780 940614858
8 26 256960200 292553562
3 40 955115536 979622707
49 34 816051319 397732987
24 69 589940330 108085758
58 70 218875096 397405745
33 45 990361886 672657349
10 49 127898476 379354256
53 35 425677801 902137433
67 17 610767370 343601738
50 38 72945858 372690930
70 47 754130357 564299076
42 20 696034582 460069254
52 33 987892461 250852870
62 6 794460973 871085576
49 62 556204566 253680239
6 41 755913747 516440478
21 62 965191471 817209406
63 51 276434701 312211562
34 44 166432022 481046249
45 10 421947882 188250503
63 66 266243185 227498990
66 68 740198635 603834941
64 11 812899271 327235367
42 62 144725712 724894994
40 11 607180202 338404455
62 29 822064451 680195646
36 6 287896806 972790782
13 21 188036640 149610789
28 50 873089402 811921653
45 3 204957938 309681920
54 66 529902932 799077589
58 28 461266466 588887080
12 44 785176448 38476838
27 3 184400831 907084408
42 14 96087793 981616899
53 33 245682437 34135855
37 3 590546022 31049003
67 66 854517288 194054424
2 21 310274658 161209202
33 59 365808052 410033378
46 66 267546866 515278108
67 68 657629547 859414394
2 13 813827047 102722868
70 32 792406528 977531166
67 33 979113770 27459052
67 64 934217452 26897460
59 11 78712455 20461940
25 35 993535361 511332386
35 52 15139418 351144774
46 70 187499276 61056188
30 13 21645549 319029632
15 28 80584600 782329738
44 34 639524378 173806859
38 43 763984214 725423415
26 4 11348410 273857507
2 9 821421678 502503652
42 62 211584887 447119046
6 53 413155577 864343168
50 25 523324753 987724628
23 44 125110306 337294864
54 57 413322506 695678796
2 51 390878022 740271568
5 1 86943244 827544412
64 54 423376374 876422725
23 48 147420885 597125241
9 17 463931863 915526109
21 43 181500716 386263127
15 55 971475113 296373320
7 59 841315110 945470646
46 41 30284736 468753331
7 44 173561514 746201150
55 17 336847120 340240814
57 65 907936809 372234284
15 19 61930769 985287377
64 58 672540027 709566732
48 33 760817373 356248319
27 4 368322187 523183822
41 37 367274490 488418869
26 7 944201433 596164321
7 17 391731072 731470121
22 20 146337363 156169808
43 42 3520519 931233134
66 45 316878446 256602718
67 48 787516429 683676767
61 7 507138146 667703751
23 39 663063317 521603145
57 8 507123679 535468555
10 49 992841973 728662518
53 43 784424648 308235416
9 8 152476113 178255954
35 65 552783881 418503240
60 28 122046020 623302395
38 8 66374239 70343850
61 38 290330254 580049912
21 70 907709813 456581906
19 2 740424285 945130016
3 26 602587311 134159552
46 19 605797284 517663059
44 15 359559336 9782878
19 36 627588785 624660107
11 24 679778462 857328286
62 16 53471208 362424147
21 35 923929865 939837310
11 52 68377517 240919539
31 39 113811867 789354717
9 52 728246142 750247825
25 32 173578909 814883713
23 20 780773917 830117166
47 44 211527369 558086803
3 51 331315194 30822179
65 21 909532250 828186964
35 4 864203905 596791786
68 14 954860528 936685597
15 61 250633732 25904232
6 52 61610824 521681963
70 43 881461162 875902866
45 9 912379863 26812413
45 61 495758928 726439016
20 14 168176217 461127512
34 13 179396920 95771279
11 37 629585468 358547424
54 49 811337001 611968297
68 51 912425168 939864835
2 14 617516671 379829985
31 24 39229351 398451646
8 47 888067141 613605965
69 22 82263975 573153963
45 69 166160838 851091498
20 46 925592369 667313978
61 40 845106814 761404542
53 47 697539990 374262997
35 7 632065291 590634085
31 49 878356295 669596201
43 23 248786577 278214730
65 51 122856134 262689015
34 3 471031665 784588610
38 19 195192002 544481217
23 48 134395256 594617765
32 3 348271657 595504221
49 51 562751379 659200322
28 30 78717153 51455745
55 11 515994876 570848251
35 51 358862019 577196376
1 10 377551834 71224713
16 15 42273787 899392146
65 64 816354821 599592094
69 5 249865512 812087786
64 55 161588688 788340887
44 3 788906224 499082525
30 42 361272866 467789373
55 14 109459441 586060487
56 52 833302572 6015411
19 55 851096324 511526218
54 3 888839373 215418218
24 64 525312138 15095110
59 37 857108271 860577246
5 29 191205883 762291507
67 32 381833737 519304013
3 12 171040457 5285565
15 20 18745336 952347326
46 49 649119985 889294908
43 51 640899574 894636434
43 36 681636588 840671638
18 63 255288643 14499728
13 12 541720153 9319373
26 46 152340683 824638108
46 56 537196281 952973298
39 48 71944343 453986322
17 26 60416903 485442835
25 11 412163829 839273809
44 33 710716885 129490846
35 11 549807463 857730168
50 25 183761308 266872348
20 19 257134781 935257407
61 11 39583020 634109543
65 20 878606707 272468939
50 23 892300657 53783840
13 49 338484405 772854478
6 4 722357908 749643640
37 63 611386991 324855014
66 9 642435941 767109821
68 59 672959491 154777211
63 59 245748378 82222065
21 62 836819394 496596007
30 52 419593405 772646537
69 45 204610282 771738283
62 33 612690291 850710311
32 34 890470489 310250285
47 40 206273709 262290214
22 53 784665177 225936918
65 48 955175028 784423214
63 8 195187125 661829381
19 26 914433239 350673623
14 25 614264255 534043520
22 70 598126349 529087642
49 66 415526002 386590823
23 42 249376620 231923023
36 12 332595112 428096585
32 38 958995251 85325351
26 43 903412247 907702962
10 35 20815867 436612533
20 18 110068928 990543590
44 58 737818422 817748889
39 3 245373801 547833472
8 18 937812483 849333321
16 26 719429837 320998
29 67 521686938 392651803
68 5 906494574 256590784
67 20 49636108 747517477
44 69 447370338 170517202
58 27 889999890 300792065
41 46 451054683 266617836
36 41 117351350 536808464
49 55 724571252 612971084
1 2 146400780 370440859
23 22 936296780 380066863
63 31 656657909 726347688
11 12 446251397 665743511
4 53 893053652 407609869
49 16 31729004 414082284
26 62 201808402 281642622
9 4 775069494 176138284
67 12 308660264 923608133
60 27 463963967 489084718
41 6 835802320 621678484
35 19 851517597 524648198
51 49 278320478 518157631
63 68 418566534 215971277
51 21 626190391 540998801
6 46 243809458 671640999
52 22 879700391 558895285
70 67 122481193 382200522
46 28 53242449 110732839
43 23 813719349 644824178
30 47 474929488 855687065
40 53 296341145 801844656
48 26 639638445 809788634
56 21 36852530 903241171
42 55 213366015 397464163
38 20 346659375 36261770
64 2 992102031 263934357
60 16 20582899 403478235
38 37 17356353 211371861
11 6 52432054 125107547
17 63 274572440 613736891
48 65 154070187 764410664
19 32 348475416 216416806
41 48 586025721 770566345
1 8 979798184 85473340
22 29 746086756 940247385
49 28 106913776 774767962
65 19 448765428 628167716
24 33 426309858 88665576
66 11 336187076 102173311
31 70 197335509 869450413
37 47 707086570 820257621
29 70 738759104 942856155
2 65 722801041 217908538
7 54 878869017 56788492
58 65 174556159 202207512
33 7 218330141 315118816
4 7 162838191 802032941
21 15 175080317 543046800
2 66 987022017 453602276
12 26 29787247 94709626
35 12 2914030 546676522
44 70 80856853 564483339
35 50 270792247 689611301
57 63 297497082 795653706
37 68 981998826 722737317
32 70 554368936 201656315
9 31 718431088 853197856
34 48 463852512 974653190
12 21 270772640 422036750
50 43 56250875 791164742
14 1 505800286 559766434
25 28 82681316 312759613
7 14 188762078 854334477
59 61 8212138 745151460
14 69 602905401 939061662
62 2 980037990 200079482
24 39 399976716 323134964
65 12 591215223 153729121
30 22 134349771 798594682
6 59 686675160 91701466
57 8 863217606 360410673
7 68 759749868 118282628
5 62 644759179 614170510
53 13 185233506 982020353
32 68 360779867 757201183
4 23 162346747 846695142
17 57 58103187 176135138
60 17 513723342 700001815
70 69 521085940 313380863
63 43 739840566 866678465
26 10 210588356 813791037
66 50 680867169 50048119
50 28 133759273 38879275
28 38 988148679 279235383
9 26 475030943 529226296
17 68 483713312 846196582
32 18 406646731 126305170
8 15 352410875 617973371
60 47 31540811 86806137
15 67 440748980 730435955
25 39 874203534 712938438
30 4 679741808 55570200
11 28 511645450 187948590
39 28 826284393 170158067
52 19 206874800 50278061
26 47 302235662 193724618
45 49 995685217 814580853
36 60 709946430 936019875
50 21 735345160 342317429
54 12 442849722 123766708
57 55 950210366 53299265
10 18 780868686 689088177
22 16 323727444 252779738
48 40 506783948 974064267
70 16 680778552 419822420
2 14 452869304 463782681
25 47 833966388 103947653
28 10 702426302 707141668
11 18 827489986 30053240
47 25 647551798 663400972
56 36 719975967 585435524
11 69 129480694 534931505
40 52 648632364 138429462
51 54 658754679 556276900
5 21 22218736 146577628
48 19 217735763 459521024
12 7 517360176 448752509
41 3 361453990 909088857
36 15 191336909 926521452
51 18 908315872 349276112
53 48 925398041 812876787
16 32 327096714 541637367
26 23 609914521 430772913
26 30 291713151 251161975
28 15 740135493 281971033
11 57 877382230 643898181
41 22 997967133 835734948
18 3 629013117 516821185
52 34 748120083 266503179
13 22 914241339 786734122
27 16 311562942 852494849
6 12 947335515 857007030
37 15 975363181 178607459
29 54 119525903 608014857
35 44 502898606 463882520
37 57 538581134 189570504
3 28 487109937 400428607
9 68 266212400 84475461
25 3 137537012 835060836
35 41 320668542 699067382
29 31 227362507 950697874
30 36 528955725 332803455
44 60 284583004 22415554
12 37 724222337 519452565
42 23 557775131 337942300
15 24 608719029 978036801
68 40 683347447 424709091
11 16 49417762 505420602
13 9 155833294 262353561
17 40 643830947 259863116
44 45 471602779 925799506
20 54 447758569 647215140
31 42 34044996 373266406
63 30 358667060 736032483
19 14 452300792 634947776
54 13 996702072 722733584
19 18 107881382 633170603
12 33 826330960 382696672
58 42 613343648 798972655
44 15 613346642 734337402
28 35 153883000 724709607
62 41 70396073 844425893
67 35 805504767 993135765
38 29 223526213 590625128
7 13 926684320 846165644
43 3 133971670 268256841
50 36 754145018 246515576
40 33 714829805 750668890
41 27 742180638 617590834
36 43 112306265 436312645
60 58 436628793 411795433
22 53 110830125 944998454
50 24 507313573 808766148
67 26 717176501 462906804
41 17 15481477 233501335
53 25 385308357 473234774
8 2 932953924 588412444
7 51 461395898 248179914
38 59 594874113 864791558
29 22 292682880 706776835
35 36 679062475 693098903
24 42 897726038 579639446
14 1 604197922 139135038
53 17 741287896 682495367
69 39 260012001 346786445
52 2 328783452 577360004
32 67 126412468 281872969
34 35 726971560 938042671
69 68 682602081 346783798
45 37 965734317 811543140
61 6 20565624 981165310
31 63 416690570 446694695
1 17 811829715 185413095
49 69 620916358 302162088
54 53 948754838 476732344
67 16 69726021 149611658
48 30 801796375 256479004
11 66 169973730 877663475
51 38 380977535 267091980
15 42 115251984 969242006
37 59 284969157 343015622
14 4 568541969 500456668
29 25 687016907 816529282
46 63 389567408 72404628
64 63 414120999 61184627
33 13 904514330 327152398
47 45 365366547 349947644
26 22 634171998 570865402
31 28 219506859 779147498
19 13 298257684 283923429
52 68 245644489 321927661
67 44 469278002 49910390
30 66 813593639 74016700
58 63 195282989 814950753
49 63 353057860 597115668
62 46 252877258 207832645
30 55 133614742 48294402
2 21 133242023 656444965
48 2 789307493 278519881
57 61 535853694 632172712
6 24 852195917 971384721
23 35 674525369 12199177
3 21 835197820 589827259
15 55 320451111 502935587
9 36 626313841 733548787
62 25 457671945 282054830
47 14 80779980 635920870
27 2 41186886 39593511
65 64 124137421 56695636
18 36 631221190 609419927
19 40 443724054 211584517
38 34 174674336 340007112
27 40 910017297 344344754
42 70 339273164 799523155
28 15 210598849 549040434
30 23 464044057 190425298
29 43 62701343 101890437
9 36 385866526 63916405
60 34 8409661 681972006
2 33 139289711 889821189
53 25 333552431 206589719
67 12 543653686 644756576
19 40 498781011 915926423
10 66 216463360 475456724
14 40 637021071 781789106
67 65 511729785 828844262
19 31 614578707 834817052
44 29 318343130 165656305
48 42 617078421 459762529
1 25 477194133 48734281
52 43 111061480 599048615
43 68 972775362 710531179
7 9 31618821 599020402
41 36 109353230 252972285
23 10 167862773 432241894
55 51 122355056 381900381
9 69 415917060 684697566
62 6 615170724 633133710
9 58 143778668 228653206
45 62 176816286 76364941
66 44 519905715 524893526
63 33 366530984 360298035
45 66 342548270 446750917
2 30 608644296 50076147
50 1 633457989 279146283
5 60 712019829 899733234
17 9 731614473 308019547
37 35 19629585 712540866
53 55 998094360 402225725
68 69 572158989 899729056
13 32 912406208 922485057
52 41 305708038 334425144
19 28 3665789 381163818
39 63 682986177 363107956
30 34 345167687 223578474
46 34 48323287 902815541
38 37 455610573 839351294
38 16 398219894 356092253
23 10 385122642 924652423
41 53 444834984 269382986
24 49 637442814 124606882
25 2 534165603 333934076
44 38 920867574 257499199
17 27 748031134 751870812
5 36 57051539 912104265
20 17 87758553 974136282
26 5 787915316 642234849
1 57 321271751 853830616
22 63 701053332 389614106
3 70 856417496 873493760
65 70 298271516 893486931
15 52 107454729 41844505
49 62 104134655 314092941
56 46 272838586 812157754
34 43 158631409 539183533
9 1 877726639 398045701
25 38 119904170 171551865
60 32 990765169 114928535
47 56 400353880 686940800
62 23 236328623 495910346
36 23 375489049 259825112
7 3 618675452 78786075
47 21 513083022 786486300
10 45 36535260 19840530
22 14 207641718 414837612
70 22 187772332 784911115
12 49 980410987 308265622
50 20 731884699 876006135
17 35 141740535 600897131
33 45 577036670 665457305
34 45 267614954 898928077
13 6 803592655 226412804
30 36 5031518 126863624
13 46 966697432 61451808
19 53 44578858 280078901
40 69 456487504 296533678
6 56 959403455 539935239
25 66 83768638 453511870
52 40 77068425 885572835
8 18 57524558 944933629
20 65 769554641 417963348
52 3 566248739 458433229
34 32 992104466 215193762
60 17 183403961 835505225
8 63 408963731 296419773
54 66 100424786 68928555
60 69 386883433 478374629
52 26 876635122 692941057
27 35 518100154 289020607
60 62 972511450 622998953
33 55 363329488 857722995
43 57 511624362 77081912
67 21 214300479 827864910
56 45 158558060 816275668
8 33 901165333 399719900
24 25 185103140 327016973
63 1 526587779 342720549
24 63 748454320 883686339
24 67 289563875 261093718
46 60 714970945 107848806
57 36 546880035 680518381
47 43 678400505 920445268
6 67 441411782 442712425
29 49 126205134 610907047
45 43 75434900 116090501
44 59 391614525 748376091
10 50 379214928 243751769
2 21 180224351 251352575
8 24 320993283 219779740
15 19 362476266 905083128
53 65 867926707 751231475
64 7 734258738 548668792
62 6 209267816 736210641
6 17 601915351 731720009
56 38 238859081 304880098
14 48 468593030 729930650
28 61 659798065 45761017
63 56 185294589 584107763
46 42 449409228 328812111
60 67 909759046 156875109
8 41 502568062 856246125
48 58 631021260 505701164
38 62 923173324 547648552
3 21 354144588 779078898
35 46 162005949 618541826
40 27 141988270 321201598
28 46 413270057 407434773
33 30 360260997 268380172
35 29 253426640 173643289
1 41 483513279 266432243
30 5 924970295 871260760
1 18 143930618 900169957
32 11 162970201 732043474
63 37 287840604 332218997
45 43 896460582 311556368
59 14 985867047 530220900
37 65 588244789 249033055
4 42 823588526 468104459
9 22 69764121 286018657
33 48 536860625 181932687
48 32 101551397 904947806
58 30 623941891 565341460
9 64 658046590 529844754
20 26 918440716 221950698
29 36 405398578 663571865
64 11 65803538 48768978
52 26 545770316 130001808
43 49 657738169 96726290
46 3 123103392 194449367
22 33 30259477 583932531
38 16 233786109 613259457
26 36 152849206 350930391
37 44 626816187 436857922
67 45 972704307 898233486
23 16 58935894 916151787
12 40 43305817 342198642
5 40 357699183 135386258
37 11 972623276 573581984
47 22 12871288 579993927
55 67 154162454 189474931
16 24 216853929 515401461
13 28 671487551 462304536
27 49 448443524 340809898
33 5 352805929 234892644
64 58 231996272 734323523
61 43 120194469 293225863
1 48 769285166 34008367
7 25 329516274 225500941
70 17 337744259 991505307
10 26 769843583 933607824
68 31 72394136 653804095
20 19 802775750 37824320
22 50 540730047 546467225
6 15 241609917 171506813
21 2 599602236 664533124
44 65 547112119 229101078
57 69 685150822 656097375
69 49 517211278 541046050
32 38 623667332 798588375
12 65 320595086 33596177
64 16 83829850 914454773
20 69 601285037 255177156
2 16 758560098 7926335
63 68 959720391 233919433
35 34 386583513 269274927
34 45 402121172 461523280
17 3 232006204 662751952
9 67 988473567 972944006
50 44 138491698 241069331
49 48 117926571 137257848
37 38 843326066 779899619
43 54 978983894 794271703
56 51 16160941 272067078
2 39 34379842 572911289
32 10 568737761 953841510
69 25 236791964 194001145
64 63 923858050 949650523
52 32 838039195 540829248
24 22 475449861 688087221
36 19 511324988 567305997
16 24 684533233 168445284
32 20 713551844 286992227
43 56 872272605 376474724
51 49 46448762 357516112
42 27 974003688 908069694
5 23 715120298 940919839
62 11 775138230 33432852
56 12 717521840 821261882
8 43 250518953 12618933
24 31 815342109 8348367
67 8 939881977 167487805
66 20 263138638 199416657
56 8 840126592 508236837
38 44 156378137 37877648
23 34 652301487 490346513
54 50 382712540 187390020
44 52 609769222 918744396
13 2 658063372 462122783
36 45 165669862 631625627
59 51 110823542 165162304
24 9 511178063 243149089
30 43 569774870 435244182
57 27 600419637 281493432
19 40 366313256 887488563
4 6 732757562 27102766
43 32 173202593 459242291
18 3 672703808 688037135
47 28 833636683 81744437
3 31 797815698 262013328
17 11 859564872 363105574
42 6 230066026 746468183
8 43 433841615 424404593
19 2 569438895 454791068
26 28 175057235 704964133
34 19 610242949 527969487
22 34 613215095 115834704
43 48 237480146 835255114
8 34 126906347 422979813
23 64 524859293 453022006
5 23 612772577 308475509
60 20 720987168 630918346
42 3 706595759 643913787
27 57 896903940 779293946
52 31 1339055 563646231
12 49 978023030 765685188
40 2 71033681 311707279
19 46 472573150 449470874
26 9 281315718 629036876
59 25 674803006 248165160
23 62 513733753 46290325
11 33 618282097 184359193
43 18 631492779 723121925
53 61 199434641 898408154
21 14 544707982 507870045
56 12 6277697 586320483
55 67 964914632 852792526
55 7 259853741 897531926
51 37 98591563 455650505
70 53 83503936 216070231
10 12 262104988 37194960
45 28 373515419 40799956
8 69 722009171 615138250
5 57 36523411 221339152
63 31 302640217 276847107
48 11 456382441 732677651
11 45 275304265 906606720
11 23 775235008 960260050
11 42 840083882 456160733
32 34 376891789 589880788
13 24 702436427 446155088
58 27 837212228 359463003
31 26 197397132 494500026
19 68 65585955 199733479
3 7 570600824 889598659
63 36 282203819 377855756
58 39 688088948 849697702
44 23 750660059 562691569
1 21 666030657 778768040
14 17 509806015 879151517
66 17 960815875 555018942
67 69 246572543 816982718
9 48 764353927 105143244
33 70 179663267 14455541
66 10 780068835 262760871
7 9 917055921 464775762
65 48 680361049 89443937
63 29 644500636 260688303
12 24 554342404 337865766
40 14 608550330 154090513
19 39 516411883 883122280
34 13 525684474 156340769
51 1 381326306 438847634
1 20 442467763 425810433
41 55 174219694 354634507
65 42 904223766 60966088
45 28 915454167 401183062
5 19 865944597 911242852
27 34 952362820 277545739
32 37 993661243 886412571
15 33 52944027 719234300
43 53 956363770 91182081
60 26 959514016 902512807
32 65 595155062 209461758
16 58 174501605 27237942
64 28 672757072 105657666
26 7 689741706 234194849
43 13 822644174 526742011
70 37 878707808 769324884
45 41 741154311 307577084
56 54 773102715 920501516
7 41 132017850 234801836
38 36 954735387 626975457
62 38 703802610 944560899
68 69 399751549 510886397
47 45 373943324 156773921
69 10 351304938 360322872
66 23 137301190 535573201
35 9 864674800 249794068
15 1 495617285 272694847
53 27 195648886 678188021
25 3 205742742 50062645
45 43 102067493 636283236
66 48 448988687 251855114
7 28 149906736 9091036
60 58 856577647 958083464
68 62 768057783 326597041
39 45 33253302 422151489
21 31 385225774 261084719
14 24 371564025 260452246
68 19 529729790 277853564
5 29 598456887 631940895
51 68 636325266 182348588
23 61 439717939 848474223
30 12 190002227 65658917
21 65 773109758 306705428
55 51 392384723 511176717
58 42 454069029 281892844
17 13 203251773 730896659
65 2 193766808 606727789
23 67 922005395 628525466
63 39 148802934 773143892
70 28 58209152 400908516
42 66 240165524 599225860
20 7 509458027 710990459
3 18 543654781 686726531
26 15 450843459 559125296
21 26 905204083 980708326
68 64 816809901 125777317
42 22 911081505 356227267
23 67 271687971 765739744
68 29 760612992 607461671
2 3 475586966 765607802
16 8 291785202 451446160
67 8 291278153 83432177
20 7 381553578 252650272
60 12 258403367 240960042
27 54 490838643 661325422
27 54 442292278 678903590
1 33 888810561 800064059
65 24 891001918 459611716
46 26 545994226 605500232
40 55 319781112 401621174
13 4 399628820 70434401
21 15 393308422 467666170
16 29 594029855 693694397
28 17 755208886 151450972
12 17 557441768 134899559
42 70 393422458 231395394
54 45 175980647 781277332
65 41 3487875 231256529
32 47 455366230 210244488
33 32 745828140 271208126
5 38 9572526 476992799
27 35 267050056 876318059
20 34 812563751 939592133
5 31 890168787 943786596
42 4 729096145 532475434
5 6 610470489 612945786
25 44 954131813 298316492
19 68 291786796 571008423
57 25 689511893 848685175
8 11 510744792 297330907
4 19 66002516 758143508
45 16 973097168 851997056
34 20 998585483 41810764
42 32 876489923 782936003
66 55 98265595 305730571
47 66 805207976 104867719
51 63 829660042 296104894
9 5 810349753 630576357
7 12 735803624 787144858
37 52 557130188 976831540
45 14 312089439 248630598
6 55 20134114 356832175
59 47 314572987 71394266
9 20 171026135 722743185
32 62 870337424 76805118
40 36 429422741 741021299
55 12 58410844 891707663
12 10 108477485 975973398
44 19 78228590 640892813
23 69 45501775 697367395
11 15 461677045 577854397
67 8 281457005 914268533
6 10 814351114 502486167
13 65 739318187 170426606
61 6 784837719 16786596
24 64 359330261 300616413
23 6 877453142 156586732
3 6 418821567 337803822
2 4 520240435 208278679
45 40 757945347 598253049
24 67 274419077 916056790
69 5 138095675 830435176
10 40 271187222 111992231
57 19 243709649 416918990
3 55 833869995 897802247
55 68 777808675 489358695
8 5 361471263 312012286
70 20 938802389 966253989
17 47 873420718 380681951
60 52 593117453 808872513
58 69 189024753 565155218
4 46 67792991 227823893
64 29 964886051 302383667
10 35 782702272 107722634
24 57 6428854 373140283
53 24 513431452 727277302
42 26 886787270 314385362
63 30 37550741 360730273
6 57 481752334 860215077
48 64 198262290 101684727
13 56 204418727 349949685
62 46 245743616 518934138
66 58 544591413 892014511
25 17 897436089 368329943
65 55 914991203 286730876
33 40 290645340 327588333
60 52 686500632 201737189
29 9 928624854 709731085
49 50 194444789 808898701
12 60 338133683 134860369
15 9 658634930 160398721
2 35 634714177 338643467
30 40 733517348 577339185
39 4 121369207 332463389
31 65 573476955 536056821
39 34 282046195 255630842
54 21 998181878 729426761
56 54 539314407 736029062
56 26 905761618 247213339
3 51 949043281 342124363
56 27 483710445 973066512
12 58 41104010 354582088
20 14 675062675 654893821
42 70 683319085 151776474
35 51 599535795 303359475
45 49 614378572 231062074
57 49 959094411 925447358
22 42 127917663 624608882
39 43 697625373 881322429
7 10 506664523 252775243
47 19 319417378 293431383
26 55 60453264 320057274
33 50 617375061 195487212
30 6 639050704 946010958
53 63 715934930 736775661
11 18 14501800 939512192
22 3 49570067 431127449
42 39 361352516 769875725
8 37 406042919 529739687
30 43 995260999 69503398
35 54 291381925 156013431
38 15 749314529 155005917
20 38 521095662 285955278
62 55 70945010 412759426
6 8 782430185 146575679
7 4 606667240 436893360
68 23 825624204 671148572
25 31 896662038 723118506
8 57 347609471 902412657
34 44 953270107 715872460
68 32 235745451 830973183
34 49 461403739 4136697
28 13 280083575 34627617
10 1 64099086 630760416
46 48 805570851 884101668
35 51 516836094 590135240
12 2 391471434 725590386
53 68 345218089 314328738
15 7 537479132 110671508
48 69 403496032 124906463
22 57 693713459 817833216
43 38 460069344 524223828
44 3 451968675 536183186
68 40 143947006 267453943
69 18 618063796 391443508
62 12 28103996 623659263
16 43 908762811 579497175
46 41 438827483 571934821
41 3 743268890 663420292
36 17 647921315 628039125
8 26 508693972 71644040
40 33 416434771 150427183
20 49 835927701 697660350
25 20 142798024 873735384
58 17 52181599 739270220
48 66 636970779 54267052
50 28 659215091 226245966
22 46 936325415 410790927
22 25 318086093 925447641
35 40 32927759 892616030
29 34 246711053 294693955
21 32 761049931 477449645
48 50 465655835 552197666
66 23 464506447 133691708
34 51 515436240 497918919
22 28 861646837 818230143
24 58 517882963 78466951
12 20 172059094 393126040
18 7 599940691 613402881
3 21 371179613 181210724
46 61 792033140 136520069
51 35 876263894 542146223
12 19 172965480 672043085
31 42 90658066 272017982
26 2 712617567 607796137
14 55 502163092 131339340
13 67 640447229 273813114
35 26 892619931 962679132
14 9 906221682 738838141
66 27 198369171 557971422
30 27 233874463 323761987
27 58 281604736 221468595
63 47 469310376 73173341
64 16 892999329 170366332
38 17 685850654 310206173
15 53 272331270 603765096
27 41 210203866 296691291
22 55 529293051 812901109
70 49 503668147 164153530
24 14 194334812 690454468
68 4 974019818 605307046
31 53 813758572 115592249
68 52 120679255 130642590
44 68 762881802 929174920
58 24 760596767 13045433
55 27 634657356 992452243
64 43 57083047 193939746
25 50 47793560 692476899
4 68 899276517 233780574
48 68 176838579 340192616
29 28 338352883 13575185
34 3 401978710 765949883
42 33 499979545 315360138
4 41 701019670 225694460
6 50 299344841 168085677
47 57 440476265 639381924
64 8 936552702 937198434
41 14 121528512 727912388
40 2 89889864 991362568
12 55 114331761 375975900
38 44 777254308 811222803
55 70 283814602 19534293
5 54 344708806 61537061
28 44 404367372 554573715
59 7 286122139 33974193
10 9 39758043 252293182
63 56 405113885 468586509
18 53 261732709 975112556
63 7 317257011 178844683
40 1 932634294 891072737
45 67 94382714 214427690
12 13 307014712 131379953
15 10 667368731 685199351
17 3 4892855 672837208
1 62 595806085 128606827
2 63 360962586 54233600
26 64 942898151 895782425
16 3 741063234 635971981
1 7 211903938 154249673
60 46 693940247 751080934
53 8 995813003 117499932
62 57 668304347 236604146
46 27 535463624 491350413
65 64 415120481 765121554
50 12 72129336 89968088
3 48 806144961 804486269
21 13 429688426 283703185
15 68 620465114 898292424
60 4 987595125 899253031
31 19 759499876 744908668
43 70 529425628 252296434
32 46 36315813 260003302
32 49 882232162 170379750
32 26 339501342 738263306
19 11 820264455 372885535
33 21 430112807 978095389
22 47 370847171 179639133
15 59 326253338 924661949
68 37 135553670 221800273
35 16 631794352 596011147
9 29 46282351 739949963
12 1 41021450 914330238
26 30 899000473 907945621
14 46 690218643 98863833
1 45 604115569 769325990
37 67 150839679 749657892
63 58 439722383 50810308
18 9 601258760 624608422
22 40 972688660 567607479
60 67 574054453 600971333
53 37 301483514 456138455
69 3 585185542 361215852
49 24 785185602 643861819
26 32 368969149 586148953
52 49 390896116 365293269
21 41 136727358 699566327
66 34 937120316 827521266
11 27 657392064 122906709
65 51 840757570 518109958
5 19 808290876 257021965
8 43 963972986 167683839
33 7 617267763 767464732
51 8 702756567 610154836
45 50 688391078 543795003
29 22 861647034 145804753
61 25 179706833 584658653
37 1 585305414 23197433
31 43 556100933 81448747
13 3 641026508 698632752
20 23 213064462 723091119
1 30 90915138 201975208
54 24 527260894 163175457
47 60 641855864 696581454
36 30 759225767 779190066
12 3 329077945 917418605
67 1 330852784 22714465
46 64 152347488 592218636
67 33 849217453 408988080
43 27 931042282 952669092
33 57 931916921 261236286
24 62 583287872 726879372
58 57 752081211 710645913
68 2 619398042 78062593
53 3 283794989 526387651
45 25 823872740 11120115
4 36 66058448 804654933
36 11 915394281 81110813
27 57 73632366 469384192
3 2 405780118 393169123
65 50 630633862 676623364
28 69 200366300 856102366
57 56 874298758 111840786
48 47 297960369 787657759
32 65 813333356 156713604
35 15 424748004 265431762
58 27 317558800 693524867
7 5 884646494 657054728
6 29 443573080 562973916
30 69 387066526 865878594
28 67 907803979 402340068
54 34 620107766 814466809
48 37 750858142 330270977
27 14 633046655 311512289
63 41 536296126 765709138
12 40 819038557 798429803
37 58 301776522 388653152
2 39 568030229 2072768
60 36 157035644 166678437
11 15 446404575 175798240
18 27 343955730 652132488
17 60 13345677 767559510
55 27 23696199 388957817
23 41 585843797 997058880
66 7 568770407 109796426
44 17 492043992 385256010
57 37 939373329 878772733
53 3 178789523 71384029
18 6 794439254 673599226
35 50 328308493 744635186
28 63 326316803 901258336
60 18 798086284 919047350
10 54 964565031 574101138
46 8 183943767 676752141
19 22 227754060 372597519
40 68 91328836 650128504
17 36 908637435 34473272
65 28 387270019 304090379
23 21 910740578 273842867
9 53 352175679 594472878
45 63 480250520 562746250
9 62 178692139 599366253
66 31 839844274 647710250
33 62 989168159 658340259
59 43 970742173 429653662
18 55 907344401 131099769
39 44 351230088 837662251
53 35 757532644 784084738
43 34 417427696 700655938
24 14 702229945 35241420
32 18 229400312 524787030
30 16 441313351 538267377
5 57 275092716 810759540
64 41 907038059 573895528
30 13 95356677 963556824
63 32 847654077 144244702
52 25 997381183 983843758
34 48 613045117 309486929
9 56 848232575 233943135
25 53 207269912 119705478
7 40 266491430 220079263
23 40 748820669 34175186
67 35 371365076 677980728
24 1 203748735 750875521
35 50 425991688 543796611
15 47 985469058 290821230
13 59 410361822 915996164
17 40 316383911 674318759
34 64 747876477 377860433
62 17 684759150 914824960
67 62 853712734 397527439
14 55 775976746 336855392
36 34 789497133 50868948
7 63 323557732 545453174
14 6 384246652 604411978
19 6 674871331 936248262
56 68 649143133 996067933
51 20 394789005 263281413
63 14 170994400 697616158
67 47 995108727 995564326
46 50 697647099 961915002
62 56 780526622 680511651
52 60 85424777 888605560
35 28 620709997 309471239
70 9 654942948 398853608
60 23 269412671 418471588
41 59 257952575 538387924
40 22 615159430 912527798
22 35 176554346 712564624
9 13 157246185 948794987
45 69 370750815 503717087
60 14 407943664 465209786
14 67 192741878 61994255
70 49 963691303 561640109
2 62 475504335 183483068
8 15 416363133 748631021
61 5 950001815 139811516
59 60 613008345 964603773
68 48 290590476 250323976
12 31 602957912 757330572
23 8 686386825 174838098
21 2 370186184 305183931
30 13 141537476 717344192
13 4 941368404 40089755
54 40 925565541 678350114
51 49 507369984 873433128
42 47 768315790 199953948
13 4 371115414 555602584
48 29 8744423 991324911
68 47 836832560 178600532
57 56 777525234 989809488
14 32 442881241 266410363
6 62 578430671 16429234
3 5 314392269 136117987
54 55 947596715 731735624
41 55 234045478 105417254
45 32 919797872 710740415
47 57 390282542 924176152
55 59 955860481 262932892
65 45 556498841 203331645
18 9 31106031 731846780
55 6 72474126 821024685
57 31 422450405 883167967
53 68 651905047 629228327
41 39 6881977 643620483
50 18 492922685 149447664
50 60 274335174 617661764
15 11 309142835 447483416
45 70 282799512 628332297
46 66 914232892 766993050
17 62 767086293 203426938
63 2 683854660 46773668
17 64 375467091 447988839
44 66 989695614 422528488
64 51 561705459 477164791
36 62 54019224 858993206
59 60 97012742 802199264
58 26 754427004 416848487
27 58 790326304 258045860
56 47 115749429 952358860
15 11 125884895 284005694
32 3 532613809 895542738
19 38 918880359 822409599
50 59 437327304 219484810
27 23 462349602 446068076
4 54 887244512 324740355
65 61 688760948 807465334
47 67 358659913 337512363
24 26 886565625 896317968
36 44 531046195 726848130
54 61 23121885 262220960
15 28 125888445 449758970
61 70 719357766 889459596
52 41 484879836 158801429
2 3 898815243 855495848
57 28 788235824 751804411
13 10 154152350 554967465
49 16 310599750 926179860
53 14 555118670 968742846
40 28 870585110 91318200
33 17 958678636 624668783
14 11 636205231 557864963
51 21 867274591 77299086
42 4 268860573 364604879
36 4 732097800 165042373
31 14 787796822 270205869
24 4 222379989 651509965
55 4 874915347 134739555
31 3 998353560 554803136
22 19 524853909 262564894
22 30 912383289 160459515
19 34 527422157 323462401
24 3 935460235 37752837
2 32 106352811 552235290
47 6 178533819 904036053
9 61 878759904 945724488
27 17 289605816 786223854
39 59 226576236 566014342
44 52 794408228 461881282
61 58 653432125 181048909
19 43 707717119 975602411
6 30 16749834 571875706
67 65 674164817 846953146
69 33 136633874 452823418
33 6 149447132 957548029
45 1 844148831 260334737
27 5 733984821 100532282
28 70 215913569 750067670
54 32 258020174 761365315
32 9 23601082 33032732
33 2 89966048 949343998
19 62 919681912 50015982
50 37 430979670 521659195
19 37 285674609 587587877
34 68 577684002 285480482
64 31 626740365 727757970
47 54 365053756 583661142
48 68 836834255 623737841
11 19 387845401 325324750
3 39 944935556 372271852
57 19 104524128 209408316
34 21 57031415 310823051
57 49 103716986 462701854
65 39 740675845 400902245
43 42 477291380 328009637
2 15 214641100 690140042
11 10 115665194 449580424
63 64 823474887 692459586
4 43 139755183 433935287
34 46 772077103 855215509
39 51 827565422 490756756
12 45 266767275 501913306
14 39 5072 54071062
36 13 396334686 370644928
14 64 853290703 573834057
49 59 542576774 512521956
32 40 570434520 796389074
6 41 487701913 241789008
22 37 555013942 975992566
67 66 914168859 148718126
57 59 225201229 234216271
26 52 164987276 453987534
47 17 110001313 478627254
15 63 456969096 291042575
49 8 600875900 993207619
54 4 972096524 266504907
27 10 342643881 509614141
57 60 737303010 771410377
20 60 433224218 186820239
50 57 259328063 137550627
12 30 821928912 616695298
54 56 966888629 184359882
62 1 707510851 442299700
34 3 43090362 260454326
15 25 572332901 339277307
63 36 742735937 494064643
27 9 613256886 754799794
53 23 26629982 607742050
7 47 355247105 887358497
60 46 462926764 54526275
51 4 56706709 994551650
7 6 417553127 384527974
38 21 687744511 671820823
53 18 464607370 508463508
24 47 406408296 153201225
37 17 496527987 30261641
30 54 185584404 680954315
56 7 662414874 683141803
38 23 638588272 967120138
59 46 787075568 33136007
56 34 58348411 410481526
43 33 895452049 257277085
33 49 597274348 523901808
66 2 557770616 746737169
8 37 699319970 715434655
27 43 595711727 528908439
66 26 529248482 130300322
10 50 930344649 189598281
11 28 847502892 382167078
65 23 198223123 914072078
31 48 455071658 862970959
59 46 697185492 65259125
3 63 376002764 766784053
62 55 535447152 480145980
20 30 945480169 390146370
21 55 631540042 984057731
70 67 14950360 934841762
15 41 46213400 289448109
16 4 658545486 374478024
21 34 662430928 990159695
7 16 787838386 340851831
47 34 676202474 648791033
30 2 971145083 254170714
30 63 892051713 468124233
57 14 438074620 375394535
23 30 609198882 39797725
65 16 135935142 713658454
47 45 218687908 245324160
26 4 154028075 110291179
43 19 536815111 771463924
40 51 439379935 971008417
63 22 479089467 773473897
59 41 309676440 119186985
57 46 495041195 1709550
50 30 48925220 835136952
29 47 454432492 566118463
4 41 275618607 445108895
32 3 307135682 875039850
61 52 6995577 156170352
9 26 360811241 64581596
6 63 976249457 979621192
52 61 504777120 266779591
67 13 667666103 775959116
68 55 226717793 759693997
18 34 66969431 501156993
11 2 504023146 517561656
67 40 454601723 448029443
4 20 665848856 911322567
54 32 488733225 592847086
25 22 912217487 788253848
44 6 338038824 155387005
43 13 861693050 846769102
57 54 285824842 284057794
13 41 480160727 318612842
48 3 222871647 161472156
16 43 210366579 837703346
41 14 377199926 198107998
14 28 371222446 984628747
12 29 941050160 813508491
42 62 753208130 709666834
24 32 794004805 188218017
63 64 938494187 804022200
7 39 188117539 955690610
1 62 56814206 552896516
26 39 96713615 936918690
17 48 570100632 696916519
53 57 295938470 576849199
44 33 977864084 989341380
21 39 853265755 494653549
1 29 538123439 670304915
4 9 539980687 96499633
40 14 687562736 471536743
9 1 264549711 960247341
57 67 651724971 27626717
20 8 620100339 233375337
59 49 16481331 185637158
61 37 751468208 834301128
3 11 418081342 254672679
65 48 509601453 629145692
9 64 542942658 855841335
15 46 916861079 269930628
49 10 143296475 694695878
53 67 609723599 148951550
22 5 37439941 995056186
61 68 440319787 965455360
1 57 424275879 111263140
34 50 339030569 667372522
43 16 778446548 817421726
35 1 95905962 989589097
42 46 125714908 195278644
30 31 203425360 382026779
20 43 42636611 939267401
7 58 699026324 861520387
16 61 746862786 101253645
19 10 56684796 933137894
3 54 20471335 158105886
46 64 953076978 902895450
33 70 342814900 102314741
14 53 912083689 560987672
65 3 989420709 157871042
10 64 74102211 909822011
60 62 40139688 455106995
27 41 854031599 815682167
14 1 948081075 537233770
36 38 239843420 517899578
8 33 339852299 301596073
8 60 522579581 246199758
55 13 360826209 34168235
5 38 592844365 722516580
34 43 259114652 340922159
9 47 706038742 878462077
29 53 61754988 575547951
52 33 423539564 229569471
33 69 117170112 951964333
50 69 63272945 665674815
60 48 142124674 827573188
50 58 377163930 221289550
25 67 530515799 66149697
40 28 392517159 83845347
62 51 452831449 446333196
29 46 999903834 933807660
60 23 337782511 317075061
14 57 557974075 236203550
19 36 972737251 238639677
7 47 923203647 737783520
13 38 66417969 277267273
19 47 148086117 45551254
43 32 36480619 842510295
4 24 49930256 325005645
57 38 321127620 587810545
62 18 568209546 965985591
7 55 765133040 602383037
67 37 666329382 604619360
27 11 259389487 616462843
39 69 725218959 136104105
34 57 924115733 794484518
2 61 941107689 226452787
7 48 739555498 334735233
55 66 190901096 144082117
24 39 152353332 782020781
1 24 120355024 472506175
36 18 792195700 517555491
58 4 335234620 683966200
41 54 840388633 859616947
60 37 747306881 445171591
46 45 395827714 456503309
5 56 701378221 2243291
63 14 891046253 784958497
12 9 770235015 788413173
14 57 462789744 763531603
28 52 479074235 492218894
21 40 882595265 346617014
38 17 397490535 37006629
65 68 652377058 788421114
30 18 159345998 113353259
33 27 793960114 262679329
64 10 770252231 980092363
61 53 209063594 65903058
32 8 590346328 616534516
58 42 420432022 749516863
23 28 731534815 402364344
46 33 433558905 292447429
44 8 268881765 200350770
6 28 852389207 680214698
21 29 438947747 450577045
5 12 66689954 290336513
27 21 938201151 833190817
27 62 821922584 371478220
59 10 420229034 367162095
60 39 732268819 983067412
22 23 616376950 106350721
17 48 70801849 230799649
69 66 735491895 17213686
32 62 519873747 520043722
12 38 177548433 974339830
53 30 906211768 327378481
65 10 409218576 399554929
47 38 743417903 923599474
58 30 615792402 434404540
47 50 764421335 482295594
63 14 787418173 547264447
29 47 25001512 474419651
13 15 154770402 648881102
7 43 840497981 527258650
11 30 927863308 882849506
21 29 61727731 712937748
64 57 826772860 21083030
29 18 378256142 310135788
65 22 929520796 931831658
68 70 516914146 48932474
26 29 928211937 701203122
6 63 308461122 916345711
38 56 445598568 714149838
1 4 784232939 912123056
12 11 753035307 992115280
37 27 570469913 143751244
13 10 477488440 689059416
57 21 306542027 136294994
52 35 120762676 982821153
34 62 556281368 605795926
57 48 121393210 387720395
21 13 35111794 668900715
10 69 596088244 646087362
15 14 34061010 29932512
32 41 770297496 194442841
49 21 143516844 235084243
57 47 424149115 564837560
4 1 834047842 218913757
62 46 646244560 166099673
36 9 510455643 67298578
48 64 958561998 22301142
54 8 945117993 586875226
21 43 135999648 592404771
66 40 720397088 537321487
66 21 786083338 982850717
46 3 22522306 274546829
46 36 603526425 438835559
4 16 683535531 187259905
55 30 929558984 385130045
49 23 977579731 733151381
21 53 249465415 747167591
58 24 448972467 968776583
13 63 520454873 516331978
22 36 781626379 969639656
59 58 19596169 694251874
46 67 267405433 50389551
31 16 803667811 740494967
42 16 104678072 343886990
2 13 406595233 253699216
63 32 308728360 542948592
55 3 400466885 514976174
67 9 551728465 484224552
22 60 596116374 461364472
52 58 418646292 396130879
32 12 51272587 853111938
8 20 495665405 62869809
22 33 81263589 952186497
48 39 12789329 760933286
32 31 373504139 593936958
64 66 239000506 528150153
37 6 745015338 299528455
30 2 256377468 623298257
36 19 844958348 271183575
70 32 940743691 862029442
17 56 48406891 974954377
54 21 540201378 511907811
7 6 224359930 674616951
60 28 921758681 730659298
18 61 816566349 851912218
26 34 639996514 216820119
20 9 542062052 204338425
11 14 734512890 532728083
5 70 195598013 481191655
2 37 208524615 663841372
57 43 611791879 803202386
67 51 471778139 908914458
16 30 986828857 354518118
52 15 167250889 173269882
14 36 542207324 242506551
50 5 95467264 290070243
4 51 251318829 415575009
12 42 337218662 53269740
30 58 440854374 704366944
37 35 641729993 579425149
1 52 298943907 734515841
12 18 47914204 926497572
21 39 641966181 14179966
25 65 606643549 752074709
