500 1800
140 211 1983596 88036244
213 349 10565588 667284053
123 478 34883054 310885666
228 429 19533384 124405224
410 104 17874406 118005743
16 34 12960101 844628534
22 240 39400788 532088525
500 432 23170325 669859094
4 446 9745252 107226038
258 26 22860406 22905169
13 495 8580408 879121633
262 474 19825234 988182168
90 492 101955 391553689
128 130 262739 814804888
178 447 441530 396578384
289 48 1220174 723994217
13 160 27269387 827649256
398 206 53249 979909955
399 500 12133607 422696750
433 77 1544446 743645285
494 411 978888 543146230
344 131 1537786 614764339
173 499 17732472 834415712
120 404 28257542 505467660
415 51 21005088 452792364
362 433 21059515 220577849
437 165 15753978 449594298
214 228 1678853 495863001
60 44 20532574 642952968
124 33 21753517 214081510
196 496 25836750 561694233
477 57 591374 344152183
56 34 14368407 175926050
243 305 21945410 813949507
102 343 534161 390876092
217 274 23709489 197292735
274 411 10358242 579899996
310 365 357056 136306108
107 19 35064437 861816878
199 91 21352149 338396275
481 134 12301442 153379038
351 206 35010270 675507243
261 301 25982952 273601915
190 186 18956601 128544637
130 307 24486922 819316589
304 136 20470034 969294040
208 322 691584 352374994
175 198 882068 730647987
450 277 9692500 975976336
120 170 22064584 421050579
64 157 9813408 159068125
125 381 12802705 802454534
66 424 16355653 322014711
300 313 11566849 625402152
356 30 23934295 215799183
72 427 12815974 652446177
174 70 15706153 739641797
344 402 21455302 30654109
74 419 18586909 616543458
379 311 14048405 607410332
56 422 1231444 998173202
232 41 618767 327626278
36 485 726711 689071000
74 407 1469345 851043932
323 467 12065182 164932706
392 133 15624003 380193808
343 65 42674610 277844122
277 61 15944677 865091070
8 397 537704 497349064
131 157 466234 506503462
237 493 28927418 590477387
286 266 27638064 468571362
61 447 20106902 160658905
380 476 30632777 277587923
380 307 20957948 866580480
33 142 16356959 685639603
289 146 15506847 640082073
215 328 431056 906940824
47 388 25560005 480159463
132 165 1088895 287424312
412 69 14105880 427886031
132 173 25365245 524086213
285 437 16318558 479869544
378 235 26689801 685892080
326 311 8293210 481969573
252 358 20792735 215457862
391 270 21000819 864153146
367 39 5970051 408561638
12 191 13603888 619768621
210 56 7345371 992183664
249 341 24670986 103551374
244 301 1723773 293077260
242 196 22822 481395505
294 170 967215 360564872
249 300 1157153 765854371
212 47 19018556 829197311
26 416 596906 30991314
55 66 242356 922024681
139 117 24314433 281502111
299 486 783617 249851763
436 36 289027 309238041
492 380 14008352 794245680
245 403 499368 912167500
199 376 40621085 73485682
368 207 1542773 267508604
254 233 17466745 179541066
211 499 10559462 993283903
42 85 17457234 536041926
75 214 22424655 564043624
145 184 24808033 80715942
299 170 13535878 747551568
444 30 33499942 995615817
78 292 14402486 376734300
205 299 10822223 218317026
60 117 210679 623767080
476 298 316918 399980313
352 222 4352073 356196239
19 426 67092 267590706
59 108 23238177 35367240
307 453 15553444 921956514
169 101 25457733 2796407
399 434 10564314 784542155
75 468 9630222 546999762
431 291 1147372 407393517
69 473 16954918 945465633
298 423 17167393 368726139
166 229 31285 91021689
480 448 11701007 59995549
474 343 37104954 642841353
5 308 16683383 606166363
473 39 17641069 162619426
292 225 18702605 119364068
133 20 766968 486331577
195 53 26009907 280912417
310 159 3134328 265839159
380 394 594718 808819332
25 138 1201923 411244693
355 190 23689942 257642549
73 328 14376401 680232349
355 198 22905504 761822164
383 46 1561436 390147028
192 379 67365 148313796
364 137 16493936 508062014
19 426 67092 694940813
221 444 29795405 898975939
411 219 1702926 373300569
27 45 7907738 825757150
240 58 30342628 814414517
196 374 18552194 587981645
52 499 495707 142991281
218 65 1726407 148959703
156 313 4473865 560497528
248 258 9567778 511026061
100 237 28647831 622602194
66 325 1738082 870241548
323 160 16464666 280651249
468 2 1486177 883638430
488 303 28087380 788698317
318 192 1108832 392114269
303 312 19300914 987925428
141 479 28702834 131478077
342 354 80910 522186814
86 200 30973125 845055487
168 122 22745862 331701212
224 424 1845581 6494026
232 348 9908903 77549478
320 106 1672579 883538995
260 256 9742309 791062214
82 14 803439 341982729
355 396 8382629 169273113
458 217 31851894 197818546
324 379 17164783 342763431
180 416 21988155 978911106
218 108 39169968 230802456
358 56 13420903 362759473
187 499 13655733 491945382
291 382 1210941 241618712
342 91 1808715 334364122
236 102 17143583 144029912
326 410 13064736 390912808
345 272 37367831 877025762
79 128 141800 545753120
471 413 16766516 421914329
364 193 14542276 548849045
442 221 15315663 951387196
70 54 942060 312577061
83 235 9637449 443777043
204 261 177205 137817215
367 320 16310311 145359128
424 440 30541523 65005949
28 182 1869602 752415529
419 60 356795 137689705
277 174 1040482 223665480
435 333 1296867 376786387
180 407 14013205 36901684
301 227 35149161 488090095
428 414 13399295 218125812
14 493 16386993 448526077
167 186 20720254 544946064
172 169 200688 155075163
368 410 17803374 577370795
278 480 782877 571836551
286 268 24965392 531077196
38 297 19908443 353048126
277 210 8845526 786541251
446 89 672156 986749538
230 94 802652 488410713
358 222 1611707 216745630
488 474 6586530 995272875
221 336 12157580 454037566
20 438 28938176 811173668
292 126 10110771 852497983
61 354 1441683 64915405
273 349 17722964 481186079
380 309 9397160 442737032
14 59 1782545 112755493
148 362 11518887 388197051
347 134 19280648 970307794
278 272 20066297 501727044
424 454 5557269 367534563
291 487 33234115 1398192
194 302 21228408 756635043
403 215 11843162 832211800
487 113 30391574 813038214
493 93 19667261 786048645
311 133 4674729 796568725
238 283 17113185 605997814
266 60 23847721 167583144
343 333 13012216 627789833
21 101 25256487 188817806
190 141 1399222 422225784
110 282 7108973 947698180
474 455 25045711 254526513
448 34 14364309 877959671
115 130 1818186 240117422
364 63 28058009 882356619
218 302 15912848 55699031
467 387 8272843 782680085
109 354 12554657 211345079
289 137 10070726 604606803
101 370 27178842 821896266
239 114 17219652 209293239
466 268 15695710 280111737
217 51 25497813 248805152
22 347 27647748 408607722
200 253 32708483 274531994
49 407 472331 180655781
53 44 484541 147505093
402 436 9493667 602354247
208 422 11655511 571131573
411 391 8810060 362703365
477 22 374548 939838101
174 400 1949887 113918939
162 389 23422946 624521346
164 119 23965912 585696688
236 286 24304960 209568175
368 307 2783795 856068732
434 359 21815362 105373534
125 50 40364341 475380709
444 27 1209425 191149767
337 249 672019 924069591
29 96 1296033 654074614
189 110 1446286 955877431
185 165 34692924 14692985
387 174 106596 411768429
61 284 18102191 528895927
111 202 11231965 427208598
174 410 19013784 460457411
358 356 17504479 544404011
369 296 1042048 452722049
88 202 22559666 823489250
96 42 15286238 240335820
54 444 393426 665715730
217 306 489323 176993622
301 96 28431025 423072505
53 99 26569477 561019382
249 268 32785939 761735974
99 13 20130682 696834898
355 225 23556854 241027580
477 435 22547501 299562878
419 155 35685095 645199527
134 228 7713224 76940671
144 264 21637881 778195207
208 210 11185142 107461145
198 429 12475324 54010372
230 390 10907780 133714875
313 110 13819798 385021719
491 36 20792288 350645665
139 23 21331275 335513067
213 465 1402432 933691391
93 436 24444245 407187064
326 191 1242415 835767848
46 397 20543199 708545598
19 85 45742809 295063628
419 164 9264682 750822181
202 17 24587639 619273239
45 384 33087968 221657288
26 18 33362486 688034872
44 60 20532574 61794276
287 496 11993008 684455250
396 158 5899842 735328775
86 140 7870584 59184977
164 402 8966670 21483870
364 68 1891251 83234733
451 111 13846773 800374927
63 334 27796397 576659279
77 216 4462617 532056312
370 111 25296871 676199796
278 110 20800207 935787340
71 163 17231332 382087167
101 310 16602580 670317208
169 499 17653313 117810927
103 255 1375350 167167422
298 23 17092045 460531468
421 235 1488473 706642137
408 170 34497758 356786861
13 175 15550461 680610766
233 42 28500470 285853057
14 456 1889213 8728667
257 399 622634 281282595
73 337 3553422 271882421
149 160 1304395 208786054
281 375 27510477 302114109
108 386 17717744 663548345
202 47 32992936 39122184
215 494 13157222 182335383
111 218 31038394 626244070
87 484 232351 559628308
89 268 24493337 864160590
57 371 4609481 988984293
142 19 6388410 459202037
389 69 19259753 984828726
95 294 34501423 156251647
99 498 35204612 551808334
154 130 25960553 125985686
375 23 1041100 715985245
280 127 1458332 192005088
396 466 10336287 523190595
58 171 10257576 422313011
407 446 16509021 973407028
21 351 618744 919504396
467 457 19209561 69968779
376 258 30919431 697277926
491 103 1496198 83156499
75 47 220565 890835678
191 144 22224122 658315030
305 303 28151385 377080362
379 414 11250201 710091669
318 88 1205769 100436874
30 373 15541575 349613442
326 70 30018926 179104291
90 39 5344594 656882317
279 440 40298236 137632144
236 84 32761037 791090974
86 100 62347 489282749
123 478 34883054 569985288
179 30 11835996 266283145
486 277 184738 380948072
25 255 21102516 820377450
487 296 1422375 36651454
293 107 9720122 299201581
208 434 13241770 158885220
184 47 18950205 165849770
31 298 812469 64356499
208 358 533949 465229752
64 403 862086 413534062
269 123 1227250 175315993
60 493 1945846 201632829
214 467 371861 941995845
397 65 17888923 18554736
156 466 107639 539210399
307 310 16055052 863789717
176 335 814573 839580083
302 399 23285034 205807689
260 329 1847755 528649393
62 147 39509578 929017048
68 336 13409053 422629820
457 300 34199657 509542328
174 316 844250 19194952
452 401 14281883 699282437
91 69 1313726 910594089
366 171 1110119 845251646
223 295 199080 175237909
92 187 18018367 132073129
451 333 14881793 132409372
325 360 7488548 762995381
233 228 14190468 753174526
403 370 15972782 245761862
326 46 20197247 626328372
45 217 1789580 85258582
338 76 904065 214981757
160 149 1304395 751855721
99 405 1515870 828246844
281 144 1108397 277327452
165 296 13131648 134042593
97 290 32091762 6293615
379 30 1024456 834100384
156 205 340240 485962493
490 20 22928969 247554696
365 153 16179981 457082610
355 392 20774333 221065126
480 500 1234147 78658382
207 454 8010715 688710750
215 210 9564318 143002621
60 493 1945847 284426107
53 410 321774 298693124
481 233 1571500 7869893
274 31 19681502 734424297
280 345 2208935 757568119
476 165 35121096 963587446
417 215 154815 702346977
343 255 20279656 903990209
437 79 15199168 478803521
246 39 19493447 268445058
175 134 17126009 386221127
196 404 1332590 657386719
44 451 5859368 675960624
421 287 24056018 821357306
59 65 24381008 328308021
465 396 23256832 941829935
61 488 12001216 443429909
203 496 211140 775266073
279 240 18285980 197463943
161 53 24540480 91804517
250 142 860817 614997489
34 121 15677088 450838788
400 49 16882299 183067547
286 14 13989295 132422288
443 208 330910 26212149
95 317 1043665 375640358
345 10 28551112 880576149
16 335 6220363 546610779
422 97 443226 841768277
251 463 1016274 704250831
391 34 930021 280606360
495 355 1150609 474314491
247 349 10595978 864241130
441 445 6580078 389065797
407 436 23483601 703830501
338 299 25033922 619628567
254 131 1670557 342418766
433 364 1003220 503068296
39 317 13758430 645601367
206 278 13287911 594526065
203 111 1449746 831255147
150 41 6321487 425354854
29 288 713035 145522700
259 232 1430333 802890764
66 409 14037413 160546292
473 71 596682 490984917
234 207 262118 449696948
272 459 952605 993958823
36 139 30958914 185014100
255 25 21102516 924474206
184 420 6394524 357366428
301 366 21105385 156384885
287 347 18444565 26117681
286 101 1216735 504590887
385 397 335794 51973843
131 170 32480191 851443373
111 303 8060642 931241607
301 96 28431025 438663402
248 153 28050982 747182127
7 264 34707529 648274119
350 374 17946832 986037571
414 216 1233248 845104900
299 323 1890094 374613501
103 13 746953 815539004
399 377 10568332 320229274
375 319 1146965 18251698
49 163 24935747 165517772
8 80 14282059 452339955
292 166 19804904 292961993
282 212 28585618 386255933
67 479 535320 541211574
398 119 35721810 720763769
397 118 1437313 429181779
361 293 411624 424919293
48 399 4565167 579911344
170 335 15855667 366652399
54 59 29631757 647641430
162 386 18398467 249104165
434 16 9961651 300443823
337 91 20969621 363748014
380 492 14008352 298131306
349 197 9756675 977815482
23 82 12050751 905989614
303 137 922692 465563376
240 327 1861031 663810190
335 108 14490891 760869966
281 296 1579428 579673264
146 282 22936567 521715046
318 485 25422553 781799214
476 401 19829185 154277567
40 478 22348399 69101063
281 442 28984964 758126247
127 395 36575156 449232456
428 38 9866835 484574029
413 479 24795119 911308997
237 493 28927418 322977086
488 43 13875707 489474027
84 330 1353157 426664709
110 91 21393398 673372811
41 416 23446989 89296090
302 477 11982 846930396
354 109 12554657 894414853
209 414 1437850 403184393
378 296 23580872 986217093
419 76 25641972 891841429
496 285 2846897 948800112
426 395 37584268 460381793
393 373 8380843 343711910
147 490 22644 585214098
71 29 1432259 659639113
106 453 657716 839845563
402 229 5552352 455161021
353 246 28644755 875738460
61 195 22222087 814847914
48 337 13259263 316212309
132 64 16738718 426510053
393 105 19819449 881210135
241 105 1968707 30423146
410 294 32024047 648919148
184 246 238214 816787206
23 413 4883922 259558352
251 32 8616527 392423310
33 9 704785 677401721
228 481 12618966 954299574
165 36 31662718 595122343
493 171 17368043 866069205
378 235 26689801 571498640
51 497 14774124 589373928
331 138 17671129 556974190
432 319 29035914 906016601
245 90 5199132 932801593
182 481 355642 634744693
460 401 10089794 17349550
438 51 22557279 579147014
98 2 444692 561839947
53 185 29512046 293981403
488 220 13795808 547144886
201 320 19592696 542410962
322 440 31821267 60093629
496 334 10244630 474722132
149 359 1758089 826465742
435 442 700685 711241155
304 24 11378560 387356466
133 207 12586810 425342799
124 125 11401782 404946010
187 312 1352968 348040571
292 119 32050122 661713626
43 61 1874489 915414750
231 354 13122279 106317709
63 301 41647729 583463263
486 91 12798101 671093177
68 395 22441694 858290398
184 198 28835901 489616852
11 92 13777076 788078316
173 482 404462 292004277
329 119 25017662 193107460
232 171 13514703 497212661
9 18 21665336 559376646
107 248 723812 735725791
454 17 24358512 240896344
282 198 11171231 162693611
353 195 17778706 42653175
354 468 7126315 286925475
266 451 32343156 531037752
73 125 1389481 656622195
239 407 1101971 441720318
223 367 6240523 25420788
360 352 16681321 951187071
256 231 1599133 626297207
296 432 1957897 519237765
85 464 20828761 484113364
266 64 29681302 752315258
112 221 198086 645069944
436 11 512034 800884069
321 379 1383181 222533896
205 299 10822223 477717092
284 47 33196481 216995439
438 360 28029780 570477908
249 272 361888 204453764
389 161 524678 965170848
340 394 12963954 699811360
168 107 9425713 125337481
422 420 25391464 132214367
314 83 27406686 43746712
39 251 18532059 84561057
316 328 5928835 884630348
99 241 35995749 577649173
450 240 25856946 722842313
190 198 784437 526679039
389 108 1997363 772369262
483 257 20187504 600399082
116 190 7241473 17827083
51 117 9536664 677980120
466 268 15695710 626456126
42 107 1736862 716617187
277 307 10612430 117419770
464 114 6572565 380770878
97 270 17789357 248935614
478 233 13902370 806314546
432 80 27771289 943126001
66 384 1962927 150644349
433 243 10368492 187938599
155 407 18567526 853128696
263 306 23021640 312494979
337 56 18903592 962475092
420 105 1034952 526077959
391 191 1140260 511169712
234 455 1104803 367175151
220 218 20573219 647073814
397 46 20543199 53820546
346 323 995764 300296526
314 181 7294786 4178019
415 178 20679626 695178708
418 296 36626034 489965817
4 210 8447455 479661480
329 324 758233 775644301
468 20 16433963 525345542
24 327 23066035 386621814
145 413 22090956 718824663
377 67 17558706 777134682
45 103 29067585 869341283
118 8 1975015 862028625
211 436 14848408 591024801
333 95 22765117 526288103
23 373 15623159 795295907
280 153 10920469 739680596
457 300 34199657 960437895
46 475 1387864 504098531
232 445 13451739 150010768
74 170 30851572 21329752
90 44 13698378 641488607
382 266 17157026 845674962
280 390 21964204 583424692
429 228 19533381 637951373
107 482 15264102 633787660
106 92 10509966 515844971
51 238 22867685 172592850
454 303 1300004 277277421
339 418 296088 639499926
364 240 28710838 252515246
311 42 25186730 909893144
328 352 154535 936642518
340 454 16011825 738887712
441 253 20409371 865751368
385 295 2491867 972472554
167 253 143284 364729483
418 87 1783654 454055502
136 263 15575619 20570165
116 48 179334 894290730
456 301 17057439 880770740
20 490 22928969 610987045
241 448 29622471 145813021
135 248 1826922 673476743
264 106 35015077 159403285
372 500 12598746 362808539
231 444 22815855 566916996
291 374 19812283 929032966
283 481 1742523 714369560
269 478 33655806 19677184
189 22 30570087 952558158
279 381 13854642 759218729
383 241 32441316 830549344
368 274 1149591 160178162
460 137 6496846 871291810
94 348 437316 29778244
417 468 22502910 177193732
390 304 19810159 428671342
138 309 20044099 463619834
298 380 30315855 558620943
448 32 30040410 563254549
276 86 23193215 125598781
40 479 29843509 635352820
344 145 1359335 994973617
309 265 26519 394031609
221 389 266173 96842431
434 261 975780 7366862
457 425 7474043 357207715
267 276 13011815 946937491
471 315 887656 963604642
304 305 27742470 424191141
169 249 32061541 883565966
324 156 8319959 765219739
315 186 569250 263560285
461 213 1951091 952657935
266 445 32738536 676254684
217 271 1570052 753469831
424 303 6857272 151030697
182 50 14083141 292396748
303 110 8355189 821486180
123 365 32398789 300201296
127 181 13011969 284802628
349 116 566267 78541993
243 309 8133775 272501386
195 221 678574 526308334
356 492 20477473 816227293
372 224 221428 255052564
391 369 19438085 80309400
334 371 31016997 724295675
411 338 19905050 223276801
396 368 17491382 75445290
39 12 14106289 239766210
443 100 14731860 614259294
126 429 18073941 639341550
96 184 29756119 182318053
354 451 145325 310725953
111 392 45069 122571357
197 349 9756675 724073782
151 329 17104554 928345627
125 324 15747712 910471109
221 498 33966461 89382766
329 289 9929940 264749060
20 35 442970 172232245
349 131 19354463 122043101
446 72 20162869 537606750
397 332 10893 881839954
348 232 9908903 447480809
15 21 998094 105884873
381 359 819897 117724765
250 338 2416581 217531324
241 32 417941 637789697
174 73 9291816 406467434
158 481 726968 801167948
235 249 850150 844540615
337 357 21280924 813411299
425 376 191391 30854807
228 171 7950635 183458699
94 361 10815457 796868330
270 239 25577436 711652684
65 218 1726407 557405093
293 239 16012859 277027732
57 62 35610174 335825366
50 120 32550538 905298675
411 137 15407087 840547460
369 105 16450382 378147526
53 72 366589 309610023
425 285 32458157 948060754
473 266 26560001 237617905
290 218 572239 554191697
183 380 15545065 913517563
280 234 23056986 173528315
373 174 17460968 238099073
225 214 10860919 396586336
470 164 1993991 193188692
456 266 33709661 196877804
41 461 13361364 287751278
264 431 33627910 817751198
383 378 21437968 705676936
195 71 18788087 441192044
11 183 14323293 135746536
27 328 21451532 140615442
174 178 9400606 67716063
178 447 441530 942578292
120 475 15359440 486965371
433 209 247072 965166753
312 340 1989088 903638145
468 360 15525568 134695866
243 349 6709683 375341389
10 275 9493889 724023288
492 393 5805482 205053240
379 182 7112453 783731328
484 494 23312228 916456523
237 474 1330663 570385426
156 450 178871 214970039
351 412 24973591 691805309
100 412 1803012 440796837
113 256 982534 473048124
226 231 1575581 704697917
429 42 1865672 461383545
183 140 946449 524493476
401 116 8866466 171627387
372 386 180885 20308153
191 391 1140260 30846492
146 220 1394232 757579781
92 26 24212605 695851609
5 148 1859123 288904102
466 354 5096999 519471007
200 354 14425989 950589447
477 172 565727 182239834
64 75 21995981 920569309
396 53 9788 649473650
279 192 29799251 335241593
308 166 23337202 81024864
306 119 152985 541203910
179 294 20042935 550364491
149 327 1632116 727309019
141 82 18487400 272676109
267 365 17575514 272746580
77 74 10665840 127668440
282 102 858534 823491683
427 297 18799764 260789346
276 302 11881486 296154646
235 83 9637449 935270919
277 470 6598355 938289901
401 126 567182 404568471
251 96 28556520 406428463
288 191 15822758 38348702
224 402 468454 523363875
179 310 7975244 220711956
371 242 912024 123483106
220 146 1394232 659199145
230 162 11803843 14878616
483 433 11109531 204590134
211 166 10938374 281013789
415 292 600686 233292183
228 113 11714676 306342948
111 303 8060642 974908190
17 139 1575902 411011152
476 413 19937899 884799964
5 30 27325027 447395979
90 48 14889806 454248796
428 335 1083427 268490028
479 380 12679074 686086139
308 240 1963446 890936169
381 94 23671276 270420610
333 213 10987790 393136137
325 338 18065063 755598575
69 12 13420134 390957860
321 145 17088461 259800973
227 350 13272066 800063216
29 208 1340733 917397697
105 494 24008420 83736414
482 51 14776192 295427629
6 174 8750679 637485180
495 481 605213 539978333
498 384 22591964 255394509
402 142 24337214 677908821
50 290 1090305 217797259
499 458 1248856 600930767
277 174 1040484 689082431
211 179 263119 462987166
168 222 8493855 965036454
54 208 21900560 850496376
330 297 1239756 459249986
407 251 9816380 152863100
147 296 333424 762046203
321 408 1819126 231746459
498 426 1212590 940997441
165 132 1088895 401277897
178 274 13581982 374667706
357 334 15129919 524841818
191 368 11859947 233195568
390 396 14593709 836922372
312 300 22803146 703024344
205 479 15971089 3567057
93 419 18078206 654563045
233 343 30454749 753517113
11 348 19051264 311945846
116 49 15217901 714129467
356 167 628599 579225376
454 431 1171279 290958474
330 415 970272 202784138
203 372 3713347 232432381
142 381 35695989 970789518
183 219 4876633 430969603
42 189 179758 58332418
28 206 10918598 31812961
104 489 18934781 1267638
395 298 1886754 52322034
499 423 21975599 911808634
170 120 22064584 986525560
61 181 3325349 217795136
329 324 758233 187049344
9 232 10534165 629097365
425 461 38941764 740520683
35 20 442970 765572610
32 294 41546483 949866671
353 121 354725 125053643
45 271 219530 963387627
19 482 29414748 991336034
50 125 40364341 452740431
431 70 11769544 734099902
329 426 29144779 16236282
403 64 862086 938561297
356 248 19324228 820822272
255 260 12583709 945360705
270 349 13678843 572206492
248 431 1797186 811067983
499 111 17567950 181933232
182 283 2098164 731449395
406 83 26115526 436165031
27 391 28297041 238033829
238 455 14987482 612072533
278 56 12487980 244387100
332 441 941558 465766543
430 413 403208 305077735
170 147 41038664 356790636
186 471 318406 9463299
493 308 26226613 583162744
463 302 1622458 847938830
180 258 1469156 773827075
109 129 1186755 309259057
418 16 17996823 434537915
1 282 8210215 709547160
5 11 391711 718033562
16 288 10850947 391195235
103 466 3140751 268163693
56 202 1486169 649484585
283 243 18336387 308053499
380 189 27758795 823883216
164 432 28238959 736123348
200 227 37942033 481618892
183 140 946449 13656163
33 156 1907703 805574883
115 337 30492091 832473101
71 447 1731084 741619453
255 228 4015375 777702258
113 107 16697611 542970029
243 72 16917959 504364622
87 13 23935144 65183900
306 65 48786927 208988225
305 431 28022658 137669825
496 293 505811 10527485
400 198 465294 477617239
471 239 12320288 555562081
274 463 24144026 139375841
3 173 9473531 990216329
444 208 22293987 299178657
60 238 18254009 73551157
360 241 23055026 363897750
38 97 1942957 417758900
209 128 15670662 277339659
91 103 66623 539079869
331 368 1113290 689978872
485 282 1692931 257343210
136 43 34930 176251246
211 326 7543223 153215959
121 156 11290118 649550924
83 167 18555078 12475222
465 131 23057743 433681475
458 169 16404458 138805927
163 488 34025375 830977106
423 179 11679259 205651429
17 354 8130671 623455533
498 440 422442 665126579
425 49 16100793 53233814
271 399 21800810 920129848
73 70 9862839 506484255
210 430 481439 807054101
380 445 10375261 566527756
382 257 11376569 879869823
198 229 1722361 740379605
17 202 24587639 196298540
181 127 13011969 195514939
310 17 15813032 789783766
199 175 13076513 196106812
475 369 35042146 710592965
445 367 1344101 810937430
396 234 15686492 806874483
186 170 29734467 434587169
297 428 16450658 215562694
421 207 16308724 53315685
138 241 37887962 701593160
15 291 9054937 692711022
8 207 12443242 972370985
318 185 29179476 979461618
312 250 18756976 749120511
464 453 6729206 772906119
376 353 33304065 857405728
489 104 18934781 423200236
471 327 31419286 268413301
52 371 22583457 639105974
296 4 27370176 753454634
467 319 8516503 293914244
207 263 1515193 19268635
409 92 956121 843028256
431 467 12102858 158931490
157 388 537571 14043110
238 360 1699414 464542242
243 154 8904936 600044736
89 52 18256835 78935559
65 240 49730790 393429836
435 296 26704854 697746584
456 471 10787903 718759415
95 294 34501423 554841157
125 324 15747712 168399254
301 296 1632136 846731834
378 325 1813134 242081458
313 168 1031181 557208579
192 365 11113398 211542801
151 114 17212440 745467515
225 66 16630249 892835344
341 458 133885 231439712
309 357 1609771 126892094
452 66 12541898 797988111
309 255 143503 910518228
4 164 8194273 514006463
495 7 24355945 230899012
98 404 13219697 898326583
407 118 669507 635897701
98 87 34201621 645726138
401 183 4741477 792441259
142 418 32820679 196583793
355 495 1150609 820415813
186 93 608399 186401001
276 246 15481605 559838004
168 193 20330087 123044823
439 422 17952441 107123725
89 368 5252313 631883274
217 269 1275178 265792997
373 68 7846311 124373816
391 364 424188 332106950
499 392 17613017 349537974
139 193 129106 244169017
303 349 8673459 484026784
405 27 24318056 345951545
239 15 30645634 3163455
377 438 22696903 570219471
396 240 35906723 960678100
40 427 30306375 746598381
427 488 544824 724479633
317 120 20536025 907567375
343 213 19862580 755441798
203 489 1023146 220271986
294 285 18191581 125216999
488 22 1826181 378943522
59 259 12885862 863411942
330 17 14586321 650193178
371 488 7401580 141144880
309 364 1231496 504656970
359 449 5730148 495144514
310 415 9255240 509491377
398 311 16038199 555315671
180 117 3510177 249049705
148 62 1606666 111944401
387 274 8044339 453024244
433 58 628569 373441010
262 77 4172602 877770487
220 416 13153457 320317956
103 297 5739155 473928745
380 44 208019 997726853
256 331 6668153 48852320
390 310 1672063 872581879
194 192 15896627 204493382
64 329 11551023 900264499
496 393 12932028 316143161
80 259 1067434 621014637
253 161 1028486 82211401
240 266 1530399 216056136
272 459 952605 915856380
183 417 7646490 827104592
465 473 486726 443839810
402 458 17494963 860638930
349 3 219747 213734546
33 23 8543039 409599983
18 337 1182960 706619880
382 333 9158394 171845406
9 500 5570299 52494176
166 40 1570685 882538125
288 110 16329283 29558469
192 365 11113398 815682088
245 183 5745019 689496468
491 94 6953850 6465583
208 45 24697791 986351527
135 239 24067434 936755474
57 444 38319308 974681706
262 39 441916 615888627
146 127 18698618 721961763
228 469 1595073 631968804
476 16 19346753 804385689
377 205 1052299 832133489
494 114 12110882 980114563
287 267 28706828 361582935
179 490 20577399 131600653
141 190 1399222 346209882
239 198 18921896 524592334
49 193 8365776 232092629
333 399 5732970 960235739
223 239 87217 30685870
397 333 15932681 481708087
24 183 1989735 617578067
491 42 21196927 798165220
58 328 14465918 156852441
262 304 16787268 635979425
211 214 1024839 568581860
240 463 41409775 853854019
226 206 17338701 367078043
357 254 11795628 759550503
187 297 13572142 778853409
432 365 22548455 170760559
314 206 11772293 963818006
278 447 16182400 770981021
89 251 25653238 559038620
38 358 14575640 807615776
286 339 19097105 361265351
277 432 29726139 184974956
168 188 1814980 491119444
294 54 1753828 976665948
324 125 15747712 91457861
66 274 13502896 529952727
98 94 16471084 766465136
361 114 795166 155287583
149 36 10034016 311740448
108 201 24312008 807970429
125 300 334771 609028869
44 17 2416633 416813825
396 423 23348389 542473840
307 331 1670503 483970580
312 296 21701518 56445203
418 165 33771165 767415936
395 361 12718673 553109643
250 365 17646017 469040287
129 411 1025429 280078025
72 17 3267764 231442252
279 440 40298236 82872667
247 18 14117114 352862776
441 237 11919274 38044914
115 17 497824 335615489
410 212 815784 547123897
302 44 10949455 802367346
498 345 954078 49326406
44 368 17966137 213577461
85 326 31448758 550729944
67 273 21248696 270730622
465 231 12213370 461160525
19 259 26625024 459747830
442 288 7186543 80058063
35 154 19596939 513462957
51 465 1414667 874787179
374 437 165310 703383503
7 431 1079622 650186638
144 218 1383869 95559699
363 458 16649024 598125802
67 171 21759193 296305048
157 478 1427587 287258403
332 247 20635684 240765877
234 421 16046607 500039538
280 196 764129 676976376
85 234 22119249 274517466
369 200 118688 858032287
387 135 7667313 365258097
394 380 594718 806438160
283 22 1718838 940565118
345 128 20648018 137173665
218 62 43247843 594965624
406 396 1840057 443562517
321 246 15588003 775052525
132 321 14367277 67055743
161 150 14715710 961560243
209 290 23866076 94257817
50 155 1510272 555672701
283 304 24133443 409546461
274 312 15174760 363335760
105 496 25149908 182513294
23 123 24434927 297769851
456 340 7959005 840263282
466 250 15417715 685696928
123 237 43899717 618916331
382 300 1272644 968414203
332 23 12810020 112148215
229 102 13752128 606020141
49 209 7426795 933281920
160 323 16464666 31831223
12 371 28304789 356219906
390 250 19675132 440277030
37 359 1313185 354260437
498 246 1144634 27085655
134 325 6118738 48639188
199 36 1989434 706126317
154 100 14067859 314914248
221 493 17939759 66136522
217 176 18464499 601388540
225 140 7852485 87749505
4 224 303943 129167976
369 131 23259999 678743407
54 161 28611128 413862792
28 106 26283522 454628401
381 94 23671275 583505471
400 148 12791613 740513535
184 91 14847839 753981779
359 252 28832375 380206198
278 475 18252031 226756797
472 418 139813 827109979
180 384 14135101 713113576
317 34 13045789 489138629
47 62 42446876 750689200
452 84 1881185 743874145
415 341 910881 345656102
29 269 22842657 531687032
319 432 29035914 485257827
270 282 314671 220327445
190 373 20660587 573421176
395 149 14883093 545844078
107 423 12693711 565315420
210 56 7345371 683719611
52 422 18101563 562273457
340 456 7959005 547457951
24 314 19963670 791727650
20 51 22076661 553898507
307 247 15559799 671346506
220 103 1280024 328193532
287 179 12026778 260403064
378 15 31253850 335766925
73 84 26650635 128554633
119 390 32567785 299814740
258 236 19236205 718050826
376 276 20140910 576959710
460 442 3776109 914340290
297 267 17945613 931320935
478 330 603228 356999062
400 293 5212401 47949933
433 80 11594759 706033582
56 250 25291510 467120818
380 492 14008352 872519661
28 26 1823044 925541923
205 146 6047608 903407394
81 51 22480927 261461661
468 6 12608484 488068842
365 432 22548455 970154266
287 167 30843 184887815
33 43 10213239 371741866
415 374 307089 613042941
190 399 7658633 918102585
22 81 18445269 707394641
377 441 8508783 580571196
359 429 1893548 376386075
468 78 1190109 310697321
268 69 13802062 301092915
170 217 1794262 407429460
23 374 12890487 676004268
436 494 19476809 314384401
433 94 6460522 224996040
218 303 34864790 50170958
139 469 18648623 262985086
280 91 14499406 169936282
175 414 17491300 646255001
475 382 17323627 549904780
63 217 780355 495456296
41 476 16701018 107699893
233 125 28208336 38482466
312 425 26006962 940144860
257 154 8128655 728707079
390 81 357492 574798726
151 492 1613900 713666827
140 313 786670 313341123
224 217 16718099 326299178
376 279 43390464 31710942
417 64 12860066 125626588
42 411 18613533 387669078
70 299 15264550 429854202
119 320 21654764 845552323
466 326 5947265 150427154
167 284 14191875 938967951
261 301 25982952 230794472
470 313 1558588 935705786
201 223 1725940 525710352
10 411 10688950 87824089
304 251 28877541 808062398
312 425 26006962 255603743
399 117 442703 454058735
113 78 24020367 894400106
22 331 22098739 362882185
303 199 8313939 708643374
147 278 21094580 178745873
484 465 20225683 835901165
425 312 26006962 110146760
131 480 11753228 775367716
376 135 38402535 304290569
386 350 1869862 998022576
176 168 275345 444305478
294 15 1128652 264238097
71 163 17231332 302347846
75 264 22441337 682155377
402 482 10221299 763264204
237 421 36688888 734799208
477 355 5591730 950747807
486 454 1540112 980732964
143 441 1090221 991254466
439 54 9305989 720998981
391 313 7930815 183243285
78 115 12064799 662765192
154 40 8786523 176537511
331 16 197102 395310937
220 374 1942014 307232955
408 399 21222923 493951638
10 261 9155779 801543565
132 433 17209095 770107505
277 389 15412196 189020495
116 8 15481914 351293353
367 14 426009 635945240
450 274 8591200 677688383
287 100 16014959 721020899
203 35 15339123 191585139
100 225 44248 72763326
246 191 18991049 754477153
25 82 24860170 555354249
480 377 331127 847777326
173 48 8508186 913345732
27 405 24318056 313686010
88 90 14087036 727982265
356 438 26421643 667726632
55 101 15442267 274213546
349 150 16919 166653370
360 436 23277427 352839726
357 282 20640235 140638248
305 188 22932925 525305658
197 291 13988904 221806440
125 349 12510462 426257795
405 371 34132859 245585838
294 178 22410873 782753553
306 244 39632918 74784425
497 83 545191 996956851
356 311 22584125 640511987
280 479 1968294 720484218
85 286 26038726 907927372
457 301 1536461 918946559
413 14 13776244 400683259
461 13 20161770 326605735
378 235 26689801 643762413
409 48 367542 640308306
55 431 17257973 670075160
363 203 1779677 389959307
58 79 16193958 763725385
469 226 9152504 337500245
146 287 19174623 754265576
9 413 11776763 797968163
493 250 27085092 767239089
283 180 19085483 867171424
396 141 23300635 150818405
114 384 16239577 515738949
120 474 27044742 522199343
133 134 1511232 130688240
144 40 35155094 109563536
307 368 2783795 872282981
249 163 1278618 7332070
347 486 4226670 714248832
187 252 290137 966860559
4 17 22235595 939805084
386 460 2857485 713468488
497 303 982719 271786662
255 488 13891135 146093494
329 237 26230589 492333546
340 58 108792 704489711
104 306 35383509 294984311
66 225 16630249 340846019
142 231 22582175 52244130
276 192 8063527 684678266
365 134 295855 825931271
45 291 12477341 374713752
453 93 22346882 76537010
56 241 29626567 370612734
277 315 16228218 845362834
256 334 1986828 832137455
396 276 1406787 381909997
458 428 15285398 941322073
466 326 5947265 869790976
76 359 35882843 529857688
33 402 11795660 840808439
401 199 18360246 57399406
48 38 10767748 979897031
37 117 18168593 719250507
421 95 32554496 333277953
321 45 36262474 398353061
239 126 10981413 902449495
498 160 42343321 534667903
269 341 32993187 704611660
144 47 582893 241927430
53 410 321775 800899799
43 90 11300512 359054692
406 418 30420555 139755276
48 12 427372 176342032
231 390 15813505 761012014
255 488 13891135 174012630
7 249 5867732 622259401
493 211 10071422 607720605
384 373 9975790 96978665
324 416 23226506 984116369
475 347 16480597 933076090
195 53 26009907 756339251
133 298 26271283 843830777
450 245 932504 161653972
318 34 10957733 162312962
137 411 15407087 32117948
4 486 1867633 516191515
216 275 16652738 27471924
480 435 10173906 977380846
500 366 1525092 31057912
48 225 11171251 234457480
468 317 141330 360257374
275 358 13138049 878156539
236 54 638128 176118634
22 18 32775563 775707738
192 296 14682706 390251470
178 161 19491273 151541440
432 296 1957897 58891963
30 176 15649672 828296899
176 214 5101631 405760485
231 493 10960208 740857726
379 296 14750069 359549710
33 400 12330738 175615927
279 62 100256 629405846
239 197 17413071 344176343
341 44 12110297 839517672
207 47 27245300 471138333
396 483 160425 541156409
226 207 837375 286578078
143 192 570996 168430999
149 115 34807137 513450843
129 189 19818717 107755553
4 332 15290242 893500557
227 459 14324 748057925
231 67 24299085 630982199
373 311 2939256 117032072
81 390 357492 313857083
364 159 158566 353512547
57 267 550934 714594220
149 135 9804905 286909706
277 243 6898409 693416732
180 10 1661429 4741244
233 317 141491 723651052
225 476 22313302 981911191
141 13 16852057 823568532
257 236 20483871 622450003
213 163 19717169 414867342
190 373 20660587 945197525
335 180 486643 261292559
128 386 24524950 807335364
391 262 1200746 962819601
348 377 594685 596924178
23 455 72690 64067983
234 57 20146479 110673826
452 435 19217094 325007423
166 355 24659149 362728396
24 314 19963670 153592718
37 125 13295992 127715340
203 335 667377 588426907
399 285 722304 67164714
246 280 110222 520313251
387 4 535817 361155139
310 315 706064 962888759
165 393 17542763 771661358
24 107 14179744 137869054
369 391 19438085 909726037
346 136 21708304 917870976
60 428 4317640 266398308
185 341 26766303 852522068
470 46 11442344 969622862
171 127 24650496 622921226
172 98 8186826 777091538
245 205 1451617 451328146
9 481 12873843 346258818
494 265 8159784 190567139
427 176 21874113 440637834
76 268 132069 766578516
458 258 16157771 126738892
407 3 16476246 439911858
325 327 30645695 401261845
214 198 10209567 558816453
145 444 36557350 857143914
84 72 13404891 20903151
351 412 24973591 651582714
174 428 794757 79613337
496 155 32972603 927144918
2 153 242186 571242770
377 170 23843168 139275443
324 282 16601427 243909482
455 300 13655631 380354551
206 30 912087 633568711
74 53 1817921 744635902
57 104 22022405 458536230
436 138 1690826 980586241
307 380 20957947 183132593
466 214 571121 992208243
462 240 786947 759222824
126 198 10428980 813145550
442 353 1784471 329526838
142 477 351993 639950847
6 380 11404229 483123302
168 439 12645129 572553042
87 447 20641006 440876318
469 471 11554927 478274582
422 92 9705229 610812461
305 79 767966 79332535
334 207 5998915 526425188
229 256 13395010 949797854
197 412 312916 875028650
338 438 35856300 597274384
197 204 196235 332008481
322 383 251355 180057127
197 453 14886417 725039478
188 116 5068571 507496828
228 214 1678852 521292719
75 376 622772 737220599
279 376 43390464 803758960
234 313 983980 817589820
492 152 15499463 894509295
9 360 9337911 843116235
252 325 9168661 641882257
463 371 6835291 649481690
407 446 16509021 112331374
58 134 691062 885888744
464 442 1425487 998587950
67 479 535321 472928943
409 48 367542 851985497
125 362 648046 954010327
220 67 14413079 870112728
169 458 16404458 372424326
74 77 10665840 964698748
356 30 23934295 25809935
209 467 5333674 18883152
4 274 8580155 351764960
331 346 12796137 361103189
37 341 29213146 228739043
2 244 1296855 170374109
264 336 29703186 888646968
277 450 9692500 435967076
373 186 1703983 454569585
353 320 1188953 663378417
360 380 14321315 698790888
126 373 11935668 613265237
211 176 4076794 729334616
177 269 42534321 946793984
197 453 14886417 76342277
18 9 21665336 597119562
25 138 1201923 601519946
253 445 18823194 21663305
207 57 20408597 319014958
406 394 542992 444874117
181 49 413760 268460884
184 429 36480866 866405528
441 434 17452491 714638401
162 328 18378017 165416388
122 115 15999835 616506071
396 286 19605970 731075537
179 219 1683467 318200078
477 165 1302479 685830764
1 317 22352097 5885811
73 185 1528220 8018244
241 417 30032364 539457222
417 372 6838242 121139170
322 410 23085466 882390294
460 174 1508817 635074513
225 4 11707508 531183802
114 296 27440697 250371090
152 233 569677 913846131
332 302 7934560 239930514
420 172 1978484 560171301
44 302 10949455 198910923
392 328 1044209 716365021
348 250 17297298 21335675
25 262 24102450 474767595
91 160 26589058 393972662
476 223 27842139 737187640
393 207 11178509 335552896
48 238 17004136 8259719
183 500 7591455 966143222
163 129 21447827 78013667
340 344 13025162 269836907
403 217 25855631 265768949
283 349 21328779 106670500
74 407 1469343 840973389
367 103 1152851 529362409
162 230 11803843 177398623
328 281 29635404 543729538
31 89 20174442 521259714
1 486 679383 988169463
210 460 9313863 813317862
28 15 35098663 605452037
431 411 14355672 265942717
360 468 15525568 695940546
380 461 27293124 171688478
366 352 14438806 428523302
262 186 5876008 101717070
122 165 1841075 789907756
383 238 21221021 730240131
201 407 536750 445366755
344 499 7298730 957831039
132 95 8983939 51977738
324 455 1757312 299845130
406 284 23720277 534364499
255 132 14830876 757181410
494 443 15108956 634545573
120 324 241725 542099370
207 8 12443242 659407405
320 273 20522407 512065920
336 274 72710 499714556
478 467 9186363 704911050
140 299 6794790 108768711
55 34 461241 32522324
381 52 30598303 485592684
137 11 8048258 542464521
169 340 16321495 202625204
403 81 7426074 425881052
255 245 546389 952474268
348 426 22053813 666238163
44 115 1918808 211176546
352 63 21791216 418815249
234 171 11050869 309115782
15 19 42745745 944367664
497 51 14774124 535329096
190 399 7658633 927053149
332 354 1185322 256326413
442 429 12327433 169862552
466 6 385169 456761320
446 298 20034127 388022304
468 430 20876739 382900602
352 499 18811763 353332946
194 243 786658 95228162
228 429 19533381 27925036
152 391 12543957 276317586
499 375 16532302 964622538
158 372 19175316 523783877
192 449 27416002 902395548
20 245 6522437 589227388
48 291 8946506 212007957
291 382 1210939 61898861
353 298 14983052 902381921
187 72 15385322 772219304
17 44 2416633 217886154
120 362 16637484 451430431
351 160 22898709 611779170
259 59 12885862 880999382
229 351 19893300 126801533
430 111 8525423 991816737
229 351 19893300 414398429
428 435 771848 294098848
205 299 10822223 833087835
18 55 23901058 316855336
1 206 21159116 92425981
328 8 16524643 492922171
480 97 10916884 60137069
388 157 537571 444259308
277 174 1040482 197163407
93 242 22962805 95516948
214 172 15341747 858288504
121 139 25986055 278019738
362 227 3468787 905340
15 399 18597931 812662009
39 473 17641069 710263382
176 259 710953 799148847
340 407 8389412 32997347
273 186 1114219 596161657
21 447 24096090 147782531
11 137 8048258 18424496
433 409 12982828 408994945
146 333 15454476 76334230
268 177 1426180 233926329
127 109 26622765 740955337
443 358 864857 708519006
470 243 300056 809844325
448 116 1218702 624781555
150 465 9180076 417400614
247 242 32847097 70667666
210 267 23519194 576273033
85 257 22217632 889719939
253 22 27015848 357861377
307 343 19720693 681722688
29 405 12157334 678033300
57 479 942210 521420797
334 253 1574252 918744582
477 100 25592691 828845609
437 143 8560697 639049580
286 275 321262 110149700
204 234 5693383 348454454
326 422 14589619 386097761
130 406 5082724 673187885
41 196 26903713 333837057
192 455 15340106 462688100
338 22 829224 12050609
332 49 284583 572447543
302 290 16485088 405226700
27 199 18272989 173838196
399 203 1913452 401875349
66 393 367979 184946790
476 438 1583005 225913222
485 248 1329323 561877089
353 233 22768249 446471378
12 438 17121107 856026723
453 405 380103 736689842
110 155 43792786 933102417
150 161 14715710 690674132
190 112 18035589 178596481
73 439 385211 55503255
395 60 14156928 268013023
325 289 16628126 238788606
213 8 21153890 217719357
346 40 10634207 319677256
410 326 13064736 759093607
55 387 13427957 197167763
205 360 7065663 205724192
123 195 33590630 546356904
313 80 3084913 46840992
264 4 30333714 715732149
204 164 1156824 523839615
312 479 19077754 39905815
205 19 20473919 766066506
408 350 23738807 218225045
478 452 3837569 914399367
211 2 15305449 959600966
269 29 22842657 286835968
362 439 2422736 452899354
248 349 10341920 883077544
257 66 14888995 63349515
306 65 48786927 756643630
41 444 20610330 747709863
486 4 1867633 26129942
382 342 19676518 367210
369 367 17416400 539484968
93 162 684413 411102892
210 263 1044470 161255434
270 469 20139032 718427943
315 5 24170340 48643451
344 429 30100639 98738223
423 320 995390 652751369
494 121 14214919 476487449
120 103 11594795 248701101
16 286 804194 229342141
419 414 15906875 506764375
126 211 1244248 998748222
41 307 9639241 715822119
191 439 22747386 587222701
466 55 4955854 921236083
373 433 4951838 896855339
410 467 11591257 759109433
290 149 45083475 934296355
64 410 10790714 21960611
449 189 1791168 515614009
478 44 12772918 396325279
485 128 30239406 561863705
346 247 1093159 992846536
373 27 33827911 647668112
27 444 1209425 806141012
386 154 1698341 868659788
457 300 34199657 418414541
177 95 9509556 936355664
266 153 41052510 558448485
31 421 5357664 216505433
395 249 319816 451458821
30 336 18354315 460495655
284 260 745200 843440394
29 328 711149 723898699
82 325 8928535 751809115
218 259 28817653 347155532
180 48 1497696 405494927
82 241 18994317 299673238
132 370 96150 797914800
329 496 7603944 6352200
160 443 22483550 900246897
174 255 10130911 911554014
44 64 10953484 218929220
209 289 14082531 308358968
160 281 43323368 989248269
237 132 663762 728143943
256 380 20643472 687932943
379 221 23957293 130762677
431 228 13409849 439130579
15 186 29895905 299284181
373 349 18312724 724725161
114 287 13705607 1489339
32 500 23020887 201559033
436 402 9493669 815608376
438 294 179054 599633736
211 166 10938374 583091650
173 387 8508626 733582599
262 186 5876008 330135437
288 315 17940137 680592158
347 137 463862 335602711
217 85 1364243 722488204
422 89 155272 435226475
205 171 5252786 579925428
107 299 6016007 131860977
35 235 26124799 296024015
86 304 571791 636486668
444 126 23171319 203443433
382 475 17323627 927453864
102 418 283691 545225266
242 231 26519007 82491861
245 14 3500597 278824011
414 90 589600 248971899
490 110 36904346 166614787
373 104 1661473 323431836
117 99 12779186 116295439
423 294 19246369 36910126
137 240 16662291 615408607
158 239 1500818 494412304
298 157 28967762 475630649
186 311 1235272 464194286
443 11 16058268 577464239
468 314 1224616 357348124
375 422 1073555 886201445
166 133 19508823 44648348
443 122 29424972 915602445
158 244 5364319 981012019
123 345 46555394 566035868
375 173 1200173 318139095
124 449 1207268 219993735
360 340 1952077 610821831
69 98 12260535 918322132
146 447 19383228 670496281
330 182 12083282 161933336
373 334 20706697 603172349
135 66 21124434 576190784
224 424 1845581 857445562
19 264 1084471 463638505
373 6 9480629 566691126
239 326 10557667 890034661
431 275 13160612 867725764
