2000 2000
166 1642 326804381 66
1604 199 491837112 3
1728 1830 146704756 73
68 1681 298970129 6
794 289 975016177 47
609 83 814203820 54
1644 1793 207289791 36
1867 845 877435576 92
757 1380 677421377 60
421 122 665079279 75
862 573 342267369 14
616 129 318508833 23
56 1892 764969919 6
876 717 949168673 71
1666 1572 262567059 46
178 1067 849920155 89
1316 193 499885470 32
1654 991 590484268 89
1391 488 696223169 56
947 1565 965091321 83
1729 161 58748457 48
761 1205 990185994 3
438 1822 146839440 31
1794 81 217596807 55
1499 919 678857262 42
1916 1999 78944211 22
1473 725 581807078 84
108 252 824539411 66
1341 1145 593798865 49
1770 1186 559369141 85
1964 1235 957134255 91
43 1544 718181875 5
1785 1876 109952047 17
500 1972 72599783 31
450 1749 14260531 86
1814 100 647362473 77
1658 863 21633966 47
360 882 892132840 98
1624 1729 91862910 28
166 1445 220614675 68
363 1706 874092132 67
23 229 890075233 85
1969 1464 230989631 72
301 627 945719406 95
1953 1867 592741070 18
935 1761 779151104 48
1892 1347 458179355 24
1075 1935 791852088 92
1210 711 801715274 90
1208 344 846010996 99
1463 703 735185037 78
451 1986 313433065 79
323 1002 72924089 15
1620 265 603071314 21
1108 1757 315635168 79
1470 540 108104122 94
1216 564 903911209 67
246 485 161435968 39
806 1505 651659984 79
341 345 848808431 78
313 1007 548058008 38
242 290 680685726 17
1500 286 119715465 23
1594 1575 722265028 44
775 1477 410061293 14
1955 286 64574029 76
1394 326 656269165 90
1191 1678 238247129 42
1865 1921 14444281 59
1843 1183 981740830 66
12 772 809131984 41
146 53 653700468 45
411 232 551158800 8
1608 528 552768593 64
690 733 416674719 32
684 500 538941699 34
121 433 569694049 67
1940 830 768921557 99
1559 1585 114122809 41
1675 1074 322318816 36
1068 959 10353355 57
433 1109 913146647 68
1378 1749 254524310 83
842 1009 52756904 37
719 337 895483200 96
466 1163 243810016 73
1313 159 1029494 28
1654 112 413239427 58
1928 1925 996667718 42
689 779 719124861 38
1732 769 489516563 93
1842 1096 214066033 32
809 244 818676039 47
585 1218 134409552 15
1095 155 83888111 35
1412 370 911401830 46
1652 372 416486633 98
1879 645 312197403 79
913 1050 951066486 18
1163 788 959026376 51
1468 1302 224043228 25
1167 1615 192853405 33
1656 765 28484235 70
565 1108 591718236 44
769 28 982380825 71
1671 945 464894791 83
274 1878 457137258 93
1126 1599 171408955 11
237 502 285603507 24
640 34 869236289 45
802 786 251628125 62
957 135 863540031 22
1953 312 727004653 81
1212 581 443637364 49
890 309 978744071 52
523 926 970779860 5
754 592 905775393 9
1927 151 874964055 77
934 1283 693242112 84
507 1943 978276779 72
1157 997 560008930 9
1685 1562 400213680 76
754 1358 396167558 65
1428 1870 703215822 60
1721 2000 104466332 7
777 1606 306023296 42
577 1788 795532623 41
1869 996 301968399 60
762 29 621386714 63
1815 576 716336383 79
57 1831 779970245 95
427 393 605308166 54
1626 1659 497781267 51
1962 480 745478235 18
1131 220 490314526 49
770 934 466616049 17
1701 1838 476100344 5
413 860 294486478 37
1481 1698 269242310 88
331 1379 417475020 29
262 778 374771680 40
1051 108 811533389 33
1045 660 597346545 14
224 455 912361665 93
1352 66 328156792 82
1167 1261 99497659 6
680 1262 997780379 52
1854 939 766769603 5
204 1883 335997465 50
295 887 478944807 23
326 703 923236741 86
1454 611 911297668 61
498 774 280244324 97
1005 352 822436120 18
1043 258 755222472 94
1712 128 382536646 8
1592 1304 888325558 21
1462 1635 216813407 66
1193 142 760851562 21
249 1295 324133787 12
1822 1888 666059681 54
1280 46 435210600 44
130 447 386893104 47
1667 1240 702751731 97
49 1284 998953941 34
1946 1840 846280050 28
1229 1413 399041132 32
413 1852 961151681 60
1439 1741 213281871 35
708 1456 91902624 93
1756 1228 478472635 22
373 1899 742241853 22
1598 265 609106097 63
1102 954 363199602 85
984 1368 422202540 70
1361 462 537386912 77
1198 1887 319335804 36
1746 1555 467107574 23
979 487 580378080 53
1676 805 170985797 85
1905 1963 11606631 78
1044 451 883019622 67
1847 1290 239647692 14
1722 928 665140567 77
967 672 562768346 84
718 991 617512470 52
61 1409 702490625 42
894 1882 307230014 49
1130 1298 283389813 40
1056 1279 769832914 30
1486 648 412033323 36
747 428 572281159 23
406 1771 136560749 38
307 1086 583127254 43
263 1605 800396867 11
1182 1028 840881523 59
1999 1233 101762976 30
2 103 1117952 77
1945 532 276912337 61
1385 1469 276960279 61
1078 299 826278382 65
830 760 952677537 15
1373 505 207779231 92
486 226 109754445 54
482 1665 134624672 66
438 1348 413325271 61
637 1915 52854565 20
1076 1185 837477084 49
1253 329 697950130 78
1002 875 952544527 8
1570 1058 322083054 36
1718 1968 306543965 26
493 1291 790248537 62
213 248 596856288 65
142 279 166736757 100
734 1276 221641552 55
915 410 364769574 74
1379 844 968396559 9
1302 539 31546134 85
1215 1880 187204880 30
1474 784 480346166 34
439 331 762791274 75
1172 557 422927097 11
97 1153 598198128 47
851 686 47635106 20
1511 913 512374797 27
333 589 628487544 14
1819 1809 279324733 93
1565 793 681658007 51
1931 653 768086527 32
868 292 43229742 68
194 400 150508484 59
1753 1750 166936134 65
1398 951 37681152 14
301 742 269944125 58
1799 1014 808696970 78
1674 424 454519484 1
1868 1101 503877113 3
322 803 95203405 86
1325 91 247623590 59
1595 1359 854223753 77
1265 1147 346907904 4
724 1465 52207453 95
1409 538 847153185 21
1242 1690 114670967 2
81 1864 359098546 19
116 255 708182286 86
14 1386 125912129 19
24 552 733876766 59
517 923 604748931 55
1808 163 465444043 7
864 1758 846413099 64
906 631 441846171 1
1029 713 885558457 31
126 459 331822340 69
141 1020 47083094 69
1305 118 237328 8
1689 900 836951309 40
1299 1091 747872130 7
1780 1353 631854222 19
1894 31 985778115 30
1334 786 910312806 52
450 960 985185441 3
583 133 692520626 61
607 856 503571042 86
751 784 338081701 73
1575 991 430163091 89
1990 1589 149020655 30
681 1686 324843434 79
790 683 551042675 20
1172 1778 596479748 50
787 1411 969038994 17
1730 326 713382608 58
1301 1543 622617036 69
1504 1426 865194822 71
363 221 340871797 77
580 1371 463488164 57
1834 717 347984793 51
357 934 434723732 23
1338 1192 794442617 5
664 450 967884146 99
835 439 134201934 27
1552 1044 538193102 61
9 1149 5322046 9
1483 1719 482827471 12
1795 606 150250053 39
1972 317 117246066 5
1331 1362 154592945 14
1475 1987 608560423 90
1649 459 806074071 70
858 545 795769116 61
86 1386 861087437 38
1417 456 518409915 44
1738 495 760177820 78
1389 174 516020789 53
114 362 261690521 34
1549 1812 900140971 42
471 506 897037741 5
1181 156 847839127 30
786 1951 478804973 13
1848 1878 494844824 84
1668 506 253297041 25
1965 1753 857808019 28
1491 1634 576153871 23
1124 666 295322324 8
232 320 475545165 76
1672 863 991622685 72
1301 1459 48895136 16
645 152 431012006 53
243 790 632729697 44
1849 1806 662502195 99
1712 1717 917344140 15
1706 1794 386672711 97
1195 858 936769699 97
1671 668 182824225 1
923 1008 464749015 50
1432 403 251806090 52
467 1501 942233713 30
475 429 842912808 86
894 1753 128541800 34
1352 1152 36425012 7
451 1062 783358021 62
630 791 520928617 7
1967 138 20258653 28
912 897 892982369 21
846 1619 675931324 39
317 385 451965742 42
1632 2000 911439971 50
252 1565 390731542 88
374 63 956116954 81
1852 46 507402175 58
408 1203 567573659 66
1801 46 865139910 77
617 764 712699717 98
1555 294 665434409 48
1013 572 805482924 99
1347 162 518603017 13
186 899 456572535 25
645 516 778494159 36
1052 1933 477261399 90
1194 745 738408229 52
209 572 193242605 26
760 282 202576089 12
1630 951 970502058 12
1459 1393 514975516 93
998 435 849071567 33
551 431 378640817 71
1735 862 3981287 89
1615 1165 587219620 97
1724 564 616281578 89
45 1964 414630550 72
928 384 611851541 34
1485 704 179132409 10
394 1044 473957760 31
1804 123 89058782 32
1810 1065 957399025 42
165 1786 267891881 90
939 886 992727447 23
1469 1460 763612355 25
1077 128 19848637 52
89 108 820647842 33
794 117 129772931 45
943 1647 395032049 3
725 625 641495557 8
1545 885 679989257 100
954 1942 601139887 37
1208 1065 703312642 7
1145 1994 253531342 97
1549 591 535179991 24
1994 351 118353781 74
81 1799 902626127 15
1487 1186 567360547 34
1161 1100 435416777 63
519 340 542254037 7
1621 987 433149801 67
615 1812 547882465 97
755 674 882042732 16
1673 1223 792796293 81
559 1128 332042891 74
1890 737 432270455 43
259 965 959276618 49
1987 549 833866533 50
1625 169 570851621 8
642 1507 838109240 37
906 937 817493472 49
1699 607 849051936 30
1806 844 171057346 48
1795 448 161518296 62
632 833 555315641 27
1222 662 648514157 55
1623 1869 694328964 95
43 1616 851093100 75
1028 472 827741771 10
1978 1001 53085359 17
22 1255 145400117 73
347 756 485960338 69
1846 823 172134546 4
9 1434 683648838 33
714 1441 667586159 60
677 386 404277789 30
1685 186 819592498 7
195 76 822732830 91
1721 1917 712856370 55
641 621 896456164 100
1920 860 334095122 96
1034 430 987451035 99
234 360 58816240 73
1154 1547 308613505 67
1172 1130 824072899 4
89 742 555847668 36
1545 1086 805009870 37
1013 1681 607576029 37
384 1111 765896551 46
983 431 583227770 18
1083 1824 393567577 65
269 1771 596043754 73
1991 380 947834165 43
1298 1652 66205577 100
1183 1800 295562350 38
456 617 140575278 12
1729 734 733324112 5
305 1357 837790736 89
765 1390 272252491 62
842 1415 974334415 90
93 1475 642053368 38
869 1678 591288929 29
1716 1756 544806781 78
1710 5 738177690 51
213 752 960767755 89
1531 243 631865099 16
631 1550 68801629 53
289 556 126298410 55
652 389 341880787 92
1771 852 654444483 17
243 1222 451346246 62
1213 734 223248450 50
1537 253 607040118 81
1892 1056 481202073 2
477 627 488575139 63
1554 283 312490950 40
1953 1990 573541488 86
1022 1431 256828910 36
1765 993 680088699 96
1557 219 738872597 85
703 1224 284020912 59
987 660 362681331 50
785 1427 884999349 73
1943 1957 802204156 1
1237 764 484448196 73
1800 504 743536959 44
612 260 884694100 12
951 1941 182417849 91
51 1655 793152547 12
1066 1288 293043278 19
1126 1389 868548557 70
338 1862 399179611 92
927 127 740961794 72
1399 1713 842632259 48
888 180 419045015 11
1657 1590 544981822 17
278 1463 484397895 29
321 832 811292151 55
971 1008 66265592 5
529 315 752832648 71
10 1459 63402463 8
1959 111 707494180 1
710 592 95183306 14
171 896 251666616 22
101 780 459710879 100
774 1374 512422650 34
106 1146 61398669 45
988 327 521538504 14
431 1307 982261109 82
1984 847 517391755 17
825 1808 516229124 86
970 593 330374828 83
1720 1410 478170124 27
1640 1521 475127640 3
793 1387 19835261 61
450 1832 111665775 26
1869 1162 462795218 56
1088 505 633935375 92
1107 120 728860459 83
1934 1662 572634115 60
1138 1310 683012435 11
1225 1748 351293312 65
1660 1063 528768805 58
988 1751 389209354 23
832 1480 641222353 24
1845 1445 808632684 75
1288 413 679578250 37
1571 1143 220147791 91
1776 966 744476807 94
520 1533 740020411 98
659 1142 659807469 22
1828 178 998982823 80
1742 481 41825024 54
1289 1036 833384642 59
1320 782 834168152 82
837 878 401455878 9
1522 1234 850905966 53
1590 407 234072876 94
1815 168 901565354 50
211 3 480643049 87
32 1295 4750148 93
376 96 551929013 20
1888 41 173266950 60
83 1570 72271911 50
304 1114 215984172 99
1580 393 277318023 98
882 830 64103689 9
1352 783 997408033 17
318 295 79604967 89
399 1895 897113762 17
1977 217 784845645 13
714 765 728608700 39
1359 692 29886371 1
1820 1953 32117711 89
1043 950 190628462 98
1120 809 500394941 43
1111 152 635022725 23
1191 998 292292992 52
1903 898 561333292 57
583 1167 610830097 5
634 1404 642658304 12
1753 107 616737441 50
3 1893 897890835 48
1031 1894 116559264 77
1703 1509 37228287 95
412 1952 203108052 2
1662 1956 677318944 34
299 1498 978251167 77
631 1032 13252856 45
1087 159 583159654 53
120 1934 746178220 3
634 610 566110610 84
1586 77 707665733 21
243 795 493109227 75
843 1396 137963603 86
363 1681 341899761 73
444 109 289349802 49
723 1413 293922145 27
389 398 696190525 62
1765 761 457335731 19
1987 856 283658513 68
1883 1080 775885815 30
125 455 382816948 83
71 1467 187606446 100
1665 162 660160143 64
366 1382 860412216 53
504 1086 805670797 7
1406 772 267582778 80
474 515 335328594 41
320 1148 636523361 41
1672 1485 995132651 36
395 955 328787413 24
1072 771 716311342 14
1162 103 898159147 19
333 1118 721527827 38
442 1765 940330828 65
1143 512 140928963 25
30 1633 607659737 48
1755 1022 149146346 59
583 548 119808545 18
1645 1237 351515225 62
302 197 540121261 75
820 1120 450355296 95
42 410 743368784 84
1858 404 868487107 42
1933 1901 345330148 91
1446 397 414465027 6
1020 1591 715401170 94
96 767 7424211 48
1305 552 51556960 44
800 886 476119620 30
644 1276 127334145 91
1911 1625 912643176 63
31 989 36325001 99
1149 1501 356957024 74
325 1992 378580476 8
277 1198 146160594 60
1684 703 885140148 2
723 513 863543749 34
542 187 137306315 67
568 674 246314295 40
522 982 823068242 58
1447 767 495628419 5
475 525 577871801 81
637 35 935928839 88
689 874 17659040 79
432 1698 519103011 100
1516 1477 517363388 90
1700 1082 456326092 62
1130 631 84444845 48
1952 15 786186132 41
590 246 616505882 55
1994 1171 876275096 30
252 1395 552353101 71
1436 529 838170036 8
133 1919 297784691 44
1317 915 433445478 78
1170 535 631173909 85
994 1459 474296622 44
1281 852 522071397 84
738 1020 29983952 33
665 1718 758683900 38
1319 1145 314814703 63
272 1785 434323357 32
1003 112 153550140 50
281 81 641144098 46
897 371 421134842 24
295 555 434067606 47
4 451 951124988 58
1703 1696 851819242 40
783 1522 210710884 28
486 1384 126209433 24
44 1526 43068940 31
608 1061 852684295 36
890 432 459541150 19
370 589 696711017 21
373 977 657259207 84
191 548 628244565 43
155 50 662200309 42
919 553 911346235 94
942 1168 628070777 60
774 202 368071986 48
1843 1703 660498734 29
267 1700 369903677 15
1005 1092 197806567 74
1025 191 955311164 39
403 477 249488048 11
755 928 292329783 18
1314 624 822153134 51
480 386 826793924 24
620 1759 127056019 68
1889 357 360855717 40
1050 1831 356242838 99
1339 1071 869160049 45
849 1643 960696973 39
1034 471 600503708 7
510 123 199510841 26
1619 195 336858143 14
1535 1762 858346258 70
1181 1615 766944561 74
352 1241 241402197 81
1573 1860 702844682 51
1357 1751 408882840 59
380 631 995987028 11
582 905 952429811 21
1964 1352 418067255 55
620 112 673799438 11
1061 160 203729304 65
1650 956 148318053 10
456 249 844447945 25
1744 537 239672863 69
237 1911 532060632 23
1753 232 783369145 92
1856 1452 145221533 67
1040 1946 773759680 92
868 1346 11802321 73
1531 1429 76987700 14
1417 968 93511555 12
695 565 982748657 19
219 884 571879581 58
36 1693 386094187 53
1107 1237 823079059 12
1431 363 419172032 41
1627 222 474522681 53
732 642 392920026 82
815 340 202598389 5
1545 1442 152409151 49
356 1920 762703471 66
54 903 511110412 63
80 467 611998954 7
330 600 38405336 96
57 346 563215464 80
686 119 237354344 26
1077 857 659694404 65
970 157 908484583 55
807 781 461240390 16
1444 121 745849744 47
19 21 493624572 89
1622 453 758049601 80
1987 1546 507875331 52
9 856 669557301 28
402 1934 805692390 67
866 1368 250942607 11
855 151 177432491 88
1232 1173 117955139 67
1552 469 853088075 67
1429 876 797870310 13
1942 360 13918430 32
1487 1432 596971088 74
1736 1263 169873047 2
1054 1718 983164617 76
1082 1232 631136637 88
1266 1372 157361578 68
1364 1483 207431248 22
237 45 741123453 70
1096 1 100334489 28
1048 387 925561483 24
1665 129 959017013 79
581 764 192926352 59
950 240 550570083 95
834 375 388974369 55
816 543 736518989 56
412 210 664201643 66
781 510 463943749 10
1034 1371 519356309 34
989 1283 815341515 36
1207 378 724199870 60
1575 506 215505765 10
279 1612 547046508 12
672 1535 777680986 3
462 607 264211358 74
707 1126 815880116 43
1363 1608 330948020 20
39 522 34116268 42
768 1752 172094309 19
1009 905 520850068 100
1228 1347 325297648 77
886 1887 388261132 40
1067 1790 190292635 19
1116 1459 950396840 40
560 834 581742615 19
942 139 325760803 14
906 497 432683333 15
244 1493 908003987 35
1312 531 284652414 54
1359 714 24605154 24
1141 576 67377033 43
678 1876 730751469 93
102 1414 86518367 53
1782 273 859342716 91
604 1474 613055038 66
132 1063 578661920 11
851 424 241553272 85
1654 142 384413580 7
238 1890 714275052 25
865 799 741952186 1
36 1520 910010663 11
1071 990 362815441 29
353 1410 809729594 54
1409 1017 119387150 71
1482 1955 733962960 74
1146 845 557142052 70
309 1152 945770846 84
1897 813 702497502 78
1764 563 309679649 67
990 87 782568443 18
1396 597 758422640 98
795 226 650364097 50
1373 38 352005295 15
270 1643 452855600 35
691 689 487647058 24
924 388 460641677 48
683 1024 599488299 18
166 1198 821312000 86
958 417 510381659 19
904 1750 965582146 66
1422 266 36223513 39
1118 1643 42619898 70
1190 1616 450741251 80
662 1941 271178295 97
1163 1548 651219468 72
1515 1756 923078137 53
968 1523 166321048 55
1844 500 362571801 34
389 1561 181312715 7
1807 1710 934726986 4
1964 1734 48632393 30
490 498 723490717 83
288 1579 882706465 26
1634 455 380098578 28
1163 1277 522635849 40
1070 1027 512276677 24
465 731 64049148 94
672 810 169637558 45
1869 1764 551452027 68
647 1444 673986917 4
973 220 496519851 77
985 172 812893785 51
849 46 870414091 21
216 199 647164423 47
1096 1302 538104330 65
1583 715 468356110 35
1136 892 576833297 37
337 222 907421700 99
29 995 410352811 36
1346 1907 353243395 99
833 27 50444063 40
1528 774 82964187 92
1467 1153 584552678 52
1010 1640 153563306 39
1957 228 567286636 100
1714 1450 624017652 28
959 1131 877088394 22
1566 1815 607742471 60
1629 1777 832876122 79
331 1457 206196637 38
238 1815 947624980 89
1054 80 344252250 58
1525 1137 593352079 44
1285 1700 647025612 74
313 1018 985836754 20
1530 604 930812323 32
1668 1562 417860795 85
314 642 163998087 34
880 733 926890669 68
1151 217 707042710 31
1801 1004 64174706 17
598 1210 508778718 67
1353 1203 630607772 97
171 1528 401895605 62
1061 1969 388744501 7
1702 931 292822795 93
1945 1942 2104570 60
1858 1881 238032747 93
1697 980 204876068 87
1135 1570 298431216 74
934 1664 805724899 75
735 191 166806562 2
290 1643 773431847 44
904 1844 824342606 86
1299 1526 589044437 72
1249 1307 391732809 27
1045 1895 116647155 43
1447 1354 298288005 97
611 1868 971907091 88
383 1227 457630142 67
577 80 315525756 9
1446 328 236544181 94
1790 1978 313571186 76
1761 1218 383229219 33
1153 1044 731972166 47
1961 1747 700485929 23
1235 423 578674843 43
334 1206 77523433 22
1054 1656 996023290 16
572 642 385206403 22
939 964 952305964 60
1219 1415 91728855 25
1885 1 342988840 35
1302 134 282661901 92
569 1107 70685463 68
227 984 114199331 18
148 169 973733475 94
996 1887 422430242 7
1038 952 304821264 99
1669 1811 982509671 16
185 191 216221809 68
188 1547 388980023 50
1871 1818 441902413 2
938 856 56560908 55
1952 469 987527705 83
425 988 764426318 38
1336 1117 935887685 14
902 1996 702367605 39
1697 1281 357399629 90
379 1307 984208773 17
279 729 594286902 77
894 1329 398281416 21
3 995 783891366 41
1668 1029 943990394 9
648 1084 917861529 61
313 1401 933069546 96
1914 357 511318900 32
1708 220 735774099 23
1480 326 90519543 52
1854 1038 21636828 30
1137 413 648234089 71
1161 565 735205115 60
1302 1157 749711274 4
570 1059 461605225 61
1736 477 257703563 8
1878 379 649543736 40
815 177 810857011 42
1249 547 392909556 48
290 58 806528462 44
1163 8 985821709 56
649 1491 988401987 40
1012 1504 873082730 16
69 1256 206338740 47
1517 306 828845606 43
908 657 389207082 90
1039 1660 195215089 13
188 947 836380720 11
125 545 188017769 83
1049 1619 9213169 74
1669 653 419687329 81
1 881 468520984 20
476 361 103217486 91
415 1613 930327866 67
944 1580 741768825 11
1090 1513 487307302 66
1545 990 634999792 19
648 382 808766276 13
1875 82 795649382 70
602 871 860827397 82
280 660 934230472 9
1128 988 343067126 49
1418 801 791509274 17
1939 853 214075834 65
1746 672 52643514 71
894 1466 827188610 11
1022 552 256703830 1
1337 1594 181483432 49
1393 740 206323218 36
785 1879 688633588 84
48 1671 624249473 56
1844 434 581546999 36
547 610 103896976 93
1701 1755 675181992 28
1835 559 897396116 31
126 1840 771372649 79
94 455 929528479 4
1874 318 823958752 31
1976 1839 24832676 21
472 1395 262914219 50
1192 233 433742553 94
942 1317 306234097 71
730 71 882946511 35
210 1 303616775 60
1650 133 298038774 29
1931 1929 588602655 22
261 384 484835128 44
1393 1058 503590618 14
914 726 774340879 24
1852 1737 455572392 24
629 377 7684418 72
853 1450 752022032 72
1183 664 660897993 14
469 1032 660749639 74
180 525 467703426 22
350 1270 249769892 68
1312 960 607910840 54
402 556 72629392 3
1311 1900 873488110 31
1620 1770 896416149 53
618 906 65438630 94
1137 1658 288633204 24
398 1913 200774977 79
635 1750 680131074 33
1420 1073 739577211 5
574 941 742806901 69
1843 1326 980021698 20
591 170 368228976 93
1752 1861 382431461 100
1436 537 431100448 3
1948 515 299327329 7
1875 2 835940105 60
334 699 350167214 68
1256 1476 493667683 69
1609 1009 55038118 96
1509 1759 496810105 28
1404 1634 931748698 89
412 1956 981005078 76
1621 1891 321675476 94
1841 1116 308000223 15
1191 365 220777820 41
326 528 65126634 60
1212 850 825671602 99
724 1095 956383567 32
1670 137 901446520 61
550 708 490372248 42
1935 1739 430622190 27
1742 949 400642406 87
331 1091 474089694 90
1437 1810 353143812 92
1592 1350 272265945 15
1220 222 71031029 13
22 779 129603101 68
337 1349 825530329 1
688 291 201706740 12
4 1622 509434992 22
1477 1278 591667139 99
1093 661 237925928 3
970 1346 110617823 10
1458 187 182474597 43
1326 1468 642381218 23
1509 856 876699459 42
1767 151 172881582 35
1254 1397 95618689 75
378 828 135108121 95
693 1182 798452872 41
1864 1705 481834972 73
854 519 948598801 43
1990 914 156982153 83
372 918 311796026 67
177 1770 452679396 17
660 875 295781903 10
1397 1728 500045634 4
353 951 767297173 54
1011 1910 377133838 62
205 1688 100817416 20
376 338 14045700 42
1813 419 673114255 86
1681 1923 2198167 91
1630 965 746215950 26
162 1402 738370585 8
1752 1168 613572363 59
849 510 954879595 86
1678 771 274858135 86
270 14 978245283 71
1923 1705 336811343 9
404 186 823068851 19
1502 1655 297502081 72
1124 406 649306034 100
1270 1006 974257525 26
1278 852 684806188 55
1314 1413 517346051 91
1718 17 972431328 10
1193 216 48799851 96
1537 1954 380265708 25
1857 1684 211852227 22
356 1461 191619968 58
799 1160 927210729 13
478 1988 729541981 80
1262 944 951909560 24
1626 1540 120546739 94
610 1932 520968839 90
1995 241 611872242 28
1320 1908 66753929 100
1445 1963 840625245 38
1376 1373 671452470 17
928 758 531037482 91
126 1798 46281955 74
147 1842 358952934 21
387 617 826719489 32
687 239 688861842 100
833 1839 177017235 80
1109 1662 62736557 45
66 1548 245610993 88
1275 119 269201201 42
676 1199 896029271 85
1293 1533 389893531 49
792 362 342203958 92
1656 1259 642441770 66
1915 1262 85775087 91
1351 1114 612936538 100
1576 1101 776580462 80
1566 95 274467897 73
594 238 424331728 96
962 800 72965879 39
1995 389 177333480 68
419 1008 72687058 33
630 1443 387898258 98
1887 1238 137892569 49
428 127 504861570 54
1310 601 383642559 29
560 628 792919553 81
1516 831 59442572 81
1883 622 512154410 53
727 1402 431642026 21
252 449 660427681 42
1545 1873 591039570 74
1689 1591 800951091 42
1267 801 173411415 58
1412 7 581416693 42
448 1340 489802838 62
1985 529 686318831 69
1821 989 358247279 32
1689 1790 617030727 71
845 1210 72829563 83
824 1132 651492465 64
253 727 881221860 85
431 1179 788677090 6
1533 1786 30657006 52
327 1660 909660639 40
1012 1248 974704656 29
1349 1581 868454909 24
299 116 419521026 78
1578 1114 306445649 22
409 720 330805771 57
1753 284 861216913 64
1923 731 581904541 41
1650 976 881808199 55
1460 462 841244435 39
360 1732 910337802 41
949 224 209827332 19
1205 700 631305252 96
1913 280 281918978 94
966 1634 374682072 53
1819 1104 122962939 83
824 521 905074846 88
1788 336 745038591 36
1353 1707 576242046 73
184 930 972361746 59
875 224 876204745 26
1473 942 658223527 46
45 735 533075377 67
794 1211 466767096 98
1718 1933 195503939 7
776 219 648299926 76
599 1312 850679181 5
89 1375 773326025 51
147 1249 216894593 49
931 839 374177653 85
1229 794 737389174 80
765 1134 97631650 30
273 1241 562363389 72
999 1265 763310904 85
764 1799 126278348 70
1958 482 595245269 40
284 856 4665887 72
259 972 325497905 17
1022 1901 621354369 32
1670 1163 72509988 60
619 255 766918053 78
1623 1968 284267072 36
1158 1102 615282242 85
1088 1415 15791735 95
1573 672 639410969 93
1995 524 596474606 100
1479 1794 178165760 21
418 1543 291169485 27
269 531 937124208 55
1627 833 925895505 80
921 168 290961897 51
1316 1931 113300384 92
981 567 345098634 91
541 644 971620803 65
1234 1136 699050345 64
77 1805 697847655 82
407 376 771776239 70
1798 390 639947931 7
1348 1118 255950941 13
433 481 436980038 58
808 1222 907141956 94
1557 1615 362155266 60
39 1357 344044079 99
1691 10 241399844 91
377 1453 996614755 93
1482 1331 504909020 55
1072 1210 599378098 36
372 145 108154368 59
1145 1533 978974292 81
699 1238 27777525 97
1599 21 300549587 26
1552 400 69412436 69
1530 1705 124194876 59
963 1282 904060313 54
1235 1199 731298599 59
1130 404 255673598 15
254 428 206720051 49
326 670 792293277 16
1595 1840 745935059 97
798 1860 836856156 80
1314 1546 673942439 6
1859 1882 918155000 69
1067 1221 203397828 89
1328 1129 548925597 91
1204 76 472401210 15
136 863 404511991 83
346 1014 838033553 20
1617 1138 120571961 53
1467 167 304463290 46
36 423 884378642 64
1675 1869 85422454 91
1730 952 744192421 82
1277 1138 491593538 27
1365 450 95644457 14
1095 382 426864194 57
1529 522 294978449 11
1289 871 60582830 15
124 739 256644681 5
462 1536 997181446 28
918 632 964496445 15
467 129 244988326 42
1745 1285 383438237 53
1296 429 542800695 70
413 1004 339146710 33
1154 1158 186394823 25
1705 1633 375621741 93
1167 1533 384825074 75
1709 351 396788394 45
1578 202 961481987 78
1920 1098 136549467 22
1091 1245 752721811 14
399 1517 973040155 4
1140 1557 880577830 45
323 1200 456651445 89
378 62 743678689 58
1496 1348 593589799 15
946 519 257682747 68
1759 1399 485933031 59
271 975 319997729 6
1138 1103 569787122 25
328 1301 598189432 15
1874 1395 462313203 46
1443 645 526805532 59
1732 1968 205465625 81
1343 426 575773630 97
428 200 782277479 51
494 1906 216376989 26
1733 1876 311768798 61
84 894 173470977 20
1001 1782 283066162 1
1885 1419 421487360 90
100 1593 62662771 59
847 129 4403210 26
746 113 701899498 13
208 528 318745809 48
1697 319 338163053 16
1621 699 418987575 62
113 949 602096600 15
838 185 749120571 28
602 615 645183715 43
807 159 555837255 16
253 714 941946876 15
457 1103 184838777 56
1229 1274 71839277 59
1676 1643 2607406 48
654 1200 200323608 90
331 1911 4050168 90
1216 1321 367148940 50
1014 904 619648645 24
894 1061 231880859 69
1156 1905 21598016 25
22 1345 619152861 21
76 18 782489167 30
987 1157 701940847 92
1249 1861 325807349 88
955 1320 507375969 53
1486 395 637724767 45
1726 1342 359717514 53
1216 776 265137625 62
937 580 890559912 24
1626 476 589902531 33
142 1908 343757953 21
1580 302 174508270 38
285 90 196155911 36
1350 935 759475991 37
1541 136 827053323 86
1169 1197 814752935 5
369 1365 141239448 24
2 833 475312912 88
748 1550 596388105 30
603 133 74233299 95
733 519 321280212 73
716 1710 692663776 9
1169 718 611607528 32
715 357 70104150 36
907 1478 137791045 37
655 1761 990197274 76
631 1613 214789480 68
1929 250 197942358 70
1349 1168 135164652 87
945 213 630096720 25
1630 1253 39178823 30
60 234 998145736 11
506 1893 178442470 37
251 183 726721650 81
813 1254 715048391 48
1974 537 658952797 13
529 370 728469558 1
1043 44 213616359 94
1520 1136 782097060 99
1438 1901 214532558 21
1026 1669 407053190 81
811 1613 645683185 82
1345 434 260786363 52
1245 1939 13354270 22
1131 518 492491608 14
718 623 891569015 77
429 522 13871521 51
1705 58 509788876 97
25 1744 18189201 80
940 1673 10529832 20
1818 1351 109673048 82
1685 1991 392319655 24
90 41 604194907 12
723 4 987000866 100
181 906 105485678 59
506 1183 49343014 35
1427 1414 925490595 7
1859 866 98547154 17
826 342 598673465 48
862 1421 14763879 1
174 97 640697121 30
1728 1531 638787279 21
1314 1005 141470872 33
854 467 927341863 99
559 356 893814533 79
472 1117 882397158 16
26 1434 607373526 59
1206 279 844752278 67
903 1214 248166709 4
1470 275 599533540 2
736 544 692223364 63
610 990 340075221 74
816 1262 666544147 71
261 1174 300595095 21
711 1594 571005468 82
883 862 23841133 82
1801 1680 885586099 27
1431 968 864419667 55
1668 1835 804215169 48
555 1134 154420495 86
325 91 780642044 81
1764 552 979608209 37
563 894 477791330 67
1791 158 609292747 82
83 1955 35913812 80
988 911 376187983 64
1467 840 218430630 82
1660 939 953831800 42
1235 1435 823290086 65
85 741 595603143 31
73 1149 87704847 79
1602 510 198691211 26
83 374 469899497 92
1061 1143 971439290 11
1703 1657 229992923 11
1433 1239 669338261 83
274 1175 800092982 89
172 580 336411274 52
1617 1763 903992233 35
1130 865 105792822 14
638 1790 630927545 70
836 1023 14696102 22
1251 469 756213082 22
940 117 349403326 7
1247 427 263155090 89
568 1589 655460366 97
1907 262 93094967 28
1149 1216 72419651 78
327 1920 676639378 82
1684 197 399028573 41
1273 145 843736157 72
808 833 617845034 3
184 1688 718191715 5
1122 865 360025618 88
155 410 827192404 77
433 1836 549434056 45
1922 54 242190687 82
1191 1819 242194655 21
728 187 247123920 2
182 463 504112173 55
932 1885 831794759 35
490 1832 273839701 50
1975 297 884142903 28
1627 837 482223454 87
334 625 789652521 42
1315 265 738801597 91
1903 1743 45951117 71
286 1487 960147682 97
1903 625 181112105 96
1385 1462 497459672 2
1444 746 640676844 77
1600 1619 305652203 87
218 961 912044765 6
1514 1876 803923858 92
1252 1188 749742979 10
1873 117 20258770 64
1211 1426 543315615 4
1821 1393 381654206 14
1763 1118 458763490 32
366 40 449045329 52
709 762 651661148 47
592 697 977239720 88
506 925 150745836 64
803 1250 189924078 50
1422 1778 378101682 12
1888 1482 998994110 10
896 1537 278467397 52
671 502 664144744 31
628 321 482738187 46
477 1172 711726204 94
86 1656 906045414 61
998 514 579209480 9
1067 960 786627421 27
695 657 162906783 89
695 1198 740229814 14
568 1542 446510930 5
1896 286 418466712 40
1783 1507 703722288 19
1433 1550 629765690 10
1768 916 526358484 88
1152 896 740850528 19
1021 1752 652581019 66
353 1057 39897167 74
66 567 274751559 72
848 1778 967674731 8
956 1445 500439639 60
698 1725 180762037 87
1986 1164 457665879 56
606 26 130044904 25
1416 1883 756030020 79
936 545 215228271 31
46 1207 723184673 90
1377 1946 587720711 51
921 686 819824730 35
1567 229 276094099 33
1668 1997 833504072 30
467 960 751523834 19
528 1232 1235265 49
199 1944 917525518 59
505 1393 321990196 85
298 303 907771345 36
1313 1904 615309419 91
121 411 44573698 20
153 632 190291487 67
1274 1934 552222655 98
852 1057 706276812 27
828 465 183419117 81
1443 989 16468369 81
1040 1012 879228896 30
411 639 959885314 41
179 1966 588405932 79
1526 1641 219870111 67
1865 1095 104923024 40
1018 1770 191017192 85
855 553 320804700 37
238 1495 976112463 5
1311 1261 819282326 84
1100 393 40931303 59
1876 633 381006359 49
656 438 911852273 95
510 803 54322156 61
1594 1822 974688816 31
565 996 882126594 70
797 197 954748209 42
650 406 505919030 82
618 1641 831264768 12
1578 182 724223727 54
1517 1450 715806306 25
802 371 690763047 69
752 911 118333742 76
1485 564 147940574 47
1956 659 704149010 97
8 1396 177210310 87
337 721 34639957 26
499 1770 32174201 95
297 1871 39192728 97
1391 205 822428664 9
1032 1529 902886119 56
1068 1389 108351670 6
439 249 704913730 67
72 1733 744270348 35
1189 442 615259122 7
1253 1854 623476920 7
1141 1081 504575118 89
1628 1101 22155990 54
1279 219 83368397 96
912 1598 955615087 14
1468 660 635453853 53
1451 601 422028161 81
1000 1982 195605665 67
777 875 907113622 69
1352 1726 553198035 7
485 1290 65072905 69
648 46 542862708 44
1589 1497 447611612 41
1848 527 582350055 46
65 1888 158602471 24
1641 656 625871280 18
278 899 387899786 45
1398 1118 631142679 25
287 1661 19826520 61
1300 616 683178646 67
1459 1160 79163419 91
677 1096 503939138 74
718 1858 116065259 49
1359 1864 780348921 84
359 1868 19903003 72
630 1363 21881389 86
824 200 530877491 49
283 1368 585679356 65
1103 1519 702315325 78
456 1332 578863967 37
906 1153 989165654 7
241 999 877854186 48
1826 1362 318910454 7
132 1511 25338821 65
9 1110 540897139 47
342 1269 58391388 19
539 1765 931603295 27
1323 319 175722953 71
1761 914 344643307 45
408 1790 896061030 41
679 723 730836673 46
1119 768 583385810 77
993 1363 905642247 33
1427 214 690516834 60
1164 688 41512392 58
210 80 498051072 45
1449 799 190547024 90
1139 183 988026858 26
1003 92 864803939 8
928 1116 29002411 9
1703 769 123715744 12
828 1593 263769756 44
1630 921 273287421 27
1078 1588 952473727 60
629 1787 260051969 84
379 1507 502069312 53
76 789 94548558 97
366 1862 918597447 49
835 105 401081097 4
442 1140 693250992 64
187 1685 942194135 19
842 86 430908986 100
238 1657 856332785 9
552 14 761583241 23
691 1353 654304470 35
1186 1419 330314127 20
935 1478 427667907 97
422 390 827203859 49
634 1424 277810072 17
412 627 599572096 63
1254 1362 87054059 90
450 362 482718764 67
46 562 142855362 33
1708 1892 272795036 27
727 561 669856821 17
331 182 372237867 59
203 1719 940835153 29
1634 306 460317014 62
1673 1442 465852107 100
1017 808 819489208 34
1912 729 273736916 63
1523 1469 962979261 28
1532 422 815804166 71
1677 900 547697044 4
143 1436 824878600 30
1781 841 768781741 11
454 232 296669921 75
241 45 888219892 64
1486 596 978793879 1
1213 65 568447604 78
416 1468 814638016 56
118 420 212613778 71
1780 1552 258370050 56
1348 1707 648069791 87
1719 1284 851857161 99
1741 1233 893527327 63
761 1311 505212096 87
1186 404 343315604 66
375 575 774386221 39
33 1362 269206433 19
1577 1711 157683996 55
237 1847 89704219 71
1812 301 820032418 48
1893 67 583456925 75
272 633 225706198 45
1626 1096 328777042 44
750 1317 432474808 69
1784 1443 616719308 51
944 109 303049758 54
767 461 821900032 5
336 1038 131362099 15
508 1253 803701762 52
416 261 752775818 83
792 1857 212530621 63
439 1234 872878359 20
1723 691 984308064 9
1401 1650 932854831 64
826 1691 688201132 18
1633 1402 987438903 89
192 598 119259059 23
537 91 113442034 14
797 1342 996979081 48
828 631 438338272 34
268 734 762578639 52
1753 1500 43940792 31
435 412 717187826 46
747 210 592729419 28
682 723 64803457 76
892 1179 675316310 57
1970 1415 261413661 94
217 469 351471103 98
203 382 839120494 49
1762 579 824624940 17
1425 294 576729387 97
833 1925 581232748 34
884 76 112433883 70
451 1304 674358554 23
1934 505 923677096 33
1637 1431 325176176 46
1732 351 918836553 91
1520 379 630870046 77
1496 1173 76030343 6
743 329 29443251 7
563 1638 327983977 19
723 1172 475340472 25
572 576 577964385 29
716 1244 126439672 32
1775 1811 751127624 63
123 785 345923590 41
262 1928 918446774 2
1433 988 476311247 17
295 358 449470313 1
1746 669 865420138 19
1444 1815 81287596 38
1512 429 585353141 61
1374 301 810787829 51
146 996 988622378 14
1792 1682 512996515 19
1632 1653 134453693 24
157 1072 922225126 79
825 639 770499932 60
1789 1261 675479280 52
801 1191 158294216 16
1445 1270 115328308 62
1431 236 187365154 69
601 1527 396406565 8
614 1857 958300614 37
1899 1752 512083783 36
837 311 627131437 77
1113 651 514479337 89
783 752 116312125 95
168 191 26767999 99
1644 1212 402494155 24
1636 226 715370208 62
981 1605 490440919 53
1075 277 612854947 65
742 686 808300065 14
1589 528 890270421 6
1689 1857 710368544 71
1155 318 315518728 88
662 716 23463366 29
1903 168 223716195 74
1057 1301 163797752 28
86 7 369047625 55
1311 395 102569978 84
69 1599 854627121 50
962 1957 735751803 93
1983 1619 531700671 30
749 403 302223321 81
109 548 525101895 15
1428 310 894718383 15
159 636 629675358 86
1761 892 923068890 70
671 1507 222738045 84
21 1324 992133791 44
698 1125 827245691 57
164 1296 470160839 76
552 1329 220460420 15
442 154 303117980 76
1607 1438 609412162 84
224 346 711322772 12
84 250 166800732 46
451 1205 727886193 75
1295 921 688615378 50
697 605 416909289 35
1620 1162 595224058 75
356 514 289866633 56
875 603 39223264 23
744 1492 982684360 36
393 943 697910971 79
804 267 878523648 79
572 1571 463438490 31
291 1539 102179547 57
1878 110 622306095 59
1749 1409 920369955 64
103 191 652120762 23
1948 1340 56357155 45
1109 877 200989766 7
1771 1728 769625118 50
812 607 888850392 49
1263 1769 386728301 91
1753 1945 397269700 99
429 1106 267209505 56
1083 772 704287854 54
1856 805 807173346 26
947 1065 482769710 91
657 712 580146336 16
1900 183 542994826 94
1178 758 670943296 90
1061 105 686597022 38
596 575 406432845 19
1469 1402 35874742 22
856 648 441043046 53
1363 1130 693385029 96
1089 1861 469629039 59
1337 783 91697410 54
861 1204 604353106 16
246 705 899835587 53
1230 181 603400968 8
1936 1590 27549164 52
502 490 821000437 35
427 602 656647149 17
1635 989 843837223 28
421 160 403526234 37
161 1736 782243682 74
141 8 794076569 3
1545 1027 658043106 32
1964 382 947389369 55
1421 30 360264289 29
459 284 419801570 42
213 250 518503250 92
1669 645 241977958 92
386 80 688378077 11
779 545 544504493 43
74 308 995490538 82
1236 629 680268554 100
1293 840 348492822 76
819 1529 834263202 25
371 1915 907163541 100
1323 308 978642521 30
1378 1710 910814450 95
1327 250 767541199 51
635 1449 203399577 41
714 773 685297252 41
74 1783 500927389 14
1638 1810 182180672 49
198 1628 945088783 97
1358 1633 263197754 73
654 632 751117595 33
550 1456 339491809 88
1051 1867 170859074 49
866 1397 747806862 35
259 338 193398213 50
1353 1860 79781634 33
1317 1586 679018262 13
826 192 224498842 24
450 1767 398638307 53
1512 181 344716444 82
1008 97 846313841 59
1710 1753 407388803 1
1410 1236 421024730 26
1916 1902 9952380 57
1706 1821 331793680 90
864 1352 61460043 53
122 1945 162616633 23
398 1211 224983266 72
816 1762 711089022 46
1167 175 388621569 33
1328 1184 527792729 70
1257 803 582785666 65
1109 1974 761938190 100
465 286 156862281 5
406 1411 361449616 2
393 7 816483342 91
1175 48 876731658 47
1642 1125 123545216 77
9 849 975175962 90
1644 895 443701833 19
534 199 346943605 6
1555 234 261823269 65
1071 1378 483945254 18
1364 952 792208690 6
1838 685 142985217 28
1091 1458 397183079 42
697 601 170017076 30
991 62 918522463 35
1521 280 670583656 55
523 679 696791095 50
1489 313 14097827 73
1006 238 15033640 8
51 1739 381248187 25
270 327 673139188 38
1412 1643 244901554 18
208 1596 523783394 13
1202 1703 35555049 81
710 369 173527242 39
1565 1409 137509537 15
1164 206 97275431 45
954 451 413761523 10
210 1473 918763889 67
504 1911 783437555 23
506 1367 321873095 90
1672 1862 966633900 66
499 521 354664287 72
1725 14 269177748 85
131 1791 179200853 19
1061 417 400242809 57
1846 1342 809469174 26
1112 707 166466050 11
1498 823 140960405 18
631 1599 9075401 30
1043 516 212612652 81
744 789 656844511 64
1891 1816 220022339 51
1472 1070 883970147 61
471 1797 711715401 43
1740 1897 338541728 49
1997 929 812318107 66
977 1105 27659878 76
731 1406 698118997 60
457 1685 596859443 78
954 1469 70967921 93
1290 487 719508644 53
1266 252 856203999 19
794 1115 69342378 27
1541 138 233474638 56
1457 1567 759042236 3
798 328 13821968 21
1254 203 268472166 84
330 1398 232016830 62
602 1312 191707830 37
968 546 213707692 18
1441 1478 22469330 29
1978 1212 797985800 85
43 1370 244193862 72
1905 468 300013949 89
565 1470 480421529 11
1357 1746 114960741 27
1124 1993 607818362 20
51 676 995698950 95
1256 1465 153597135 91
1486 1897 790714098 16
830 1767 151032882 1
1000 1304 843716549 4
1868 963 65020460 70
589 1974 380409447 97
1693 313 368285606 64
110 1044 403740501 18
1565 625 209417074 5
1287 603 667228526 16
641 375 630530510 8
1689 775 453536177 81
324 818 413673051 74
70 508 186254858 6
588 1633 686615894 46
306 1077 131362629 14
608 1054 117269600 59
1401 1042 628714350 77
1402 113 258433851 85
1315 758 926887846 71
929 251 157546234 100
1460 923 67664540 32
263 41 566949628 77
760 587 217780280 63
1615 715 366608018 57
798 1956 523841831 82
253 1862 598813831 4
948 248 280847781 76
1690 283 649996727 71
1872 1637 247423241 69
1204 1859 383703313 74
1055 256 797500471 97
1401 1890 292759389 45
139 1706 404793869 73
1542 309 507649654 7
1741 1589 182610245 77
1608 1429 717792128 5
1154 283 841647190 88
1112 110 707156048 64
1657 1361 523897743 31
1147 674 285750958 83
1625 1127 403293364 3
1236 645 147556865 27
1882 333 137183926 74
809 546 670231133 73
446 1332 889367083 80
1448 144 527585930 27
709 458 575280938 77
501 1500 838734016 79
1749 1394 513099783 66
709 24 20939567 79
1786 903 865810600 50
1784 317 662003497 18
1420 485 296744416 88
1681 232 285701380 100
502 1996 205597291 5
1263 712 307856059 4
1510 1679 561213465 30
1723 697 300075828 80
304 456 310395017 89
446 568 184196159 95
885 1981 990271081 71
146 1414 106405280 64
891 620 541371315 10
1414 1930 235946932 43
1736 1153 399988048 50
628 842 783005066 49
492 1979 592470454 65
1134 722 672416949 35
650 61 860442749 83
343 1726 699514340 77
470 547 900436582 43
1400 1406 156712637 3
174 486 25738251 84
1310 1388 961617737 10
1407 548 462578192 95
1001 867 569169599 58
1316 212 823362689 62
1569 404 705665807 11
1901 1696 269944828 99
687 1808 956559775 34
1548 1846 259795214 88
1698 848 859440440 21
659 1130 966964143 52
1711 1442 703582181 89
1750 917 249924906 49
974 1925 349404872 77
1123 1586 517774505 86
464 608 228530079 88
1090 162 450309768 41
1369 954 72368496 38
903 113 409383041 94
841 968 953580531 34
704 1739 325521517 77
784 1724 631177541 25
697 187 745121715 88
974 438 900160179 99
560 991 262840177 3
929 1678 941499251 45
810 595 387989235 27
306 851 755945179 85
1776 1053 604538204 10
586 1404 180638042 86
193 615 290854232 65
1710 868 635508915 71
1440 1478 352701705 60
1392 635 398708267 4
235 609 205234856 93
1601 169 420258421 89
596 804 119367653 73
49 1160 871505259 16
936 234 631326974 77
979 772 87922126 20
926 1 524991765 61
1254 766 461198039 7
692 1987 20702154 97
1521 1605 676411496 47
278 1294 926595611 69
208 335 57715313 67
1812 33 418049992 57
45 715 224985942 66
1927 1749 772206794 61
750 193 358780001 57
1471 219 270870199 21
1766 1179 8935018 73
688 1005 341727592 85
568 1385 162376878 44
1268 239 122551714 20
567 1362 912248857 71
1223 1878 167648618 68
1572 259 63156476 78
1413 791 915605434 31
1484 969 777267942 87
1772 483 593887007 17
820 1528 442140869 17
1177 1830 475782749 58
1293 13 325280468 93
435 1315 908724583 36
1545 234 614417041 13
1628 980 376880720 84
171 1993 65875287 92
641 261 741938976 43
50 1306 1322111 84
576 1011 465489535 25
1587 1541 434825790 61
1813 890 410913063 21
1757 1296 606880049 95
1524 1716 251292012 3
876 572 389314134 58
422 19 548924257 94
1001 565 101753763 67
1457 345 789323288 70
1295 1321 959279350 41
659 1282 710379840 24
1358 264 613501425 10
209 24 711311784 16
1618 1692 749302371 69
636 731 895104484 20
843 941 3370053 43
1002 1434 929747024 46
1940 781 309128169 26
122 1637 17006039 49
61 240 77427004 21
1072 1393 111663257 4
1148 965 448545047 93
436 1072 14752236 78
1504 1493 217203871 29
144 1181 973927379 3
846 575 556927520 86
153 395 686554098 67
1008 679 683081398 78
1354 793 788330821 51
1929 1828 181076010 92
490 297 731875856 88
1951 1953 402260336 58
1139 140 341573348 41
1783 1335 681519137 82
1985 1869 173087930 36
732 308 538119035 27
1415 631 56090174 68
1173 2 233101435 44
118 1933 377970300 71
982 855 315581884 45
407 1842 772854497 74
597 1077 295527196 33
1658 1212 87293279 98
202 916 266472374 72
840 120 297616610 13
1560 1381 55535179 19
1946 773 575035848 85
1295 496 207458857 21
1737 880 810055340 46
1292 1032 58805019 81
966 1128 494761702 18
200 1349 450902435 85
1092 1735 251865713 24
1286 1777 892948671 25
1904 1827 895412935 34
404 1452 218439722 17
