2000 1700
816 199 130678 466205787
1108 5 3702636 197676550
1840 154 686399 307878933
734 70 1131730 394929434
1086 1358 228097 537155697
470 738 627618 446780412
1280 38 779344 172576070
83 1016 42006 203409971
1024 1814 3456947 138093164
1482 1712 307220 464163587
793 789 334632 171380931
315 1482 440185 222285480
1152 637 135720 504709186
1646 1756 2338504 217412555
1830 1640 931673 770445614
760 1827 48679 218534599
238 1974 1178541 470308336
1160 1438 5234853 950689288
1491 1409 1300248 46246878
322 1959 656067 38814039
1416 329 2941228 306638212
1039 1356 725711 775249471
130 1360 1828948 529496814
1724 1576 2851174 25027208
57 288 33481 297415521
1824 66 3049093 598942381
1257 793 1087904 224780091
5 403 2718001 308171695
573 1811 548278 950967306
1667 1 444082 551278638
77 1731 855153 328573346
1731 588 574217 610900893
803 744 2421579 391246917
1640 903 128319 803103652
274 468 1365018 294164059
1865 159 555258 520680274
946 1756 3389607 873101188
328 803 3497773 324710824
1037 1939 2977460 54990780
1033 1416 3486116 464509685
759 1447 2546733 567645968
87 1070 229610 28084527
1467 642 934908 969091599
1514 1038 1287934 531224467
813 983 921952 212427816
1574 1776 353365 545757887
1810 874 1754807 292152933
629 1234 1187906 748060333
1080 124 852874 741160492
1252 1211 196699 934388320
205 475 981577 428233266
94 1015 2602595 738882415
1323 1219 1442232 358037519
1245 1871 866142 209465146
1196 1724 1137534 127774329
1898 1963 1324032 426039412
193 1869 185792 188353028
275 1498 674725 209145915
1160 328 4284068 804152590
392 1079 155524 736334672
48 2000 968487 719377049
1263 1984 785268 985772958
1710 1910 91439 668684878
1072 1086 2835054 279570177
1564 1739 1706862 316985721
178 975 1438445 683687519
57 637 1535408 219641251
1038 1219 1028745 493474843
642 69 587283 674490549
1514 637 1043449 354663752
1750 1266 1329917 73359235
548 1118 858123 329062433
1664 1157 1586104 293423997
208 1435 388386 471590311
317 961 671776 293180311
1033 905 2698711 430123940
1635 1195 604852 394145957
858 669 206645 798466322
562 1261 1873190 932249377
1782 769 770821 725212318
1245 240 17717 504762596
291 1095 928596 919455940
453 1263 599679 902527329
1078 447 1335664 290884774
355 1682 76182 356707593
413 1805 438217 850758455
264 70 1183710 40235062
1015 1889 1987321 192595383
1360 1978 1675892 440521755
1961 174 547043 526623046
1883 739 831396 148004160
619 175 735712 240705072
1810 1794 607924 192273532
1814 904 2095091 149623264
331 1496 959133 720526149
1693 851 191410 228749797
66 1360 1071662 333822650
1602 331 1211751 89520665
1021 427 217776 213767899
22 1857 948131 966659520
275 160 1908670 1261757
598 1492 1105705 7762854
1033 1342 4063741 368772854
1640 1108 1226672 688303279
800 1024 2697160 402462823
822 1300 2516270 800608659
847 1659 948741 384649448
903 1303 1684853 439601436
636 1519 928182 44061743
942 1701 1486069 452714256
986 1927 71630 799804753
1682 1625 282438 942473457
389 607 888820 315486118
1440 1618 652886 765810499
905 1646 2146594 269071798
1217 1959 1316523 812138961
1403 98 58951 985780946
1407 1467 1552995 247825621
39 44 2480510 163181657
1279 993 497676 573491845
803 1756 993979 879214121
391 1323 3436910 237542699
415 1742 488811 781608873
1842 1052 1606590 690399833
1398 946 1462267 526654944
1674 1289 307867 413743424
231 1997 214596 968007554
946 1033 559508 878247482
701 1924 997633 957873787
1764 328 3731624 121597759
1447 539 1042378 665733339
202 33 423774 161252518
1360 1830 104907 979803992
288 1038 2299790 823775132
582 313 593128 401433255
271 1938 478648 877227188
454 70 794993 870175293
1359 1670 770281 343223825
566 1033 4976850 357872474
348 1837 936675 68177722
1625 811 995589 820557969
1247 914 736862 754344608
1024 1856 2241130 900957526
800 1814 759787 247071406
942 317 990967 822217803
157 1887 1383492 438145942
231 205 1531756 781269329
1847 4 2241712 864688813
926 268 1617287 739005404
111 1837 1388033 972663050
1306 721 2361611 781214033
1288 1466 892032 254478940
639 1464 891354 441830937
1647 1609 708420 706472958
935 295 44584 832038923
574 97 2255096 279076570
1723 264 1861309 72220726
1385 729 767692 852486267
1756 1089 2045460 980177104
1756 1438 3454579 432417118
301 1171 144153 376171685
1018 260 1537516 312505657
1687 645 1116321 660464519
1851 332 114614 494512111
843 1398 2167933 425982514
1360 903 698447 492776728
1491 260 1070591 137668424
430 652 1673144 726045514
539 1576 1376774 726618844
803 843 3839884 455174685
576 1429 331172 871669078
459 249 607641 738933797
1058 1275 1242960 622193712
1754 983 2312606 188629561
1714 871 1645217 918272761
302 1078 965422 441935396
1409 1284 490640 993694213
1590 77 1666261 311132549
523 1075 6021830 734254445
88 1848 914210 507755972
574 1412 418006 177161758
1282 1306 1433645 315903387
734 264 725454 78829905
1221 1070 270479 526775333
1910 673 465205 486516235
403 1640 498675 168642276
1476 1930 1011992 84013365
537 540 76839 348547213
673 1335 1119550 400600744
1958 609 595004 335420689
1335 1371 54472 23286315
1523 119 767467 959304077
498 1052 843129 727562213
871 639 177974 540236120
1365 480 599090 441499542
1154 1390 218218 965659038
1075 1622 1544265 164087085
475 231 550179 236820570
1438 1646 4350769 479574383
1052 354 476004 371320534
1195 918 560004 765434957
1809 1017 1076712 215319822
132 317 614957 377180692
1420 54 456753 510256492
986 371 2099435 683789468
1288 1204 349564 529806011
1033 838 5129663 98801425
748 1257 2556793 478972360
1708 1328 711141 20008332
31 1616 199120 717945246
875 40 635603 454291062
234 157 3003454 413569638
826 1074 889777 310404527
893 1671 842190 630392209
1249 1580 676680 44506621
1342 1174 3563734 915461707
621 1164 851571 724330627
1785 1945 765909 662598151
1436 1303 2026783 41162297
830 1531 238965 469866731
40 1794 1234713 590975738
603 66 1161624 302866815
462 1674 381437 83037429
1927 853 1015963 836654990
1878 1754 2671723 169627320
1450 1386 2309914 954983689
1105 1809 1620021 51772425
1814 1967 2989187 968546252
545 388 38182 553016434
899 290 913002 411449079
1300 286 846814 287761630
1896 1152 1375380 652386943
905 857 1557667 325529034
1095 981 213001 546968860
1978 1303 2662298 507852681
1170 1065 897648 309125286
48 817 1818902 169821024
328 1756 2503794 5124158
130 1824 3806379 457131981
403 1108 1725347 473490699
506 1981 915913 560769206
1371 1710 800256 312742627
1220 857 1028420 664772113
103 427 1262086 372870559
1301 1773 6544 109900613
1723 1835 513297 652238386
1094 1386 1812166 425011663
1804 531 3597986 276052830
1861 721 1752424 938813946
1284 1491 1790888 396071068
1450 1303 4563232 871487309
926 1078 1437306 633197173
675 759 231930 306792212
1009 1361 302332 208041708
1412 1242 1337671 605528436
926 292 759332 714101479
1185 1662 105017 200746537
984 1122 696907 365912846
866 514 660547 856614830
402 937 1515509 696516739
1219 391 1994678 912903250
1196 1015 622993 101812989
238 1157 965312 921057234
594 793 780343 162940549
585 1898 2261437 621715796
873 1163 395980 464977265
1576 531 3592153 212049753
897 1245 881646 863440607
148 748 1746588 524108711
673 570 764062 148516210
713 645 1450670 748403786
1618 723 625988 445125259
961 738 1763259 291539341
1148 430 1761974 456375644
130 705 1193352 788683538
947 951 581125 781731072
1816 1424 165095 771467251
394 1860 1112584 470678151
759 531 3046002 805299467
1416 905 2377517 453681676
1993 1835 2831095 102103120
354 498 367125 120060659
126 1171 98818 475406038
1939 1311 290375 106618382
1681 1566 828117 961815683
905 1220 529247 639188868
305 463 965537 318718675
1803 1910 1697216 12857632
1342 843 2960531 78098808
403 350 1002226 86926828
395 632 1410017 206555105
592 1911 248780 18483491
64 539 1543349 572126251
673 536 2076151 225629629
1667 854 730262 659612498
1710 570 390296 596719985
1885 1930 1874805 714571799
1970 407 876050 670930619
81 1429 287177 497881379
1226 1779 360290 772272697
1701 470 2214203 483655040
1339 1287 775760 383200517
629 1856 669579 29887931
1856 1967 1773370 636573956
1754 840 950367 336060052
78 1627 867113 43498512
1534 1275 1477109 467838337
1818 887 523245 213263929
843 857 3153168 181861540
1878 655 3480745 846177845
1724 224 2125658 649366731
961 1701 176674 381653440
1978 130 153056 891015468
268 292 857955 21783863
1659 163 525327 615299700
1037 928 819279 291313967
169 1771 1024470 319898732
132 961 1286733 12239587
857 329 3711490 324311918
593 1735 650197 961136536
1479 1700 476303 672287186
1898 1731 3182120 278459573
69 1467 1522191 308359409
1951 993 826163 237345311
5 1732 372368 869935855
647 148 963139 347868919
184 27 1206322 566611699
1672 62 483208 599800139
885 502 1137842 728129480
851 727 561126 654467390
1010 1878 937131 755884537
816 1429 203304 24120354
874 1105 672183 521889937
734 454 336737 341234720
1648 270 212520 414582210
64 1576 2347869 118529537
1418 1148 848140 611617668
942 961 1662743 211375408
1544 1298 885698 519565151
66 1640 244896 525370093
539 759 2076609 330691015
1303 130 2815354 190763016
221 1444 163496 60564439
1665 748 3529561 434960903
1308 1781 840356 130618170
148 594 1058042 568142922
1360 603 1361154 758392101
498 305 1073794 144150570
951 178 661386 958943145
536 1927 1037952 897769968
71 1399 1192356 318152761
1220 1342 835783 303467013
1398 1174 1521768 457673563
536 1710 1702385 879718679
1576 1622 2639412 816657724
1266 1189 502317 968277864
1010 813 343938 975217237
1896 1148 279106 917874722
1871 240 848425 895525290
1493 1849 1326798 968471082
178 1396 230298 540917250
449 470 2877814 820150428
759 1196 1167489 674941098
477 768 911998 856833519
432 1557 630416 726390622
1635 918 1164856 253521450
723 1657 2216545 612152167
523 1724 5272413 335441652
411 1067 546552 789564513
968 820 596257 18486694
1412 157 2045641 759554102
1777 1994 284420 987623045
1712 1565 906746 735422466
39 748 119803 198043535
834 1559 1683139 402700557
132 449 1773670 562852000
659 934 740597 956678193
828 964 547975 679180060
904 629 209695 794387166
1868 1312 794946 921650382
449 679 519143 49721416
531 1196 1878513 641765779
1155 1855 582314 463611764
1476 453 1067543 15373038
417 1376 44478 437245791
87 1221 40869 985784177
877 1096 342808 791867022
906 44 2594650 248481325
305 1052 1182673 840296124
403 66 743571 691151688
1371 853 2480652 970139736
991 624 54417 716326496
350 1094 3138203 232590425
883 1985 403539 744360806
857 1764 2977407 667804626
1242 157 707970 960238034
40 1810 1842637 195224526
603 1378 920044 526197980
1993 70 1640199 675626740
1419 1868 447344 45483570
1430 200 34997 16829945
1536 950 697188 949295750
323 1932 64678 465329759
811 1682 713151 232192596
76 830 885665 178341821
1585 1353 1211234 254054159
1094 903 2506333 130422000
985 1731 4027286 314446199
1665 1257 972768 583114015
1871 897 15504 749675526
154 1783 789295 584918033
635 260 1044382 374641662
1578 793 1615576 314917283
1723 734 1809329 250662884
1394 1936 548489 652449601
635 1847 2384560 724828369
576 88 1749628 430566681
601 1068 528500 307865215
813 840 440287 11679637
1322 1898 2204524 738759765
1139 1454 724231 879807286
452 618 820086 978978217
288 430 1812097 193070616
184 713 271342 919777135
1233 826 966247 211664720
463 1026 1816195 393856658
1089 328 3106940 341295179
1499 1687 597681 72966359
53 1765 126147 723328114
1973 1238 987929 504933152
1476 281 914332 157095069
447 1016 1335734 371162220
1089 1398 1367488 505812509
164 770 806248 937865013
756 143 434668 279702428
1038 1148 2249667 99199121
1436 403 28426 256183116
305 1026 2263996 632152415
148 39 1626785 205243961
805 465 1606678 54986113
1433 51 905706 431015762
1398 1646 4309138 989677395
350 1108 723121 421529778
1916 862 2035104 177307442
1824 5 328233 813616035
430 1418 2610114 466361675
1827 607 267636 310058311
1342 1756 1556940 661273099
281 453 153211 597772128
1026 1052 2033331 625440535
68 394 298560 219128229
1360 705 635596 247378440
35 270 581042 413983321
1873 1466 1847588 764163934
5 1378 639192 673367750
1416 1646 4524111 487364167
1701 132 1110059 872215201
1897 1283 831012 823050047
1149 276 687645 975702395
1668 1673 991757 715590445
440 1919 711475 528501396
857 1342 192637 782872404
1777 1773 325669 264370754
1485 406 648450 278856969
1927 570 1197989 361171462
1174 1756 3449108 765109458
1173 1377 133471 267599404
1493 1163 493838 358126656
1176 552 1633779 466992631
1364 618 1587289 401381842
1398 1764 742804 37795782
1436 603 1130339 765359228
744 1220 706443 635638106
893 1245 1210551 183925963
523 1576 2421239 557694275
1781 632 704419 528451753
705 603 725558 872427813
1525 1458 245027 106821544
1037 352 1692917 808533868
502 1904 720566 457678720
1539 1247 1155582 434239299
403 705 433207 552288505
44 748 2600313 423739872
857 1033 4256378 198510312
1546 275 839547 122057674
350 1436 973800 206688498
905 329 2153823 71424108
371 1927 2171065 61938481
1978 1824 3653323 180258433
819 860 690422 926603798
603 1824 1887469 264406919
94 1075 5112539 231640622
86 1908 155113 917657217
1004 23 384847 854383157
1378 1450 1295628 739988707
234 1887 1697796 584310674
872 402 738384 769509715
44 647 1816864 857664330
951 975 777059 850655825
1794 1105 1819066 718726793
904 817 2704842 677520616
1991 177 199479 188522760
1710 371 1363372 556633985
1134 665 132211 894462304
1514 391 653385 609848979
1595 34 413277 425489643
1323 1896 500416 976871800
800 1856 456030 407508947
1186 274 732278 654996630
1418 1219 2069062 808696928
1871 893 344409 798970515
789 39 1683718 83515796
1008 54 198603 182749218
224 1196 988124 975254619
344 681 168957 738281772
1450 403 3374437 493171805
1410 873 2186049 342946538
675 1196 935559 352309226
1609 1988 257059 678613327
470 317 1719101 316645458
1152 652 1294216 344979835
465 1195 735526 456601787
1438 803 4448558 493601867
874 1809 947838 899505014
79 549 587016 170976137
5 1640 2475964 477100650
329 1438 50352 553319450
1482 1565 599526 838032810
1300 1377 461693 664185215
281 1885 1777145 373246452
1580 1248 1389466 147525609
1756 566 2470049 38055546
238 1664 620792 753107603
1445 814 879692 153119663
410 1908 749666 751374810
132 1066 2649492 741165913
1386 130 2013152 475160953
936 1000 734391 113544719
1514 1148 2562215 110316779
740 854 457279 391508906
1929 1067 837077 98869581
1174 1438 1563399 588026924
635 4 142848 701319292
604 1012 333605 533762377
1840 1402 976123 450807838
281 1930 97660 416442209
1804 1889 4329787 50307793
1231 338 22278 668224379
1440 1657 937671 703962115
1779 219 748765 418850196
1311 928 1867806 267571436
1450 903 3004081 97223858
199 88 1491082 23125498
843 1756 2845905 669163346
1148 637 1518766 315033976
166 1932 316998 377477253
1386 1360 1455396 255093888
331 694 473540 608312358
1714 1464 575889 351928944
350 66 258655 258835266
528 1714 101979 638517890
148 789 56933 399385166
1080 952 593183 778459087
1933 400 195215 555560653
127 951 894999 7162046
1715 1387 186617 184591680
470 132 1104144 135820514
1887 1628 38917 125451572
905 1756 1250404 338785412
160 340 483808 723249192
933 1517 644918 274293684
328 857 2811057 379584510
422 1681 327486 647071716
277 1100 139514 298711789
705 1640 191170 550304254
983 1010 1265890 374972965
1408 1128 159564 111311923
392 648 696552 777206334
476 1635 2138583 84241617
838 1220 1901705 310484705
39 594 568743 947684386
906 1665 42048 272359426
260 1284 720297 974286431
531 1075 8438 957116750
1284 635 1764679 401080927
1335 371 617588 262723238
302 1916 127824 755449279
1200 815 11993 622615899
474 1412 841763 142019714
1176 1501 1052893 792102538
447 862 2277522 368924118
240 893 1192834 955685160
695 1054 518206 747288088
603 1640 916728 67107835
675 1889 3545873 507324466
1640 1378 1836772 580611972
1546 160 1069123 311314172
448 151 885926 822811470
1559 582 1017634 15775192
1580 1989 743855 152244935
1546 1498 164822 434421436
985 1963 478866 104503709
1856 48 1345824 756215153
1017 874 2024550 275358320
274 218 2234871 755202650
1078 1916 1093246 606455758
1978 1640 1105764 541075020
679 1066 356679 459071538
39 1665 3409758 688816240
588 77 280936 748259182
1342 1160 3337214 43127113
345 1068 557400 4387959
1860 68 814024 333236107
2000 800 2770341 340070966
1653 1457 676292 165931962
1335 1927 1553477 571636406
1016 292 678044 285502865
1898 1165 1583663 180706116
782 316 555346 116691899
1563 699 725158 756963862
1358 78 1853201 561371125
803 838 186569 633893225
11 1492 531767 872137253
4 1199 148363 239352994
224 94 2237464 456569213
1613 1852 623988 199825779
38 1085 73559 466033945
443 1559 897112 561532414
961 470 2390877 457460128
469 443 293563 481318600
48 1024 895306 525752327
737 865 331925 857532849
1499 1575 678075 944207901
1416 1398 2949949 574610291
225 1270 505371 995504867
1420 1008 655356 718648086
464 122 261358 134919920
1978 1108 2332436 158048274
574 157 1627635 928062012
570 536 2092681 284603758
1764 905 1419740 221336618
667 1071 424968 282837545
1590 985 1505872 486664990
1089 857 2352723 722898095
288 1514 2612338 967140716
359 1816 1515527 755755439
860 1239 747681 889700341
272 1586 805007 75321433
39 906 3367710 305661338
1342 803 2550919 629824930
329 1033 2013054 950790319
1287 1461 863087 646552898
734 1993 1181943 330322741
1342 1416 3742547 584456608
1447 523 2755635 88664572
652 391 3126770 653214935
1663 54 618205 3282445
723 1000 711372 107905078
1160 744 3207874 110838140
1450 1094 1559860 272527119
1782 1173 1515690 632910457
1386 1830 1560303 753796483
1936 733 591452 237380475
528 456 242663 46530572
463 1751 886597 852965729
905 1398 2162544 203625336
555 562 1014701 333247951
1791 844 559672 259093537
1648 1976 679814 260201913
705 66 436066 340198770
631 1009 604517 584189284
1887 1412 739983 605016205
1220 1089 1324303 755087663
1033 1438 2063406 898268891
1804 539 2628593 734769820
1622 1804 2645245 225999517
1814 1856 1215817 35534206
708 670 508969 235325376
1738 562 708913 595732384
1074 1233 1856024 760749055
1210 890 99853 396600268
1190 736 540173 519729735
282 581 443310 802835459
760 607 316315 150323651
1412 97 1837090 197032357
1026 1751 929598 256252636
1804 1724 2857007 411231079
914 1539 418720 474804576
705 350 694721 318662642
639 1714 1467243 759077028
610 1043 986244 223936466
224 675 1923683 851970805
1628 1242 636605 407579721
1784 1294 895598 494254581
888 1776 534968 748065198
1993 264 1233923 728361076
603 1978 1765854 106157445
169 547 298094 153806138
1882 1999 436361 443158359
1160 905 3030678 256098813
1399 715 780677 149945253
1847 1018 197338 981230100
1732 1450 1028804 731670174
1898 77 2326967 609495622
1997 1391 4157 642646943
946 803 4383586 856550624
1039 1550 1409109 280598828
1671 1245 2052741 814207325
1378 130 2838954 690122658
1667 740 272983 665722748
531 1724 740979 592356804
629 1814 1885396 154484342
603 1386 94242 386289306
744 1089 2030746 553468607
637 1896 1239660 542905054
361 1472 1330557 153330045
1105 1810 2426990 337177359
1583 781 37863 934112893
1883 468 205811 800878242
1701 317 495102 206973429
130 5 3478146 562366883
576 81 618349 183171896
1930 1984 241140 48443080
300 613 318612 828403005
838 843 4026453 711830094
1463 894 53828 72587071
1165 1963 2907695 134779337
1576 1889 896674 588994592
1619 361 2053329 812063088
289 883 18406 572628135
906 1578 3634200 959857604
281 1263 446468 254943262
502 117 1086319 828483406
1967 1234 2291697 316067743
1257 39 2436990 842666843
139 652 402212 176611303
328 1342 2618420 635365333
1409 1620 2128121 72055592
263 395 919197 185693747
476 465 2269257 378272317
260 1409 229657 559663422
1234 1856 518327 991131183
1818 1722 20686 402992551
447 292 657690 824377455
1418 391 4063740 810646618
629 1967 1103791 419136013
1373 1848 841562 313264387
178 947 1242511 401126448
1764 1646 3566334 628648705
2000 904 1854427 137181349
1402 154 1662522 578189229
1646 566 131545 448959951
647 39 663646 759980752
292 83 720050 363681014
1820 1217 1518501 993162840
21 765 692101 248125490
1790 1774 685167 708428263
1701 449 663611 478375772
1408 1334 387902 119141006
57 1323 796164 798041471
1934 119 848229 2727525
1416 946 2926608 660465659
600 287 108649 225201309
391 637 1696834 114923388
1418 139 3394630 724338875
1739 770 1656771 18841008
1813 323 757887 195567676
946 857 3696870 544716807
1355 258 967120 99620747
328 1438 4516059 765287647
1160 838 599726 807300607
885 117 783029 235976225
328 838 3684342 352530154
1196 1804 1719473 563688816
1298 236 130032 606600001
166 323 252320 893733327
371 472 2494912 619300403
1174 838 4629656 78879094
1371 1910 891695 460860753
1249 1989 67175 942890810
462 1289 73570 126156583
202 1154 268634 854672620
139 1514 2071173 481838085
754 506 520005 184455826
862 926 2379164 49578728
1089 1160 3825734 674784453
546 750 771162 189649088
483 692 565883 281190604
713 1687 1529711 303111337
174 687 1211088 468564931
1322 985 1359358 393478753
585 77 65530 417533061
1577 502 949422 26532547
346 10 647386 621334797
662 1924 377291 547380181
1493 873 97858 698380024
1335 1910 837223 730889666
611 828 358131 749346751
5 66 2720860 982022399
946 744 3374893 596421781
1967 904 1313486 361370474
1173 286 518592 296362876
1144 1366 858954 648088331
868 1619 997182 68891717
1447 1576 334396 659173928
1804 675 783914 346770974
350 1378 2340323 431374802
403 1386 1253007 531908348
1783 1402 1079019 518320669
1875 974 779456 1274658
906 1257 930720 314735749
1072 78 753756 719371419
1254 1619 2135707 81406848
248 1501 395661 900794605
1257 647 1773344 364401255
408 1331 276498 305419849
411 743 912848 171715773
1620 1491 827873 168522952
1163 1410 1790069 29148023
1916 926 599708 566122565
1878 983 2203021 755830813
139 430 1270932 952810095
1889 759 3777803 676730259
1942 676 457683 680022544
903 130 1130501 500946931
248 1176 657232 520994938
491 626 611430 931728779
1804 94 4945061 23753480
1028 125 697779 836687209
1660 555 164813 150188669
1284 1847 619881 704283693
1418 288 1456475 12251018
1646 838 3519052 47578801
1838 401 683067 262093776
973 1021 501786 367734528
576 816 534476 396279478
705 1450 2941230 114296831
1199 1409 1279554 500983003
1889 1724 3747848 677954895
1774 267 355251 558035581
1491 1199 20694 199681079
57 1514 2578857 888425025
873 1849 1228940 357705857
1824 350 3307748 170502930
94 64 3859817 966658973
819 1239 1438103 668227123
792 1472 581152 676776009
793 39 1349086 454356480
111 348 451358 376176881
463 354 258868 547865846
1220 843 2124748 657482314
97 234 879277 888377389
263 1781 1195239 871308826
1244 181 976154 947210713
1433 586 497131 257881236
1764 1416 2207145 595170964
705 1824 2613027 937111671
399 1860 229351 907197276
576 1848 835418 828944200
422 1566 500631 305034168
1842 1751 502857 106687561
1302 971 620395 868244760
1976 270 892334 578152813
1537 1439 772769 444232293
1394 733 1139941 617831972
853 1910 1588957 724084670
1921 678 167803 789554019
1751 354 627729 917960291
769 1377 2419982 996920147
555 1738 1723614 132652911
490 1142 485822 289432379
442 992 557132 409939909
1431 151 792846 432224118
48 1814 2561641 554428540
636 1695 443692 466716483
744 1033 3934401 230455907
566 803 3464028 864000255
870 1354 787584 668756875
329 1160 5184501 20662316
81 199 214551 730145685
72 820 900792 928140827
913 1193 34594 768693660
548 1135 1798102 894910122
1360 1303 986406 372567742
1754 1010 1734592 880737771
1174 1764 778964 911809262
449 738 2250196 255045857
637 430 243208 803341040
1410 1849 957109 487064380
212 1670 1254208 125689694
1323 288 829645 444137092
5 1436 2689575 34294286
1627 1358 986088 967895119
476 805 662579 327824321
936 1618 649007 642235352
792 868 306742 357271587
1398 1033 2021775 351237878
1947 1747 23080 926228508
585 1590 1600731 246170849
840 655 1759389 698470172
1573 929 330254 32975940
594 44 1911767 540031463
165 1843 982736 811582745
1342 329 3518853 425771533
1234 904 1397601 156099398
1068 376 668858 230468210
1791 1474 890566 986131084
77 1963 3650999 837696043
868 1472 887894 510406175
652 1323 3170012 880365242
1896 1514 2283109 735537386
1026 354 1557327 273836847
1468 605 833200 507168977
673 1927 1181459 367425732
1637 1490 951252 294749128
1842 1605 47823 778608428
130 1450 4134582 831984088
531 1015 2501506 771983777
1576 1075 3600591 324757641
843 744 2831191 642304256
1640 350 503551 912608458
1803 1927 2413470 234759910
1561 1581 508938 414406671
1499 27 2950 406282877
88 81 1705633 475552165
986 570 1126359 456921009
442 674 1213066 365170001
653 1423 656319 811158993
449 942 2149680 527437065
1889 224 1622190 573122004
762 1567 906348 783970145
985 588 3453069 311799195
1714 456 140684 535480726
1855 631 16618 257235699
1311 352 994168 381929298
1965 1618 1003119 459751031
121 1850 418625 455476923
1847 1199 2390075 927842518
1135 1118 939979 211304321
68 399 1043375 126834229
136 1365 452675 227837187
1468 1638 146559 81978625
286 1884 879268 276570784
586 51 408575 757129405
1466 451 200628 879503302
1965 723 1629107 582004027
1234 800 62297 634921269
1026 1842 522387 912713939
1033 1756 3949115 683230566
1217 322 660456 439226893
1732 1824 700601 188320382
572 1535 320433 318990318
1751 305 1334398 124292683
605 1638 686641 364913234
857 1160 3529851 765386655
732 1535 1019760 387726905
522 827 526327 279846054
1174 946 59501 643589229
199 1429 72626 557971167
562 1660 849888 196417660
1578 748 146687 544164648
64 1804 2353702 841808182
2000 629 1644732 179674853
1152 1219 433564 116925209
1773 1994 610089 475961197
937 872 777125 909278544
139 1896 2267384 3870847
1152 1418 2502626 721423539
838 566 3650597 864866380
468 739 625585 129559236
705 1436 404781 533993169
1386 705 819800 94496000
1053 1184 70074 92354538
130 1732 3105778 367494756
1160 1220 2501431 376674225
817 800 3620756 843935154
1602 694 1685291 402963106
1587 356 442506 683160645
382 1192 353903 349814924
61 884 87116 877947673
1428 501 464969 617331845
1419 358 863469 356779572
15 1211 561769 370086832
1450 1824 984669 69740904
1994 1301 616633 172006314
1565 559 821340 854243402
1160 1174 5229382 756939872
1961 687 664045 952031993
1401 1061 497119 389013472
840 1010 784225 373999232
472 853 1339810 42388896
1764 838 3850692 530946648
973 427 719562 317201461
1814 2000 3530128 18836410
1251 1607 893082 318073712
1724 64 503305 648977878
1622 1196 925772 776050570
1739 164 850523 449514885
463 1842 1389454 905495184
333 1194 801294 537461851
1396 975 1208147 460360984
456 639 1607927 829615699
1261 555 858489 75055878
447 926 101642 505556070
1015 64 1257222 539788154
97 474 995327 699006082
2000 1234 2832638 541362129
264 454 388717 543635844
650 230 787564 476789563
1461 1339 1638847 240160825
1732 1830 2652929 736277096
1848 199 576872 119054072
1479 1448 567036 595110508
1984 453 492011 725200427
1803 1371 805521 309177346
1786 1639 2248911 618071520
1840 1783 102896 246370306
1174 1220 2727951 142355549
713 27 934980 666131741
1128 1334 547466 810983613
838 1438 4635127 966312417
1375 1202 468041 567271873
447 302 370242 625535541
350 603 1420279 393304561
1253 1968 246837 930182997
942 132 376010 437895995
1611 558 777258 735938291
1378 705 1645602 84414228
1489 1492 605507 460681391
468 218 869853 89518373
1403 1534 645932 62043640
1646 744 910904 125526381
1433 213 1413070 228651746
443 313 472606 365571967
1499 645 518640 777912516
2000 1856 2314311 478683218
843 1416 782016 523703801
1830 403 1173710 931620302
1085 664 544593 747771603
1978 903 977445 88490940
1378 1386 1014286 844889022
1416 1220 2906764 93766899
805 918 1431156 87968507
44 148 853725 84979505
1335 1803 859993 763238110
56 894 835010 177129231
132 738 476526 993908074
655 1010 2543614 720866244
1152 139 892004 66878475
1756 1764 2670144 360077623
1303 705 1622002 3783274
1898 1590 660706 961054637
1493 1410 2283907 280953146
566 1160 4250323 471092222
232 716 972932 718982324
1472 1639 683446 555485427
986 1335 1481847 372972586
288 637 1568889 667657306
1094 1978 3483778 426897591
581 222 494379 200969616
225 622 495048 882302393
1086 78 2081298 444394072
566 329 4431962 984760679
566 1089 3073195 539724967
1873 1288 955556 563500098
1622 64 291543 77427224
94 1889 615274 326857061
632 1308 135937 645488111
637 1219 297844 968654801
1472 1619 1885076 843432546
298 1275 2060686 516105508
1824 1094 1231657 487820156
947 975 195934 438779065
1885 1263 2223613 514814614
267 43 643267 825268816
1017 875 278557 192597799
1438 1342 3569205 49154726
1523 1934 1615696 764654065
1094 130 3636834 339065771
1447 1196 1379244 273021660
1261 1660 1023302 50745350
1472 1786 2727769 868954565
769 1173 2286511 741366425
94 531 5104101 183310248
637 139 1027724 122730005
1593 1417 150833 620025088
1373 81 624493 814927300
1152 1148 1654486 857590100
637 1323 1740076 64633449
289 774 731582 414068277
391 288 3265723 981961269
1335 570 355488 696396101
1015 1075 2509944 700879319
1186 218 2967149 179755260
1910 570 481735 106486096
673 1371 1174022 328085212
1360 350 1330317 81791936
1490 1222 1106073 736012312
1855 1009 621135 13044373
1574 341 250658 290176324
1639 361 851699 816756842
888 341 637675 285901169
574 1628 283060 231304837
98 1275 890128 446891456
955 223 288385 593425298
44 789 796792 181824944
1648 35 368522 314245448
1981 754 395908 715067676
1371 570 409960 866570247
986 1910 644624 3248968
498 1842 763461 241671369
1015 675 1558552 27629130
1235 466 805394 560042520
1048 1232 2158742 234832178
1915 1252 831382 143223615
103 973 542524 16524985
1969 499 100030 675088937
701 1307 258851 709130661
1300 1782 1843912 977603674
359 156 759950 680349001
1033 1089 1903655 265713037
1809 40 1433758 501131348
1254 792 831783 839963163
1830 1978 1780799 50206903
774 1985 1116715 497810220
1456 1442 478712 898081777
585 1165 677774 510944494
1386 5 1653478 24208896
1322 1590 2865230 680487916
1342 566 2584675 664303951
66 130 1503716 943617958
305 354 706669 743112660
1108 1824 4030869 915202626
857 1646 2645767 609713806
474 1628 1542829 96865235
1605 498 715638 381730974
639 528 1365264 121529718
1052 1751 1103733 127533006
1847 260 1340178 29777544
139 1148 2546490 753640365
1058 298 817726 68042755
803 1089 3039439 613855976
822 1377 2321519 356248370
1843 1367 129630 164768842
1781 395 2114436 900149067
130 1830 1933855 12351451
1094 403 2876689 549970829
591 448 721240 170587335
1978 1436 635515 154975465
1263 1476 1360800 241804382
1804 1576 3433113 731657845
1463 56 781182 888814102
1195 646 571704 278679162
1066 961 1716107 729789897
1220 329 2683070 19656285
1967 817 1391356 884052404
905 946 2139203 503607571
591 151 164686 153698394
1639 1254 729489 517285343
1261 1738 2582103 454325012
1335 853 2426180 832123547
632 263 490820 158411470
1782 1884 117830 165517329
1756 1398 3412948 193604413
676 1542 1421504 355047431
1514 1418 3410355 312730319
480 136 146415 940245029
629 48 676245 686476388
1094 1830 3183985 920711589
1978 5 3325090 721544770
453 1885 1930356 843892474
905 803 2244383 273762352
1489 11 73740 291966901
1199 260 1049897 265736321
305 1605 1789432 858340865
1085 1048 1068468 554061031
43 1774 998518 556928701
849 376 15062 553274288
798 487 117726 358756380
662 1307 1633775 958530021
1830 903 803354 640110331
1163 1849 832960 230112807
1783 634 722714 86592601
1701 738 1586585 481183861
5 705 2284794 237391128
566 1174 4476843 365220863
1756 744 1427600 378160101
1508 1141 600327 325293578
1337 50 999263 746943889
814 1353 1660505 203944660
1355 621 703625 375462969
1317 1524 5671 483271204
1699 1630 332963 367247637
5 1360 2920390 67079834
594 647 94903 662999623
1002 410 1365713 575667529
329 328 4465707 200689180
1148 288 608335 655829667
492 1571 126900 113593966
1220 1033 3227958 967541325
1398 857 3720211 702997448
5 1450 656436 70277332
11 598 573938 21380866
718 1944 588354 421037471
748 793 1468889 680673230
219 1226 388475 222141077
1950 146 335009 198886673
1108 1303 3039844 108361873
822 1884 790188 211224361
1347 330 618216 971508615
1989 1248 645611 530655839
1094 1732 531056 119445464
1342 744 1542226 141103987
1024 1234 2759457 210086821
485 462 762893 655966485
1371 536 2502641 466105048
1496 1602 252618 976906057
528 1464 473910 341751881
531 675 2814072 880812826
66 903 373215 651843018
1072 1358 2606957 716044495
1017 40 357046 324678051
205 1391 1321317 520545510
843 566 3873640 925037409
838 1416 4808469 777707377
843 1089 800445 717612448
1564 164 856339 976835734
1378 1732 266824 325500960
30 1109 164772 494943597
840 1878 1721356 915630360
1499 713 932030 28140799
1342 905 1365030 149159373
1476 1885 862813 625992430
1303 1732 3534428 687681252
1038 391 1941319 59848992
1398 838 4593496 541651377
1543 1734 949903 705286102
1185 1867 754066 992019848
1590 1963 1984738 383856270
44 1257 1663930 225649603
986 472 395477 95445702
1322 1963 880492 214890817
451 1873 2048216 686651723
1279 1951 1323839 252819249
1931 180 734216 609409329
33 1390 910626 728465431
1436 1450 3346011 883561276
1809 1810 806969 331705010
738 679 2769339 628238643
1941 1526 130563 538985643
1803 472 2737317 343895972
1220 803 1715136 461889576
539 1015 286127 778307241
183 1968 686270 523712665
1514 1219 1341293 467211147
1048 664 1613061 783015679
652 1219 1727780 924943653
1978 403 607089 898770362
1220 1438 2733422 906482845
652 1514 2473385 774383418
83 926 1479382 979553755
44 793 1131424 206600432
1723 1993 2317798 192936446
1219 139 1325568 154456959
732 572 699327 114884047
391 1896 2936494 74577177
1081 499 712657 696948426
744 838 2608148 434867358
1048 1280 1774253 454387195
1974 1157 213229 243529393
1605 1751 455034 657380849
227 110 630421 786950083
1764 329 734083 55902510
1824 1303 4235029 997612722
1418 1323 1627662 398210416
1470 162 240963 717028708
675 64 1569788 931650692
126 301 45335 223105957
1409 1018 1307859 743970485
862 1016 941788 451029708
192 1097 503292 614044832
1732 1436 2317207 383256914
875 1810 1764148 965225422
1234 1814 697490 98548669
834 313 1258633 88328468
1861 1306 609187 306701440
1232 1280 384489 345031196
1663 1008 419602 346039976
399 394 1341935 448623296
635 1491 311905 233649905
1710 673 373766 850331329
465 918 175522 454401801
739 274 739433 72839964
1280 1085 852903 811817037
1794 1809 199045 580963934
1270 622 10323 224599493
1898 985 845166 150364656
1871 1671 1186599 323518391
843 1174 2204093 612505239
485 1674 381456 572576145
697 1314 742996 74566713
1987 842 352165 202599532
469 1559 1190675 270828246
1622 523 5060651 926722131
817 1024 923596 376653732
443 834 786027 995828546
1016 1078 1356018 846045096
286 769 1767919 322024028
1378 1830 2386105 725461929
539 1075 2796071 828658420
1896 57 295748 642838930
1447 224 391120 427310957
1764 1089 624684 779558328
1257 594 1868247 228323141
582 443 120522 369705764
345 376 1226258 539962844
1712 559 529034 701154841
1456 508 733134 983995701
1398 329 8721 251188935
1384 1992 99664 46280734
905 1089 795056 794661824
1208 1636 378065 40038211
1445 1353 780813 280045129
288 1219 1271045 985826429
1764 1438 784435 408360415
4 1018 2439050 119206985
1108 603 2143400 216314668
739 1186 1471711 417202815
566 328 33745 425244171
48 1967 427546 810508703
1386 1732 1281110 51675079
772 1241 309684 431211323
875 1105 2975290 15484742
1412 234 957813 597972377
1226 1327 465672 285171242
69 1407 30804 756583396
86 1002 460934 476770948
1361 631 906849 402281661
148 793 277699 227430145
1378 1303 3267604 419474586
1978 66 1350660 557407727
705 1732 1912426 74783675
1182 1212 545248 868803197
1359 212 483927 551185259
1160 843 4626179 860961435
531 1622 1535827 368181113
844 1474 330894 605962924
743 1067 366296 178616266
1710 853 1680396 347696755
637 1418 2366906 612386716
475 1997 335583 774313043
289 1985 385133 330564230
1531 76 1124630 864365306
814 1585 1310113 262398827
760 389 669863 736652677
475 1391 339740 183700396
868 1254 1138525 383097244
1978 1732 2952722 120467810
1591 37 642965 253339182
1726 18 802339 49856340
1371 1927 1607949 161011474
40 874 2381596 585486136
1148 57 574854 317450942
1842 305 1837255 126035640
1978 705 1040296 556068480
903 1824 2675878 913651905
759 94 4393077 788070990
1254 1786 2978400 440012577
1635 805 1476004 12542261
759 523 5302368 498308094
1646 803 3332483 615349955
371 1371 672060 113716530
822 286 1669456 753177022
824 573 952031 686524102
1152 57 1671128 906900658
1390 202 486852 319748127
1026 1605 474564 56749372
564 818 277378 751041899
454 1723 1472592 665924571
1132 1338 746417 615102521
1761 845 647677 283225466
1578 39 266490 459932644
813 1878 1281069 906208562
1016 1916 1093316 496575101
1509 93 935929 662475950
66 1830 1176569 193022861
1356 1550 683398 688758213
72 968 304535 649600499
1910 1927 716254 700549229
759 1622 2093261 128566694
1360 1640 826766 36847695
1148 1219 1220922 699408422
854 1 1174344 708747301
905 328 2311884 833673941
800 48 1801854 838513799
1015 1576 1090647 502077838
1160 803 786295 803045272
1889 539 2273448 441876472
539 675 1844679 720310979
946 1438 1503898 976257113
928 352 873638 928204516
1639 868 409036 59341951
725 1399 628698 911232076
1148 1323 779522 752561002
986 1371 1536319 399166365
1618 1000 85384 448033542
942 1066 3025502 790637680
1830 1303 881499 10104147
1619 1786 842693 603217927
1520 1746 155008 518270541
184 1687 1801053 913131432
1542 1942 963821 951140929
759 224 2155613 999102760
536 371 3065757 420421442
1910 472 1040101 647106695
1538 439 907260 45132708
1429 1848 504246 351544719
391 139 2724558 632870121
1514 430 800241 203001457
1620 1284 2618761 840889529
539 1196 909120 569444579
1024 629 1571551 263605127
1002 1908 616047 234449761
5 903 2347645 107334493
71 725 563658 8408791
645 27 521590 893054827
652 57 2965344 816177968
1927 1710 807693 332817651
1242 97 3174761 239831153
4 260 901534 649545836
1813 166 1010207 147835549
1553 1843 769455 963766924
1294 436 323391 193086640
689 1604 321198 474412896
57 139 2563132 263844520
570 1803 1215481 849166255
946 1220 2668450 113529744
1482 559 221814 829150935
1751 498 260604 534181934
1195 476 1533731 587106056
1263 1930 544128 301211039
838 1089 3226008 784569725
1455 1112 434138 852013255
646 805 299448 974453665
1409 4 1131191 775565536
1904 1577 228856 45373750
566 857 2777312 56221431
182 1259 35477 60819
477 584 1359530 421461529
1743 187 112144 571584187
657 312 304897 69046583
1804 224 2707597 505435442
1284 4 1621831 978552190
1665 44 2636698 948229734
1342 1398 3527574 667081378
1516 1043 774640 439466448
1445 1585 430421 811978319
1232 1085 1237392 177509669
1094 705 2443482 573882422
1724 1075 749417 470241587
2000 1967 540941 966884189
1640 1094 2634652 125657241
675 1447 2314803 900754505
905 566 2278139 758877042
1249 1248 712786 963441712
141 772 322566 569139949
15 1915 72914 568106466
789 594 1114975 679340865
699 36 120552 148324859
1378 1978 2685898 670174592
1361 1155 1505781 62669252
329 843 2159212 644749863
1895 502 103643 132162850
635 1620 1139778 797415333
1827 389 621184 644952777
1764 1342 2784770 639488797
474 1242 2179434 923954021
1024 2000 1008701 427960883
792 1639 102294 208947370
117 1904 365753 640384110
1984 1885 2115945 298679239
1820 1959 201978 72278889
498 1026 1190202 332027926
1038 652 2160837 965338449
1794 1017 877667 334065521
1929 411 290525 351410247
97 157 3882731 805460859
961 449 840285 720957179
1724 1015 1760527 251194510
64 1196 634229 91477199
1089 329 1358767 89246296
871 528 1543238 621692826
1327 219 854147 885629519
282 1823 682099 50841601
1764 946 719463 871358204
1997 205 1317160 692885902
1605 354 1082763 626170040
1922 380 809726 782052744
1160 1764 4450418 464999050
1546 340 585315 772287710
1024 1967 467760 282257138
148 1578 1893275 785244596
1396 951 431088 991622078
358 1868 416125 121521512
1534 298 1875441 673596451
803 329 4398206 480411688
1367 1553 899085 286361297
1431 591 957532 955892579
470 1066 3753636 470152100
1108 1436 1696921 517409348
1436 1830 1145284 711152023
1776 341 102707 407156979
1173 1884 1397860 486194926
66 1378 2081668 322704152
907 80 693407 243614314
1662 1867 859083 114040055
523 94 909291 917983243
566 1438 4482314 67060909
472 1335 1877324 934353590
1146 251 240894 991295937
1564 770 1662587 450673864
1553 165 213281 397828389
1544 236 755666 579144191
206 6 421097 778279618
355 811 636969 293745437
454 1993 845206 851824564
541 18 343583 653341754
1724 675 2073093 86007313
655 1754 809022 190454408
536 853 21989 780108027
51 213 507364 200221097
322 1820 858045 284395973
1160 1416 5408195 340720749
792 361 749405 591935920
1041 785 905739 740442771
403 1732 2345633 457305627
582 469 414085 379258330
302 292 287448 811477526
803 1764 3664123 656149616
1257 148 810205 913232257
1088 1808 783657 645452398
1378 1436 2050383 867528651
829 1763 791994 176063148
1416 1089 1582461 875700521
5 1094 903424 921636375
472 536 1361799 910902543
1068 849 683920 778337029
1916 292 415272 806069327
868 1786 1839875 663888889
1089 946 1344147 371151551
66 1303 2058068 748549704
905 838 2430952 460474673
224 1015 365131 735123805
1378 1360 2281198 291057338
729 1224 339865 334115183
735 505 610125 100390144
1777 1301 332213 317072900
70 1723 677599 302046991
905 1174 2198704 593819364
1790 43 1683685 749252310
748 647 783449 883172882
1771 547 726376 805386589
840 983 1362239 980298492
1756 1220 721157 750947163
992 674 655934 641174137
759 1804 1015844 479737442
789 1578 1950208 367790925
1816 156 755577 497672067
800 629 1125609 847767265
57 1219 1237564 656390271
576 1373 6144 946650585
906 789 1797858 804415603
585 1963 3585469 653120996
1590 1165 922957 327192947
1205 100 621840 646276362
1078 862 2297806 666146582
552 248 976547 628872180
1856 817 3164726 303413734
1322 588 4812427 677975040
1386 1824 1981711 693106644
1152 430 378928 760260893
1440 1965 350233 963840773
885 1904 417276 928967087
325 1475 426703 703486971
1025 1641 574060 295735358
650 203 312925 114739673
195 1740 960772 755286178
646 1635 1176556 895785253
139 288 2596613 225824190
382 256 43861 287748039
213 586 915939 351511169
883 774 749988 735749843
1722 887 543931 361721241
1710 1335 745784 511642407
725 715 151979 222412062
635 1018 2581898 942141377
1984 1476 1253132 870875972
1148 652 2948702 803861281
1033 1174 619009 97437045
584 768 447532 742433569
1105 1017 2696733 391650919
634 1402 1801733 449166271
1195 805 871152 999156351
1731 1165 1598457 154146206
750 1215 638928 741039686
606 497 334110 730021565
744 328 1076194 456680337
1605 1052 1558767 695207774
870 931 685124 307631126
224 1576 725516 255075004
1282 721 927966 774677442
1450 350 3635951 102099277
1398 1438 41631 545501466
1830 1108 2158345 989867685
1418 652 3796842 828265870
1364 452 767203 665904166
1089 1438 1409119 322993371
523 675 5070438 13713279
27 1687 594731 500370015
739 218 1495438 237160374
1199 1284 1770194 904140874
1303 1386 2441802 392752633
1640 1824 2804197 711260158
985 585 3106603 585936783
531 1447 3257757 334445097
675 1576 2649199 196584788
1160 946 5169881 566463285
893 897 359913 215570647
888 1574 888333 405446599
679 470 3396957 177033566
1033 843 2704100 778970581
1438 905 2204175 768298786
903 1378 1708453 11773473
447 83 1377740 349987619
853 570 2070692 621839589
1619 792 1303924 672677112
602 1168 721124 648134711
1887 97 2577073 312578377
33 1154 692408 696199374
1403 1275 831177 439070902
838 857 2930125 569710909
1038 430 487693 1132960
1895 1904 616923 592838156
1978 1450 3981526 862200148
844 597 22218 646807463
1282 1861 824458 400822482
1016 268 1535999 456256827
1565 315 159341 69363689
94 1622 4151360 272215636
328 1646 165290 153748116
903 1386 882651 273757462
1646 946 4285797 885123161
1491 1847 2410769 564844131
302 862 1907280 624422012
857 1756 1749577 623484258
642 1407 618087 26710366
268 447 1515645 806191947
1732 1108 3330268 676647377
1189 1750 827600 851071182
816 88 1621760 151660193
1369 1952 368381 73279584
902 1532 212783 980242168
1430 307 195332 84737562
610 1516 1760884 225515977
38 1048 994909 185241697
834 469 1079590 85488450
395 1308 1545954 729431406
405 1014 709766 87617460
1310 1822 838841 483938429
282 222 937689 633308238
853 986 944333 348597665
1896 1219 941816 770793538
1575 27 681025 737701998
1312 358 378821 246404722
64 531 1244284 482592759
1058 98 352832 566320626
1447 1075 3266195 139126349
1910 536 1610946 139648945
1199 1018 2587413 440142092
1057 1350 558594 701306829
769 1300 2614733 609001998
474 234 116050 163870101
132 679 2292813 807687376
1804 523 5854352 7469808
1700 1448 1043339 511037243
647 793 685440 94137707
877 1320 741169 872742872
857 744 1734863 758330417
1436 903 341930 875611535
1078 292 677974 348193332
1637 1222 154821 415322365
1173 1300 328222 546376365
635 1409 1274039 659030024
705 903 62851 953360353
838 1756 1180548 85740915
566 946 4417342 445855104
961 679 1359428 799348159
1646 1342 2453130 998196583
928 1939 2158181 414870879
1094 1360 3079078 364318356
