2000 1999
1833 1377 0 469804455
721 714 0 606960766
1565 1953 0 830640497
945 998 0 902665259
442 448 0 136048265
191 201 0 780538027
21 1285 0 502090125
1012 235 0 301233861
458 1661 0 814771126
229 1694 0 856331118
616 1331 0 899805678
1195 314 0 980365441
1699 1798 0 920447657
300 845 0 91399459
1351 242 0 179226778
212 1340 0 466317367
491 1508 0 626290685
1936 549 0 928694360
1374 542 0 972146482
68 145 0 740595231
1582 1968 0 261250359
1148 362 0 875635035
1985 939 0 920593031
1398 1501 0 94765646
1308 135 0 57860666
615 1633 0 933493262
1138 176 0 451924085
787 294 0 563360711
1211 267 0 305474016
329 771 0 686033939
1658 508 0 936946303
924 571 0 951286038
1519 224 0 975750010
506 662 0 759607646
81 373 0 426625957
883 195 0 718185980
329 517 0 936946079
772 1785 0 948593307
1169 1724 0 387522105
938 936 0 654226998
1560 1796 0 115452746
1001 1753 0 123521943
107 824 0 708075836
1577 758 0 175488624
311 1698 0 257363211
1334 1305 0 55204097
1074 1766 0 584165213
1540 156 0 584401883
630 547 0 442193740
456 46 0 975121133
72 982 0 770676143
621 523 0 247462140
1299 1274 0 137860396
1536 201 0 726318067
344 976 0 12930499
1475 740 0 464063230
678 1058 0 170967465
656 216 0 586802503
898 1539 0 11969035
1815 1402 0 787329305
697 1434 0 882364489
890 965 0 308998528
751 1341 0 656246035
936 1582 0 453752047
1683 445 0 981491993
1614 1849 0 434954935
1957 77 0 214331195
270 1480 0 767180690
1140 1862 0 53259761
378 1257 0 255798779
1371 1088 0 366746122
226 815 0 969692821
1500 743 0 252778468
1327 1133 0 821552595
1136 500 0 798701031
1423 1640 0 426321588
1316 231 0 182017799
963 1120 0 343445874
1771 619 0 345527738
1889 1271 0 4569301
1464 304 0 621534569
1118 1847 0 854620988
93 531 0 106287464
1345 468 0 610900026
741 1943 0 466733850
1061 710 0 681001093
161 1666 0 250332905
605 92 0 839173786
1502 339 0 117830866
1145 1390 0 199792124
273 1396 0 172205313
1608 1864 0 794599936
1999 208 0 639652719
1397 1930 0 433421579
1343 1069 0 726279778
1047 1636 0 446492750
983 498 0 754356132
950 336 0 38087239
461 1781 0 999945600
112 334 0 367108092
1359 1588 0 336061660
1528 1220 0 917110035
637 538 0 321747353
1976 28 0 203150962
1147 1404 0 858279530
1788 1556 0 143557865
321 979 0 516494561
1364 1422 0 426121230
408 1271 0 224036779
727 1025 0 287156810
1273 258 0 437172979
432 938 0 806515260
1592 561 0 663134538
1358 1144 0 366859649
1364 600 0 482420958
1244 1198 0 559279666
700 461 0 412268932
136 185 0 382734894
272 780 0 594826646
326 1022 0 809770330
810 1290 0 101897865
601 1719 0 587616878
314 1595 0 196309291
162 648 0 959269822
1640 252 0 878860041
1318 770 0 219458448
1679 331 0 223246460
1736 1639 0 891490001
1720 706 0 141744663
1660 1348 0 152801269
1748 97 0 194913815
1106 1823 0 267303897
1669 1916 0 891690065
1746 887 0 10112574
1486 1947 0 295720072
1771 1825 0 393440299
498 1080 0 810665284
1118 1273 0 921616701
909 1966 0 503700601
1627 483 0 276036918
333 975 0 699479195
235 990 0 720525760
525 583 0 684469226
371 448 0 130967263
1371 1663 0 414951791
984 1951 0 172029966
223 681 0 168376141
967 857 0 173764707
473 56 0 175910792
545 1939 0 441427592
939 1518 0 520007457
787 179 0 144187775
1743 1015 0 797150002
952 1430 0 949199635
1579 1190 0 27025266
282 1787 0 950519892
327 1884 0 215454134
337 489 0 940241792
1149 201 0 982431067
1304 421 0 113596314
373 489 0 635785724
773 1844 0 501650988
1179 860 0 673403204
884 1002 0 804314932
66 809 0 653634588
1838 345 0 948905506
151 1467 0 342153322
1124 471 0 324095547
1898 1875 0 992670955
1520 72 0 379742283
1135 577 0 850728230
1873 1784 0 739921203
247 1896 0 23555980
804 1545 0 570971254
854 535 0 451020610
152 704 0 178883672
661 1020 0 934516014
1130 546 0 20652075
1036 257 0 546775154
1494 397 0 298528467
1814 1864 0 936843360
9 831 0 458503383
1770 1214 0 702618971
1265 53 0 581432591
539 726 0 273888398
1837 1753 0 460474770
4 1295 0 761885134
1591 1446 0 871554076
438 1199 0 759242960
1507 284 0 678684217
122 430 0 621306021
641 394 0 439416707
601 1778 0 816715586
1456 223 0 59692534
1636 1763 0 447767490
702 1336 0 412916644
1323 1009 0 404961996
871 1300 0 582185249
425 1935 0 291846
439 1969 0 26228549
162 1372 0 85293099
1288 1973 0 332050759
1397 1159 0 468449651
880 568 0 188378479
1884 420 0 477998262
143 1937 0 740928569
855 740 0 649350623
754 1788 0 818720460
1931 1657 0 674142836
1642 1625 0 896062243
1958 1976 0 15144931
1379 1601 0 636415340
855 1902 0 752836014
1096 1370 0 941977495
640 1039 0 428429892
1005 1069 0 679837294
820 114 0 133128800
1462 88 0 525230183
204 1822 0 934972267
1358 1888 0 112848255
1130 587 0 761439898
790 1377 0 919232658
1122 340 0 574155863
599 1897 0 625829518
1924 396 0 925146246
163 1904 0 93700486
949 1691 0 614188647
519 778 0 101922861
1124 1122 0 215635845
1612 321 0 433029307
687 604 0 564654832
1296 1263 0 818908611
1591 1689 0 947349891
1664 629 0 667145851
1542 74 0 807972765
746 560 0 714921371
279 1333 0 70148893
1593 1110 0 275909502
62 1896 0 871206565
1793 1689 0 680020422
371 1364 0 101912556
702 1960 0 409159254
68 1303 0 88108816
363 350 0 509811397
1596 1471 0 286313466
1828 1171 0 910709205
661 550 0 667664041
140 1369 0 766925534
1927 315 0 629139577
318 355 0 501880753
1812 1101 0 373133674
1301 1609 0 881952755
1124 830 0 754482227
1333 383 0 524332524
746 713 0 794310663
1328 684 0 836641325
1981 488 0 671272939
919 1882 0 373175139
1669 932 0 258354173
281 1749 0 369016975
1962 12 0 747592489
1769 1789 0 120616692
113 601 0 727852986
914 1852 0 990949791
420 1689 0 313470296
979 1863 0 40366837
1113 1807 0 957256574
1558 1684 0 805673968
31 1516 0 676195806
1897 55 0 827952664
7 577 0 918675354
1912 841 0 967013841
1786 1318 0 292993115
340 1681 0 35517839
947 433 0 516732077
1676 173 0 397013585
689 1375 0 50323020
1569 809 0 831653609
536 1361 0 795684928
1689 104 0 26355418
589 501 0 893577345
25 1387 0 522354271
1925 1334 0 309046187
801 638 0 331232297
656 1686 0 370867618
1879 57 0 428534263
1701 1580 0 537481041
788 1945 0 79541491
1851 969 0 883736732
607 735 0 838398054
1417 1565 0 524498127
932 268 0 236694310
1275 384 0 103686131
1331 980 0 261724121
595 503 0 868034276
1820 1994 0 145151647
712 1895 0 948536461
1893 1162 0 307780115
468 1511 0 294606565
1200 662 0 176650258
1936 645 0 884847059
475 296 0 255296953
457 991 0 409304367
1609 933 0 830267046
1963 159 0 266589857
1949 237 0 424334918
531 1726 0 55167607
1150 1807 0 656493648
1203 1508 0 790740906
85 1117 0 176369111
1902 1281 0 813777842
1560 722 0 785394011
601 1966 0 873078288
500 1262 0 140915062
1399 1924 0 957487074
1740 1838 0 251360810
280 1757 0 62676657
996 733 0 946177993
1335 1519 0 94203117
1642 1909 0 554392413
212 1347 0 114856962
1653 102 0 509448059
308 158 0 694405866
1709 71 0 513707393
915 1367 0 905073131
526 1836 0 130007820
1177 705 0 275099342
454 1120 0 895761783
1158 470 0 336331194
1251 1835 0 561007464
1616 1397 0 731969761
1041 827 0 636681604
1561 956 0 773766612
1463 950 0 267360078
1323 1425 0 120387523
730 317 0 469784185
1773 267 0 571628213
142 785 0 771404358
698 1294 0 226861160
1029 22 0 159389293
23 1937 0 650654036
1645 509 0 430807591
26 1004 0 895545086
1904 1033 0 740472082
404 954 0 529364528
398 1376 0 111078382
1714 1364 0 191866904
419 1920 0 554539753
387 985 0 542503239
1355 889 0 381368970
1863 910 0 834498015
129 137 0 67040298
1643 1890 0 732336762
1068 973 0 994497621
48 1312 0 400289610
259 1350 0 38689441
803 1598 0 451217373
161 196 0 437836203
651 1243 0 377030838
1871 517 0 601399975
1447 1091 0 289512735
1548 444 0 607450635
1578 1480 0 376111273
105 78 0 873317825
1641 1830 0 995626171
434 1147 0 681790042
1028 856 0 987586667
1861 914 0 600385202
1752 72 0 82090824
1743 446 0 182310430
182 1553 0 303728882
1008 1370 0 376059506
650 205 0 725883580
382 1603 0 521135256
258 1734 0 193694641
1186 1411 0 954518247
1688 95 0 326808979
1120 137 0 83213126
1232 1036 0 325361114
1819 939 0 144632365
1934 1864 0 752452433
1661 18 0 970081874
1018 611 0 37929053
1030 1698 0 606490713
40 47 0 567652038
949 221 0 877413784
256 1342 0 675770806
828 1276 0 520129464
861 624 0 615217587
723 450 0 739998331
1725 1683 0 876223020
576 1766 0 849912144
1323 153 0 154058375
1265 27 0 310333470
1495 1699 0 888844450
1342 52 0 967678732
586 827 0 127699690
916 266 0 480933953
385 1979 0 653501454
896 138 0 330108727
947 563 0 349915273
1590 1036 0 998167889
1818 1016 0 868561644
953 33 0 815545332
157 200 0 936848362
1271 1534 0 101988531
249 1743 0 513679834
1848 1391 0 612625882
147 1361 0 539293029
1984 241 0 174878330
290 737 0 338607030
1040 1636 0 997285348
721 1932 0 75539834
1321 1773 0 888989057
954 524 0 237548891
356 1815 0 877395712
1708 1463 0 437336008
1882 736 0 82273307
516 1452 0 125395887
1605 10 0 511826403
50 59 0 199570427
1519 766 0 317114854
330 909 0 489602055
1667 1873 0 2090608
1554 861 0 376129162
99 1648 0 909351437
1320 1605 0 644284715
1745 584 0 281583784
1799 635 0 172183494
1923 349 0 762362782
186 1401 0 647301022
1952 1655 0 191832279
214 935 0 451281643
863 1487 0 748076098
1655 1070 0 747204889
1387 69 0 276554956
51 1236 0 592085255
95 1948 0 298682919
1199 1477 0 70086077
344 418 0 997050298
1634 1844 0 836402431
612 812 0 20973762
1085 410 0 109642168
1034 616 0 252330436
1509 172 0 672180645
405 1808 0 792752734
276 1967 0 286460160
1774 684 0 956726256
776 1555 0 432890354
1302 192 0 325743404
331 1369 0 498483439
620 1560 0 662059210
89 1239 0 802563380
513 196 0 326063057
636 1399 0 190539158
1088 1042 0 80601378
356 375 0 699870823
1174 460 0 184611717
1380 102 0 88788473
1441 659 0 373901971
630 348 0 933468783
1893 224 0 386772500
829 442 0 305235549
1356 1576 0 222502620
1642 721 0 808378336
1920 400 0 624929293
1980 1544 0 897044014
483 931 0 9363529
406 107 0 951655257
1063 862 0 789870925
452 1522 0 658565071
1079 1228 0 374025488
1313 563 0 7847207
1265 10 0 345190496
1670 903 0 975547152
387 697 0 11725986
653 750 0 824781464
1321 1869 0 424760146
653 3 0 323092528
277 49 0 254629758
274 202 0 845165071
1850 1792 0 180168680
1693 918 0 433718992
1039 470 0 1525649
704 615 0 379117949
760 188 0 142857864
327 1352 0 706704773
533 375 0 244014632
1000 1923 0 785971012
1670 454 0 788367760
1455 1147 0 457055205
886 135 0 180059651
958 1254 0 596422406
1641 661 0 933564700
497 909 0 756894727
676 1805 0 824152338
1266 1387 0 138260081
1846 1576 0 560710284
665 1497 0 307598382
258 1531 0 769491691
433 880 0 982772419
1834 1230 0 532927661
874 1428 0 447733541
1551 1193 0 788591368
590 1462 0 808333717
192 1050 0 631906571
651 1759 0 125913136
273 512 0 924817172
1781 1278 0 833483482
200 716 0 194510122
425 1112 0 198388675
260 1502 0 499730562
128 980 0 623953878
615 758 0 11627155
971 1942 0 890360997
663 24 0 440101931
1460 680 0 405316981
708 1094 0 648347502
1170 263 0 591865737
485 311 0 397092928
1191 1780 0 474397729
1244 28 0 889731358
1944 677 0 890234837
395 938 0 195588494
1782 940 0 692179377
1492 268 0 156113055
593 1289 0 523745337
325 335 0 787238310
1874 553 0 409642916
1842 1703 0 217436093
1876 1419 0 958928992
504 383 0 796816185
1365 111 0 641338453
1798 1133 0 933162325
919 1794 0 398049087
122 58 0 481649989
245 959 0 973107209
338 910 0 205108658
264 1729 0 852164221
935 1613 0 789022601
1783 1806 0 487951949
482 105 0 189760490
1395 239 0 466072398
1496 866 0 870176090
357 1011 0 801681671
1930 1643 0 986646014
151 1482 0 846534304
111 470 0 643594177
1985 1655 0 650271339
1258 536 0 617789592
1154 1674 0 37588133
1607 1962 0 607809847
1431 605 0 683941201
1942 995 0 900265798
234 415 0 719435875
1974 1502 0 674262458
1435 1547 0 575900172
1838 704 0 785669579
701 1577 0 781816925
1609 169 0 963859901
767 790 0 156669287
47 1974 0 903302311
882 739 0 6372263
664 67 0 454322568
962 228 0 865496467
674 1595 0 471433443
257 1840 0 921501378
438 7 0 18414978
1193 977 0 693287548
60 971 0 986045460
1245 47 0 418758492
1210 1018 0 522193802
1961 1334 0 45209595
1431 1119 0 917374371
1057 946 0 66565396
797 1000 0 667756485
1315 425 0 380764083
1660 9 0 56571924
1857 1121 0 473539293
677 398 0 603252135
1684 952 0 766863874
1966 1359 0 664156160
150 285 0 996853694
1049 1726 0 907053163
1427 1008 0 677249090
1585 1695 0 22040006
695 326 0 664529633
477 764 0 99058401
1218 1544 0 66339517
659 857 0 530367392
1272 1584 0 915112071
1636 799 0 618124019
336 478 0 662248865
1836 966 0 217702691
730 1198 0 144165061
1479 292 0 162075571
1654 798 0 901204840
1569 1114 0 941026737
299 1347 0 168294769
366 1896 0 946705231
1472 142 0 819292043
655 562 0 335324967
329 433 0 866549306
42 1020 0 731667826
1538 1784 0 568637753
582 1254 0 155354385
197 594 0 388289604
473 242 0 501301033
1751 87 0 240457289
269 1255 0 809590962
1542 1267 0 328627602
1619 1827 0 508870670
892 824 0 572218053
1531 1601 0 323723053
1354 1968 0 902146299
895 305 0 875059440
1091 1901 0 582396173
203 463 0 917913459
1756 503 0 66745371
1494 29 0 98201903
98 447 0 807526253
219 1139 0 791665336
1281 224 0 916854485
1959 194 0 958302903
879 1344 0 437043775
1183 598 0 350858271
1087 1809 0 532601601
1038 949 0 228704322
719 897 0 624066073
1961 813 0 698486937
757 475 0 505808601
1782 1963 0 332664171
1025 1883 0 81775470
36 921 0 880530602
1254 379 0 49293596
1222 120 0 55968870
149 1409 0 492251005
1903 1211 0 506562812
1233 1895 0 407901536
454 516 0 952293433
558 1118 0 992484960
1098 1283 0 182634929
1027 967 0 565708144
1803 889 0 124706675
644 208 0 236373473
915 725 0 154319680
83 555 0 253579572
1179 1166 0 958444670
1347 1110 0 100743173
454 809 0 487623658
366 678 0 958451082
1337 1355 0 963753685
160 625 0 24312585
937 81 0 843438393
1214 845 0 972338243
34 459 0 152698822
1124 1474 0 610095039
1068 1934 0 888942409
217 175 0 603293654
983 2000 0 236329960
973 835 0 9269317
1287 382 0 605412218
1791 1546 0 483175820
1180 1460 0 102233312
1284 1938 0 423477120
305 1566 0 860828614
1872 1575 0 914561148
1259 1460 0 695730134
675 741 0 220709200
223 47 0 626192022
1006 1547 0 851257145
1142 1252 0 202084763
1562 1176 0 999000454
1245 1042 0 119126556
1164 934 0 357251987
1655 91 0 463036691
124 68 0 499688420
1921 40 0 670940099
148 1949 0 200804038
1469 223 0 425191020
1739 426 0 753315976
1237 974 0 434414583
1991 1412 0 747329205
1072 1103 0 543954301
1236 490 0 97094780
354 253 0 931521418
775 1511 0 179782977
1411 217 0 385922322
1943 1230 0 452197473
723 1095 0 486074583
243 1133 0 731206494
706 589 0 591553600
487 1040 0 816654868
1746 853 0 62798497
431 1863 0 525234438
972 1718 0 573302393
233 505 0 323023289
414 1395 0 752597277
1940 315 0 186750832
5 1575 0 240143648
307 1350 0 536387770
180 1405 0 626221007
246 1514 0 211871360
1131 938 0 538127917
1586 499 0 737966690
1925 1650 0 943984921
1922 521 0 689721722
448 1111 0 455704909
669 1643 0 210191746
1682 1049 0 231130148
214 499 0 305567399
1946 1226 0 460589183
236 1827 0 723796635
878 1341 0 961249379
1069 182 0 400525635
310 532 0 554083789
635 140 0 325128519
638 101 0 559394674
553 1557 0 109760590
124 791 0 233613787
1093 1578 0 24815760
210 782 0 107618551
1122 1300 0 620179895
617 557 0 333734722
781 381 0 923676694
1589 1570 0 426266211
1818 1283 0 470294269
1843 1717 0 581082709
1084 35 0 342600013
349 1153 0 343181018
296 962 0 588704972
1656 1381 0 148487293
1530 1431 0 56435953
739 61 0 331197477
1193 1400 0 674221280
57 139 0 926774503
928 322 0 942955215
786 1564 0 843183038
1911 596 0 581816519
430 144 0 753874758
902 1509 0 511177597
922 1442 0 663449592
1634 63 0 478661693
1853 1940 0 859927639
1755 900 0 836637903
1918 574 0 49424198
111 386 0 439188353
1539 1928 0 139687562
1913 976 0 740353185
913 327 0 494069444
1195 1447 0 197164773
294 804 0 70237953
1131 1600 0 933985308
514 920 0 241871052
1442 434 0 184881792
833 1831 0 249494620
1685 607 0 944577795
1742 1422 0 541581898
1647 1523 0 647673207
1967 1942 0 227906723
800 1134 0 617172688
366 972 0 224418754
50 400 0 379246598
266 1680 0 625681838
1914 1134 0 876475209
130 1885 0 89008725
1308 1037 0 80107486
472 1641 0 108594114
138 1141 0 977425974
1780 718 0 247055588
1582 1290 0 587852967
1569 58 0 147747768
626 1164 0 936136114
1868 1090 0 138886341
1164 1877 0 953731262
1897 542 0 207326267
748 716 0 526988939
465 1586 0 321108821
1544 1526 0 528602262
1564 1213 0 428964018
464 475 0 542176850
442 794 0 958886963
1674 303 0 697248959
251 494 0 649878516
677 1602 0 553628680
1722 553 0 876512623
1839 597 0 141741632
1832 1597 0 595916681
659 819 0 16283990
206 1949 0 781725021
1947 1175 0 47212627
888 1227 0 72726949
533 1309 0 432287281
541 1330 0 429142353
1088 1357 0 251170880
1170 1184 0 482124149
1130 306 0 257054971
654 1233 0 213802429
718 1728 0 126319555
1499 329 0 892012722
866 1645 0 897303191
1022 841 0 758061939
1076 406 0 407431307
951 1093 0 940189587
1263 133 0 705991184
93 1084 0 411396815
1621 1258 0 259675543
1362 105 0 14766619
715 805 0 917674342
1062 891 0 227281505
165 432 0 721554875
187 163 0 448281943
1859 997 0 258223660
648 135 0 165461128
342 1370 0 614288144
482 160 0 139324672
1368 1071 0 849311597
597 1167 0 322506798
1668 535 0 175524762
1865 1185 0 616553208
1109 1794 0 656677775
1692 945 0 326413041
48 1147 0 311298871
1659 719 0 260395080
1897 440 0 522984183
1393 1795 0 938073279
836 1927 0 165266784
1056 1479 0 509355037
1329 1336 0 625794268
1047 1292 0 91738552
148 32 0 820644556
1515 1906 0 657163833
693 1294 0 236905141
335 21 0 64029463
679 666 0 186020800
301 516 0 540122373
930 1164 0 83916613
1903 80 0 881784015
994 380 0 825083617
1293 1860 0 759056188
1232 1055 0 110800681
901 1873 0 978188598
1055 727 0 379155963
1834 174 0 598824828
142 1715 0 560555188
292 1569 0 735036590
352 720 0 825731514
467 1824 0 70442764
454 527 0 790192301
1351 1780 0 341459394
825 235 0 14008293
599 1246 0 85221940
567 52 0 294708649
1421 334 0 161246743
1180 1987 0 264669022
1082 1744 0 744511901
1717 1547 0 225655441
1574 1425 0 788392013
519 720 0 143005794
1218 602 0 953716812
810 860 0 861908133
679 534 0 554396986
401 1804 0 860892317
644 173 0 159050008
603 914 0 19555114
1584 168 0 161115023
625 332 0 132461138
6 1752 0 141671668
171 1359 0 178839084
1642 576 0 642148380
888 345 0 317425936
1715 1173 0 298207064
630 1348 0 269780823
422 1628 0 442417700
440 941 0 888901823
1897 1373 0 370653412
1185 1910 0 667470134
619 1399 0 114013800
1014 1806 0 745537208
1472 1110 0 538881315
138 1380 0 845269464
833 1993 0 193825392
1177 1264 0 369180470
1308 1777 0 755683230
163 792 0 97193994
941 734 0 749321931
32 218 0 325123646
657 1623 0 676898514
1948 1355 0 62979431
1380 520 0 101176493
1256 676 0 932821479
1200 1605 0 175694868
1320 123 0 133569073
1992 120 0 227414217
1900 1473 0 527548040
657 1900 0 921406369
1472 1017 0 351878390
1233 1806 0 658598017
646 914 0 66882051
753 579 0 409350751
752 1960 0 245384104
1264 1031 0 470042174
844 1912 0 312180719
1219 909 0 914355748
739 1316 0 54911537
679 690 0 641161332
1253 832 0 312872731
341 1335 0 229858579
170 731 0 306735254
1318 109 0 786361644
106 1277 0 643408990
312 294 0 810673403
906 213 0 42271496
1537 1459 0 418640639
118 1129 0 737140897
754 960 0 575482022
164 175 0 962737355
1293 1726 0 871913380
774 1536 0 590832566
424 1533 0 960088922
938 1513 0 837009223
1449 646 0 35428533
618 1186 0 863924326
823 522 0 347720233
1621 1631 0 267113974
741 56 0 638527084
685 1071 0 396950432
248 420 0 169902319
1235 146 0 658198393
250 1067 0 594043448
1877 15 0 805839608
376 81 0 378100203
303 1850 0 449321304
1816 670 0 594629472
950 1416 0 815209114
1331 1414 0 765494858
1940 1437 0 16851114
84 1970 0 930196373
746 257 0 482684271
78 1483 0 917070767
1671 423 0 368031616
1978 449 0 210944430
1058 1353 0 845991037
588 1320 0 406278129
353 1753 0 604289173
480 282 0 383500482
1824 90 0 33840597
1717 1813 0 840838896
1053 1191 0 814828628
632 210 0 109759138
364 1496 0 341754352
530 1599 0 746261910
1764 564 0 319112952
822 540 0 195275666
1174 1051 0 94973395
802 1859 0 272448172
1462 1805 0 339869093
1146 39 0 461370370
1018 1078 0 848627325
298 784 0 313322922
297 1915 0 636032569
1393 1498 0 664840629
1276 728 0 809795202
1267 49 0 739316907
1542 663 0 732441782
1626 1247 0 759575523
1841 1198 0 469263585
1843 1989 0 147840961
1737 708 0 463160841
1427 70 0 565862730
1103 1470 0 950552614
1794 677 0 219794762
1307 1407 0 247383917
1841 872 0 711271037
1905 916 0 139385949
1184 1544 0 396056850
1900 1250 0 321072573
1245 756 0 652305272
1250 1510 0 837923016
1381 1945 0 493696081
2000 141 0 694611937
215 514 0 479781810
1060 489 0 756186579
1897 1457 0 809603002
1186 870 0 785136818
501 1818 0 359244613
1228 522 0 596223664
883 1400 0 410886432
1929 1760 0 660241762
488 1753 0 117717924
117 149 0 434632286
1107 1877 0 350713460
67 552 0 753475036
14 541 0 115483535
708 1926 0 821571715
1972 1454 0 824887320
1413 3 0 764571968
228 1910 0 991192597
1850 845 0 482385587
1663 103 0 876527515
1452 875 0 456310451
85 1489 0 288568215
927 1126 0 932712359
913 39 0 761861253
682 1001 0 712133319
953 1464 0 264106314
711 1797 0 488247092
1432 1483 0 412640831
1627 1585 0 527630285
195 671 0 783402031
1919 497 0 205707082
781 1234 0 663895811
886 932 0 204792402
369 372 0 919740799
45 76 0 219286184
686 1363 0 687658385
615 1697 0 84559404
26 178 0 4359275
589 508 0 683749989
1428 1051 0 493813952
652 1398 0 262899902
833 1120 0 267061833
1639 954 0 366661471
520 1525 0 33406596
1788 1599 0 561924438
466 887 0 386131993
795 1208 0 595847051
566 89 0 115000092
965 438 0 509514741
130 816 0 385247219
1317 1791 0 14223992
416 559 0 503112183
1706 1892 0 986066211
1426 1652 0 642880076
518 165 0 559310371
1488 1371 0 272493978
1828 1108 0 982727203
1469 910 0 355118022
1641 1519 0 708195426
399 480 0 867775223
1088 1467 0 992123410
643 1325 0 363926583
1117 521 0 822035548
1295 274 0 522840625
479 31 0 711348556
106 1411 0 674234713
1239 728 0 488214768
1933 59 0 202044017
1406 1820 0 569024410
905 118 0 692550437
264 732 0 459599779
593 64 0 572492066
923 1273 0 88201472
1899 1000 0 74407344
770 805 0 127402144
1702 1893 0 961307295
1841 731 0 650030996
459 1289 0 774365134
1355 1048 0 143460161
1062 706 0 756561077
1977 127 0 411949545
846 1002 0 662515543
842 1743 0 613132195
1628 1448 0 661651613
1594 1311 0 75245585
1933 1462 0 956217941
981 1279 0 550912942
1512 832 0 730326256
1160 823 0 178373330
1283 696 0 206039039
690 586 0 380554596
1015 520 0 199096733
206 1736 0 87194666
1527 404 0 540039158
914 1337 0 808571628
1660 262 0 238233239
1972 1269 0 864756248
885 992 0 983822414
1549 1142 0 104670161
1519 296 0 178470748
1661 100 0 786763164
220 72 0 779445084
637 1298 0 19123839
858 250 0 106920839
1234 323 0 712224897
1185 1630 0 664698091
16 763 0 865623210
800 1370 0 891520047
1033 1194 0 68338860
1343 1514 0 356429997
1150 1945 0 159422715
938 336 0 820847515
1923 1099 0 659814563
970 1585 0 666863206
1439 1544 0 491879128
1690 273 0 973491551
1744 16 0 758444221
1751 935 0 787825704
367 1196 0 87742761
155 1092 0 713889549
1654 436 0 730452505
1325 1289 0 994769308
126 1049 0 505640673
1905 531 0 497276255
1973 757 0 297158343
188 29 0 557838031
190 1082 0 359364352
1858 1817 0 280846727
1081 1465 0 724931012
1891 681 0 336565984
1886 1261 0 826552351
93 1611 0 230510266
82 1896 0 604595028
833 1247 0 482406917
283 509 0 575692435
384 1044 0 614198009
449 1647 0 34515135
346 461 0 346121910
546 988 0 851315740
741 1978 0 155155457
462 992 0 353727501
428 767 0 446258662
197 1196 0 441967134
869 113 0 880235351
1630 642 0 329590921
1486 226 0 564422379
923 1207 0 161501010
409 1236 0 756715812
322 1223 0 581670375
644 851 0 522031027
1605 1996 0 870886037
879 642 0 942921485
57 35 0 582695923
952 1979 0 260866162
1643 1323 0 522744780
811 845 0 409054291
98 1099 0 224955125
862 1249 0 786179039
1784 284 0 527957519
141 512 0 91455399
1838 943 0 219464776
38 99 0 520504661
1549 1732 0 148300747
1362 1528 0 647135052
407 1825 0 721884924
1842 36 0 166816717
1161 730 0 169122813
1789 1622 0 984548872
1405 945 0 358236675
1807 219 0 49803885
556 805 0 199595841
1511 1433 0 706519491
1188 1282 0 756233857
1694 610 0 926729728
1819 1297 0 901600635
740 1816 0 702561157
652 416 0 259792633
1785 246 0 239857694
1890 641 0 909004836
1804 843 0 436427518
55 1843 0 962200422
232 840 0 606435090
1065 68 0 402963773
850 1978 0 726079412
1796 464 0 969162011
765 36 0 465880583
635 1341 0 140068602
888 1060 0 556941467
823 963 0 697405202
183 1877 0 38633999
861 238 0 37344484
73 1649 0 763287564
808 2 0 474422771
1002 1236 0 519193859
1590 1845 0 651581706
1175 830 0 797106035
129 709 0 514459270
926 742 0 963432328
1996 1377 0 562598006
1338 998 0 230842457
427 967 0 980443396
838 1879 0 811850688
1285 1723 0 217270351
599 1667 0 822853978
804 1772 0 51619176
368 602 0 77464587
1499 1337 0 973539691
634 307 0 735330617
627 1103 0 18094132
1870 825 0 947489583
705 138 0 926072542
314 579 0 195491365
1610 1105 0 840562581
8 1157 0 477958291
666 1249 0 792927513
1410 43 0 865555938
1930 1269 0 606026999
264 782 0 246171874
228 625 0 596424971
1241 535 0 275192592
591 432 0 835083521
223 1588 0 440081138
1102 1 0 506720432
1201 635 0 473071539
8 1817 0 749229286
1575 855 0 655353543
1447 1271 0 970185562
1381 157 0 208000503
186 221 0 515857600
1160 225 0 883829636
209 291 0 962140927
496 612 0 424914944
740 1273 0 557895496
367 859 0 710822606
3 1495 0 726001969
255 1112 0 53154260
1702 1077 0 342412330
1341 743 0 785405109
795 209 0 343764131
1310 1740 0 179416124
1321 387 0 231093197
156 1587 0 463443441
988 747 0 315108004
975 1010 0 2072794
216 846 0 181978611
433 1887 0 656856490
1662 783 0 845768637
1815 484 0 206934327
1294 1848 0 195875294
1347 448 0 497312456
1188 1506 0 429228478
1224 1851 0 237883353
658 806 0 229232001
383 1689 0 789514024
667 449 0 57561908
1147 359 0 244567144
653 555 0 466028755
269 1847 0 630881451
1073 1461 0 913136510
1994 921 0 684590058
817 1165 0 950032167
390 793 0 34194112
1683 608 0 276396536
1215 1256 0 300043003
167 289 0 262491882
223 1081 0 848701647
1242 623 0 622930313
1149 1624 0 977847460
1074 585 0 502615510
357 500 0 736878093
121 171 0 442030454
236 116 0 925150034
1866 1304 0 474946625
479 1521 0 43263851
710 1165 0 258325285
96 1505 0 500951759
1328 61 0 582196626
1544 358 0 363619539
600 1662 0 317560909
746 1484 0 65450075
1573 1840 0 668470752
157 1160 0 691281376
1456 319 0 493957714
1071 892 0 320103624
293 1407 0 163457904
1844 553 0 583597559
471 111 0 717990429
1388 639 0 634367970
1021 1446 0 142012564
364 536 0 645923077
415 912 0 906389390
1514 864 0 978391515
1355 1112 0 555337046
363 1598 0 313071713
848 895 0 75729520
124 1687 0 745826512
1178 1059 0 663532384
181 1368 0 540286655
1529 990 0 938291983
1164 545 0 244663554
568 852 0 843499940
1093 1268 0 890336239
1701 1612 0 225983003
1889 412 0 293884063
997 432 0 211855769
1316 1790 0 628149380
1243 1378 0 111143658
534 1911 0 568861194
904 1497 0 963057522
96 987 0 737453426
500 1932 0 436952454
52 360 0 851711822
1545 1700 0 468983571
1808 447 0 998452220
977 108 0 307672924
284 776 0 595501781
37 880 0 478030061
130 543 0 239183334
1137 164 0 987310056
1264 647 0 968226947
1163 1049 0 512102698
1324 54 0 714664221
354 936 0 215899950
244 593 0 557085712
1429 261 0 142448894
699 1702 0 319387443
795 1531 0 309704151
1516 1969 0 682659438
1651 85 0 473281487
672 1004 0 105076652
980 452 0 779920526
1787 1775 0 763864849
12 476 0 838099921
1459 1048 0 978764348
538 1699 0 388830844
181 683 0 861255376
574 1673 0 487561643
546 1027 0 817572083
997 1205 0 849629862
799 1363 0 194960700
75 1256 0 663252698
1331 1497 0 158826248
828 1057 0 14568310
1713 1301 0 93393842
628 794 0 512055678
1645 584 0 193278556
1182 290 0 183850077
1552 1447 0 420245723
298 1945 0 263746134
832 1954 0 405527091
534 1971 0 348320653
135 1615 0 674311360
1282 1066 0 307325404
23 640 0 770517813
7 1328 0 858917099
569 171 0 176532646
377 677 0 659087017
586 907 0 671981050
1104 551 0 415609292
1012 132 0 379520691
1867 545 0 506234995
1580 1637 0 584676599
1567 1629 0 962878501
698 172 0 350348152
672 8 0 828779813
956 597 0 728625998
1050 1799 0 173891649
622 473 0 44663802
369 1243 0 628705913
1702 1607 0 749020653
1754 1490 0 926522598
1339 524 0 650364020
203 1931 0 108042990
287 1726 0 514214604
189 200 0 919738325
1101 991 0 856031271
989 158 0 132608642
1042 224 0 36298568
1168 42 0 893441307
974 1547 0 103548448
578 878 0 83293667
315 1064 0 342219905
1934 1583 0 860431021
1881 977 0 26779582
526 1938 0 997820235
1894 1987 0 69268728
1396 724 0 495965308
1189 338 0 351713375
1725 231 0 957348882
1178 336 0 644050704
1056 1366 0 935448582
1678 693 0 964643155
405 1029 0 781023279
846 1308 0 654011519
1400 371 0 703593768
548 1543 0 943935663
746 498 0 293843827
724 837 0 387497552
113 917 0 346223895
1458 345 0 402481109
411 1769 0 308605829
72 1230 0 547026565
1440 594 0 827800315
1167 1148 0 519186588
848 1602 0 970177965
1842 792 0 969628521
717 1419 0 161786521
388 1200 0 310047864
874 391 0 953256787
1493 406 0 856136627
725 1823 0 654506723
73 528 0 619153399
1997 1807 0 677128050
1394 538 0 450827542
1917 1809 0 937930356
1711 1124 0 632116461
1324 585 0 265626951
1235 1983 0 150372687
1301 1664 0 626475131
507 1530 0 632164208
1289 1349 0 469502665
417 444 0 555079978
707 296 0 617172504
309 306 0 450800115
59 1849 0 297837589
722 1468 0 111474198
821 1249 0 874287976
235 764 0 601724426
1240 1202 0 726240504
275 1155 0 367860742
870 873 0 861765649
1402 1998 0 870690557
1550 276 0 431329432
1408 1512 0 563679828
931 1221 0 18930329
741 365 0 24586413
274 437 0 697025642
1846 369 0 118478795
1627 222 0 253170135
1181 682 0 847329242
661 987 0 24757547
981 399 0 171428094
1804 652 0 771702042
106 566 0 553498757
1848 232 0 97761141
295 1931 0 537773057
1042 1223 0 772841077
961 1882 0 538718034
131 1292 0 554366894
1216 465 0 260423605
846 119 0 819554034
1143 587 0 37661831
242 1192 0 739946968
1418 4 0 392996243
745 1453 0 976529580
1902 1317 0 22763908
434 1123 0 693336963
554 1822 0 494762241
1351 177 0 276566
1517 363 0 646954271
1048 1878 0 87898568
814 1992 0 780217906
351 327 0 735873723
1251 273 0 344837525
316 819 0 904610425
968 161 0 581714294
1720 384 0 697430083
59 290 0 694149982
1004 609 0 781589378
12 2 0 631612986
1232 762 0 30153930
834 658 0 399954241
185 115 0 632923280
959 1151 0 421034191
673 594 0 611412716
1620 387 0 719469218
1444 1988 0 531148286
1070 993 0 108388074
865 665 0 666770092
500 1665 0 377166220
1912 182 0 251453653
367 254 0 753600586
251 1912 0 892503340
604 1007 0 988685803
1606 1156 0 765122742
876 1116 0 682630226
1984 1035 0 945129752
522 1225 0 473070294
830 1685 0 781231772
616 190 0 848852954
439 1086 0 345808841
1821 1547 0 8415782
556 1646 0 984182831
30 891 0 389089240
1544 1594 0 454311854
1608 221 0 936828440
1085 1839 0 798374635
1405 1363 0 764276671
929 903 0 64632816
1878 1431 0 767429384
978 1802 0 467424505
1403 796 0 576123745
818 860 0 141877871
1764 799 0 890609883
1975 1024 0 435717429
952 1526 0 981974483
836 440 0 357822363
313 1156 0 1970188
848 1543 0 202161383
1811 1477 0 291764907
1502 514 0 462126171
28 1304 0 124875967
505 1589 0 595773540
86 1329 0 556666115
1027 1739 0 646020632
1601 1628 0 542093596
1229 1445 0 66597764
1026 185 0 682420766
44 577 0 359900149
526 1762 0 567065097
1610 408 0 275578549
124 1526 0 559292729
392 254 0 942585058
499 1092 0 257088992
272 767 0 559275449
1806 911 0 823136802
1779 431 0 929562518
1221 689 0 160554093
451 781 0 261428568
1797 809 0 825454048
1767 621 0 591354379
1238 560 0 322877311
1795 1721 0 672225937
22 660 0 319339055
1839 411 0 210153157
1023 1109 0 647564182
551 1429 0 46243050
839 1569 0 940193445
777 1798 0 568095130
286 510 0 630810156
1604 1603 0 193557029
198 1918 0 628872548
678 201 0 625836098
1098 11 0 908836549
1189 1592 0 784196175
41 1314 0 642191713
162 1331 0 321108994
1829 1643 0 842425054
906 606 0 645276466
313 1122 0 695231212
1379 1299 0 798384957
172 273 0 44344449
1478 1859 0 486583457
537 1786 0 756993838
43 1124 0 539092358
1415 1061 0 162776926
1190 522 0 760797824
1021 1270 0 557093869
1443 113 0 761088125
1346 487 0 342756567
1675 1425 0 817658506
1424 671 0 401746041
604 894 0 813909928
1747 319 0 411693394
1923 1145 0 824753767
1969 629 0 326609887
926 1279 0 915693705
897 19 0 7925024
1995 279 0 892133498
1724 1102 0 168249680
230 816 0 206800821
110 623 0 441407489
1911 1383 0 208442630
1026 1253 0 31695814
1868 686 0 202271069
738 1252 0 231425249
274 1971 0 915539714
1770 1597 0 472496461
1901 1716 0 969944551
1390 1649 0 414692577
176 1660 0 53718728
1552 1599 0 264380403
633 1194 0 539302663
1177 889 0 600187592
1304 87 0 466178110
1691 370 0 98977911
1962 1548 0 178574482
589 1490 0 730703449
1566 1648 0 703577287
1334 1389 0 271311006
986 1072 0 700829397
912 1608 0 36228931
1541 1914 0 36609453
286 892 0 340403153
1910 413 0 750828776
1614 501 0 701266330
1293 1677 0 744967761
978 1160 0 537991653
740 1498 0 544408032
64 544 0 23175086
551 1821 0 172845983
1048 958 0 811390212
17 1163 0 499062470
1559 1597 0 254765740
1867 1990 0 885673932
812 1672 0 390413687
1748 105 0 45116616
1333 1122 0 742357831
505 806 0 955005200
79 1772 0 342955484
289 1148 0 344395791
1578 1661 0 696789805
1738 1430 0 280066363
1956 1123 0 774481381
455 368 0 52880297
601 578 0 870443444
583 1340 0 304149427
151 1730 0 306520194
1801 1999 0 751164230
18 1554 0 138885758
1577 1964 0 733786298
790 1445 0 187030362
1267 451 0 447514912
1563 37 0 481999059
1999 1904 0 700912130
980 1153 0 301500753
432 406 0 933664048
77 955 0 176835522
1403 435 0 393661227
827 723 0 574436200
1125 969 0 326529568
100 1810 0 563252430
814 1032 0 684333754
1355 1155 0 945517051
1549 1963 0 236296432
76 176 0 699071771
666 999 0 364113275
1233 557 0 952694546
1761 310 0 973763010
1705 1951 0 243732405
453 1174 0 665523801
357 688 0 934993856
1815 216 0 837761374
1617 1639 0 996353364
56 1629 0 2713367
1177 1109 0 378461211
64 1565 0 782691060
490 1485 0 727940782
1122 1043 0 668118773
1370 13 0 219387519
1564 1155 0 594040856
1777 898 0 343872811
1537 1596 0 9655120
462 1283 0 269237651
750 1707 0 737534905
1172 67 0 737060582
297 905 0 920906743
546 1548 0 753319437
511 1343 0 253047892
832 1635 0 297610707
942 1248 0 734102269
856 932 0 856266971
125 749 0 751810316
789 717 0 107446083
182 1940 0 57660438
1363 278 0 823940302
1857 1945 0 490695183
704 1073 0 915595945
1621 1672 0 505943294
1403 1839 0 842617284
807 110 0 843209008
1 1612 0 711200896
1280 512 0 857291510
1989 1855 0 43526722
688 288 0 50647986
1063 125 0 462804803
1271 1382 0 360520807
203 1638 0 677588887
1026 1209 0 709444987
1420 34 0 492638917
1000 259 0 99554771
521 271 0 658352430
138 650 0 776551566
1132 1790 0 416923347
948 1682 0 961156171
813 719 0 187480129
1581 889 0 166037292
1127 1294 0 335014773
138 1536 0 141701300
1929 1043 0 215565848
581 268 0 697725234
1593 1712 0 143985501
1727 1838 0 279223323
184 1767 0 735030075
1394 1067 0 698952322
752 1638 0 958760944
519 1652 0 511415857
240 1740 0 534867179
572 127 0 722491705
1570 1696 0 438478032
631 1604 0 566501747
1083 1671 0 507356140
895 1828 0 354410828
619 1289 0 227563721
1557 1197 0 521035784
1460 355 0 44954578
347 1407 0 66544595
604 1210 0 21962682
238 851 0 550653707
1004 1532 0 23221906
1203 1316 0 622143507
493 724 0 191391439
1212 1072 0 564505752
424 1901 0 809907266
1638 652 0 768555375
212 503 0 174276637
1206 1644 0 879910336
686 469 0 219984907
1759 556 0 455531325
939 691 0 222398636
1880 508 0 179058275
481 265 0 628479803
197 1595 0 529735456
114 1864 0 630117149
33 235 0 640581025
1959 1699 0 129739033
510 1386 0 457655092
201 580 0 90450012
1450 646 0 492607971
1710 830 0 447108359
1604 542 0 171798406
376 613 0 731226472
119 293 0 372846185
682 207 0 671386188
188 915 0 74927557
807 1187 0 388639088
1054 529 0 131615797
1187 1416 0 937628443
130 69 0 511496620
61 1088 0 362838017
1512 679 0 932874290
1491 756 0 277961869
1733 257 0 517982115
806 1692 0 388619320
1803 1984 0 523827379
908 514 0 805493752
539 128 0 300292753
149 243 0 740470900
1879 1282 0 56961712
443 826 0 570252102
1447 1671 0 879860744
1370 554 0 986877271
1666 715 0 432872972
1153 441 0 919128888
809 1152 0 573134657
1864 863 0 820883286
1682 439 0 710110360
478 1431 0 690469921
1198 1895 0 772006462
102 1618 0 387381963
573 820 0 721170272
1260 383 0 543773064
140 649 0 226776387
1965 833 0 818298764
474 1761 0 445670457
48 1922 0 678791772
1003 391 0 64570938
1941 1536 0 113770444
540 1923 0 757745547
1306 1148 0 7932182
1912 1266 0 645339052
782 1075 0 468217967
352 1591 0 415687357
190 1859 0 780926308
646 1991 0 612422936
118 1723 0 76466821
1804 94 0 37703883
1981 899 0 554833466
1815 1144 0 379348736
1397 1826 0 12095922
997 1895 0 371721866
846 393 0 87111706
1054 1210 0 906235302
923 1116 0 119407975
570 256 0 590379957
1202 1077 0 477085255
1741 708 0 74968046
657 1844 0 348901555
877 495 0 950323260
867 471 0 770959176
1189 1115 0 794294130
925 1856 0 154150969
1466 214 0 668107512
1342 281 0 685865555
583 414 0 915827579
1339 1273 0 392610646
745 769 0 317463720
195 199 0 382522706
389 1198 0 888149222
1836 930 0 127846749
1481 1669 0 374747725
759 863 0 161567523
1524 1569 0 896913147
1444 916 0 159939493
1986 120 0 962214913
516 1384 0 635630235
408 592 0 423163363
1453 394 0 479455916
1876 1729 0 829037620
1788 1767 0 932265490
1711 1045 0 5480040
361 324 0 572590389
20 1621 0 108225205
1691 1072 0 869843795
23 429 0 39129134
1860 1970 0 985822424
1907 336 0 548421282
769 601 0 495844062
492 1068 0 736996747
221 872 0 958928052
192 1293 0 800265410
1151 1709 0 272939304
222 1024 0 229136851
1946 1043 0 146890139
18 1654 0 54170555
1705 398 0 725185531
515 1025 0 205662728
1271 1571 0 337962008
733 710 0 504673153
1849 333 0 150344996
961 1360 0 181566870
1024 535 0 695082226
877 764 0 887057249
404 297 0 931572874
13 1125 0 487483778
558 1568 0 503166897
1087 1072 0 887789286
105 779 0 883545848
1498 847 0 352861763
1414 622 0 854230658
330 585 0 461372292
1293 1753 0 907716393
768 1330 0 895733971
800 1440 0 362139947
259 1476 0 96667274
1113 1757 0 433799458
1660 674 0 545732394
1655 1019 0 829398348
1094 1081 0 927132683
994 508 0 115668721
1628 1319 0 1243948
1785 1638 0 393383758
1305 285 0 261764797
747 154 0 836103158
171 1286 0 894964459
1212 1231 0 256670136
1385 390 0 435810582
1109 1694 0 238379686
1076 849 0 545854019
692 1310 0 881770480
1171 321 0 316995462
467 739 0 269012952
218 1704 0 621244239
1620 1934 0 887153399
1574 193 0 777597230
1316 1504 0 169271751
1676 1126 0 762006316
1982 839 0 509868390
1342 1745 0 884223969
1322 461 0 20840427
1104 1261 0 278136549
645 107 0 343942383
592 1605 0 131056063
1337 657 0 351668533
1735 1054 0 942546051
1673 403 0 598073683
805 1854 0 758568084
782 887 0 426312175
638 1070 0 759099189
1804 1731 0 493219883
1451 201 0 957828041
1482 584 0 457514074
1176 1890 0 715105558
1729 1051 0 497112431
1223 825 0 231839849
1906 89 0 446334427
1587 1773 0 981346352
761 31 0 842224522
1173 668 0 726275637
23 1640 0 371701045
1585 1967 0 744700389
343 73 0 359411904
864 691 0 365535962
1908 824 0 90630340
1597 979 0 727242238
853 133 0 856071771
868 541 0 289069697
1444 1545 0 716085755
1898 846 0 140090696
291 1800 0 69768769
944 1289 0 465416402
1549 715 0 460443648
1248 853 0 442539618
1217 801 0 431456255
318 402 0 587713097
65 163 0 299883836
103 374 0 83799347
1997 598 0 943609855
1890 134 0 346834722
1488 1781 0 11471248
384 409 0 247038759
706 1517 0 555233635
1385 1986 0 639006739
1100 1892 0 676344717
1550 344 0 173472562
324 6 0 858630682
1332 1199 0 848413716
1317 636 0 121367703
812 1052 0 472485505
1318 743 0 139993211
395 408 0 85575292
1827 729 0 345677536
1436 205 0 994250516
1956 1660 0 557588703
1950 215 0 644993984
1388 676 0 534177440
1438 38 0 231671097
261 915 0 649524649
1089 1699 0 303112413
1768 172 0 900522160
1681 1392 0 835199994
1466 655 0 905600292
1272 1113 0 264464853
622 1387 0 544065597
211 683 0 329609458
572 626 0 310048350
371 872 0 762331691
1101 504 0 295048613
1225 460 0 145566131
1892 721 0 999711866
256 274 0 2597786
755 679 0 735934381
1566 146 0 731223922
1206 57 0 501217030
482 1150 0 844785661
95 1460 0 429671734
669 1013 0 555422190
461 1140 0 140714818
1423 41 0 913646671
1151 1054 0 530367213
574 1204 0 765444267
1499 166 0 14554037
439 227 0 407588275
703 1141 0 612615456
1063 1291 0 273174254
1698 155 0 693379455
334 219 0 757222280
1745 481 0 23973766
348 282 0 110298928
1097 834 0 672657590
614 479 0 972317637
468 868 0 403868211
36 1239 0 662344232
480 1955 0 591538184
577 1761 0 255954289
1750 655 0 463999927
522 1735 0 976829548
124 1862 0 809072225
276 1033 0 350676365
1257 382 0 139393330
918 1233 0 86746143
158 1817 0 575085030
174 1856 0 168579880
1690 856 0 206924663
1105 733 0 122145338
1699 14 0 51311402
1632 492 0 566042936
1535 974 0 220342104
213 300 0 485131732
1595 1039 0 704551785
930 1903 0 324147711
1572 897 0 567187
502 1594 0 956926566
411 360 0 348276777
575 386 0 992028306
542 302 0 737879024
492 67 0 484339343
1106 1765 0 485375498
1385 689 0 294513255
744 871 0 749521679
1758 710 0 435802885
1062 328 0 286132379
1827 991 0 296280445
783 1918 0 445900048
689 1413 0 388965066
724 1503 0 371629058
989 1897 0 201624002
406 77 0 488786956
1227 1865 0 589352934
109 1046 0 971219404
1761 486 0 714362933
395 957 0 51801138
1363 214 0 187850654
1258 1659 0 877190317
1347 881 0 475310706
1128 646 0 389650950
418 1755 0 316835746
396 964 0 309205594
1218 443 0 526493351
89 781 0 36526846
52 320 0 560158578
601 971 0 927680368
1588 893 0 529797683
1242 456 0 463151211
571 801 0 127030315
1776 1988 0 106330490
565 1085 0 600786297
694 1390 0 5939789
1326 1196 0 325889810
