1000 2000
522 388 97169 814908917
560 816 0 681583077
259 783 768521 209527506
511 49 0 779063642
27 598 136664 392013898
121 345 493298 77000942
447 195 471584 571547954
66 265 0 240174980
523 142 0 657797178
23 597 222582 117680131
988 694 907405 633061908
783 987 404450 958291678
137 449 554114 287068509
418 472 752634 554200423
826 155 2463596 189916501
553 376 346431 410942341
43 841 394170 465338625
590 65 49190 238750754
537 988 521420 328610808
187 35 37669 479219613
203 643 672278 347659225
548 400 199627 832129561
178 863 0 475816764
10 977 818790 278649351
689 389 63150 334565865
288 307 911420 262616276
390 321 0 26753625
647 221 502162 941369012
795 811 759285 146004520
811 433 0 764190348
502 994 0 994982534
43 6 1279843 52018424
122 965 1673071 567628758
51 959 0 162411816
471 997 1109681 333505010
12 985 428453 462499495
200 965 781185 21712882
61 804 0 785893878
4 963 0 356813269
77 68 211591 526788109
930 320 535854 332938673
904 666 978738 354451332
87 22 24027 455943573
218 578 0 528577374
427 707 307998 327046467
778 307 554255 899915946
1 369 713679 307279680
472 955 0 354367882
682 320 0 808405323
112 27 127964 8251242
356 754 561318 639963182
141 896 908408 590003106
75 66 0 924929953
93 706 0 379560616
447 1 0 311842037
542 77 0 442963651
802 992 436398 248733346
804 711 681612 831119475
179 195 407095 241759056
90 293 181069 82303556
833 510 706086 699982923
332 504 0 384461556
866 387 370310 427643265
144 314 0 282067220
417 310 997083 994922417
563 83 578316 470138296
466 9 1892139 419743074
209 48 172347 655595959
198 931 663323 688604105
114 793 683880 642133976
684 200 305259 401116872
524 655 384924 812204225
122 736 875342 102020740
440 262 469411 975787226
76 153 0 228089698
868 552 0 475911574
710 531 66370 123891611
840 881 0 834851994
266 402 664556 135301658
540 549 167654 743640859
815 159 236415 220246657
114 103 247927 773601430
722 320 109881 39462188
991 670 0 365797681
947 839 390241 735203386
263 114 885822 417832041
382 495 1121713 365308276
784 666 115295 418357661
298 437 47317 691655514
732 844 92831 931797076
317 5 0 355189948
658 876 314397 426146480
275 543 254837 621734739
329 300 109319 785078474
784 440 85554 952599060
886 960 0 851319021
617 67 72017 368443817
40 3 0 210494090
406 998 0 86567283
972 476 366797 500480451
362 809 145579 820166148
547 66 403711 973319350
180 271 990968 518738179
892 311 383011 365307166
841 187 319152 802821186
247 58 445265 958620119
850 498 1263940 37057487
525 921 103294 79428357
812 84 1258684 599029523
868 49 0 345412744
512 945 187619 312167104
102 910 672169 673129615
753 432 1123844 426526659
400 902 0 954057087
70 46 25469 136252973
26 229 1618228 720158845
389 593 0 186861467
876 859 605158 816895930
475 117 1019470 308115328
673 473 1740248 43406574
471 613 487617 677738627
228 467 1203291 457012294
407 695 0 521511872
86 924 184798 546207818
531 19 212250 574694980
562 584 799477 430066291
479 152 1757147 95754108
632 788 577302 324562176
802 130 397173 924612061
211 525 0 302774149
451 251 213657 665295428
372 805 154676 809307462
79 700 887335 414925509
657 219 1680546 372631795
894 513 969443 970974633
63 467 961100 106245033
467 296 347323 708670458
241 258 94285 972127618
633 366 431722 502240763
301 317 0 642796717
225 675 201512 240499318
429 543 370700 280271233
560 425 732253 900745568
144 100 445389 476528413
744 114 324196 843691064
870 907 897368 706639809
824 143 656759 695610544
517 919 298151 28200978
886 283 0 449214352
35 960 0 334337394
907 410 892765 600061228
561 499 692142 371672853
444 207 0 680136804
691 647 828146 562192836
209 963 0 412628248
407 866 508597 152271936
454 1000 390896 68516392
295 547 194981 388441401
478 197 788561 418369173
983 523 0 653521956
644 230 565750 52890221
516 858 749475 144451039
798 870 356055 660823861
256 126 361357 715564659
351 283 355392 565909556
178 918 0 794414240
362 153 916925 597072185
475 645 983304 518208723
602 467 0 910738708
491 890 0 293527064
161 38 385539 737714601
583 269 0 476519161
596 543 734285 760385076
237 532 897734 509412285
205 808 148270 533062687
483 547 1229164 289949246
914 632 175080 492230138
104 413 473767 650438843
505 754 0 894688506
237 183 1101488 561472784
204 622 0 749232269
747 715 0 922298093
721 166 0 565082849
538 969 993712 620796883
544 491 361856 634269837
52 89 925299 113090854
613 560 0 904442662
529 604 170806 618677437
746 606 195963 297999391
337 803 0 807760119
239 358 1371280 25631261
984 277 702312 919849372
702 830 0 962156585
400 499 1193605 81745072
206 358 110617 15875021
19 350 0 532541029
34 59 0 922945674
950 614 445967 728587421
580 600 213151 467327239
162 737 386989 642141657
342 174 1248313 416336437
102 273 0 444525926
825 10 364144 788028490
745 339 955072 831963052
578 226 816304 18037204
27 987 300230 35198946
367 609 233998 495359598
352 804 167025 294047975
990 131 976320 680484741
92 153 0 436502698
490 565 0 997503170
164 196 356599 482767408
887 818 0 767705949
637 939 1731430 628041934
815 643 809009 522421018
572 109 705228 126444956
169 221 1087745 322664468
648 696 552021 70034747
876 626 950016 695641075
881 641 0 103749356
538 858 42316 179115377
593 706 213011 529735405
592 154 754548 491422119
441 140 0 52222632
157 449 0 311886710
803 710 0 984448288
388 247 0 797761099
942 134 820932 39112807
100 118 182413 403145783
172 127 52213 671926812
27 911 0 994336892
25 599 338210 522726913
800 12 297561 24048308
400 97 0 86086195
329 391 0 235314145
985 785 1066989 486917355
925 469 819344 747243702
759 823 659390 648254265
308 370 935781 580701758
736 708 424845 837405289
64 994 0 114114290
798 806 843953 370288399
485 269 0 266227466
537 675 0 61146081
210 539 883025 967088287
389 442 835127 103314127
653 412 1 861474180
557 776 243364 358778159
691 475 358789 229163663
760 242 647689 738762308
367 941 286411 64159162
101 12 1021299 191828092
134 913 766333 798787629
105 743 958381 880935941
127 972 507824 772681139
338 925 345325 294993295
379 962 298115 142029701
146 319 666573 761733652
862 485 714119 843718602
18 569 1451893 838119690
825 818 339855 565468879
943 12 971601 512632456
869 806 0 578804488
470 338 1437398 381412622
942 736 988701 547615630
161 970 1365741 524098887
351 672 900026 54627655
713 661 226454 661152965
197 695 0 55934595
804 392 0 386782573
139 6 415300 462418312
866 838 0 769171443
432 649 721623 974806455
898 262 0 646155326
653 735 0 495017654
828 617 0 256389041
169 404 15443 728117264
262 962 0 979214562
547 678 0 597078846
891 88 105297 269335676
382 217 534212 479447475
435 127 442417 845510557
633 250 1047425 934240763
168 674 747612 588644382
347 128 579008 795135009
834 609 47035 868876760
20 332 502562 74734749
933 562 78380 53725701
855 891 238139 501989178
110 83 656854 834469001
847 728 470242 412171782
529 465 278812 125527458
467 83 424832 843475023
501 939 916337 925619558
271 632 547145 861489824
557 95 542397 645198576
399 346 162706 807533123
594 876 418680 987363541
639 365 0 861915296
666 430 1520932 560481095
418 590 522037 458929754
394 371 654120 619489765
708 76 225505 148482990
777 367 0 426452985
430 19 1320802 577678782
515 374 25175 754854846
428 155 0 49647761
583 344 435260 958135440
661 484 0 867654252
787 369 695328 293462594
754 33 339914 394015197
272 392 705398 855887781
375 946 949271 991946218
226 318 1526617 628353592
320 599 1127151 147176672
439 671 176595 967908044
805 190 1363145 701422038
303 819 618365 726920911
742 945 0 284115307
193 991 817483 369147852
417 833 450081 512091980
821 601 763852 592838594
27 64 308350 182017715
756 119 473172 527621861
767 286 829636 286406975
453 118 857376 833751919
197 770 621609 2500970
642 742 602206 41947890
205 839 180793 723795262
1000 828 0 808441221
304 55 986600 134801416
481 591 0 128809917
61 188 948660 381283612
608 327 0 781057322
618 208 367923 215496577
31 411 60069 234968817
149 807 709785 827999285
84 255 519120 372077650
284 745 369550 237094469
305 880 2015712 558920970
813 163 1235147 104362666
476 241 97174 42655603
274 109 0 339320023
93 675 0 585646627
522 543 812636 508515483
776 847 627278 505438728
845 983 883488 561465212
822 514 638200 710419016
88 68 587014 292331359
133 349 2160361 746113468
910 17 0 929974994
468 44 429182 339671470
404 7 1530878 444414993
65 249 824599 433424729
776 141 0 98760653
654 374 889531 77336963
927 881 0 94776069
354 313 437794 478725652
462 106 849059 822553534
49 26 306956 104364263
666 766 896292 941299271
164 211 0 57081880
364 440 0 739888354
345 182 2883232 723225111
613 982 374518 797881715
390 112 72213 675809032
586 976 0 64862970
39 41 2054253 784437101
619 537 657347 726262738
498 616 535142 978464647
80 372 658809 219515572
69 97 272439 542710026
260 635 444107 22744147
656 418 534159 281411240
667 414 0 92493050
808 493 621261 472556582
184 656 0 945162797
325 971 0 366636881
550 750 434132 303213465
12 346 62350 455868204
368 3 755358 933754271
520 687 437810 761925658
350 82 590846 826959217
76 571 1349348 533137900
957 442 378719 937644382
629 603 268245 562478200
806 352 0 211099228
318 244 0 576033076
287 520 471687 408957869
140 729 0 670689483
789 554 770837 283199185
23 696 0 487349544
151 957 572423 180861070
293 945 0 990869046
486 263 249729 470877264
463 416 296174 161631230
500 229 1460701 594616235
409 534 1281506 529293897
159 505 0 338466596
463 738 195777 609464475
532 185 0 340298352
249 700 0 511163910
74 938 0 626300553
303 778 980072 193140705
699 509 482325 702495712
252 56 174059 226180296
260 605 95960 334892948
664 675 0 832772296
496 563 0 120029291
69 838 94441 771793906
648 898 136307 628842177
391 162 1393098 684280225
505 762 362382 662056436
810 454 388866 510747835
264 399 108187 350088623
24 162 459185 830151725
707 231 574806 220147738
540 477 0 546199286
399 109 0 951502020
742 380 615761 138881512
683 287 987450 583969213
319 585 0 186542031
258 524 0 712330277
2 595 818322 230315393
944 454 167354 619860802
920 754 0 237771742
178 41 959074 374386607
628 998 134697 130464772
294 332 423827 730260370
224 747 165438 337299957
470 713 750665 857534004
245 455 304375 953255584
439 298 335306 592575899
295 998 922695 579006877
738 852 985942 764434039
297 153 0 108141010
234 5 771973 18774577
87 461 482467 998282777
283 60 0 399877463
431 955 0 547918212
681 895 577554 586313677
511 810 394839 847895283
98 380 0 859395973
429 442 0 217266511
88 779 1257885 779885678
280 549 335010 174284858
907 985 963021 5732267
826 199 0 720414170
41 531 991938 560639128
50 242 273785 613635164
781 185 751719 688845124
891 725 537546 798557454
89 867 1326804 867476980
488 590 609192 364746524
101 928 746682 752564546
758 560 764902 165975088
683 832 221463 105927233
831 546 666018 785384886
425 431 863133 9420311
261 283 242552 772491600
327 665 431704 991985606
161 730 911931 601300187
254 700 943775 840538284
10 527 0 461866720
375 311 429425 914182978
17 190 286884 949492116
104 409 273541 279318977
927 569 389700 866054815
149 731 775160 297485343
912 548 685886 316173947
401 869 624205 321379972
539 989 425087 527633090
188 141 0 654691376
33 802 315415 950036769
193 301 0 329811227
577 522 310972 480034526
291 150 0 206897631
470 507 933945 678763341
512 339 0 763408840
989 467 138848 443196781
980 434 321682 68315233
773 106 803668 420735973
799 420 97170 623400694
270 987 534508 962613035
307 795 924041 319196287
496 466 0 512386251
242 775 1099948 324297787
283 897 733655 998724441
211 281 427945 893411877
63 771 2235248 899622295
121 787 1511622 173845595
56 936 0 939324857
880 256 641196 132406743
551 238 998694 679606981
112 683 436322 435106002
982 951 0 911764557
94 890 349845 497434693
56 178 340654 66550010
640 425 309159 856871065
606 453 287878 247047193
800 246 746097 257396688
883 921 359623 524386605
588 77 188158 761298442
126 268 0 706525515
485 954 876105 205895482
799 955 553605 313473648
805 483 0 419259936
841 965 929330 678191720
52 628 0 284527404
72 737 0 701954571
364 346 579655 602582336
235 593 903542 456459487
472 911 287064 34528959
657 491 96085 852105956
688 234 415232 411692368
767 148 293681 767022426
480 581 659068 716079421
602 668 581550 433263464
405 563 940516 56877514
867 673 0 242948137
920 530 1292457 442595478
165 51 0 982827893
297 107 1790141 397241354
114 25 447697 574110323
550 889 613877 473078975
427 742 409239 148607930
924 570 124849 363189159
28 494 850753 43726325
995 291 909549 791870140
258 320 0 161608377
581 944 0 313761607
763 724 349034 489110913
16 530 0 223690377
982 935 13464 860403562
511 681 592603 878893724
40 313 0 708655401
785 606 994026 428077778
713 249 0 9033961
138 480 349724 836987269
538 146 716737 884781596
750 651 800909 298001974
494 987 0 214489536
800 404 0 294319910
497 509 1085490 578382655
193 258 0 214070729
965 91 0 574177181
20 813 158517 962413292
259 178 772885 507921812
804 73 146792 427495427
304 469 439445 478298620
307 574 193301 538005683
298 718 0 721523705
245 613 1565315 218106955
603 180 1070309 333588134
559 557 551035 679307011
914 105 791454 115430671
818 523 0 161927185
280 854 409498 690894226
421 149 29198 76059225
499 195 623792 423730400
852 58 548278 283939650
230 126 53650 767737680
603 808 0 61176722
940 404 882684 253644480
930 899 0 856305932
787 568 0 47053616
127 66 802672 772381525
492 135 556518 637498071
147 833 2191616 207959842
125 540 0 836192518
168 796 2249100 980246605
633 273 0 420800228
656 379 379035 137398573
298 541 864859 238128709
965 401 796279 27153675
848 611 801604 159160293
453 868 727255 368526479
741 109 372695 998778447
680 648 710398 858860267
760 631 1744211 478909738
786 244 0 370822255
931 681 464703 55277891
646 840 325996 456094092
969 874 225738 148377485
418 311 0 871643777
608 227 1065872 554113012
711 745 668267 335256736
597 938 0 475826969
106 570 1529981 66138815
585 124 0 318213040
640 558 230434 984132327
658 813 138989 706531345
169 541 0 89828501
646 682 49620 599496559
420 164 0 118897709
499 739 1681077 361764214
427 315 774454 50142525
523 331 389385 114177757
400 2 513279 376468944
994 441 455522 82648529
857 548 0 121645548
754 47 456024 617550276
664 360 0 282221035
59 407 362981 730068365
686 804 0 911283507
350 991 253492 739446481
427 466 0 357846536
229 627 768244 192437579
39 580 373158 46591767
15 356 633776 914554246
229 835 1721569 97089986
659 356 530254 125716989
865 269 478342 535418924
241 215 0 235461072
758 493 600395 756184172
361 236 783390 578103500
958 735 0 208022854
989 141 624631 968195827
64 39 1095179 794436877
984 549 184808 735890257
778 150 742458 637113934
432 277 367109 361071413
589 921 0 843690792
904 569 490936 609790070
12 946 0 561352062
937 42 940070 199519201
580 417 810496 186725222
179 250 0 340417665
799 337 84417 914114684
287 299 1985615 329191279
202 399 993485 295196169
115 108 439541 991967612
839 432 0 486774067
510 190 0 939494534
759 454 384318 863647138
73 728 0 135824015
646 777 672598 59338232
400 343 0 331423755
287 571 2082193 130426156
443 869 0 196952086
542 680 233847 408840002
875 773 487628 166244098
388 215 0 386075838
883 393 664135 933660732
300 386 782941 324921237
572 19 503395 671734648
415 829 691913 546090106
813 5 0 791774997
856 318 0 325535909
847 533 915030 955470386
384 449 248937 846583645
527 606 0 61276179
952 737 1425581 830052352
172 583 1006717 642356302
461 621 0 111369197
27 277 0 524550734
841 569 400918 531111413
14 87 786380 956375785
915 128 2466348 967551912
36 876 557866 266352561
960 755 995018 275042115
305 125 1636491 364475915
288 933 0 703262976
721 233 450387 194899377
351 433 765849 517611628
873 780 215075 352358033
301 621 727860 511616726
768 288 572066 180676637
920 533 30979 759344751
545 699 267424 584153810
780 665 0 290271376
327 666 0 724210606
18 479 288337 165441794
598 618 637474 602566895
540 132 0 201969681
388 900 191612 833859323
929 993 408277 280792775
115 565 0 43696776
893 991 598459 582542703
327 822 710324 233022251
495 680 526879 587319602
375 464 902051 653425889
45 944 0 645570082
292 4 635757 64443388
946 814 1057764 228013705
382 771 283824 64483659
865 29 345260 439258717
667 335 0 402272692
383 184 742714 111963685
443 759 167683 782979556
944 280 0 966934886
687 183 316848 330483624
975 273 895643 631933671
855 957 688217 445866913
265 999 285945 967251839
297 490 321589 193324468
317 379 0 937369117
714 478 72048 845965601
754 626 427044 176456626
13 282 1061751 663160177
410 933 280778 949961796
253 680 207958 165199236
537 854 991651 216872441
172 182 569675 429950691
530 716 642626 801107599
36 860 0 582289272
446 91 792148 351704661
476 278 211038 643665305
9 862 1852690 403235634
934 712 857038 129602419
445 201 526240 929991833
73 29 822095 220512851
323 118 1812697 845195486
594 988 0 87803639
491 561 685086 472451717
649 306 0 791420244
172 439 826048 6622019
743 862 0 133929117
82 484 0 603315320
899 769 981725 854798818
846 396 0 88845833
639 1 1283589 361839363
56 501 355297 87528954
369 319 92466 595549429
298 166 236666 297124653
664 404 233245 648636934
223 107 1596956 957543027
48 169 280666 433379783
115 174 533259 343259510
925 43 0 427000640
775 655 311234 153681145
664 900 961159 359400146
324 44 0 28554805
868 54 403974 993267332
910 903 621133 359249150
565 832 903501 145510799
829 2 157225 901742378
288 900 430676 667604702
651 41 2574866 315295141
660 778 0 782857483
469 379 386900 295366355
882 475 310975 880304528
354 50 958700 527633470
658 994 710114 756729912
691 350 105300 975935652
152 117 413419 893956925
659 865 1437632 457100673
384 743 1431898 544632745
477 125 565435 394704916
451 466 873469 224687721
750 880 523895 167479310
787 350 125332 301943862
591 13 862065 378498175
376 580 737986 734993999
578 949 5014 648693946
852 790 1324805 438179264
227 609 929152 523853024
787 740 427348 59253212
85 279 444808 264165937
658 356 0 378958752
430 183 768437 149281720
228 180 171609 108992316
768 726 337009 909671179
535 782 480948 800491547
846 877 402387 873804630
600 273 627465 253641224
902 235 789341 851152176
200 125 253766 203138099
497 188 174683 4454787
393 748 0 194329351
711 33 208323 562381315
932 744 2672860 861103132
614 976 947301 974052805
517 997 0 211580205
392 705 0 242863403
188 607 361162 218063084
827 809 689740 368951646
651 735 1859868 453221798
124 123 190576 494144989
49 518 884795 209728934
152 169 449959 314024048
33 132 14882 158450816
70 80 0 53549082
728 318 217172 170422173
677 720 249266 901007347
113 266 671063 364771794
359 970 689320 684817872
120 416 147510 708861429
572 312 288249 714654806
847 156 146218 808584795
576 406 0 157410736
782 180 788867 788308158
982 887 322899 177634453
175 5 0 916849066
967 755 61967 756390331
926 890 35923 152080600
935 592 1432925 613964115
988 834 158598 392853527
140 962 0 465966601
700 353 748334 952992399
730 98 174491 653496459
569 118 0 530430382
757 975 906874 526276439
586 700 456476 202445098
149 160 904246 843355309
281 903 0 842208137
616 858 0 718909696
362 494 0 231598201
606 579 297700 124661893
646 479 1519542 293568355
309 998 482759 68910661
243 392 434251 88425287
637 569 441562 56483489
223 972 463971 241236424
378 535 826161 355762606
767 716 1357 405666720
351 361 262733 874327738
878 179 938161 536383686
258 83 0 285609338
696 500 409435 637262946
342 418 763781 974525300
36 160 848235 421315382
680 607 240322 176530154
465 52 472266 187406600
460 813 406646 843917071
584 397 607845 12735156
864 817 1770397 875070593
310 729 413197 910738706
152 847 1076292 605080782
974 248 813230 910620145
492 29 0 521421189
176 841 48509 61430690
745 941 891631 780920738
580 865 1407146 893138021
436 237 826952 380702791
597 850 76325 617851564
302 92 30111 959765071
26 700 0 434064885
149 364 74043 994261311
954 540 542644 353501062
605 886 141369 650421215
348 821 298291 638134014
525 450 18189 603444507
491 216 339376 527719568
229 67 1820318 182355196
571 492 924368 725091410
392 403 204147 561457197
524 901 918082 10158352
219 202 682805 815142487
903 470 174882 122424645
827 936 888993 13096611
734 411 659335 928047592
151 929 903272 404810661
514 772 480693 123473455
316 114 413296 452561543
971 822 0 421260137
303 80 602560 556436315
476 786 0 577683831
313 819 1064267 101675859
976 612 0 262646350
428 272 2080036 832855305
593 846 677098 192841868
152 745 660622 47663279
714 254 1355580 709040642
212 15 2794881 850955415
252 246 0 517923236
794 777 505780 510423436
302 217 1505696 137356945
921 500 0 73730429
806 795 0 867356885
904 869 0 326682474
538 151 477798 211990922
852 960 1043161 918562485
1000 408 572287 157352891
634 734 0 76955791
188 434 76403 85421664
321 525 993419 494303261
646 426 484780 949763938
627 903 746746 2755079
669 524 138254 324401650
863 219 1558238 489540087
377 158 0 690766575
172 502 619490 471227160
984 929 1031056 927064181
413 287 748751 275104376
871 670 289623 949197254
477 47 687372 919645631
894 581 587566 839878429
466 625 143932 755282992
239 584 1206824 905869135
683 96 0 1392147
366 984 930773 646207910
697 642 1445256 360891315
797 929 922256 560019755
678 705 541357 538829262
741 835 233985 313826619
385 376 0 901882676
455 596 150122 808747744
547 219 1677729 155287778
792 188 0 853231713
470 452 0 850549987
175 124 379774 998299983
1000 310 0 98027256
356 541 296927 904033624
115 696 770221 793877181
961 504 615286 950566403
722 473 526765 972931402
382 879 880641 187039448
626 355 54776 541622697
998 883 0 12894889
593 668 115656 686226338
741 528 0 98578253
454 204 0 72710874
780 173 273724 545115914
597 136 664810 593054245
192 522 707402 984124794
134 120 734675 752849845
296 147 896872 782104831
475 883 864856 930694485
597 449 852285 182347167
223 55 243892 761817937
513 650 347242 579251444
638 789 0 398016586
332 151 0 130524806
701 573 739390 303392600
31 185 0 563929829
575 630 293755 836465429
740 828 0 863706066
60 100 491333 225905577
402 347 0 970074319
901 116 0 378427627
475 976 701489 938937026
202 613 1298270 883930238
964 464 95058 249985828
522 57 1071832 127072824
575 276 668576 900585250
711 351 0 407552025
335 455 794232 22452167
440 644 972176 828735300
960 646 0 281808740
475 744 0 943276461
612 594 645916 578977640
635 48 570109 780333772
167 478 0 883714309
752 982 347132 584153670
515 316 91658 278657916
766 890 995890 567048436
555 150 804451 551842875
773 978 655905 375625332
290 381 764615 996381620
131 688 699492 282165849
658 885 747145 40008400
145 677 696826 12476591
786 914 260268 553396855
876 104 397646 422231728
883 874 803141 547246743
959 583 240434 149652623
176 697 904773 317768536
463 731 455580 857978360
359 863 0 812640104
903 367 0 597936319
939 438 833706 12064406
679 182 1555032 347863188
970 844 782407 453135840
592 547 985663 402876802
679 577 671823 375039406
176 603 346271 77684619
880 718 329606 875247018
90 894 0 819311920
393 799 664136 435274032
753 487 0 348106186
359 244 0 47278155
512 632 181564 512013863
508 730 722133 690360817
339 997 791758 61886722
443 37 137138 848498044
380 882 240791 13902624
74 281 932724 942747903
322 369 32609 881339062
494 480 204149 823518028
47 485 83480 346564215
802 197 33922 434228916
482 938 909267 759486564
830 20 0 897619520
337 916 0 513775170
881 709 1036385 479589682
991 683 0 915060856
864 756 236694 461059553
647 638 886289 972047905
875 1 0 609003793
835 960 258864 801242367
951 419 0 347188168
850 182 1265490 754175483
170 125 0 432736424
711 542 361751 85459841
100 55 605634 168435378
257 441 255483 90640629
957 235 0 827633465
622 593 153147 185750026
255 839 609722 552464258
305 939 720153 627635292
176 864 55094 145216024
515 772 0 971591169
870 978 1226136 413410037
35 793 2 355003145
614 975 0 839667217
804 648 281881 46946792
580 726 0 969830274
720 628 1086911 926906648
936 825 973916 444859070
957 561 148586 191706108
36 158 0 161240458
940 851 15062 121181039
217 878 2596970 84212872
548 140 345207 440991935
638 91 877260 955104530
53 814 291291 890900261
984 739 184622 553500131
354 427 1030436 304602458
819 711 1003881 984175155
728 692 171689 316584856
224 612 819366 766209200
759 321 617264 65180666
258 23 319755 402279004
200 184 0 100988083
765 990 620366 415777958
566 906 4425 531933934
233 818 0 989097707
671 629 1134113 522312470
614 768 351364 172105713
255 344 0 1885895
840 568 384085 282446891
182 340 1536396 549669344
49 17 66311 40747994
806 368 793147 966162127
918 921 869262 456035983
19 114 0 964517813
527 838 234611 547032734
185 274 812456 465714437
570 718 805586 664234989
347 9 634940 125484955
437 22 310912 285999555
638 645 849698 14347062
841 52 0 530098820
190 575 0 557691604
961 255 194826 301812638
541 635 340967 194142721
507 914 0 747347066
629 847 1126309 485508618
391 875 432397 114428415
614 67 352588 929605507
116 399 0 394838080
223 125 0 452197523
385 894 644183 972626529
804 655 335306 914593390
803 634 211878 157539125
627 683 785313 705146789
400 993 585880 567739777
194 644 1312633 752864835
673 240 667697 619678683
551 334 0 344846135
73 856 0 6848296
714 699 843638 179906694
121 874 397629 630324381
923 698 961376 397681290
747 833 572202 193297291
32 728 0 449490475
582 313 129563 233118545
953 899 0 438210207
335 456 653786 289316676
264 764 48488 816782870
778 315 0 659941286
675 910 291553 480319489
871 51 551229 150473478
138 843 0 603228698
719 762 0 224760209
250 82 216437 286711180
724 268 0 483765388
283 753 1017534 697196530
272 451 0 972977809
525 454 2 741365442
768 513 850977 48414468
290 108 740388 132052659
222 546 330280 3362124
822 589 103292 861591042
368 735 651641 9331527
536 723 387193 725772650
687 426 484783 102338708
15 103 31908 39007066
408 124 0 650850125
576 956 301451 922672777
267 311 268290 549140935
121 580 1739368 905563819
957 899 0 400665935
182 29 1710163 982156949
933 891 0 381556285
929 167 1077268 512038833
204 974 0 10622913
143 843 569764 141863331
458 276 328494 710135634
728 177 778557 711377200
820 858 0 848723085
727 799 945176 531930247
905 894 0 643554304
933 707 0 267681410
374 632 895253 454137297
384 512 937039 779172775
38 139 181788 808852081
700 948 0 191740584
194 819 0 419308590
988 184 207797 196684026
555 464 154271 743877810
853 357 288298 987529019
490 491 0 654893531
180 255 393870 977949174
349 876 150220 107905077
460 299 773118 657104269
25 931 736247 384008186
820 807 302775 999531904
33 282 729887 851333483
781 596 1489982 660424751
933 682 270314 504440043
519 986 897190 788791631
646 734 0 986163423
546 684 0 234710055
520 747 284547 625551067
379 675 59867 178504763
822 881 607206 614499073
417 675 12641 241151240
51 913 0 515586197
810 613 609256 702287148
673 121 0 717783626
239 627 751481 274788244
459 693 590865 55862192
128 307 1859215 871828283
791 585 790845 821996328
438 801 2658642 778685418
901 334 710609 313579348
729 445 236454 597189887
866 321 523795 146807115
650 569 476289 851053796
992 858 742872 189864637
967 400 0 424372840
83 396 0 788299500
340 600 1201191 123010287
687 185 0 912266911
970 367 164200 551903345
970 774 926308 323841212
438 932 825646 102590438
236 177 194825 489202176
529 432 0 236516340
87 577 0 724653181
606 35 807501 948415558
180 316 28531 679832013
744 69 0 116738619
289 905 761510 399942166
432 96 58757 887936806
840 958 0 188759275
736 288 0 933377146
610 738 2532524 579305950
380 968 276904 504110246
586 408 336415 518146766
290 370 815524 759519916
134 207 357000 442895825
59 298 0 726726483
729 366 596861 336394674
511 981 0 532361475
234 872 0 971894427
261 939 1208504 101342967
495 816 0 424825979
99 120 84424 68431314
401 598 0 580966734
87 882 0 865058049
668 552 808325 242512674
729 260 0 701113910
619 728 0 851731894
354 761 356493 66202050
27 836 11792 509009958
725 183 0 582697362
871 715 765876 47106423
313 426 627720 747720226
725 641 552368 631194370
2 226 866542 31562783
722 894 530094 681708552
828 313 0 477407512
288 223 270314 327034699
400 416 87444 803197277
501 419 189196 704120799
802 889 0 451402774
352 289 751507 73488273
620 971 767406 413248834
532 888 390410 626596076
310 367 868985 10396932
376 849 769354 881781677
894 763 539606 545171600
836 190 198725 307773036
70 715 220699 920512856
942 336 0 899615121
96 676 927390 297145166
809 512 0 835219861
365 816 246921 783453042
670 145 6120 345889834
896 944 631324 238525118
114 412 0 540023405
24 587 652966 908609297
828 173 0 364372471
769 693 663355 830526184
822 278 980195 37594784
503 955 464700 984176396
281 561 879795 481332605
73 268 987996 553593271
512 252 160904 934547301
62 425 0 476686867
705 564 0 406167696
980 60 0 531619319
337 185 772431 225897514
749 907 58042 520064502
253 957 0 308744477
717 242 0 153052031
181 881 0 3814984
842 127 273596 934595267
897 274 546260 398832304
441 627 879467 707873184
849 948 355389 152458629
724 622 212767 532415568
996 547 93151 4574576
887 869 280392 323211510
682 568 798074 614123579
340 461 111068 80420293
397 3 417287 724215394
884 346 314662 247532206
510 557 0 43631955
53 374 1408206 984088278
302 181 127365 658306261
177 255 0 430931493
286 529 478729 469748942
589 570 0 134747463
298 584 808326 79786633
963 476 840408 997939064
286 108 740376 539614440
699 139 524709 74962115
998 294 209010 523765027
375 827 1495521 612529611
436 82 1821184 355391210
624 220 71976 356403768
213 258 140229 725196544
552 66 0 455336026
977 998 303270 89701970
483 663 2696187 696262758
528 661 536221 866141967
93 90 360343 173591074
712 973 111241 620661085
757 930 0 381998722
482 27 458045 967588032
48 624 669984 841948189
778 957 868783 226286958
914 375 846095 104599438
11 669 991331 862695313
511 294 1 223501058
509 676 0 176783335
288 993 0 497187096
853 283 544300 433571372
598 729 364822 641886740
223 680 95306 307137819
695 214 317246 757562461
979 232 315673 861557040
550 293 0 377598973
328 866 271100 726742606
620 709 125951 440803114
825 571 1902770 179890179
566 911 53273 47164944
5 635 348149 71073467
411 120 0 942322951
968 767 26272 250096544
199 667 898820 693727522
798 494 0 74017045
855 910 500915 429662738
252 342 226520 453919345
922 456 0 768775709
536 948 0 555029746
506 45 389586 285434532
316 563 0 187795911
437 993 268016 820374021
709 277 682605 320041142
937 919 895226 778584490
118 47 0 285445183
816 854 950380 302696657
393 515 249434 289391634
645 380 649522 221890508
613 676 633243 639923259
412 977 49782 526540591
970 525 592147 183296355
489 827 16879 315782735
428 454 1539350 746417292
461 897 0 74214654
475 866 209694 462445040
112 221 750073 100138869
362 919 0 907674423
135 628 1212211 71004920
895 268 0 46217059
542 505 493337 783150403
650 685 984234 176466750
319 207 970387 389822634
954 828 898540 130219548
75 983 408357 97273906
735 567 0 857780308
982 123 0 96089772
410 697 1185148 654537819
148 671 561518 953047459
980 772 620354 371443148
934 277 885324 980117766
739 635 885234 593326446
239 398 34296 345292648
583 802 614623 356394896
125 974 0 782485239
219 470 858237 792739784
108 34 534848 460162087
514 814 611045 223110968
424 477 0 303103822
401 942 0 641586862
545 558 0 278383888
295 100 432524 485060203
93 983 356210 350401736
748 22 786992 665169944
456 608 993732 604405399
60 657 305063 584455394
961 314 0 339834350
186 15 1393992 953562586
788 437 942136 27198959
21 272 857770 587093570
210 444 837730 743612907
980 940 0 636431435
613 528 420712 425305266
860 441 646320 558824171
355 531 0 692049768
288 503 0 309983683
128 638 868260 137639504
64 363 224712 986425826
434 505 254658 115577797
706 188 0 333909727
767 981 340816 905382595
29 784 423224 10030149
40 718 924157 830361126
381 62 150737 463453375
225 990 300763 367014227
650 493 911269 578214184
252 525 669265 579464578
129 59 245882 986571696
379 477 0 647945756
433 202 382100 115605404
678 12 404120 216937693
106 435 409742 588909909
610 329 961959 700015677
897 261 431160 361476674
27 28 550525 908432088
741 985 35024 924401451
548 967 861210 504586574
112 279 1827595 282932842
841 672 52176 522750897
52 54 138309 484062239
841 855 681805 223428477
171 835 0 652956672
728 964 0 531957669
59 403 428030 460147740
479 867 400890 971801233
466 366 0 544694972
122 912 1981552 82329879
511 233 851132 820914484
290 872 919196 674089583
116 320 68739 291012548
264 270 307965 358573037
278 529 269793 690119737
751 52 159025 305778167
421 278 265378 660380442
710 602 606420 783745347
816 666 111735 550382877
888 708 918318 396433214
146 233 0 267290414
563 160 176704 248120211
964 838 94441 290236234
66 148 159115 62878979
729 660 675965 555965870
749 939 1466077 916146248
967 14 0 359532722
343 62 408336 886809151
788 907 0 428842247
366 941 1292668 805625836
923 551 1382883 691249065
26 74 583288 677389353
75 990 0 466020615
85 956 701163 110113038
267 937 956948 42545870
112 731 283778 160929303
582 418 661986 675674218
305 974 1636488 377794227
166 924 0 559045309
443 739 753729 518328553
638 115 0 405254398
187 752 70651 431413165
97 293 333200 803280693
425 291 0 241960887
829 870 0 551528943
62 329 774823 192649387
325 493 279082 31271342
312 964 402831 514774946
537 74 594428 308007015
922 21 152373 529214421
258 979 472599 477304251
271 130 1189009 281913129
23 416 840725 518321980
145 56 0 29141302
683 555 249332 6512600
768 944 739285 143220931
163 970 1539114 960943248
382 886 801032 114827168
434 590 844581 444041241
965 991 807391 25832642
545 987 947926 347483090
78 31 0 722022324
103 526 429850 327408797
337 297 11597 614269581
113 817 836703 430049730
396 738 920279 295409071
735 415 995126 72670284
920 279 1694402 719473054
714 61 376247 134802812
908 227 32098 742486006
713 924 456106 234122003
758 966 719000 793491834
496 288 482381 777110657
334 446 240220 548132637
260 809 0 410321232
525 859 0 460552118
566 577 0 450941400
825 847 718047 724737456
604 816 888539 823870491
74 318 0 350096448
628 808 394777 831091328
285 828 111484 969165442
657 754 201536 986075452
937 80 674526 674645240
520 131 922557 532410188
457 837 645712 791077539
928 718 441883 981295334
501 164 0 366892262
695 352 833114 838291362
198 974 0 954831717
406 730 694185 386303691
187 253 390551 209773170
373 568 558288 259210766
498 47 1055253 379466130
754 254 574923 245900356
954 131 0 425083686
856 346 0 935463501
238 72 431004 312141809
94 875 783278 38975834
368 162 0 305943397
219 663 768692 376974486
727 133 641816 682964518
290 843 924005 583910848
46 564 399565 841863467
376 351 943511 2976341
604 33 0 651404683
793 209 0 605387845
236 225 92031 304659340
45 146 188029 758675452
709 811 517405 272234663
525 540 0 185383107
371 590 751898 225165801
285 907 920421 250783820
105 880 507512 814063844
852 377 981538 547219756
248 702 924661 588797711
400 422 0 37359929
162 863 80248 143461620
413 432 0 259578779
227 582 1201839 679170603
554 916 143174 573462701
197 13 0 748519075
574 967 497424 375216653
933 80 0 870779858
607 199 844579 314377509
404 650 296771 544634862
814 723 363207 110515105
5 247 0 339369078
201 546 39382 265804917
114 333 0 643587254
846 538 529475 213013766
913 963 0 602202958
215 373 485888 233476559
695 311 36584 540190313
218 636 888701 782290025
4 731 122762 985831629
384 50 971091 139492791
259 68 907588 436829295
745 999 0 124224747
966 757 756779 612516303
534 244 479101 971922833
153 905 613396 658732712
554 432 0 647941273
517 8 451059 947086031
385 973 439531 512130078
925 104 0 112955191
647 359 330475 318883434
554 791 0 430347214
940 975 0 87724258
656 480 0 838300136
798 236 0 680186666
482 385 108198 363264815
525 396 0 213361397
539 856 43760 393479786
442 352 898621 339482656
436 885 2543670 43809112
709 269 563204 422350324
55 760 0 403924394
831 596 1369031 322360798
829 16 992412 383742398
108 554 814588 485571161
417 191 757139 410577037
158 343 251956 42955910
291 867 710314 41945481
588 718 333690 236294661
774 603 737263 893897053
688 900 1347559 555117458
807 994 971742 276283635
210 944 1191308 517848128
970 344 497416 563501343
910 626 0 905836524
795 120 106954 963309305
76 651 1711806 631576263
162 699 797170 827277356
585 834 238507 370129446
80 448 0 356833829
639 917 697643 995360624
185 144 0 759798895
272 160 0 487931324
145 801 805305 98377861
431 370 203162 58573911
622 267 12107 112882437
44 318 0 408439847
849 360 0 109176891
378 494 124632 770002743
910 79 0 274142446
481 189 878590 958553645
139 7 886888 186896867
919 809 742231 324020137
555 157 797314 41022001
31 158 142834 271262557
920 1000 702736 242761161
566 884 625634 345323118
537 705 722751 322769426
326 106 975332 681036968
94 818 735215 300778538
82 580 659216 622055908
541 752 0 560899230
85 732 880967 701229510
748 431 717965 92771641
642 992 48310 408330605
574 705 497421 769406525
796 577 1541799 249807242
893 740 535490 316358402
192 509 1634791 426462041
276 586 0 359125989
382 170 748186 20136610
163 874 529176 547357980
209 154 996892 532594291
89 694 220803 82500764
511 924 0 777058187
955 424 472240 98472960
333 88 0 942580299
810 593 82580 475566813
264 591 709125 813750822
98 343 282559 796164286
144 747 218125 463679873
888 116 0 119627086
705 703 953729 542226637
760 410 243891 796235948
690 783 813014 99000834
134 560 507912 917657356
922 638 300231 216695989
422 945 767087 511524767
190 458 72007 449522315
843 683 371096 774149105
664 591 472335 285436053
922 538 479859 212690138
918 484 62803 118427541
3 751 0 734924018
509 167 724357 748585674
162 510 767129 105378990
301 235 419336 974368219
431 681 0 611216814
910 297 0 998706674
844 460 962783 228068680
582 38 0 921680448
824 706 0 490593623
119 94 0 910078473
339 150 797815 660626774
894 443 983416 22152708
773 323 288404 205495607
639 962 899945 998783749
501 605 0 722342791
265 145 124851 817390284
384 695 1158061 885326559
818 548 0 155245844
116 564 610225 915208637
42 305 2172344 151934766
721 21 361108 390831910
922 588 0 181943755
92 641 807971 382812381
8 921 0 161392085
44 178 0 708021435
301 859 0 873916051
244 186 860666 202028427
757 469 0 868515212
363 857 733780 644666086
966 451 976179 943359143
702 327 614299 794823157
290 791 0 849472820
461 266 753750 683202834
626 744 96017 557010085
333 840 0 843893743
952 747 811558 970283640
676 152 333355 776091634
551 618 0 16713369
693 849 37566 148575668
75 463 0 738809939
706 167 470160 980777554
254 556 808028 480665997
690 285 199261 514328460
937 340 923536 891142844
327 753 731420 94058197
742 204 283582 996815025
952 363 744090 797565478
233 748 766108 366547026
871 158 0 234964001
403 128 964344 470705658
503 446 720036 772585207
906 842 952986 512215242
248 176 381026 166277510
264 371 0 563600357
388 536 147840 832300061
650 21 0 164656564
981 230 0 462646847
229 727 2399755 964454324
883 728 0 735323364
423 282 2122350 502270264
132 980 49617 733982706
312 482 53216 920031001
56 701 343050 968418680
692 598 0 596971706
36 216 835665 712065261
683 744 0 377822670
432 202 1080671 31395084
259 686 626099 169718133
845 152 247263 613750800
474 196 927046 905672943
146 498 841206 126429737
778 358 915203 798772106
669 607 235424 636103793
507 434 0 648947516
824 980 109487 249412046
388 211 0 877595748
421 826 883492 512611986
439 655 0 322312379
773 275 2435551 297768866
881 689 557544 832594377
210 843 1119917 624046881
523 38 449806 907548844
382 855 1256645 628497585
812 577 191232 113184163
984 781 705680 179956531
44 943 862610 486302332
27 782 114799 312505916
395 165 768022 684576097
822 165 188373 518162845
779 768 580524 477493706
333 866 818587 355467626
540 450 0 982804751
209 715 0 517270113
344 99 339318 980722670
653 978 544083 716193859
607 318 0 736240026
335 341 653785 318858318
595 267 243316 616513017
595 414 950317 249496592
978 876 1084502 414462357
141 554 215798 825855599
436 212 577459 172817944
830 728 508575 299230060
428 571 173655 837551634
98 390 0 725048699
593 895 392752 882982882
896 972 0 705668402
440 71 731392 136542876
257 12 0 694359429
34 78 0 176537665
433 954 0 584662405
257 617 333130 404031894
988 898 557516 525130135
521 699 3388 439368933
777 203 0 56924899
179 139 764301 931156869
974 148 0 570972977
44 836 696163 318043094
525 330 298133 305887152
71 72 617371 47713834
818 895 462012 867667140
786 950 299182 951317669
83 385 0 741725444
58 487 522653 41726855
368 75 220066 496828973
916 516 602748 379001257
57 464 1166895 724913111
681 654 0 76699755
339 324 711081 532941987
918 418 434155 999074773
117 951 1120189 866030102
822 301 0 30220184
366 420 886005 394759074
583 536 592201 163162937
983 179 625652 188059090
994 863 0 703936710
733 179 0 323136412
815 796 954487 917356126
809 273 961317 864840805
521 580 218650 100096605
496 252 473779 347476224
200 835 54718 256877302
910 6 804345 2090874
143 668 865696 684268494
422 588 0 590787927
38 977 0 115503233
552 621 298104 156514099
831 648 0 747993067
200 708 0 620551917
49 37 0 229720146
271 781 108322 349750623
468 317 526351 383998300
910 20 337931 587464979
707 992 0 801887708
612 908 275095 867120860
304 90 1162919 750112094
900 838 0 940515893
455 326 0 529553718
101 482 1005385 791370488
886 579 917449 950661119
684 602 476322 902627414
623 971 480064 44874751
125 205 336720 92054909
866 657 248789 370262268
137 820 1718049 950013248
502 4 146786 230739186
985 601 834171 515863528
698 869 1932609 837073638
627 195 0 897239287
265 8 124850 372581023
179 601 188833 578585470
854 393 1338157 955019640
946 754 476155 114778184
372 452 914579 979358625
762 657 0 877794488
770 123 320919 276818086
719 903 869726 350210718
338 747 812883 48069277
986 482 108197 62383688
816 567 639052 270389495
889 196 0 696191897
824 953 918700 814671079
948 408 527612 509134478
100 94 585769 721337045
358 155 914218 598005647
314 455 937028 303746170
151 724 756967 145393118
81 281 362099 282163287
575 492 138099 278947957
32 813 543336 243836194
573 17 1184571 736990363
985 618 0 706492580
335 168 0 236774708
806 662 12113 559323899
29 923 672625 484971510
766 488 0 440237738
360 396 59867 846303914
262 542 42584 856079390
516 909 63166 277286726
322 29 0 934865032
142 29 810008 117912503
393 395 0 750298011
930 781 656484 528070997
18 516 480033 95894091
336 610 2389846 722804446
411 703 0 248770098
783 237 706973 702058272
585 958 800793 205610566
192 178 707401 760787050
886 618 219314 364058255
447 636 313678 350456225
743 482 482620 416409169
336 100 465525 128737713
341 987 0 290938490
637 816 441565 492801380
269 751 643420 400270933
643 11 1525639 188924245
198 812 594352 200019915
72 171 961910 116022350
138 781 257259 34814714
204 315 107196 164246687
747 520 284549 800953045
201 267 0 628352454
78 134 183998 612011748
493 914 0 981384922
635 288 879031 451515441
522 74 0 321200450
968 260 264781 67470987
885 645 0 868329072
762 416 291592 142016046
611 709 357707 739139074
343 783 77666 234766304
578 805 3069460 395944590
391 431 1146076 800997776
772 961 620354 481825508
800 967 223060 799200698
107 474 339612 697854280
317 140 366881 975995253
915 386 0 655174256
489 893 550564 393030214
457 119 581611 960993874
321 359 429347 561613944
763 507 0 81292579
547 306 465168 50480933
298 256 0 892220736
677 490 871259 932469629
644 661 371981 466440143
846 112 404388 622379697
579 403 954958 171330621
42 448 265542 601840277
872 562 423274 706941044
746 540 0 365924979
743 365 0 950857686
43 862 0 500266147
319 999 348608 614590042
987 559 0 157188030
593 828 544038 831778935
341 790 281649 982745185
119 5 0 622806416
588 343 0 971382323
614 14 0 335814859
965 317 527418 855996309
631 202 575578 435858874
52 68 0 731219652
395 271 1222844 199856155
362 162 836663 333387687
144 97 0 849360971
369 482 580438 551155418
196 289 276398 1095174
931 288 0 627957290
956 439 0 511614750
184 692 40581 277484516
38 774 53895 81545759
891 691 0 921862408
194 621 641689 320656552
969 319 100461 394984833
880 689 317291 225605416
173 527 732064 818440427
843 898 0 221030553
582 615 312593 839889946
420 211 0 820209178
673 272 987928 996555638
452 422 624512 399648505
930 583 593311 725658718
719 410 253759 934136952
973 511 0 231677555
538 501 886981 146337234
419 719 442955 99344213
982 943 712604 161001450
647 785 370419 640031988
74 861 412908 678226362
483 91 952324 839314717
931 989 827637 99005245
157 970 0 692745167
443 643 179416 488617825
938 503 368170 465586424
962 893 122296 201455876
111 990 760839 685634998
363 939 993336 784896867
236 618 219311 585008797
37 110 497739 558400306
396 967 49615 39586180
38 424 905059 375186941
929 771 644648 653988142
998 763 371311 404811482
310 51 424602 566264163
200 403 0 883924142
962 30 138201 1226788
272 748 973909 352077754
790 409 1126026 410661722
362 392 0 594777546
410 258 0 297390037
766 490 938200 274561492
420 520 334161 793229330
227 698 804454 506552451
356 897 0 27822768
581 340 167972 878091236
847 96 470245 284514786
951 650 391184 372587241
951 60 975252 77899455
360 283 109488 439815017
184 928 0 302137425
962 907 395739 117161979
590 736 412725 942699551
654 790 440035 586607296
241 356 951797 57537962
523 404 75862 470346779
614 962 735014 637744152
742 93 504868 378142785
915 827 462543 333398536
277 491 0 228154136
376 636 1096953 709448159
239 589 245591 443223812
212 990 2397786 458151380
955 369 0 505424094
719 928 0 512351442
222 838 573385 92768602
740 266 0 240424099
55 676 804106 301195642
845 993 0 722092575
144 295 0 67472095
724 720 1124589 38132231
704 438 551602 280651805
994 799 0 785783333
650 83 201989 704818738
717 727 913043 620583103
930 302 758255 59290274
43 423 786765 605823329
464 223 192229 27362901
774 520 0 732393723
505 986 354795 415087734
453 481 685775 139195225
776 774 948024 653137996
36 65 0 400884917
265 201 304560 19196558
300 311 1605394 299205766
986 477 0 626593978
889 708 511265 832836576
886 591 728334 847196863
528 986 303951 225244342
519 101 0 638936453
928 57 859565 105524037
733 652 694420 38432852
582 618 596209 276112360
189 686 0 647695386
175 244 430188 864997173
411 853 588800 277316894
812 953 291995 607046774
919 695 340267 602345297
725 743 887686 267603696
64 906 315397 858662658
569 151 0 589404394
143 784 14802 943289742
723 366 985875 875409027
572 429 1131646 886602762
525 50 130011 309916261
917 948 0 750381292
192 180 734913 889049196
99 710 544215 792057677
861 993 0 197637809
652 327 777677 311535611
100 792 301874 584856706
314 532 0 390333554
654 774 925811 838743472
876 782 0 805203369
145 921 0 676261389
897 448 137939 284738123
396 501 0 386870769
325 666 466796 229783118
357 269 0 943610833
69 54 677486 456627520
552 294 0 258970234
613 47 0 421773918
744 178 0 199207007
780 856 567444 157425820
63 738 848348 364363657
18 266 936903 569807994
306 568 0 229677959
793 341 0 407587571
181 241 341248 779571474
967 763 185888 896894542
784 674 778313 82640049
151 926 0 451242254
981 132 159114 101381880
559 256 0 928715759
711 89 0 666686858
94 679 268695 769435740
907 684 994266 546992483
803 582 622955 96627653
940 694 493624 127304453
25 83 788944 150923860
323 85 2537712 508693459
244 211 97172 128169526
693 732 0 505706536
