1000 2000
533 295 906660407 226238682
663 858 782834891 317583990
432 741 178321254 269373046
199 585 440333110 878080395
112 930 56662587 175240889
887 176 277002252 247529003
88 430 381467892 862060252
183 285 788842311 446826572
503 201 868902800 882623907
446 778 251595389 176086319
270 775 467630971 989674637
709 675 544394683 731838126
19 134 112599619 4567248
404 518 79817178 591929360
333 793 752736515 213839973
741 397 619824329 783805099
189 858 12807239 974364492
729 751 662240458 780028305
474 487 858490701 772267396
737 261 839241734 616938563
134 444 811257499 539723544
835 917 339180774 40724888
42 1 743752931 814305272
286 436 143955297 881895062
450 116 63348650 952470008
292 375 164333138 546316642
727 35 612388905 335057768
139 316 346621792 208943265
933 594 180175648 85345675
573 608 32387433 737398362
759 235 979008305 371053789
647 203 142433631 839341907
960 61 752201148 943813696
168 263 305069833 962060359
906 699 509863749 779656501
92 830 219376869 157322582
555 138 150461690 958019816
593 868 736416480 294289980
328 767 975475865 759217112
392 565 706534750 97451120
743 911 336564511 446992969
966 623 142859443 726284998
446 601 73849250 619830154
419 71 736477873 372519524
591 793 291544748 299574283
685 875 113536485 597289764
872 82 868589836 209970738
231 675 990350847 526683104
816 842 966159735 600967128
67 389 751250054 926326179
867 141 575047320 617469380
831 782 671287929 987428435
86 980 376490963 962239001
996 738 74332167 536333394
938 647 145974361 122336834
687 381 911366662 791570008
677 584 420947384 547829467
678 949 902802213 227188061
671 537 320139338 444038543
371 257 988739687 428854654
178 835 833417197 986478585
896 305 194835550 46185147
991 773 478557267 348733990
521 958 725561564 141970336
766 31 506643688 833201695
535 138 497740982 264721016
448 860 233578642 813171735
318 397 153198043 344483368
586 112 554547439 621853043
224 989 862125475 692973629
321 396 571359491 572344934
747 365 433518172 892101392
351 709 871014938 750548318
149 999 691296978 89686438
159 901 553250335 585267767
344 866 900267090 110776247
227 572 242223001 495941726
48 154 685664913 595289746
119 359 871823767 672026489
749 866 894335228 404939430
147 207 682340987 256486151
792 933 610449479 605933179
67 266 975112073 317289666
33 854 386839441 175867856
925 705 708021015 179882285
754 363 615843338 532542481
468 559 453471386 297819041
593 549 919788094 276708110
397 132 678051223 252850547
930 732 465316603 661772592
538 49 830628723 122600995
197 837 863447089 767371054
640 124 368573827 677171259
990 493 611263681 121083257
982 834 392749697 200170678
152 663 103396186 832519227
999 296 4248912 247699293
601 454 173988812 313504303
712 209 426096464 378690748
579 678 552576340 573419724
458 239 405723518 97009218
204 228 566376615 292072142
663 247 813573695 858649961
360 119 999498447 523269919
90 254 377865147 13446466
506 553 624705652 685578939
639 886 526193722 980559223
325 93 983776685 301926464
323 890 294527508 966457355
660 754 87383803 685149233
727 337 74109825 159045293
255 268 910314678 914633962
57 194 796977130 791515186
630 666 270189791 585729
686 512 300429966 906762184
246 479 360727205 266842338
489 564 353526599 795248293
941 222 195812112 818532219
306 962 588832250 108755597
760 596 320587288 402137531
814 241 589713402 202544190
495 18 151147754 277821076
579 925 412903944 172744472
269 870 333623625 364587720
324 343 510692777 412371100
296 869 705480001 575920487
784 333 631577101 733100395
990 520 953160617 198740314
837 871 710488479 953391982
589 697 839565049 230656872
744 729 872841364 418244032
406 455 948335180 376261522
996 503 952318269 919607300
439 392 773577842 150115648
497 310 343066363 967453418
424 200 167750104 557346492
285 46 71808914 881480880
892 317 121394091 368700174
595 544 253839052 757036343
685 614 816917573 449609495
572 423 978631799 345080402
219 20 564552904 63490924
894 781 676839691 28167717
594 673 488569476 808073577
228 240 814575555 92273377
715 139 955908931 503308782
562 659 452326177 162749127
839 932 474213926 146131364
209 691 388784728 898157736
402 287 483328490 678785673
145 119 664532205 619821172
925 780 999055524 81139666
452 435 531259688 331749937
618 841 904297306 753389557
918 12 634427286 567174585
617 903 247590727 529088862
230 380 315118176 591761169
125 272 345291063 542493674
638 754 474941862 116875880
846 348 65466028 566297358
148 787 654265449 960011002
99 371 517714665 776213726
694 731 557338925 330185738
954 957 581356693 845299802
170 409 633223410 934010211
481 558 208789817 652928705
477 918 796591099 443049777
501 900 993637306 349391672
788 279 652126064 285312657
279 557 691474708 342104154
335 819 78624018 132171418
91 511 972989570 913376840
317 841 766994327 875168996
150 22 660290241 770505219
57 566 331747743 258479638
568 587 667903557 387791593
962 852 467987428 487856545
758 976 916385457 227905900
960 735 193821387 544287086
830 113 66757513 398452698
595 739 716811507 955026460
984 628 162474487 487487334
209 754 787208330 895891341
29 578 995404919 727186522
407 903 550483858 492240432
350 742 42186837 554232528
37 379 330551159 294630095
594 278 958780054 19041897
620 206 914151694 890250476
876 334 436384084 941909253
785 569 117994918 415461160
743 376 938839167 982743415
967 298 260973230 949603271
390 307 303859348 913031390
97 222 903772378 611416752
332 751 963921762 734774163
606 836 257740554 229167181
344 710 483157546 863846516
3 750 494032483 887752142
82 728 70428325 736931614
631 63 478450180 922220957
590 572 113602225 910907800
807 517 913793872 466814142
623 192 691900693 113102158
540 898 387682924 682295106
358 923 489860647 341302471
254 882 936423464 416737873
470 50 823689959 382615017
631 72 646308072 800310293
278 94 224942149 368962156
672 916 136356006 84603999
397 179 465149075 313946074
312 198 675131967 692422193
131 69 432891938 107064991
319 748 269292635 357188152
343 172 953620473 569723596
256 389 429304450 280288289
576 857 912646933 488070163
474 148 986418291 15061222
857 805 228109753 976665460
350 503 186832957 858597101
320 304 592397548 651877970
751 114 643074307 767149207
580 139 742046178 717426054
40 932 34568574 654123181
175 463 358518558 806289677
710 36 757395759 486849477
376 753 70138249 798608710
691 584 77821195 64459465
675 787 545738003 448351175
69 509 427569062 888332049
773 780 458366480 473205847
594 276 91069561 946436107
947 383 579554285 979812674
552 23 645923305 318218766
332 42 229502712 830589898
234 934 875063880 230878043
172 117 609815490 372487139
327 234 744984123 508490232
518 950 906999482 126172766
412 203 760176106 100137953
91 930 701700372 370487666
17 261 262260065 637966400
464 224 539383401 773408958
33 544 288929142 2830431
644 943 6514936 79803348
202 310 274799724 710643863
190 266 473277673 420646104
121 137 635541321 210284348
382 456 816037849 993673433
581 335 569479182 3015303
692 115 543270808 429979906
30 599 971994941 440125398
664 961 219375445 540939414
867 791 960970294 802815697
460 628 760973408 668188665
654 979 324889730 380361487
451 652 583466207 104457623
54 587 380025663 350143570
125 704 22369857 630425196
157 200 710119395 217012484
125 968 309704660 564743746
210 710 339456671 432848133
131 724 263608957 403152021
961 772 466729989 786207353
864 655 603611364 461333516
446 867 273151047 273701473
303 513 77330101 119017243
996 514 394574139 163625585
294 358 779657174 460144036
194 590 639771369 400694442
688 561 905208970 485137972
28 616 907235586 263666979
302 954 749745435 576842503
640 834 445415212 356547306
130 56 537101820 158814242
419 336 329653211 300129267
81 338 923873632 979376300
261 422 272433162 19422627
457 575 100606311 335996287
655 312 949888896 728910548
456 261 9014318 471403780
245 270 191496714 853369046
462 265 244121858 282489784
746 837 425333688 925168702
561 134 966421409 265011135
791 782 137141967 26251766
431 439 729389089 170806398
28 517 306583248 766880113
103 311 803995745 288617147
309 290 610484383 975430946
225 162 837438376 748185294
736 351 377615587 487125853
899 263 741787519 815373748
679 425 454062433 37316050
681 622 438175498 354606333
797 838 483406643 1659905
166 590 63079605 353169621
554 432 93756808 346003633
504 771 393595053 115834799
149 475 771385290 982114190
871 57 283167444 744025059
177 653 306140011 592488096
711 468 526761217 596172480
742 723 477701871 524230981
933 373 159784358 936769653
762 656 23937908 877794346
888 982 646024712 716560384
502 397 521209842 671932446
249 613 842752901 421274432
664 243 213855049 406843183
601 759 93183994 939983437
323 32 365404306 190328477
303 83 873856809 975377186
334 121 267728468 156898851
108 715 286880983 797971090
752 403 595784084 930374195
432 427 121014839 59563310
179 976 321050349 966262565
576 733 369837299 839354641
490 139 928008303 83294827
773 558 456237965 533065791
797 111 221257241 69197219
266 878 256183427 354340781
264 828 510264066 947513462
614 917 292681172 634049976
389 861 198922133 492291026
949 763 493010218 52776707
966 619 723347564 701356354
606 220 73345955 682608004
738 703 767092467 43983971
857 396 757467188 502243637
692 540 558631256 954923727
849 392 64460341 159080417
563 410 734280070 896458364
909 150 640648863 866386160
208 276 726735012 993284714
865 358 556522502 499510827
455 139 113033493 886637625
364 34 690013512 802448424
180 353 929417290 575022064
40 264 304823359 33231830
390 714 778380285 897976716
736 355 873838243 821530499
791 177 606079906 252721197
830 266 610411317 40936311
641 648 197277988 567225965
614 657 885311788 343717399
407 416 637901722 565739924
810 977 25503254 977648583
108 211 780089037 698994277
941 396 610479294 591196616
73 643 992651147 963392629
925 281 846367664 687111220
223 191 849138045 531822499
526 950 379383051 944192503
909 246 222386077 79779359
231 528 209247315 845604818
908 37 175347726 517393628
69 162 4671355 641495767
54 748 183258130 493905674
771 520 760773122 712914131
637 199 325060803 913986909
839 583 482475771 524626648
919 396 496650741 925638342
375 366 41266782 460012578
79 186 878643844 44354966
722 659 48186009 821389735
774 877 537110201 558494263
148 459 275182559 135246815
596 300 807084415 47988668
989 417 608980030 636995467
605 423 132619220 240173972
287 936 909445545 494242579
267 919 858943273 178826753
330 116 745192172 136413295
23 301 71849173 916644390
39 540 693826415 566990775
262 698 746324490 374409356
273 564 107670770 608474813
249 919 385302674 479418286
860 679 840596055 864269336
624 707 409457874 416729853
918 182 288256409 54401708
252 627 709982257 134718678
150 819 564493301 94975986
824 634 917487388 219395662
548 519 720536595 216835672
967 979 206403181 398401927
204 39 952805719 135089555
206 349 986043519 246839077
176 782 242194415 983616954
885 192 537571331 422832046
649 36 277159186 774743836
403 594 337286297 425368943
358 495 5792720 846783278
583 904 711589198 142522523
452 156 150803704 220032825
874 467 177150098 624211167
372 378 297291213 27254810
556 999 879386048 800083292
396 898 40281882 882841113
527 444 727024043 281096782
973 815 122664948 633509193
647 521 596446408 627196613
978 96 630248419 337699533
135 790 763095729 928719759
699 622 578904710 101544695
103 579 694817911 471223998
2 97 33331516 779843413
712 1 602388245 872038824
447 200 935199770 226414401
963 465 185640208 580290789
392 834 983191895 295555573
716 644 111070571 148243589
736 511 587132258 894422201
188 955 680671447 14340750
650 355 767690545 81197875
447 375 637191861 840559908
69 399 934961884 739608812
305 336 706085482 153821484
285 666 178914780 453103898
519 557 737813904 675708879
121 90 882562053 862907818
561 683 935779350 486769371
366 19 692792086 413295510
77 468 390713906 187205851
804 324 95939645 244205945
404 108 632233657 421166109
534 992 526343297 220016713
932 166 40029053 975838969
894 882 489757213 446165448
245 952 310028280 459663988
784 724 241300044 22336132
8 908 516332384 318223213
713 512 344259179 19501947
285 612 895698240 8328354
189 39 140349520 909600812
209 705 645284746 764136809
408 263 153042423 261753482
176 58 973143863 837396474
828 801 649984464 307418407
944 594 979389649 255760747
355 735 710163002 779894400
977 382 666654237 46769223
842 87 16642985 750692383
680 831 498981958 254813295
489 906 980830468 377117132
887 127 197922737 718295085
481 849 678370796 526311442
302 436 545126644 373717538
564 713 393599019 259855039
75 835 464905921 493171552
577 990 459623861 77977067
513 717 340901778 879764363
916 43 202283704 159106846
508 905 862798447 632135837
107 236 438942893 58744022
112 33 819068258 840528098
108 242 867202904 114828643
434 166 293620114 807737278
212 84 880013379 279960914
893 542 953763038 50508752
926 652 444404632 418262033
327 265 763686335 712836953
172 259 491414691 721653884
161 418 463575651 692546792
612 780 517068523 580898703
560 743 115159154 234617012
981 721 405586744 458034935
386 916 9378673 582964203
475 207 741416142 242012590
545 428 694718841 616214646
865 508 944657784 874069809
319 567 952765169 138685029
29 949 355630243 488700516
14 118 472658566 335787338
434 266 243067922 262441177
297 820 906227558 981283488
246 380 547621351 325074066
472 954 953730282 547069928
143 979 482314164 91465010
988 802 878388291 314926435
238 887 997965533 419396468
198 746 730741133 908896182
437 905 781742361 883996920
191 374 670019650 391086868
525 821 903325072 90603682
150 81 899177079 610910535
302 74 245600996 900883499
95 959 324241892 497742145
335 521 66871605 752987748
619 587 157104337 691826049
576 662 611209410 621605954
486 390 100886078 778325986
422 740 26004986 604892723
190 224 549625633 483520724
358 29 408228088 499950262
416 238 591061450 141466417
265 990 41175725 300183163
196 857 124157856 394003216
795 207 898566866 627323981
540 411 810729691 581364546
319 84 22338695 702219288
760 816 996881775 944342842
374 636 176418354 258026
310 493 137387725 384361752
764 454 662172611 947174979
379 224 290210347 187484404
879 585 380432895 993496911
373 760 214876282 863441579
764 263 341702050 771727800
182 842 341585357 713680004
147 13 772422865 431031092
178 990 975192767 539286630
411 247 681904676 422871465
674 366 748028224 349109620
476 873 117609788 912033926
226 410 713902784 42555156
628 441 563737716 115403820
643 966 130299824 306121371
627 721 943646158 67792093
278 769 733390544 636006361
399 761 379487563 872061641
293 125 320314161 403894665
828 925 972375769 986792718
665 909 881610696 672301435
106 719 305312906 953213115
603 85 705077209 885814442
140 825 50186295 903999973
797 670 76634822 134233747
448 87 315544720 858080412
94 140 975260631 765836507
291 810 749664456 215211207
58 911 392061038 114114696
547 250 960915928 135377720
496 940 231338907 508450960
115 369 24367364 248335353
118 704 566745926 120982583
169 606 570082691 528053754
115 242 104350680 829124546
242 154 528263627 122295025
780 788 529890079 2069241
435 297 992143468 488961743
848 145 766445174 790907300
584 318 770309976 672508121
596 469 271162369 390268475
705 760 82173724 611877432
848 777 286644721 402786378
979 855 422007044 933739882
529 486 666526690 922692809
564 29 243706731 32785632
583 511 580098078 434256752
387 599 271701188 940255769
555 853 726694052 13488694
296 430 636362005 651115280
472 756 998487097 860306345
502 628 930167581 843234176
846 280 439473806 496891399
261 841 248877828 961029644
675 245 390268272 428068955
585 717 327162160 338117262
224 750 241046552 120512477
349 651 20804843 964841736
275 704 607368072 540218765
349 529 75669536 313229854
448 312 572281888 669571458
227 215 33751693 719370676
112 198 54511473 401156842
526 611 341657023 792887446
240 135 379432023 724084155
571 599 453162170 527929413
67 383 654555665 477512112
715 491 385687041 584482002
647 661 833786173 365613647
200 22 789021516 405372184
474 180 997175877 584846364
441 15 452040045 545513743
70 213 170341074 833130351
243 568 675443103 209516009
89 487 872471462 387340528
450 783 654347455 266381405
394 745 551740030 219543841
863 231 601673957 6553418
202 521 129695196 747671283
537 117 108097276 766150407
803 609 697771557 772148131
504 643 630240586 870679990
403 368 337369774 396226793
326 354 819078973 14681200
802 36 794433637 311325985
469 940 798875757 509196090
494 567 46849459 371628672
392 152 942274392 516783790
188 324 494837880 892388314
475 764 384528395 545033699
279 175 590569904 725343105
585 534 337621764 645108049
524 791 784400684 202308186
937 920 49682892 212084385
5 468 683348627 378764327
531 143 254284102 999498860
352 481 803365316 546348929
827 683 1756483 419839818
731 864 80937945 865085435
554 999 270256943 361488179
270 872 132324524 894166274
223 776 619505590 971329084
520 32 891131132 456524608
498 268 943349373 620839242
59 309 297448375 902602502
759 818 638554466 241802535
981 366 349447413 332368511
96 613 428693568 9949835
449 985 518509241 818263905
950 287 55918968 940050437
478 781 695960734 621574817
329 968 443320317 188255199
336 693 734912915 957799443
930 719 931931560 979599276
369 460 466835942 919688279
266 477 81046549 114168136
380 520 441050955 664280385
635 488 595793244 446702513
250 92 900782422 622716514
936 758 682576329 319909801
911 369 83672050 599629345
764 238 153702670 478444099
205 223 174389834 147302708
197 820 536671974 380972559
655 777 645965453 438270554
585 604 491471545 805855987
725 946 30937435 204563695
879 292 694412289 863368138
124 451 230035136 111659105
6 609 160157706 47594482
254 190 772287051 141272898
889 452 797055702 797087458
700 546 676137763 609628806
335 496 774976812 232522454
486 10 275633092 829997009
192 264 749487528 675540926
922 145 572064287 35731082
947 975 348531016 649012251
243 651 744150894 325853194
538 944 948825893 246109949
614 119 96436577 814195671
164 430 820973454 171865264
773 124 271197165 157791305
827 299 385562449 754439149
326 748 309461530 588364720
888 937 343240499 771587192
837 677 798923826 466399282
53 131 783190420 920590313
887 548 108352563 934248471
232 341 879350894 865000041
652 696 869601636 654012755
372 26 68857144 23954827
20 887 282334491 298034373
794 27 680312388 86476387
617 754 393978422 613219712
689 192 443320515 899153050
73 557 795702145 819004823
528 559 85218702 347806131
893 799 316777068 400234178
919 713 562811855 410520815
169 183 469006005 497603172
125 301 992068061 881229405
413 83 383760478 916769461
82 147 469116037 793860407
47 136 516215345 918743298
250 140 971017213 900750691
52 236 664887746 763549625
55 575 592573218 295960366
79 679 427911505 594364585
202 628 686126011 641333578
672 875 361610652 42776037
470 770 437556169 985628823
650 866 739931044 922569199
810 138 28660602 24105624
157 497 414826931 181999515
321 117 192847876 908123219
168 285 774344638 867766298
181 914 614194877 452012644
577 146 869186988 650806745
205 333 955200075 20376114
537 478 45393020 322191122
536 611 660271981 794002253
545 866 74912944 456651204
180 573 310731596 686717876
733 473 798374695 403257221
715 332 550797523 860829775
264 530 333004044 671233290
352 435 813663334 405442431
234 216 47778972 758625281
756 715 940848754 487126262
752 90 14070434 780203470
357 801 586302205 107350833
412 689 372821037 378803175
327 938 32154783 84929474
382 574 957254521 706326099
452 219 845207459 483755310
51 693 992319129 454345732
496 403 915135332 771806613
317 371 273245496 978515794
43 660 847946839 930116612
932 941 214695185 668972701
531 144 458556192 123967231
376 690 486248285 47967240
621 309 280479861 644556487
358 384 892899405 359605097
260 502 6559229 96039605
329 189 769574554 152945004
282 496 947978960 508958722
378 509 431646363 523004695
279 234 946927655 317324088
722 145 36382293 838567787
718 254 723697468 389657350
494 257 273807960 72962303
498 819 85895565 996945471
997 372 664141504 995839383
323 204 561836520 886540761
995 432 626615403 736955439
55 829 988358076 178123842
100 676 51128832 446087422
737 594 506407403 429198729
254 48 292236850 851046101
499 118 26156001 298900538
246 200 341664196 349411228
523 843 613391527 968592322
798 606 608847505 594034317
414 847 272335437 63322282
360 651 461208235 634290740
38 858 355668042 326071545
781 546 78448520 771491264
886 461 218400372 922214107
811 179 939068515 141262959
193 335 687851818 246927204
533 762 707372486 147692454
124 964 208265543 278181956
95 446 718716474 81751090
345 150 150560689 400203219
624 613 415378410 557041677
367 895 835867175 230685050
208 323 235777307 90236261
172 655 102691754 495810304
655 217 597239673 666674495
571 423 120572193 10572516
550 32 519384742 87928879
327 905 186322675 371796292
738 919 318185159 587668781
334 255 970803123 715880987
629 302 567820697 170464502
934 746 390390859 631525283
546 648 705943831 508692591
661 104 900631647 780642916
991 720 272583460 725667284
137 31 955266048 928546173
639 994 319630288 582267029
765 472 423735447 230213099
553 508 516207195 84212480
359 507 856915631 668254987
181 550 184551210 472256628
335 775 245004757 377338268
286 392 791823927 895464528
924 731 975740605 319677370
423 900 273271962 204306206
164 121 746946005 775818170
743 689 112402308 579080472
597 128 242310480 395076094
520 441 165161181 401402176
22 9 167130445 869751974
844 92 266520913 689298814
49 205 294136852 451208546
503 907 781706851 838257896
520 708 534823333 647760745
867 872 826650609 523524895
595 66 187376220 795194851
637 329 115829286 222734718
528 325 882650307 24631818
940 361 774462183 777589528
441 480 107826552 750106038
270 860 543323954 72679549
932 333 468081296 487426311
274 936 972347216 206806062
382 300 308824089 619077073
152 641 213277902 776959696
2 938 436220136 100107238
731 951 56764186 688143023
513 34 361409747 558575844
316 120 470200863 917001526
648 47 312643739 773835851
9 626 791252890 170409364
645 101 436079832 169635503
124 361 732048147 644236385
45 326 351268713 292488782
823 589 216634237 448464222
106 375 6027715 683414674
348 505 960482365 454589028
555 209 357856041 204884085
163 313 752940127 579940459
727 379 794352589 617555819
759 924 806774600 747353
200 295 841342194 791734829
590 952 780131235 853800056
528 334 782372139 767603491
326 749 177954722 864127735
792 363 797513905 214748760
660 460 50390735 106295194
875 849 173544549 94784648
241 946 245177580 499891443
749 379 370167349 890670303
888 484 899637644 61367463
975 703 381170029 975462848
224 144 402034062 558097667
810 826 925846027 203577040
188 165 371965859 766585029
287 884 962461541 364964880
482 21 471275202 466812416
358 482 500304495 731517126
393 257 984229532 826697301
564 926 100336849 797581102
432 37 305953141 691763914
885 115 905016447 836300483
365 796 576259298 993982306
939 585 397201172 876227859
113 896 206250720 118262763
624 170 605984013 510726698
592 910 363007512 489757936
439 367 233341647 596627012
212 322 32669601 129129142
763 333 646909317 885979501
533 574 231786636 227825390
672 851 746727643 985633790
832 184 155746510 741897847
148 508 380925868 791246080
791 205 88814996 701230585
541 314 451565095 470480586
139 981 914299290 216999746
314 488 710408093 815642375
827 552 98960759 86207433
491 432 386936827 318598857
344 974 196011718 25517767
448 366 416357574 489897924
977 557 227888125 629072331
219 823 878753120 414760302
281 735 461351106 892462101
753 70 599516791 899408863
283 787 372670990 215093661
481 969 189687797 647679241
436 849 53509163 946072275
667 240 854245 491050618
787 665 642578899 735695291
212 819 781141389 714098343
617 151 97615255 31583621
387 986 580318527 800291185
326 577 430169804 603523193
988 978 176681280 79892002
278 523 630316314 953265667
535 436 694740355 158248295
264 512 811743205 139210724
978 594 128693143 424394103
946 180 786297510 673991277
77 918 657876790 851632508
661 482 2390664 588681816
60 411 155397034 158016179
804 193 943758807 292375695
61 394 799854351 962338695
58 405 427333273 611732912
922 793 682450311 586748824
318 863 846209847 912160679
584 395 846928448 595537785
295 104 740522989 781678828
503 59 233428338 775810950
426 376 209433648 57264286
460 26 336708209 620510474
708 379 94837584 802624624
957 329 955363544 836468558
62 61 829059285 423236706
651 985 429319987 253212186
398 624 818141637 893190944
474 933 67455823 331753254
486 329 313923688 87297172
456 368 589652267 251749440
987 721 887882928 419043641
507 608 706735610 546276797
192 896 461858971 116204620
680 231 265735842 634949715
293 660 829778825 821239759
233 956 189272152 814516156
198 315 837349536 581222430
163 442 847458621 435520562
425 263 812833745 895062031
926 164 316992694 457723646
339 353 308578668 919018498
890 962 619366171 483327677
855 571 142291308 912446490
366 293 429615233 618826117
371 101 789316256 388286480
939 232 457354161 145432547
330 157 13306333 315218201
410 349 337182237 742005327
299 424 286496584 772933174
972 570 270946316 757665496
426 801 996384847 288935998
316 543 963403685 365803747
63 760 638970361 463009329
286 921 720776871 883724063
673 753 674802947 507974511
849 255 235763676 543893533
652 401 904627459 879939875
993 137 966362652 27008403
208 824 302763139 515346394
356 149 615529456 952368229
401 379 699914612 151906448
966 208 527229476 305455446
921 826 704301268 943101930
557 508 537388816 255738501
92 315 941521449 609530403
449 145 108015016 601073479
211 891 932553433 504129493
791 454 117136773 123190506
375 198 700686136 894569739
746 147 774552278 829878720
491 694 580511749 931107466
287 20 260485074 295736259
995 275 571403525 967156207
992 556 23632630 609834174
796 841 708506904 560094407
325 360 978041503 228315925
239 427 406880616 141408509
300 887 217507990 215310740
513 685 994496718 948230016
439 468 847532297 821978380
159 24 331176981 453572375
900 261 667581695 60951953
546 413 996633085 813415452
812 474 935293429 203014956
649 386 423170150 62779918
398 491 887603794 442118026
954 442 375975833 870983965
318 759 713914446 554209757
240 793 783321940 650002660
750 370 245722215 144346895
615 603 720483448 477602168
113 141 830452988 683076821
779 69 774075204 696768494
343 766 871583737 137664
177 194 624201234 813099038
622 979 327729010 169706911
952 777 863962505 928521457
436 162 259215399 205758172
68 296 998820752 617783486
489 753 423569035 119870789
260 44 328388023 2329807
169 474 795276375 919023762
590 176 624984832 350254492
354 487 940587960 960704396
901 206 681332620 151702782
471 469 355713203 971694758
857 335 138809220 500884443
533 646 657231147 816523234
548 219 71651301 98469618
195 787 87489720 57863118
479 721 670136703 900132343
790 959 167218955 143991436
866 226 517131803 190996137
516 725 702870977 990324474
718 351 157596787 823703866
769 240 946916723 299529425
352 588 471182095 199960038
91 813 172230860 874264960
338 663 563600975 773435678
718 979 664561419 700725266
502 705 460652519 329713734
754 751 515288553 755199452
773 688 397161717 343088021
251 910 772824940 381870210
425 530 268119033 164393234
958 468 900536826 835270501
789 636 527489704 594026681
705 120 261533531 445868084
246 607 671319163 185054334
595 678 437857946 359316102
717 84 331429749 118759344
213 311 317070303 768689765
763 51 461037080 854489687
16 482 119616840 723566925
676 677 256087837 982021768
656 40 480997997 792626496
666 183 924915800 788088038
808 505 269951855 546430918
486 684 649729567 871671961
665 631 648699651 52102286
634 156 66274584 846528124
87 471 987869046 438660401
20 44 763961286 854444886
114 493 266701261 486558537
120 555 47850196 328490711
177 376 235386590 336208312
757 417 239297829 116283473
832 966 414795733 410949592
78 444 388896449 535711196
377 34 639431708 677520172
854 826 183157065 973733677
429 459 640327845 837359026
136 846 510686071 543125448
864 912 308665730 802806179
91 213 32314700 802154423
230 167 463300935 581136093
765 729 293496396 279004111
292 384 312636447 206725720
449 422 940019948 108781681
79 506 712550000 981459839
427 191 368398769 631835603
725 961 71097494 507414859
748 672 361448332 55475577
294 979 628009317 434107335
438 444 706596742 412253346
62 151 899577542 494698336
592 970 971778158 936849135
354 283 482475286 40185675
1000 816 573072241 624432116
162 121 103196828 626324808
751 951 753023231 207604581
391 257 505141255 183123445
8 887 508144826 891216935
650 760 980927319 944057573
468 324 418218121 34815786
236 79 414108014 88459730
326 885 984165931 587079255
493 699 820653196 131831445
728 196 805805356 143652408
793 776 876723844 266216100
486 409 720907630 778650418
198 896 4285753 309213912
986 778 560606141 419055452
920 259 188199585 68192770
441 51 195114529 228169876
881 537 612166582 836292011
864 140 350207409 415966377
996 962 148985657 374223409
919 169 165843112 821333488
614 936 676427595 794177581
271 524 551680536 751756751
805 984 211390366 154213111
520 808 146888288 415832286
899 624 709368003 37828097
723 284 189657185 297546049
487 746 120383012 325340089
948 803 397882166 930203191
304 829 604560191 93521081
921 433 465011858 793740807
59 767 523985598 212705181
480 710 163652811 750734726
463 922 814633746 530595007
762 371 22643291 398294668
944 390 184411434 638250683
933 443 557850584 92953797
857 994 391165583 703409714
833 40 13483941 704211960
526 766 908741251 907815782
525 787 138858224 973833296
257 173 242567106 309350091
169 28 483098961 140473222
387 505 102791284 753266421
990 895 551042614 272886021
115 309 106023909 487286558
383 909 481518063 454708752
383 128 740891076 740708853
289 479 246891964 490539128
368 360 669159109 760187600
431 381 463517557 823202170
955 383 742545289 867518421
881 271 453210456 266274046
108 197 740910430 526882015
595 253 611909562 959448929
601 191 792258020 162921711
123 716 732591782 963073053
679 731 817889364 991156143
89 991 61018853 781954530
412 783 831970314 449702016
331 855 343984433 57989742
17 622 398948184 267461543
726 39 165858257 591539351
414 523 996869232 430303945
75 513 998102005 714941491
735 77 915443346 258840764
712 256 140844850 161385619
125 600 935403200 201540418
99 82 736099938 99030119
127 766 635190092 788798128
417 420 289734050 186559955
158 691 445095365 713792970
990 184 154963437 882356458
677 333 940386528 218101601
62 697 341008482 632332055
123 104 505155827 63633044
579 115 369009150 498215652
346 56 996093463 986970721
852 327 583780639 666771074
842 883 536076934 733181048
862 901 922515036 261075752
54 381 311840263 206289805
979 968 136487661 539021532
168 4 136006256 715665144
801 568 803953323 927944423
294 344 301110059 628820154
228 382 470631897 766703229
940 467 682161511 425864331
590 930 920069423 925940646
250 849 516972615 954971805
190 917 15328209 73161901
582 284 836559648 91765378
545 984 661636770 736643495
155 440 428911771 333657078
458 450 501083351 403620667
936 659 908313511 441003625
20 478 428991620 565336557
579 121 789460496 523227611
574 130 90748953 314114376
718 337 284865402 47557581
530 301 508318512 495540975
386 751 289073571 458695977
403 655 674005271 464429328
88 523 301658842 492430774
62 160 765028674 441536282
818 713 231272113 196741095
681 377 867124849 258092706
61 660 223021575 479185893
441 798 249690928 940938091
808 399 783288010 29883180
1 608 3929277 659857064
309 74 542309613 800823168
133 266 527694386 765110626
548 642 910286422 440286888
750 135 834875525 722829653
536 328 510747933 623527454
389 418 975169659 689527986
415 750 500115297 754656393
227 482 66170748 230591592
902 136 136938114 244750500
93 834 334623816 225090768
606 620 805152502 473201354
142 788 193328391 672834512
923 812 204306591 56258207
473 690 555269743 720513447
380 235 492184601 718566014
232 752 547150894 120760281
288 476 555053176 578788301
36 619 318447596 277615400
312 191 53321115 33800442
854 911 895379464 835377873
188 668 189906921 300814042
623 667 406095453 913971421
171 466 340479549 662882088
385 959 388382128 645904385
4 212 966369369 251629446
614 990 149903079 406952160
264 693 189149358 479536820
631 207 40372465 929761251
817 577 414841558 988537258
561 22 335919111 59020273
240 125 64735318 220588366
193 778 603894142 145797364
212 786 554707114 702036097
632 307 133162024 312663832
831 353 785975084 475176088
53 600 196755539 289686773
121 635 10038467 733009045
262 115 836444183 363558828
759 955 33561746 815614479
238 984 282187697 264771389
105 117 599593478 836412652
589 737 196849873 166445062
636 850 139912255 190972896
212 29 914129507 95047430
316 248 684897124 477230931
833 85 129626373 59372806
86 434 852624191 138137635
934 577 315537747 162496348
868 248 497826452 699766694
728 397 380035591 6733450
213 841 263408926 154207255
581 79 709260222 343000172
380 632 16111352 825396577
978 20 175545404 75745134
275 730 192151826 531458327
159 227 584184826 691878326
540 447 17193806 122978207
745 397 205881260 62774305
84 744 853061148 894115587
285 398 848633627 551709353
157 674 857748509 720581000
90 698 439437721 386264830
873 717 345530625 658043099
277 840 748627260 135875310
612 264 354057443 529226220
366 292 68727015 773414854
186 901 519168192 184488865
533 268 890349999 783075562
359 983 312631954 713491572
117 651 811856978 384027537
827 560 493307478 843125369
267 367 784056516 921447579
73 129 309037370 28080057
604 926 26783693 336646894
831 389 99118945 349135797
695 636 415396420 185380615
845 487 36872910 985101561
829 155 680719886 142333257
483 839 959165143 691316414
634 278 113871630 701496817
225 645 241135851 433781529
505 84 683299322 443586578
620 597 419999563 791655759
194 866 659804626 4593056
758 711 984516300 431280126
952 215 119044910 450710786
485 60 879007183 759752693
334 810 907548071 294393130
990 528 953192821 259016589
656 366 762260988 594394114
194 745 319792486 835583478
534 263 17574167 430939184
247 305 121177175 925834710
273 948 347502558 798778662
242 181 797524065 897762310
831 683 27989363 581389411
352 937 436814791 94249121
224 843 407904807 929623238
413 90 938340014 986577621
276 735 475393121 996312540
457 146 989298677 958225654
204 241 830517006 470160290
153 611 410382396 707384799
396 772 531247314 646199277
472 389 678729142 29763717
656 594 703651571 87786478
168 358 903503020 963485402
834 437 215765616 764932547
856 145 307746999 287185452
292 40 355143094 853663498
919 225 384386623 476829310
611 693 807558349 743976287
611 705 901394866 867428819
443 545 920610803 277183557
759 782 803625799 626466557
236 488 767067539 524771942
111 731 317813980 239993429
109 716 236034559 348842359
891 815 292227391 309056512
281 821 396890003 876850075
953 503 255315906 537704824
257 718 835682549 197542738
207 227 679993286 425809758
850 503 585975193 167099978
8 554 597423275 248052708
648 21 210713572 129365053
173 144 445844592 373817024
906 266 918600879 587618168
466 162 631212630 534934513
900 101 340214065 433974768
222 988 968960569 993938788
780 648 305862922 322111351
656 349 264270531 328660454
988 488 625330022 757554337
691 185 433792711 801308706
95 161 283382975 545770185
69 315 876242727 381408222
364 607 663122080 328104593
376 362 490768286 941741372
915 217 70354582 782022672
248 677 681078035 160891093
629 794 886635693 292361846
781 783 71765094 265915609
263 914 388111933 645374688
15 614 937594715 417482609
212 95 91145395 468639367
642 319 105296834 894397569
67 552 644464982 513398777
591 850 91930938 353448578
623 388 437558990 533281716
501 317 339935605 176058097
981 602 237520807 997638016
835 846 999271622 389736748
206 371 344541706 629592057
321 764 69429293 75376543
141 565 620537997 920963775
447 598 550754243 931128013
132 258 469060224 218196952
698 460 108066314 35748274
583 701 660529121 290003573
588 962 614701470 71314767
785 326 459479269 298727224
253 517 214018784 164021868
495 584 284536779 792500822
389 371 73852917 261345174
373 670 812072788 636885933
177 8 238740233 655996297
249 487 996482381 246802602
852 864 793346870 420037910
182 627 596600971 399239133
756 754 659694608 699548589
192 472 151214676 963517839
33 96 236589335 700820371
990 601 803085581 453712112
639 329 771683864 73673601
135 480 300910411 991611445
565 663 631091312 807431310
390 694 610558315 85709266
552 143 64845236 819248221
482 638 318319382 385682197
879 683 167857801 64784787
693 635 592706846 673783554
794 136 972656505 274479289
331 354 552861721 791530577
221 614 19210861 300640320
906 964 158265403 551393302
304 421 858331899 747728122
486 635 30537312 527131993
840 660 986116392 317764958
143 417 114074018 778927102
213 227 403625881 739329623
451 689 633457341 946347993
751 194 937649722 932165689
759 656 77379250 359397369
647 544 475283731 347601535
515 780 536751600 851122841
55 75 801966476 556178920
215 425 511639787 873117148
762 457 870389118 913109551
457 422 924539218 909074468
239 724 564164487 51747048
728 89 750848216 782625745
138 3 839791515 264269956
708 384 413878290 66102190
992 560 811823008 110638727
349 128 590672462 623817479
389 754 383580160 58491424
442 470 370790505 695272087
807 498 424973754 484182034
456 23 338744334 216678681
34 106 295733737 497216873
401 685 398147146 372627640
837 556 195665442 399922743
727 268 643339817 713574218
423 144 317275978 884056356
569 345 655854550 29723552
506 677 729469849 93367708
890 960 978078009 899322370
639 633 393209414 886146343
695 612 149976267 946307477
30 561 513353470 979804080
393 222 221527110 406821127
476 840 502831202 279300203
256 373 250068183 278375425
121 659 827110773 96415971
666 626 273233507 225345162
722 358 17314095 300191022
681 715 865192627 183210128
752 978 13130088 6017120
434 862 885637551 960809755
58 85 539467713 155645681
641 70 745067125 637896495
598 690 822673185 536107199
473 225 396218753 552212131
343 428 88204875 468329709
555 211 591517882 800838012
875 173 419096944 346750092
970 156 662579711 82106109
314 334 57248030 595173731
108 194 80801275 667664975
981 959 533951133 373284429
309 43 69613960 801754203
832 476 114020099 980968917
198 230 795673028 219299147
700 202 496125295 840998723
394 753 734188282 884221430
605 792 151934152 210342373
447 588 669923867 885348388
617 493 463186698 970127321
252 51 476005260 62974836
178 195 548910513 131672965
483 709 360523336 419771820
617 698 128340827 155346704
367 802 293611389 54997967
805 607 497750176 518349652
701 155 811410422 135762093
47 558 970514471 323599484
739 53 756837311 312663748
607 145 936336092 262312375
294 823 636649099 451275152
808 940 451620968 244303629
746 513 382133583 941088122
71 541 831219995 381417479
469 407 542512798 869546898
714 197 805696064 113930086
688 819 68634380 341026333
482 66 182979149 662921092
953 623 833128365 902359030
723 822 853096074 507161844
334 731 355485172 668675915
867 877 525361455 232319699
223 297 107764886 210331824
523 395 547622222 706191802
189 495 34915124 776597565
347 64 624480254 794889330
835 471 25651426 978637347
601 897 417287491 445085437
65 457 118239479 414834058
524 240 73032785 533879928
586 475 907659609 66433666
32 761 635150653 146722621
899 769 319752016 473797350
537 507 565009914 209688946
26 677 739668152 833725816
968 520 164251538 640504748
137 871 902017959 380735680
787 181 197804613 60943734
313 8 600444545 160949507
664 168 798259184 998521709
999 75 358971660 813555880
284 118 494458873 987343372
912 688 263948441 224640676
540 79 177950235 848590451
883 818 393207024 67552849
767 116 121339365 289490750
106 121 533200073 693071808
622 688 954866365 366919014
357 676 566785607 876967457
523 458 999162655 365666181
85 518 178923247 72722515
487 351 356954427 484985104
2 39 712480886 967236413
899 222 228953831 15358442
708 817 815954767 103878228
930 236 921565755 284458053
123 347 446528252 812507975
2 280 530238325 355078097
780 642 493393304 780195515
341 454 332980225 207751890
806 751 673669634 844746680
323 293 335696580 504400432
94 429 851346339 95178402
966 694 620026090 855084460
901 311 913696279 382313423
310 162 152744141 141566804
443 219 818030784 290511273
636 742 723493493 947170485
264 511 822602523 120022500
551 217 527905743 439534222
598 15 438531864 109796600
727 427 253479758 73634334
387 948 155148750 123199703
177 972 666942931 550989170
780 727 821680166 597888585
607 147 561428242 73637723
912 247 631787224 562931272
399 208 4653381 727055073
889 584 812927327 363026028
374 53 836558752 808632890
781 880 223528984 817396864
190 521 864712003 999475610
110 970 626050554 636950406
122 751 443585154 779602514
802 3 459993771 814778616
440 930 47169981 480683488
316 926 13846156 601916376
310 665 574081978 961004551
368 860 864931787 409636640
830 316 936858018 274111977
289 798 672846898 769767749
562 38 830876451 964955475
337 713 964088498 690235958
122 565 750333605 271230551
360 377 556862804 642156537
608 231 154844693 563846041
100 91 924279355 503316672
644 651 865582451 294018706
769 188 95567340 564865321
780 65 603794653 708641188
559 199 88182194 81053701
27 210 567125592 161516186
170 696 612202281 851272886
158 726 866473985 565501047
795 919 960647274 964911156
345 18 359422991 786880572
863 899 172662599 766432449
254 509 355311463 522878010
109 655 292251711 288998822
419 404 674604087 571433205
169 582 469109316 374236302
177 97 647115812 496347413
138 939 797014308 186527315
596 642 434767672 608376923
354 821 656649795 906259967
215 627 828330053 773535667
710 103 485786216 11868598
552 755 886816728 236224233
359 15 899522142 263291908
675 414 950106599 277121539
2 658 142246370 442018949
951 343 913224346 631079370
116 729 632160100 708970627
632 111 110048647 738018238
494 136 914128112 414200869
948 30 807870304 836855218
816 546 268030489 244544771
392 566 628170669 720568818
729 669 251825497 202669962
6 482 150492867 892196424
695 123 564427934 751007072
601 520 695116514 994786412
148 288 252821106 423224518
237 535 978318711 218004066
969 654 802081397 441230810
951 546 299500317 597137949
830 800 234885071 191494282
902 505 772892762 296752745
810 972 865935540 141504717
846 980 51465904 826155755
692 553 372065540 870185473
112 993 940897445 391802327
222 53 161054803 496898167
129 836 859555232 704899768
752 693 574485713 430305219
600 68 971478719 777917176
120 308 884829740 173218755
239 543 9502272 944452275
392 83 283508803 162454222
768 459 641876961 983340169
557 929 983053234 900649119
588 716 189948 52317893
439 733 499407272 319034296
685 479 599911887 969815073
860 22 897343285 680723910
495 206 859893928 752001337
743 671 969327382 654880936
893 45 246536424 737361418
925 661 497333903 874763918
177 35 265141389 718221443
318 407 4655066 989485397
751 135 69111544 433964118
92 616 745886900 467268326
248 275 813303465 446813758
284 464 447272933 288059780
635 311 642490501 4599172
803 520 785412800 776821454
142 280 915335186 808259226
518 319 972932611 822010811
230 385 326952618 784599025
569 982 892441573 630195906
7 803 401556374 626226950
477 299 915334337 5308364
878 946 695351970 553857301
109 478 903951036 497011066
267 486 522291270 487199413
592 906 268818478 11160008
332 269 339577319 615204672
314 130 613643588 277046462
775 55 315265687 724402427
940 157 193013822 378229792
865 585 251421207 476857750
562 548 555738234 738842317
563 115 694783650 175030213
656 285 533383587 710326402
134 114 736125864 857283247
195 685 133630432 853757962
293 162 632494953 243280175
270 942 782520202 210284542
80 863 889198176 667906252
174 233 413540057 924717226
289 805 739103046 24339504
361 316 560842046 633807391
661 279 70464600 686174927
938 475 813103582 938864531
669 152 144992694 2294870
711 82 826501238 551778670
573 594 86732185 496640898
679 94 719084800 660370271
715 87 543190887 268031680
288 601 622568501 714711606
515 291 358428031 548725123
276 765 827757986 215864206
125 540 482088497 760356296
615 272 807347351 307423145
872 595 522981936 383800417
992 349 970980810 14662402
712 611 82729471 75604281
875 257 396204079 54651939
67 936 662419840 436246185
457 301 710657961 776532856
461 357 461043997 600033497
863 726 268760437 372519480
317 493 842883215 80748459
362 267 904950977 288260732
865 904 722786147 790555601
310 618 553712100 405590216
950 506 550132149 537286808
872 427 788441192 324123375
487 635 28550664 465538918
977 397 736228896 432534448
789 70 197461095 271774690
443 27 353996345 506464627
146 769 25894604 363420175
113 259 349257777 519534250
698 985 320429248 749570542
210 4 874483044 623861702
980 881 519329217 816311695
60 376 583667202 637530545
91 435 971265113 358880674
191 799 363480112 977450546
985 217 751366198 542530856
426 835 971633160 303897677
916 875 9435933 537847852
868 191 558961047 456703026
738 678 447341848 176848476
637 406 474544625 531802318
228 94 262520076 353905241
185 176 939231372 406764835
965 653 415327260 366678727
511 999 956466936 91714618
844 289 719661962 800583797
1 126 978618898 611357350
285 907 626812575 614072972
631 554 266702145 874068041
385 990 159692871 40374352
639 888 943207392 404928874
298 704 241009320 725071911
501 550 342343198 574098714
956 981 581774453 348005471
565 206 594501306 775298348
61 370 559959901 397758626
42 286 422186016 400476187
478 560 85555686 842208624
812 606 528244029 121990177
529 376 399678897 937721815
767 752 479185854 197455795
539 457 247110437 279601248
462 629 502281817 751935054
6 665 63147933 205582527
823 25 429115338 259990859
416 40 931083925 460983409
854 430 550542703 26667612
366 504 589516775 222877887
985 273 260307714 33487852
411 219 657989524 660015365
732 586 860292549 448730458
977 125 717479802 313931242
279 26 746205333 385408489
886 456 633181917 497859864
856 899 797385538 368313674
661 242 20219411 845999559
877 466 164512235 815223504
722 366 614886525 584460274
492 18 618518481 160563285
247 798 547372403 408721562
168 529 328680199 1745766
845 663 59037801 455893331
710 639 167053446 600355265
430 33 104298421 604563353
787 395 218845240 311818257
514 47 507114290 635662826
943 809 746322388 806429324
624 391 277189310 836506861
610 714 978853571 142331946
593 309 998284276 344052423
410 32 776637064 586161809
42 100 851931957 485547768
136 538 245893914 742404768
720 274 88308817 762754710
172 12 142499138 83203586
90 987 581385646 283413260
324 418 383758982 398422029
435 167 790241131 964470739
483 54 72600518 885132787
91 711 512288636 889274664
827 599 578418653 587721075
212 768 816443886 837404300
203 22 53919493 305522104
905 544 70797516 879409143
630 147 107970534 811348319
878 882 855284017 436777854
740 192 555580073 584776986
629 685 20728635 19211075
930 669 520466581 426165394
674 707 997775879 758187720
840 619 564077806 150527918
736 383 24115298 748614206
243 177 145082600 144931634
942 898 820470323 857181594
643 823 489062091 785306586
322 85 348127007 247106489
477 16 799730335 673653544
331 964 154030900 977624153
36 216 941622157 507554225
857 863 680297904 922476336
133 143 168360712 309685838
746 986 707260066 657907618
197 671 765006816 377912987
603 377 398858000 687984102
140 234 863462997 837564482
895 685 395522403 179678763
241 508 139642769 193841223
987 400 276922619 405280056
515 577 869922617 573514167
870 99 999556004 358049595
897 125 432303149 35059914
642 989 542517475 820588058
968 830 481401720 859115638
235 367 688526898 505296227
733 328 460546657 516635199
141 491 897383099 41966874
412 808 191505176 810130343
658 462 944319070 157252429
315 873 909018020 996237901
421 605 131849805 756611120
326 74 244579528 730957493
643 286 101134420 393020539
106 61 600962082 92395753
910 519 345225620 563219296
516 811 687798146 860331481
809 702 130460479 577221066
155 132 933210683 60672567
217 379 589862288 19916808
292 226 680765590 408558401
908 512 951226132 336642147
103 668 85204347 510851738
988 66 112196964 951063079
54 88 304359124 896322411
495 589 244470803 705856853
643 568 529926114 65621172
39 606 359610891 478290033
682 963 301272445 903373109
890 233 901500815 106039757
956 667 421364690 608032132
623 16 87743019 929994521
537 752 205401370 109814919
287 962 528120664 629735635
522 438 238032518 586058051
918 251 101328743 26960310
184 428 120563799 574707875
470 886 414018896 447588659
793 960 347887898 632114873
534 40 557290219 908501074
756 202 718400688 816561017
930 421 657133164 37369508
899 613 798762800 268921499
189 298 122445067 707525752
774 95 548276910 432975683
34 632 172527900 281646424
744 999 421445670 302798286
250 440 852317112 846139453
325 63 650783137 973144572
632 192 280410171 138945022
497 975 978615542 96411555
984 207 95239572 506882391
303 395 356811548 283973645
704 472 259930003 551778149
482 198 56375415 551194145
591 412 948700054 900229435
845 179 8208751 95970380
710 680 354394033 732347532
214 502 418836983 72740440
548 170 344791494 994462607
175 195 419903293 791011111
230 740 880123438 535441477
688 242 405055268 913046013
683 413 646575979 32024640
939 294 137057271 413556259
919 84 844811576 338690596
104 408 294298862 879166464
356 535 755607160 607286063
235 167 291727029 139763845
846 150 933147475 477966302
580 885 9289991 828247394
461 971 840289973 320655571
645 736 460840707 886909664
604 632 134104539 424277970
685 624 116385971 309384564
817 475 264583995 107526026
144 43 49017332 607600013
539 248 398381841 919889392
540 272 430842445 952706789
644 760 768682045 634977055
23 642 150677269 364925132
65 773 984103985 886412443
560 942 581845423 434336749
421 382 651189658 836523446
969 114 677130527 104082081
637 523 306271473 992508546
838 395 993885353 376146957
648 57 419302261 179667158
305 365 303397931 609111229
716 744 719358951 950528037
737 918 479843545 686542322
437 930 258425635 829860428
580 149 556126244 496543097
264 766 561852880 334427930
340 726 117740762 642359034
226 627 13759898 620393411
218 937 87704179 55166241
286 563 578857424 839733130
426 597 66046928 368335087
190 25 697597189 866636804
8 585 562348043 406399413
416 805 393413378 30565179
442 960 753002105 611086116
492 70 490067919 663839391
280 406 344641312 82868537
985 320 183098042 232936747
113 453 997737027 356209129
802 371 771227790 95606051
385 163 658712956 345587569
614 961 270957099 982466248
886 684 857848860 122174749
837 942 96453493 925334946
226 519 674900094 192139445
213 158 813412676 735151815
441 655 775898885 139597331
399 791 193961032 260673740
706 792 421813400 253856056
44 88 977988410 826232967
943 215 773752125 978846147
228 393 86292392 801902165
644 802 689469804 444785006
365 748 5471914 239011346
881 911 971046825 844731785
813 698 395233311 50171173
12 392 492344055 994485414
859 99 282681199 613351998
193 136 148371339 918201447
771 320 204175509 341890523
462 369 359459259 478151503
26 142 681908520 217217664
422 156 806379829 270583787
583 251 731178349 400967286
795 533 136598186 984410807
792 812 416072208 990402074
406 453 382694417 883869476
619 770 987597695 411881559
499 849 694321809 429559492
938 915 437788 262624351
154 199 636469820 364333240
728 670 932797527 445274085
725 621 441411901 150909613
934 205 522945371 134124775
960 628 18387619 983890321
973 819 334443624 561096284
239 205 480537506 953674775
210 939 364187707 3902106
687 787 912397744 989291090
48 550 585809781 283143661
834 61 875866319 53178828
806 136 657783562 394908424
974 128 729798148 167129753
60 659 333850554 107224825
298 483 570013144 578544033
296 242 418862927 807158410
542 742 878778737 282009900
373 184 644486159 665788947
612 548 114791771 573456820
376 461 726291939 531906086
220 859 572888341 365688473
318 430 293263559 7597542
618 384 795110029 574000583
359 142 546523521 437432788
753 767 541983928 833248269
270 631 214425627 965076116
132 224 626560159 95252902
458 892 841241859 84851924
141 520 913981762 965322078
607 646 508015916 352461705
450 697 565640993 322050859
444 837 647755673 773125673
513 743 266026028 438594692
97 993 518462961 762218299
387 12 275815379 56393849
85 622 163150695 83979050
790 873 686453539 569540173
389 916 560156919 946782491
420 561 699921752 273912046
511 5 368729044 244510708
840 775 165139742 815068706
487 121 109444867 151490817
957 692 796625696 754517593
265 354 995171201 972767208
269 980 207670555 705131075
109 510 904308084 64138680
997 339 970370132 863983659
634 767 511875699 188805529
849 15 189886891 584991956
694 187 724611992 822469271
391 508 896480598 460711894
274 213 59320348 288078660
341 909 746418037 36309419
592 2 663195632 285999869
747 416 441712895 268248365
708 69 184776750 576918017
553 142 240847169 750120514
890 879 358605399 939014063
892 841 676432944 678174842
113 772 338945396 512125517
273 281 601400710 282399725
712 468 995388355 955851801
426 292 658603663 331720729
999 805 796316907 868944888
749 517 139624729 265271999
994 162 661844951 364982567
178 427 97505639 845588442
581 829 769995275 702292890
896 723 926182531 195067329
441 426 242833050 596083798
209 600 690479160 753096514
585 46 527407775 726968534
158 354 74024138 379508568
189 268 542344602 8107454
223 410 369275873 187234153
328 236 51910681 991577409
18 55 606752994 961204460
87 667 255200975 815510043
496 848 196379637 301701522
333 357 177315890 156768637
18 687 478675384 485186629
495 422 179533786 935657160
976 818 515424090 966499555
349 426 167698805 698238638
667 94 622125231 821888152
408 191 879927512 210683954
540 944 697761330 972595343
139 383 537363673 62373538
951 843 479953192 263223502
592 93 567767895 525202502
201 882 92313711 671391908
161 420 132339650 434424547
472 326 357636087 140367028
21 353 606567613 966770898
901 568 728171618 653402627
599 926 564539955 610574503
314 322 881308905 165264857
91 990 803836025 53519206
761 276 903009 779239321
279 672 719732685 400979265
59 206 121010589 685192567
937 111 737884172 3764567
716 340 452050817 291609152
457 581 58815579 693241478
843 826 395266481 119106789
133 319 839360046 888475135
491 255 403276702 575838218
38 61 575885257 943729575
174 530 381311673 231875880
893 509 252703705 293356066
536 469 122822614 676964574
222 404 894293165 186742331
973 690 584588578 172928887
517 85 375367683 873063401
954 452 102418890 81811796
823 351 830155160 122044442
372 553 385705109 781644242
282 31 705881097 150818992
348 580 33417083 262573282
959 80 27200003 897984713
435 802 15572404 542265167
695 497 303671227 917755610
22 80 411201320 419874520
751 131 436484733 767781084
153 910 12500473 510378827
987 157 269280000 157128730
805 382 845239386 116300975
785 605 785413738 642698835
252 973 667086786 520066682
162 829 701688531 176064795
288 162 439041240 309670315
868 878 680554787 334938566
894 44 939951672 919958205
527 513 516557691 332181214
382 605 554013740 911429735
832 197 217048684 919939687
834 711 94183095 164610691
727 392 560566710 926765517
724 41 469792944 563408925
42 237 418377733 335689459
93 676 454039573 319906367
234 502 397146814 725368416
570 685 459441016 179338071
764 213 701915923 524911253
590 903 809213253 664595948
166 228 855396989 406846526
361 222 80059489 293348876
345 889 581827485 125412960
5 49 744749199 712646798
501 98 644206184 279425176
560 866 573578840 332081540
45 399 166722572 946809447
53 546 616353230 620799131
218 62 438148317 346735342
567 672 394259904 303609759
34 565 245697861 213689043
