500 2000
123 275 0 159828087
326 96 0 878167446
147 209 0 599569193
472 123 0 905172285
382 364 0 4769890
386 375 0 825551545
322 240 0 997920806
19 388 0 200277000
124 136 0 580075652
91 470 0 252433609
78 168 0 786784237
242 342 0 752730965
124 423 0 936301981
432 99 0 73947523
355 21 0 910087507
162 184 0 748496755
153 193 0 101842393
60 196 0 270647112
58 176 0 591115890
130 215 0 948271552
401 315 0 554973806
310 394 0 207345181
18 369 0 22048589
83 225 0 913630738
134 428 0 888794944
417 139 0 41686679
247 395 0 691101229
380 50 0 246366807
28 412 0 251735247
355 139 0 832556415
477 467 0 813693387
174 147 0 439813992
404 167 0 764540095
13 120 0 768837275
335 321 0 5369961
46 188 0 648388786
43 295 0 427421092
313 240 0 904038016
39 401 0 773597862
46 433 0 566893345
33 169 0 624379300
280 422 0 255992961
470 75 0 120294372
401 374 0 326323944
466 154 0 210900213
390 407 0 591919562
165 376 0 1107742
313 42 0 30773279
304 201 0 64761944
448 277 0 568941
115 136 0 741297827
92 346 0 248497307
335 375 0 551049138
178 462 0 363167688
150 228 0 229289363
415 59 0 822729685
301 143 0 952608498
497 306 0 825796543
401 373 0 878520762
218 294 0 194173621
273 15 0 947564457
314 139 0 155497331
149 210 0 495801716
181 383 0 215940501
101 109 0 137950564
138 487 0 56990460
84 149 0 667930317
150 417 0 66924470
148 468 0 615036789
152 93 0 578414514
386 373 0 303683135
333 105 0 495583545
360 236 0 293071988
326 447 0 737695503
35 397 0 165033977
269 226 0 821959601
363 163 0 990521352
224 126 0 745204344
185 354 0 160367858
91 140 0 759240044
79 227 0 688869497
28 390 0 721195193
495 306 0 175914837
271 454 0 188607704
460 339 0 698336665
66 276 0 495779091
321 1 0 615018575
159 20 0 892792251
425 484 0 55928025
484 354 0 872250794
29 77 0 763775649
268 68 0 376789399
499 237 0 795032324
194 228 0 240751276
360 361 0 177969109
50 390 0 589558616
316 411 0 26895880
203 9 0 269875317
115 415 0 158059525
146 492 0 397183554
229 212 0 520979404
420 304 0 452434494
316 369 0 788678452
152 346 0 799560559
301 21 0 268717682
221 73 0 327856119
188 302 0 714445394
328 445 0 727405645
303 462 0 765669804
181 205 0 237295840
193 200 0 936958915
364 198 0 909223163
76 163 0 449892511
167 416 0 745596916
219 443 0 819248555
101 304 0 149841216
376 112 0 360591805
338 73 0 890013386
213 56 0 769848748
187 238 0 866559459
170 199 0 340237320
466 124 0 883394771
443 179 0 969097315
111 162 0 904434881
177 386 0 43508003
405 344 0 497621253
257 458 0 41768376
364 350 0 517843099
30 325 0 659301291
167 75 0 703855486
147 401 0 203548418
59 140 0 702679092
46 279 0 765258681
358 475 0 644398759
410 233 0 359350058
240 307 0 875337169
153 407 0 181235272
92 106 0 668610117
457 192 0 330660804
418 353 0 43981348
413 396 0 841168722
300 179 0 749046629
149 477 0 754297199
184 76 0 977592469
311 254 0 423258612
270 280 0 202490211
124 36 0 524312662
40 286 0 986314663
436 416 0 742303075
372 356 0 75375470
269 370 0 372359886
145 3 0 163572244
276 183 0 914809690
262 149 0 69761779
379 216 0 157254354
340 209 0 153685506
225 177 0 277586467
441 206 0 17764097
248 441 0 960662057
26 361 0 570107140
440 55 0 275871298
445 372 0 86542208
401 443 0 695694181
476 311 0 83301854
457 89 0 919687746
403 332 0 891336412
373 29 0 982103716
29 463 0 736186188
355 340 0 348941904
122 499 0 521707177
71 476 0 464814522
431 41 0 705611346
7 31 0 606609084
47 44 0 550456146
115 293 0 576324203
454 333 0 481731716
316 463 0 125247085
36 170 0 871076987
78 234 0 51153842
243 181 0 582770810
143 206 0 643278874
458 362 0 134137805
103 224 0 440821384
451 59 0 806523648
166 18 0 860031284
223 291 0 727821744
120 431 0 648005994
388 109 0 28472149
440 177 0 893991258
128 106 0 528423380
203 161 0 31732418
297 422 0 43423890
477 8 0 493456518
230 325 0 173565946
309 431 0 103909254
414 91 0 422922249
378 16 0 706046072
420 421 0 136528309
235 331 0 257050268
473 72 0 757502599
189 29 0 688617878
205 330 0 562008065
232 489 0 747188494
487 337 0 721791429
278 33 0 688255276
105 181 0 350851576
240 5 0 691414809
24 217 0 5131674
26 145 0 278435973
363 330 0 695798152
479 430 0 213849529
57 463 0 475619228
250 82 0 398709461
249 43 0 998842563
229 250 0 399937447
218 338 0 932933439
11 97 0 67089476
125 60 0 613025325
394 84 0 295420155
118 246 0 477501724
183 9 0 385921870
270 462 0 518241802
444 210 0 457306385
220 494 0 69079922
473 177 0 420069207
258 200 0 729147218
417 219 0 99882238
180 261 0 910966436
332 78 0 281573862
260 479 0 198338781
49 29 0 950856518
103 146 0 511109592
265 463 0 178657493
453 116 0 743124295
158 456 0 998239981
168 159 0 608269082
86 407 0 155532243
341 197 0 737002006
238 195 0 799254617
48 403 0 978847430
205 486 0 56672347
380 387 0 839839566
142 84 0 632529629
337 424 0 563717066
93 412 0 958219780
164 175 0 855666272
330 103 0 532670519
84 87 0 928100040
153 176 0 143473061
330 369 0 543117534
305 72 0 63846869
424 91 0 315457902
483 235 0 571386335
398 273 0 496145292
269 358 0 197863430
445 169 0 943775318
270 441 0 466585105
178 273 0 549544144
152 272 0 24864272
28 396 0 17246680
330 213 0 150507661
364 493 0 56000956
173 405 0 318407486
138 338 0 118538447
215 92 0 533304662
237 323 0 123858913
476 499 0 871836328
121 127 0 802211588
340 256 0 291790652
1 77 0 19459120
432 419 0 499154532
410 468 0 774226073
105 438 0 582657232
313 51 0 884428083
307 225 0 299064038
289 247 0 413021106
395 291 0 319827338
224 169 0 328960962
479 277 0 285519709
65 315 0 636004223
414 174 0 131957999
193 452 0 675791202
48 152 0 174649983
439 213 0 13587681
240 107 0 913608729
90 43 0 862822084
413 251 0 408031554
96 341 0 456318724
104 478 0 790218389
177 62 0 130600237
2 21 0 430613390
491 452 0 247708968
280 308 0 375880266
62 106 0 823369554
78 87 0 236060714
435 71 0 940368673
307 244 0 760488868
7 358 0 248374576
117 309 0 72978296
37 123 0 706928772
156 134 0 953252306
210 208 0 794642636
52 239 0 639714524
461 422 0 895167755
45 81 0 740222472
359 328 0 912535994
421 475 0 9717171
132 264 0 607328413
113 22 0 604861410
252 303 0 761586049
61 76 0 897823434
245 168 0 377240164
389 82 0 17654522
214 190 0 281285649
107 245 0 712557585
271 111 0 895439725
209 286 0 850852108
439 154 0 514071442
217 363 0 954718990
438 453 0 638767798
28 247 0 437243126
422 498 0 435793799
485 105 0 812469008
196 188 0 800353043
477 220 0 937355193
325 139 0 310063198
15 469 0 361314099
429 443 0 228338806
28 287 0 366817845
355 178 0 741858278
336 481 0 606964543
265 127 0 784238211
216 123 0 993833268
168 452 0 135134625
181 272 0 433427970
474 48 0 872372786
341 11 0 16808943
455 286 0 960741889
34 184 0 872007501
213 96 0 527079736
351 268 0 449947204
104 188 0 501337675
338 247 0 265489799
134 67 0 794449307
107 252 0 109973154
371 57 0 648307446
288 254 0 524062642
371 404 0 896821052
113 93 0 513856740
339 426 0 847204687
362 361 0 743775596
193 446 0 558046270
42 456 0 640620773
170 24 0 548926238
86 12 0 619198017
146 152 0 585129882
366 268 0 495335087
209 243 0 559883111
280 174 0 774595116
119 360 0 535939802
281 233 0 234532161
290 462 0 607410117
460 194 0 830313481
370 342 0 82715703
420 311 0 10170801
62 395 0 530455117
16 422 0 15852002
367 312 0 495022095
437 231 0 582793019
446 127 0 550931278
117 294 0 872461657
33 13 0 13251440
493 214 0 799021814
390 496 0 241250844
407 105 0 438770560
121 164 0 703692223
426 37 0 666415801
19 2 0 245631133
348 178 0 7241344
74 7 0 397057443
11 328 0 70485153
120 264 0 439796812
386 347 0 376258272
272 81 0 509319452
138 80 0 34503366
190 117 0 703100218
358 167 0 719332507
353 388 0 516316864
336 272 0 168416452
249 265 0 942191576
419 139 0 485108799
47 84 0 88455948
129 246 0 244634834
469 103 0 649922868
277 415 0 240613265
120 38 0 329915409
161 46 0 288275635
219 29 0 321507594
491 175 0 703019758
238 94 0 477271874
442 312 0 675100736
219 146 0 756701171
454 278 0 354927513
362 409 0 165298203
410 158 0 983733001
480 425 0 452819081
108 483 0 382373109
430 306 0 3643493
110 344 0 666186937
170 382 0 804980495
14 397 0 901415272
212 319 0 930197404
313 302 0 136490377
421 175 0 38074396
146 391 0 114153606
192 87 0 262239067
432 23 0 467282472
81 302 0 655527925
454 96 0 877885366
114 402 0 461831927
291 133 0 832590800
259 120 0 187900688
229 477 0 166262400
260 175 0 618457495
151 58 0 351799204
128 262 0 280727712
107 341 0 497003220
432 390 0 936661058
283 226 0 585236199
130 122 0 808636512
266 441 0 988714147
181 119 0 14337334
242 130 0 293834023
406 386 0 844721644
494 182 0 458855632
399 299 0 657323106
41 9 0 223263228
18 216 0 402142063
105 473 0 590635
309 169 0 695739068
357 355 0 301804043
415 476 0 451718782
305 190 0 507916788
113 360 0 468949352
340 143 0 877500487
29 116 0 521523385
61 184 0 23990466
266 252 0 833952543
286 219 0 928737368
117 446 0 904387228
188 271 0 82903360
321 289 0 457249165
435 17 0 741963935
212 155 0 837422520
159 396 0 908997896
22 89 0 779222069
180 107 0 526730788
399 496 0 904530820
295 157 0 413442903
188 307 0 312112678
315 26 0 184304202
152 472 0 876557429
233 443 0 42152574
144 209 0 435826234
38 141 0 687014920
363 224 0 270174089
165 184 0 187086998
364 394 0 442658516
464 272 0 744649500
442 431 0 737748615
301 364 0 965889449
233 347 0 417910487
204 249 0 682488686
108 292 0 209652934
104 292 0 141428713
129 357 0 26530998
167 13 0 373232039
32 212 0 959544109
37 73 0 616891457
499 317 0 315158046
455 4 0 851232742
257 340 0 918057795
398 240 0 310107743
206 166 0 467913285
334 236 0 431630332
474 411 0 198726859
483 382 0 952243403
126 491 0 432459956
327 110 0 610430376
257 311 0 403291106
54 272 0 142783613
421 310 0 450680872
94 307 0 58845388
179 317 0 443161784
458 391 0 746674783
470 7 0 880355504
382 182 0 746434845
447 372 0 233640521
455 116 0 616853949
461 128 0 428745188
43 250 0 499377546
479 116 0 905197725
49 225 0 112489321
460 500 0 548420071
202 276 0 18676468
478 496 0 728959975
117 89 0 745622916
486 232 0 621033660
172 140 0 177188938
263 482 0 140228976
328 83 0 695873130
325 198 0 682404933
431 61 0 744954291
287 453 0 446276165
136 130 0 70670335
184 32 0 929247587
187 164 0 844045364
108 423 0 211659630
23 166 0 967830619
358 485 0 416741170
113 463 0 693139386
168 441 0 928259097
117 267 0 560904200
427 327 0 423789442
226 120 0 968305971
106 273 0 659536709
469 256 0 429817805
485 383 0 30992141
459 456 0 181066409
472 247 0 388183748
52 425 0 935976410
271 148 0 879393451
93 180 0 335013215
397 235 0 47677377
470 205 0 397087792
145 405 0 215795064
278 486 0 220416503
265 334 0 843508988
476 420 0 246917059
157 67 0 663227952
414 161 0 458855663
255 36 0 537295888
380 424 0 622643742
137 353 0 750801108
212 21 0 344091536
491 286 0 436689103
468 128 0 676181916
16 226 0 935659803
130 372 0 566263090
135 83 0 694577397
395 200 0 71653289
239 264 0 32062138
208 332 0 571722937
284 395 0 270871821
431 482 0 57973445
85 460 0 86397007
486 492 0 822605258
261 270 0 882155924
290 277 0 698598215
315 219 0 693011656
144 331 0 810661825
312 192 0 68408630
297 250 0 503834680
484 46 0 525850067
462 172 0 249170013
497 204 0 248537286
41 29 0 459117041
307 314 0 166432858
105 421 0 37979198
456 216 0 510603457
229 341 0 918359926
71 469 0 445144599
214 406 0 104708903
324 143 0 258023990
20 272 0 763605495
473 333 0 868727998
83 49 0 348458336
139 118 0 758378668
332 12 0 446384889
409 320 0 783488142
395 180 0 374014948
429 132 0 233686067
75 456 0 455393139
294 331 0 57069218
39 478 0 37455101
364 191 0 188056845
297 249 0 159790400
271 239 0 622481856
95 118 0 212428171
77 38 0 128544726
387 78 0 820037721
406 437 0 898030744
328 174 0 10419228
265 397 0 133349623
454 239 0 948890258
200 335 0 964750044
478 259 0 878091674
467 238 0 704512602
204 463 0 891145425
225 140 0 509312152
396 448 0 73161293
265 121 0 77361699
443 89 0 705789068
133 434 0 847937339
411 192 0 42444839
123 468 0 382983182
33 312 0 571469564
148 93 0 312583401
413 47 0 528616092
166 218 0 719060862
329 234 0 12894108
204 255 0 800588223
490 214 0 528600867
85 28 0 749771433
269 368 0 850727783
45 235 0 224902209
157 203 0 953651821
225 303 0 723615110
242 275 0 859067871
103 165 0 682006131
365 321 0 265171683
422 241 0 53393007
382 56 0 179016493
19 88 0 396896629
260 39 0 726779145
432 299 0 164711866
372 325 0 546517686
328 262 0 236327882
430 181 0 23958363
101 322 0 456146431
162 231 0 127599955
279 215 0 905494587
455 176 0 477446114
136 72 0 334000263
257 40 0 881409870
415 186 0 662680528
464 475 0 600229807
124 334 0 723398721
215 471 0 413664796
54 120 0 718075357
70 143 0 34527636
441 118 0 631983195
207 232 0 607751012
339 53 0 681866764
357 267 0 420176092
376 293 0 787265930
122 403 0 502130942
285 84 0 237578403
211 174 0 289731742
256 113 0 825135386
391 140 0 181480210
409 381 0 31485022
460 71 0 63466547
454 111 0 291057432
399 84 0 204532982
375 274 0 760427674
35 126 0 677438870
217 290 0 516557788
51 5 0 642197136
422 482 0 292247631
394 148 0 978638379
126 113 0 314293938
149 296 0 871819290
218 398 0 53556961
47 136 0 771814986
82 30 0 787196003
458 84 0 711260547
247 484 0 372421877
75 296 0 981013480
208 258 0 379643814
2 113 0 302170095
286 240 0 694604756
55 374 0 118265145
195 497 0 943403284
112 477 0 571029631
245 22 0 100019389
138 47 0 558184944
135 477 0 158853592
297 340 0 997645443
146 438 0 942712387
467 426 0 909546714
210 253 0 650171339
75 395 0 903962595
87 73 0 644428949
346 290 0 946780050
392 424 0 996134643
158 431 0 148355472
429 407 0 203580420
359 17 0 754112848
4 457 0 336367427
118 312 0 198032245
198 288 0 346499243
60 428 0 884776101
11 340 0 367619580
316 218 0 482789858
236 223 0 629292670
438 379 0 542745394
212 382 0 911932641
106 4 0 427073365
490 178 0 915937471
393 113 0 28139679
420 372 0 124597700
10 247 0 756528019
440 362 0 151250840
1 465 0 237733270
327 392 0 124453448
307 3 0 562537963
402 204 0 72432755
146 328 0 961638991
403 376 0 197664659
324 221 0 278938225
216 228 0 181475625
329 143 0 739290138
154 342 0 365579949
237 472 0 684075363
410 224 0 41878702
126 20 0 55087707
279 7 0 517558566
481 1 0 871320690
343 398 0 824849368
173 278 0 541764131
280 464 0 671146912
105 246 0 814287521
24 101 0 343570251
226 4 0 419630781
319 5 0 589812412
300 80 0 859110931
70 343 0 207946737
418 421 0 749820411
179 272 0 917745133
303 89 0 322420454
144 379 0 819572088
436 87 0 439453660
147 487 0 23758112
188 464 0 872386786
193 369 0 356827403
261 234 0 345245298
193 283 0 329913522
498 407 0 748584860
423 450 0 14392643
167 379 0 392341007
356 323 0 38929157
249 24 0 35118429
218 231 0 832109550
306 278 0 703320201
473 295 0 758089662
323 328 0 152765164
312 43 0 331677617
444 166 0 671944271
10 235 0 156871984
413 287 0 215295187
60 454 0 699437472
291 182 0 38676409
116 88 0 550529905
402 74 0 195053797
163 26 0 583195855
277 1 0 392887274
345 104 0 528940704
230 220 0 324860633
242 240 0 316606229
3 426 0 388860077
351 140 0 120797926
157 270 0 634553691
163 366 0 745972101
58 250 0 590205644
297 116 0 485915448
118 247 0 250253015
279 265 0 656983964
197 70 0 634847398
413 301 0 71521035
52 437 0 648511093
67 475 0 829419563
424 174 0 530750207
319 57 0 606466739
59 84 0 246042256
64 298 0 936008709
325 403 0 258836153
77 333 0 41032967
309 434 0 857825858
463 156 0 29162116
121 15 0 147242973
206 440 0 327884631
40 186 0 458086101
194 77 0 327895123
219 125 0 19848371
9 471 0 564728807
187 283 0 5680303
381 470 0 607403911
312 125 0 6167386
347 229 0 246557203
312 39 0 911682758
492 411 0 307015559
236 306 0 222911375
88 158 0 473837610
449 326 0 339869827
395 201 0 684376554
155 404 0 135701767
373 467 0 331451603
467 127 0 382388413
385 427 0 127175352
402 215 0 290927908
222 145 0 664426508
378 425 0 957243729
240 391 0 152559903
491 440 0 529796906
181 405 0 290142550
392 181 0 549053031
45 264 0 632315095
395 370 0 329086715
333 498 0 552652140
415 372 0 404260347
218 336 0 494796625
455 244 0 889030352
208 271 0 175130302
148 67 0 606383608
143 116 0 12226962
472 79 0 887405188
414 437 0 443397562
278 235 0 532042695
395 49 0 887612440
40 253 0 149570656
325 347 0 316446096
474 427 0 536129140
130 65 0 604643281
293 478 0 569627870
332 388 0 725190778
190 106 0 766769848
276 291 0 929622886
229 290 0 792546708
185 412 0 957540050
355 3 0 50050870
375 233 0 512412473
69 160 0 794419402
102 428 0 353954171
284 85 0 768628689
366 53 0 873734153
336 316 0 902934163
120 43 0 779267641
324 370 0 716232238
348 303 0 76870698
233 254 0 269423863
423 207 0 24215379
288 450 0 130354715
360 232 0 797944711
164 1 0 85339509
141 485 0 102128226
237 376 0 335111377
282 454 0 509383191
229 83 0 302969601
55 355 0 259488267
312 298 0 662435546
62 38 0 653106277
89 299 0 815723512
378 52 0 847275887
56 13 0 57387369
435 189 0 578247994
441 467 0 572409706
404 144 0 271602602
237 258 0 689112959
424 492 0 91408223
27 314 0 405344863
321 375 0 939069249
351 336 0 474696411
448 240 0 219804778
29 441 0 676894406
168 160 0 720523632
331 182 0 149157739
332 334 0 467024795
313 440 0 882169519
326 252 0 816730779
108 47 0 6540860
264 392 0 19609296
492 204 0 367935505
297 169 0 77696006
483 21 0 742099215
401 238 0 621216260
212 160 0 641127479
192 53 0 193164849
289 79 0 430718608
483 248 0 728834118
315 284 0 355914727
481 152 0 696037490
138 296 0 153107983
390 255 0 821457598
155 476 0 961830941
425 174 0 583822426
350 431 0 510549896
214 230 0 510398325
288 126 0 696404608
445 53 0 902286912
245 445 0 116582394
499 124 0 741835206
293 38 0 275429364
151 33 0 21059703
397 135 0 666682091
55 335 0 499225338
217 137 0 6782602
146 251 0 42954143
158 122 0 124847207
390 12 0 85615716
373 1 0 284146781
160 313 0 840838012
268 476 0 123844645
168 289 0 112317049
11 122 0 124713449
416 265 0 901243152
198 287 0 935717107
235 84 0 103953977
223 188 0 853436831
50 448 0 357560482
223 157 0 28412392
77 169 0 116611901
475 44 0 284587787
29 105 0 745253165
138 432 0 859549868
340 199 0 27274751
23 397 0 899044815
127 344 0 452120255
314 183 0 50290215
265 71 0 951083040
425 120 0 633338703
322 383 0 450764557
197 50 0 191989947
433 408 0 149889311
268 391 0 758524861
43 26 0 449681431
489 227 0 583347009
464 475 0 83206411
221 283 0 862258769
300 423 0 58237923
133 315 0 921537243
264 484 0 121320379
421 315 0 796877651
112 499 0 57424141
186 300 0 776223583
149 286 0 880339256
59 179 0 11196943
277 46 0 401225087
90 174 0 532936988
275 346 0 825440261
249 181 0 152399713
134 104 0 263202542
265 106 0 675770980
488 202 0 836064859
148 443 0 951379347
473 183 0 446427375
415 7 0 210739146
58 425 0 963583246
195 354 0 887980053
219 154 0 330442590
175 245 0 674547039
4 74 0 830350295
199 458 0 757386555
492 62 0 205479640
211 328 0 53687525
308 431 0 116286775
397 329 0 876681175
129 197 0 56785388
86 128 0 143090238
142 318 0 976473410
493 399 0 4763259
336 135 0 26191790
88 125 0 71841568
155 80 0 877735218
108 82 0 779791766
222 199 0 263653602
89 376 0 844466739
178 108 0 856408
107 394 0 946745949
307 409 0 268727161
13 62 0 194436901
241 280 0 230597532
401 475 0 154744952
27 399 0 136086024
231 422 0 426112551
442 339 0 928805411
95 5 0 263865252
182 365 0 745257781
412 298 0 74884252
104 84 0 516554482
203 362 0 478641782
37 207 0 480187708
219 42 0 755439730
170 363 0 34291211
290 145 0 56858466
140 190 0 491628267
331 27 0 588848113
266 431 0 162558465
115 428 0 320517169
42 376 0 347310175
258 432 0 846634756
498 468 0 437377843
272 350 0 731782997
199 89 0 641061190
282 410 0 23794174
39 329 0 370620503
15 256 0 557619788
182 373 0 786520154
168 247 0 241303311
301 286 0 989061749
157 56 0 209238982
36 60 0 841201416
287 299 0 762209059
458 161 0 17072453
393 482 0 256930490
272 464 0 210162069
496 323 0 107541605
148 199 0 283695314
239 399 0 201621383
478 312 0 328997589
472 210 0 622156045
88 139 0 821084857
369 452 0 704548408
174 63 0 442244637
254 256 0 943780331
493 316 0 928305527
104 142 0 232771306
420 294 0 869516140
408 454 0 580391028
376 417 0 348828087
103 228 0 340847702
122 422 0 993225516
261 366 0 758256195
336 4 0 516929443
289 24 0 13824524
204 129 0 797267957
140 370 0 933512419
199 349 0 738166022
469 136 0 586657600
182 343 0 757492921
213 16 0 785260665
420 479 0 620287409
97 7 0 401293748
407 310 0 477414335
232 119 0 687321869
424 159 0 953907386
490 436 0 194680719
454 232 0 132085633
347 420 0 342090713
435 179 0 335760252
487 198 0 874769955
272 483 0 435244575
433 348 0 645121754
96 258 0 742518037
141 417 0 570953824
326 112 0 903946678
212 217 0 353099333
174 293 0 199483904
136 207 0 163430253
233 371 0 938309231
361 192 0 47019870
404 386 0 112895331
152 194 0 168416405
84 153 0 180476355
356 339 0 625554052
354 408 0 15423398
480 338 0 850558476
496 216 0 996105202
360 366 0 593925210
429 294 0 792232001
104 60 0 434275973
241 70 0 417170713
96 151 0 310690095
73 418 0 18325438
127 78 0 705753327
357 394 0 371795658
418 254 0 652302248
368 340 0 818969868
13 426 0 913108640
29 373 0 605892539
266 442 0 958391449
396 242 0 697404094
364 359 0 207508034
110 267 0 56006566
196 324 0 16827618
255 183 0 726068457
127 315 0 780606627
224 123 0 329221615
88 115 0 516670192
358 427 0 103968043
403 408 0 137198585
369 278 0 184201783
239 438 0 665005909
197 373 0 220257980
330 158 0 899192713
145 366 0 413055741
320 125 0 114442092
470 380 0 51764870
41 485 0 280316611
210 232 0 758864939
207 420 0 306319998
408 88 0 695058228
79 139 0 690064274
338 87 0 567461979
368 175 0 907548943
79 173 0 196702652
321 222 0 491808171
77 436 0 466277170
282 305 0 748406157
133 358 0 383969205
119 405 0 13072420
382 64 0 557227258
4 5 0 644298362
234 139 0 741015566
236 34 0 367515631
411 399 0 280253059
148 243 0 595737355
118 85 0 640813514
220 39 0 758895966
370 212 0 753193519
10 362 0 280498355
196 51 0 451652947
192 230 0 298141737
443 208 0 672605948
183 468 0 465519427
420 100 0 861548007
8 303 0 81451635
113 293 0 536980371
231 431 0 608016293
194 384 0 415992165
430 419 0 150847248
288 1 0 335313457
86 54 0 67959822
38 363 0 136313420
169 264 0 627804032
338 469 0 61426072
318 464 0 9844484
459 116 0 744575204
416 458 0 966848722
222 285 0 260736952
372 12 0 240772730
483 331 0 634346090
85 378 0 478905004
218 375 0 61202143
327 197 0 477360168
410 185 0 895517180
175 321 0 829925350
439 120 0 249950798
338 207 0 866687025
353 250 0 410418680
4 280 0 418280620
341 78 0 764597153
129 123 0 257088802
405 367 0 607142017
53 333 0 740619598
285 410 0 948588868
372 186 0 892026429
97 244 0 145916159
372 342 0 583720331
315 120 0 620030325
405 256 0 694555412
487 386 0 568055244
24 355 0 873890291
397 499 0 310818731
176 422 0 831307543
386 176 0 300286300
351 382 0 696642297
457 327 0 437632855
489 460 0 67322387
387 217 0 145006675
135 282 0 388339773
419 257 0 850945126
391 333 0 214730978
250 18 0 361341026
303 256 0 124290688
494 423 0 422258837
43 367 0 401045798
68 290 0 429151914
330 387 0 620403900
491 401 0 465753433
312 228 0 194921522
481 386 0 913012612
159 204 0 709937668
108 42 0 415572865
494 332 0 708320640
97 462 0 911168962
402 146 0 700879145
52 307 0 237727624
96 376 0 758177223
303 394 0 255493426
469 47 0 699323783
298 194 0 478973841
244 60 0 595779021
147 225 0 171687910
334 27 0 327226293
130 224 0 43988720
451 12 0 896637361
489 196 0 112721562
203 251 0 149973919
460 45 0 865943920
319 366 0 512829060
37 284 0 743405823
67 342 0 791630899
192 17 0 434763394
497 457 0 615566086
34 84 0 559336830
496 100 0 922453386
78 40 0 364319344
205 103 0 229924115
147 359 0 821472212
309 483 0 560341087
167 133 0 236707967
445 367 0 909965304
101 330 0 218257146
500 217 0 51393250
255 348 0 603969815
379 417 0 156250777
8 450 0 871417425
121 333 0 752386070
430 483 0 383695394
178 199 0 956740963
298 84 0 713605817
410 262 0 560011519
377 328 0 597961114
197 220 0 310596728
407 351 0 756309297
332 42 0 403471855
291 436 0 596050902
160 44 0 99041769
63 84 0 557626998
41 178 0 413011121
110 225 0 478420586
287 213 0 848543906
390 158 0 924933433
291 447 0 519653896
64 209 0 763680866
244 141 0 375974100
61 312 0 227940717
198 418 0 52245707
486 119 0 841738576
47 256 0 337157211
175 52 0 996263129
388 330 0 366728382
293 325 0 797710363
189 106 0 220363914
3 49 0 497363219
88 262 0 497221045
449 411 0 253742909
258 495 0 993060293
2 268 0 457583762
400 410 0 396367103
247 56 0 107831569
134 487 0 68620670
426 46 0 126580344
7 21 0 155847306
344 343 0 94433328
22 23 0 926354345
250 477 0 882042654
139 35 0 686368761
496 169 0 849243425
92 24 0 88370905
436 399 0 887501189
47 414 0 285827168
382 106 0 73223755
161 196 0 870339388
131 178 0 420210515
261 490 0 244827667
178 311 0 341134372
351 56 0 426982416
360 169 0 275312901
221 75 0 964171575
186 299 0 398897752
35 55 0 727721046
291 159 0 847069743
411 204 0 422879948
177 54 0 71569098
88 54 0 880002967
103 423 0 499481620
213 107 0 755913509
349 325 0 646206175
364 295 0 8978175
297 462 0 547423978
241 166 0 652882178
188 341 0 45595077
17 293 0 216946899
394 476 0 903685928
6 324 0 118352909
136 384 0 553621422
486 373 0 442576017
44 410 0 412259532
23 378 0 769742044
402 320 0 716564457
378 454 0 815118066
37 469 0 848075750
288 49 0 596315490
120 239 0 825093441
479 20 0 699312770
450 12 0 646167613
136 216 0 471994872
349 399 0 892520501
336 379 0 596332349
151 92 0 548649540
331 420 0 596800727
403 207 0 468840353
195 72 0 705182234
298 98 0 131212543
211 137 0 399666340
391 309 0 33764366
41 152 0 380268832
238 151 0 359393885
117 201 0 422776917
121 72 0 812172872
387 343 0 670472179
32 180 0 359791644
419 80 0 340671286
456 55 0 345814651
122 434 0 993619701
351 460 0 557911178
131 154 0 215524534
163 448 0 534864190
288 396 0 560689053
215 39 0 543590369
448 433 0 819273834
24 283 0 530778037
23 313 0 239312188
190 315 0 56498734
272 42 0 568832836
50 152 0 239517964
398 339 0 795075477
106 14 0 364462880
414 322 0 940694234
338 136 0 827276873
419 251 0 479071607
494 9 0 50939406
80 182 0 386714701
399 343 0 14221008
152 14 0 242002955
6 367 0 943382793
439 483 0 417587579
62 119 0 25716254
375 337 0 879250831
463 167 0 974157008
233 342 0 649369588
353 38 0 721855200
112 223 0 930572842
440 223 0 411608721
315 15 0 206097672
43 500 0 223188614
213 408 0 781563202
164 22 0 513691975
55 311 0 408882355
225 401 0 212687070
257 232 0 609970107
225 222 0 397888122
357 441 0 139557190
443 301 0 980042885
294 305 0 965620204
383 490 0 886375035
481 376 0 178528421
118 29 0 371813
154 199 0 992318883
403 59 0 214399318
468 499 0 243107729
420 30 0 207041534
16 173 0 393132445
357 141 0 120305161
203 220 0 600370905
288 80 0 39416250
288 499 0 527183821
448 465 0 79754063
151 49 0 214086038
373 418 0 164004976
437 263 0 316042187
376 487 0 246596954
307 253 0 847248229
53 11 0 935716375
250 451 0 239701793
267 437 0 758114301
42 10 0 210931615
382 173 0 78577507
397 491 0 809903765
112 152 0 955146335
466 7 0 441643827
169 53 0 721873269
126 262 0 634493620
139 15 0 741092688
202 230 0 945257533
450 325 0 969038170
225 105 0 440424338
500 373 0 378760871
25 56 0 973332063
21 274 0 943758385
264 235 0 524038473
315 458 0 199606958
239 450 0 130250202
115 96 0 700907264
80 289 0 66153064
404 449 0 379054557
138 41 0 52909137
357 442 0 847769920
97 161 0 400994666
496 158 0 8416097
143 57 0 569010439
118 73 0 354374272
144 66 0 987818222
5 139 0 426130423
249 179 0 230418958
336 266 0 798669288
20 277 0 2824806
473 129 0 419739055
299 439 0 494645807
154 152 0 383707657
191 298 0 614758852
486 119 0 566801817
460 227 0 692864380
192 454 0 312106675
366 166 0 977003697
38 344 0 4882812
386 322 0 50717290
107 145 0 301130089
411 183 0 235547794
203 480 0 835919352
307 198 0 156638334
286 181 0 82489004
409 221 0 11190780
58 450 0 27687087
424 274 0 323532757
114 401 0 591779894
321 213 0 480340549
356 60 0 60320228
434 322 0 692033438
499 265 0 10503763
151 308 0 815190408
387 459 0 516010922
32 315 0 128670787
349 10 0 290155966
179 440 0 596001038
231 189 0 375946322
68 357 0 228485854
346 348 0 598994388
18 226 0 324186730
325 12 0 839400839
395 346 0 452577689
187 227 0 309942170
144 384 0 476082687
188 404 0 348353749
256 446 0 490507760
167 64 0 480183284
31 347 0 117636352
381 91 0 383659402
316 215 0 370879583
461 241 0 189424285
231 449 0 927606978
362 332 0 210975410
252 261 0 574259547
20 343 0 530022233
281 409 0 868662459
138 425 0 323772563
131 316 0 607986445
420 168 0 30467145
430 373 0 352041333
88 374 0 224315467
367 189 0 125099645
330 414 0 941821449
233 286 0 258464336
236 154 0 510646395
101 479 0 58035436
237 462 0 708997673
221 88 0 291772254
57 293 0 582112277
386 372 0 669147108
157 78 0 716560597
457 289 0 82935855
190 60 0 859249785
277 200 0 416760670
305 434 0 44993147
12 266 0 710211445
272 289 0 478397372
90 128 0 911840011
413 98 0 760492196
39 28 0 644292015
320 440 0 584128124
342 198 0 535076639
85 1 0 708781082
257 317 0 326973125
442 105 0 857430123
272 316 0 19116833
170 334 0 152667900
322 285 0 687090216
249 481 0 427942661
230 80 0 266267783
97 268 0 845828997
424 332 0 499858618
402 425 0 997103095
309 19 0 685521238
17 175 0 172266637
483 433 0 814605768
436 407 0 261573049
5 319 0 890187275
142 11 0 220388017
497 449 0 746052677
323 106 0 722224911
81 87 0 346014036
258 262 0 211700566
218 427 0 853610229
109 429 0 360199257
215 437 0 168223024
15 497 0 646847943
437 29 0 684600433
334 94 0 74354168
72 73 0 24823111
491 82 0 971855829
90 204 0 145514404
487 173 0 54349307
406 361 0 112447232
187 179 0 319517049
398 250 0 670396760
352 152 0 20230154
90 395 0 133978267
427 305 0 852805999
34 406 0 649932968
15 37 0 824345207
61 213 0 996093286
320 439 0 984765433
314 163 0 204469269
454 174 0 102789543
283 407 0 555775434
408 483 0 527430449
54 266 0 321768187
328 294 0 826725610
30 476 0 582834460
181 138 0 794572948
482 487 0 902579846
296 327 0 459040051
297 211 0 338800774
88 267 0 414451855
150 379 0 358184690
214 124 0 457803324
53 256 0 237886070
244 72 0 614623104
457 145 0 470144580
407 243 0 315536504
413 179 0 342571289
381 129 0 599856204
316 46 0 32121495
311 435 0 643772250
229 272 0 372633349
345 212 0 169457888
18 68 0 116978704
414 171 0 664762298
201 74 0 395448245
40 456 0 954884215
63 34 0 463865322
124 478 0 573613274
52 179 0 183539507
380 140 0 974821892
185 393 0 425949167
263 418 0 125921247
355 284 0 668062262
333 484 0 678268391
462 474 0 469197714
254 303 0 647597908
330 488 0 671868487
362 416 0 800680091
124 32 0 746965871
256 263 0 832808768
24 371 0 313807503
327 317 0 202778368
272 192 0 63807402
244 310 0 90705232
45 311 0 65844511
431 120 0 893021327
143 318 0 359465961
365 56 0 311003767
215 116 0 318488125
30 141 0 969763214
482 137 0 738178383
75 318 0 969504512
430 307 0 364440125
2 326 0 584197277
222 99 0 656439804
148 235 0 866637647
483 293 0 66409801
19 8 0 444537754
392 176 0 577256549
42 403 0 3485196
396 5 0 326521354
109 153 0 941905338
456 178 0 353306803
363 24 0 488483891
286 156 0 199080293
370 486 0 968939704
350 244 0 464445354
171 194 0 905816396
451 365 0 403444102
262 190 0 467270994
85 269 0 595390020
207 91 0 672185412
40 464 0 387343543
47 87 0 190641692
489 229 0 50701394
94 29 0 77692149
363 149 0 752035584
346 253 0 252103448
102 329 0 824631073
224 489 0 395414521
165 476 0 210753052
139 238 0 71548055
480 250 0 376054550
303 86 0 815841999
353 98 0 413461022
59 95 0 372516967
100 499 0 867980933
86 285 0 710102565
468 211 0 826634632
434 377 0 768330873
158 233 0 361658188
227 376 0 238507293
469 448 0 85638263
27 230 0 259578261
360 348 0 303293604
447 82 0 739601248
127 196 0 896533894
434 108 0 525957826
478 322 0 736507363
173 69 0 103958788
29 260 0 912793485
11 219 0 888398711
13 139 0 223386990
147 242 0 590269313
131 5 0 145924391
404 400 0 134551653
500 485 0 633438118
305 333 0 827663473
49 102 0 734967374
380 342 0 390178039
471 196 0 16480507
279 66 0 744715645
320 243 0 438420650
394 123 0 688408796
315 140 0 954487884
8 316 0 903663792
158 256 0 354934203
392 337 0 292626121
39 436 0 849311915
417 467 0 996647032
489 250 0 787810372
487 49 0 478794971
406 228 0 488557007
164 193 0 400588124
41 141 0 192346746
145 346 0 644332697
50 150 0 846617409
278 316 0 271058872
91 150 0 143744022
325 125 0 323148406
320 464 0 269876264
491 400 0 892939547
168 161 0 18375031
201 217 0 684893953
440 48 0 361419000
211 378 0 350222874
261 47 0 829627593
210 193 0 100623977
444 99 0 897800782
78 409 0 477774821
260 45 0 255577535
315 244 0 959287061
96 279 0 172620432
287 154 0 842149900
318 358 0 138540952
196 16 0 506780598
253 128 0 351949484
231 162 0 232845429
6 257 0 457411615
234 489 0 744325757
258 31 0 527058373
325 305 0 789742203
47 302 0 905526588
197 122 0 494205033
153 2 0 789192030
383 305 0 468884085
384 270 0 595977283
296 82 0 114557691
365 127 0 492222892
426 341 0 14288693
459 143 0 311197077
296 495 0 350428640
437 29 0 710302511
212 203 0 915381743
84 280 0 77447305
301 363 0 161174502
20 395 0 278706859
185 277 0 361197800
450 21 0 95900389
49 362 0 159716029
362 220 0 592519369
6 142 0 824096595
35 76 0 949860647
486 78 0 807156677
325 11 0 58104705
451 329 0 797669431
138 10 0 602291024
464 135 0 664560919
348 62 0 765104622
346 241 0 389287477
499 28 0 187324882
118 463 0 127835037
185 101 0 298780615
327 238 0 745803174
387 400 0 998435062
443 369 0 3159764
85 495 0 167094012
87 321 0 353156514
117 320 0 698313092
418 409 0 369077589
207 272 0 145986496
238 366 0 475689037
464 58 0 351651503
150 288 0 79509540
426 386 0 21460513
471 243 0 498061971
162 291 0 460882733
136 217 0 207114187
85 142 0 488001448
134 206 0 852386563
195 128 0 919301651
295 12 0 810307930
283 400 0 835497522
388 405 0 989268524
465 196 0 371954253
238 19 0 341857413
365 263 0 730195079
478 437 0 84909123
226 355 0 371311996
104 110 0 788475854
173 310 0 335681563
176 156 0 105343763
499 189 0 700556192
285 500 0 112458481
224 14 0 74102378
278 189 0 721868828
175 115 0 8366592
478 175 0 666998178
435 479 0 287034198
400 421 0 139056599
134 122 0 196851687
138 85 0 937019358
78 48 0 335125367
138 483 0 240712569
252 189 0 683399131
482 109 0 528695198
147 8 0 223837775
345 217 0 902930379
149 111 0 171629202
173 279 0 494261517
126 400 0 12895288
37 196 0 987912176
259 448 0 956987351
67 450 0 906848217
27 342 0 762892345
437 486 0 797778242
339 389 0 962750304
415 188 0 148777556
477 106 0 87160779
318 364 0 971244077
186 257 0 551798858
409 371 0 571840846
229 126 0 933973862
394 323 0 847030133
83 12 0 305055599
166 467 0 228698780
331 34 0 856564658
59 169 0 781417412
314 217 0 58290375
369 299 0 112549442
294 438 0 258999528
32 495 0 254983239
345 75 0 865188272
374 389 0 19001994
229 306 0 546636187
175 328 0 104957307
218 123 0 446556848
321 196 0 147897699
96 499 0 272844607
377 352 0 641390555
231 316 0 612953132
248 338 0 629154296
341 67 0 388527290
186 282 0 521893347
111 272 0 542514199
5 12 0 216752659
74 258 0 919609514
394 20 0 788185538
441 33 0 459899234
384 19 0 395423837
13 246 0 513151092
183 271 0 687678597
384 231 0 84662625
410 359 0 881446586
143 323 0 226576900
135 263 0 64398762
83 161 0 370839203
239 57 0 375414968
264 209 0 85919261
406 85 0 506660855
480 419 0 454002565
393 299 0 678202587
13 104 0 245617357
323 195 0 578902757
440 276 0 689390960
2 12 0 731159977
51 437 0 155370927
374 366 0 802154806
428 296 0 943430923
66 435 0 411055621
117 494 0 332120492
260 6 0 554776086
82 432 0 282233486
407 424 0 963364778
290 316 0 248568776
477 123 0 860026411
103 398 0 792333285
347 466 0 796339879
266 419 0 106589306
89 495 0 30309753
482 107 0 256257697
98 39 0 697757415
15 470 0 667942790
113 185 0 484658662
83 420 0 589836376
17 310 0 500652565
390 134 0 238418134
163 383 0 278827181
489 225 0 34081685
356 76 0 608593275
497 360 0 593303117
178 104 0 868496142
382 60 0 371870458
157 441 0 473417051
11 497 0 836147696
19 17 0 518021840
53 287 0 370607845
459 94 0 847607075
162 77 0 466755486
152 389 0 395580041
189 454 0 718290328
164 11 0 819216267
244 143 0 759382542
265 118 0 59107005
184 56 0 919809758
97 471 0 165765542
456 448 0 506356819
298 57 0 926485900
430 271 0 289712256
268 160 0 731073341
110 186 0 472556948
154 442 0 91617058
363 389 0 811066285
312 120 0 742458927
171 398 0 598956320
492 310 0 12930201
426 64 0 729349358
286 389 0 57712101
78 4 0 239266134
281 487 0 799823209
208 493 0 542793959
263 163 0 68763349
331 415 0 812866030
449 194 0 412637537
115 422 0 160555962
190 385 0 868576032
438 227 0 401590045
349 334 0 976620925
447 406 0 14965981
154 79 0 35678716
31 324 0 54768682
175 23 0 903139154
74 307 0 534117641
218 397 0 571164873
393 299 0 447267336
421 457 0 937375943
197 114 0 222611137
38 246 0 708595378
410 449 0 736941432
110 46 0 881460682
331 141 0 529656318
94 42 0 811326009
9 94 0 968748821
30 193 0 59925544
453 416 0 150460729
298 363 0 519427801
480 452 0 857753362
208 240 0 284337887
129 299 0 81386803
444 262 0 597779678
223 461 0 536130412
296 401 0 110756369
130 314 0 750189266
231 109 0 417223728
239 324 0 430761118
174 91 0 299425660
46 328 0 407897374
315 217 0 911590428
215 290 0 744538753
21 15 0 428552124
346 257 0 839686550
13 471 0 417550332
416 94 0 262934765
46 278 0 791673719
177 158 0 362347330
388 299 0 362955859
359 363 0 295266837
293 318 0 712180935
45 435 0 728048499
138 92 0 992878212
186 293 0 482581400
87 359 0 547173453
337 187 0 544401488
211 57 0 388569288
213 217 0 731986662
228 434 0 676861973
304 344 0 37985049
67 379 0 237892080
123 253 0 111433889
319 280 0 302573825
220 54 0 894034886
377 215 0 858642820
389 402 0 309537734
227 433 0 419686285
51 193 0 476655974
219 184 0 91688978
111 125 0 62545453
236 108 0 44367770
136 84 0 192277531
346 79 0 685663233
233 318 0 429265523
34 191 0 7141791
314 105 0 560371494
316 9 0 940838001
324 207 0 689730807
23 421 0 169112824
423 233 0 440059990
190 374 0 154411595
168 388 0 197974877
44 316 0 37947676
215 154 0 438402699
460 95 0 947502608
491 430 0 235994838
253 245 0 971012922
18 312 0 568463478
44 393 0 366164402
18 80 0 98152311
234 368 0 400410306
51 196 0 140204416
347 91 0 988953378
419 25 0 851812902
145 354 0 761604572
402 413 0 749815711
490 297 0 861017349
349 452 0 512364710
306 125 0 285665503
368 344 0 668773915
376 191 0 448941735
286 233 0 858229277
142 75 0 779382161
132 255 0 935618533
481 428 0 268801414
332 497 0 948847828
5 241 0 420040896
18 25 0 712917356
185 118 0 485019534
311 166 0 41412813
402 323 0 37786385
307 312 0 204801896
496 114 0 393660715
186 346 0 642402725
299 390 0 52672991
203 106 0 909458195
483 404 0 365589699
304 263 0 855072076
290 470 0 169704201
483 144 0 604131759
74 2 0 315951307
447 403 0 950969835
51 495 0 584046052
304 19 0 585423639
385 104 0 826997395
442 89 0 254635690
239 342 0 335557849
190 144 0 247271442
43 402 0 559749157
482 365 0 42319323
264 131 0 663681214
371 330 0 661357885
46 456 0 399924758
287 3 0 73241339
30 394 0 133692715
455 68 0 902945375
173 194 0 764172965
55 251 0 49156269
311 148 0 406187063
438 199 0 36882519
389 140 0 393221251
445 223 0 94349445
166 243 0 337650405
94 10 0 54374311
212 110 0 871346302
395 133 0 379366221
407 274 0 832211343
