500 2000
25 93 295380500 601144575
227 60 400698367 329906031
343 318 174755142 465132152
128 260 702839794 832437531
397 406 264698547 342930358
160 360 264815182 947251133
492 472 919532648 329103013
78 175 633744715 425367412
128 453 88398338 920587934
379 193 788914415 192536466
139 333 351755832 549027647
279 212 477068715 894484805
483 295 284700244 28753703
396 284 947517347 213582626
357 486 560927936 948148409
245 270 550652131 654493456
41 236 537854834 773952809
361 202 63115964 69891018
159 163 509453636 96668422
17 110 397352967 718031087
337 465 509611183 616418880
452 189 122324536 158491371
26 231 878533649 172724949
384 377 239455617 833434008
283 297 209383463 20477893
54 187 587711921 353070874
388 180 886409517 419891445
267 53 841016638 503486530
329 458 128659698 859849917
324 442 15005134 108809052
45 458 337951107 684734609
482 293 257432195 94801423
284 81 323862115 254749562
360 442 947071585 551903003
110 40 242997921 536006282
385 485 476333342 853085013
238 462 8198197 588911577
143 51 821755464 520348633
50 384 267270437 233364357
350 417 551509020 697762838
263 144 98616936 168443431
135 39 152480738 637186558
420 430 266835015 753442467
334 206 637130064 432713193
331 448 257381671 666134064
262 478 742816390 291770891
73 156 323894731 438404524
135 58 19277007 815190133
451 349 622149920 501033636
455 131 525889974 816864629
496 340 703508251 80917344
145 60 48440140 601301000
271 373 581636922 975596062
334 375 942048030 146133067
181 486 561742924 755513377
154 47 871913174 997519627
179 406 19297054 951083915
303 48 480299810 663682290
431 178 587405099 414830165
297 96 350971583 125907635
55 63 977075775 638242700
40 291 436890691 393185134
388 493 629376430 529613344
327 289 239297157 112939188
262 380 244852064 408473125
49 314 893582512 405441862
242 25 165322740 712282682
210 325 828872126 581834062
54 327 184662163 971488241
204 98 171824462 479496305
409 394 508626337 865099791
481 298 706468120 693249640
27 15 573365991 238727815
98 133 287406570 174384405
32 22 90422562 400180119
177 242 386043538 423905960
380 67 168176266 724833063
45 126 467867814 921545429
476 206 26869440 314196893
365 206 984467989 423818966
251 392 734501057 874262265
415 110 395754224 654541385
326 18 366711241 161304955
57 439 755677147 678866262
229 403 98489096 382216564
91 471 713926964 333720278
281 131 778387026 123108715
83 393 267608876 116789670
360 102 493473911 597249353
482 308 846935337 981368121
284 184 486937852 622658517
498 280 213898574 43945592
89 20 740034028 943952477
308 474 884700613 909099169
410 343 137450449 662907551
161 431 49821632 325566988
136 421 245517905 83241629
416 56 341110276 770081800
211 456 797017733 852764639
171 425 521661151 566567845
88 51 305479386 476870836
231 186 936731081 11050279
297 186 761332458 224643747
463 42 708673469 37186652
32 135 451754564 518956735
179 136 785459493 589667900
382 129 207464266 145270809
265 43 12625833 763354449
294 382 197395499 823262577
490 47 11088923 177606021
414 481 608647141 901139176
184 78 84177972 750226899
400 134 198438636 852124277
306 460 185552761 594581650
25 459 962709607 701353274
300 33 461415722 397825137
225 37 535721447 507105094
318 57 901793101 839090308
46 200 676292773 702516694
196 288 113787383 242131911
383 129 276057521 263328539
75 152 547488866 989405778
63 396 933073108 102385439
390 484 598211634 876710090
280 248 919257620 895946598
263 475 844464167 721714710
89 381 63063896 626246199
466 350 572296514 560628002
114 332 271302961 800287297
390 284 447985245 623868808
302 441 804470235 781734343
194 123 617459605 573492721
426 254 688926271 761844545
316 385 165621002 784176806
470 96 111177670 322306802
384 254 420226376 116444316
218 37 286534252 28580562
202 347 818169666 55625782
350 419 489401887 263187084
106 107 814298570 714939209
396 258 235057961 493344486
113 174 244016013 347467749
436 483 329513039 52966481
446 379 255160594 317457911
277 478 456496597 606208727
17 363 427671570 380595911
43 64 262274597 460427645
13 483 646805139 141688057
215 377 585611352 41113299
79 287 451650525 954312743
372 439 960613395 186913086
347 452 348206983 370512660
148 99 366441956 291905796
421 121 20264184 615293420
360 284 161368377 469409243
227 277 828955189 653979132
483 484 109618976 398294725
13 174 129219415 721382213
444 41 237357248 866207835
215 86 818395158 807595427
476 236 98117178 699205095
43 160 585132769 877577895
69 91 237955414 606987984
192 495 511620982 229822253
87 265 759716880 499911081
264 499 949373344 771332031
15 163 692205013 152048434
211 201 563995516 4763547
126 346 3226719 979392762
104 476 869451667 531152932
381 146 464375885 854614717
187 21 435734890 460988869
384 360 999160865 710992687
304 182 221290305 531959620
495 132 143840532 752570213
25 69 25019993 375352776
65 186 663402940 55302406
440 115 879453607 792664173
175 200 49952498 406575175
141 244 7910275 693068886
122 9 864881905 641949489
39 310 586800996 487696892
255 188 277329638 815305673
191 88 962052922 599543438
157 399 318652942 830960758
404 453 707919370 885962026
308 8 275919491 315981212
361 370 689408404 163804760
358 192 169903903 328570895
192 414 728503196 134850096
166 373 946349801 560795201
94 179 558090578 845522947
158 329 224099171 616496361
341 435 543957170 560665243
99 397 290913936 120184482
123 365 546246037 207868474
287 308 570056024 500346147
114 194 288635758 130167017
382 8 95283886 446381132
331 42 929817872 471814957
253 491 231326805 7952282
236 239 13396513 594871692
471 372 162521709 629977370
393 466 743835388 709693298
335 33 932259629 260845040
198 63 954051208 68517413
231 316 687029924 937613532
235 460 439168285 570020319
353 359 623006359 919224610
181 348 824142375 465063944
360 231 348436689 94549890
458 369 665870169 135407008
246 250 368414022 974509372
194 91 109201236 171146339
390 31 372045446 941289980
458 3 412580419 170615755
157 81 624650716 547281979
212 293 587187216 577815113
274 454 701865044 335483176
265 360 759133875 786581440
346 52 175118680 878526651
270 96 654981233 105918126
178 62 466326327 175952753
31 99 563680185 434845625
496 389 148735866 674285028
228 448 915303610 564324267
281 169 781234732 633614110
448 484 731928307 190364668
213 223 946492936 41508016
387 404 44384014 647140714
376 446 804196597 730526856
307 337 661613240 743888319
328 199 134073447 116064245
187 453 742784355 380661343
293 12 537697962 688439273
391 343 522946091 117979222
230 38 414906251 839380716
343 272 500544526 503066427
215 412 590859960 670126798
221 315 693079160 179633693
31 270 28708508 631072128
462 115 140044481 77320158
466 111 598696286 41923799
330 32 383327339 609594531
423 85 49411282 128726847
181 228 323497755 16296568
229 263 936032721 109665908
108 4 811309012 786709427
492 252 164351839 823203354
118 278 87108163 489698940
132 13 173314500 426267639
390 128 129540879 533652665
490 25 656447268 272856455
413 431 587513519 144097766
140 184 931391604 606001236
215 474 638577220 330472021
256 436 555633093 666293796
424 84 261180512 578739841
68 50 53948201 651795545
486 146 149133826 894728841
284 129 738803295 192625023
467 269 701928168 582805523
450 286 301915428 810037315
143 483 293869924 731598494
96 180 627826326 810195842
419 14 533487702 529618129
341 19 706138382 941918585
416 170 159020728 834239934
331 438 281581296 804402774
99 95 493146707 675529163
474 115 433512308 410928628
10 298 45239238 981521084
200 494 362600849 96853809
58 71 906970675 239316350
449 456 663426241 188994564
220 56 147443668 904759248
207 275 266646673 992634859
460 126 658871072 981406551
308 3 317508726 23695136
94 423 326112324 351528451
92 242 288542665 947249848
392 32 246230682 828703076
129 482 362011096 371423262
216 408 110744656 825809889
262 272 54816819 689304090
380 288 782368347 693604357
296 252 349590710 150826566
181 273 272467808 669259245
481 306 223705826 385820286
87 496 375601898 679650271
460 50 922602144 376073012
194 394 254312288 665970973
66 110 396283391 34467764
483 8 466562753 364001771
291 348 186216509 992235386
317 228 361753352 98437000
60 285 102866656 800374375
421 344 8895752 863496913
450 312 158294518 763030530
472 147 294958762 427851234
32 325 370456941 482575945
118 183 560156623 148634595
183 99 301862810 892568975
138 41 906826618 18555509
110 306 669970311 205449207
117 45 350986763 806425511
391 344 750550100 79339171
350 358 352905314 633521200
140 150 89667484 133861129
204 161 647777160 565194647
441 220 496785712 474723092
297 384 814690130 482687310
403 300 350022820 163717149
145 234 628070724 679970055
417 303 838224030 368869239
64 36 305893808 696696414
412 258 668127323 289305659
276 283 916487247 718740173
310 196 782510441 196702786
371 363 45238448 295532256
172 226 677023300 418853603
144 397 922871719 680097237
254 334 753613972 439013477
349 246 820314980 935046098
412 247 839049022 568569545
500 258 121680138 225358532
125 458 476019133 590059166
472 91 606789762 744572789
188 240 162473130 285132678
46 472 763958524 4504543
260 197 128203223 846220676
293 428 904029423 890299591
99 81 649111378 226225710
184 222 521075558 888501754
70 36 797914357 839867389
234 436 859853983 31720303
258 13 547553282 420222452
277 383 676030683 374096734
105 181 934089828 31634270
372 350 259784641 249311668
108 101 7285422 47893727
486 13 698136221 442185964
437 235 347543464 903615734
233 337 481057822 796341476
208 25 153542301 913502320
255 3 48814783 720864470
313 474 259828272 251906128
86 114 461455293 548380749
322 194 149654761 704635167
219 410 707274273 572335840
201 209 113028014 537487829
40 480 247945391 439347294
82 30 883920592 711361772
111 497 78611781 409426542
185 329 497463515 606749311
428 359 317020617 828559019
259 39 184895188 557672503
363 386 534642311 553075763
2 331 867963997 80759837
17 446 232921655 691234391
370 458 54034997 259290212
46 82 94397192 700704008
115 232 200455770 239736323
201 279 957935601 931272941
138 76 142427514 931721920
70 47 909721008 114157634
63 187 975110644 314418741
11 202 42572295 454818576
55 193 773711180 722281371
148 176 538600906 86139600
383 28 9081149 204546566
39 461 597110600 657762862
28 419 865008900 610680814
225 115 418097557 253746565
207 186 629822302 704898396
192 164 416198975 231481033
145 240 847232312 643004474
428 488 624077299 310882627
149 25 587008295 292493738
438 175 332701615 644029729
227 47 374747816 721399399
77 211 719489763 33830662
203 142 907169047 432305656
140 41 756795806 292970358
399 256 838001135 22997031
181 195 501863654 814351
86 226 255498016 69646425
85 333 696502482 691014578
352 288 60508715 12576029
179 257 840106000 541434022
368 397 73128370 517110452
72 354 620585566 31649702
203 368 538921338 564461148
492 278 701709749 122181645
87 46 596612293 165684823
197 484 661973810 884061925
313 347 889515749 399573179
416 498 727465313 593872035
5 212 616593150 585314099
232 436 855905953 89138138
72 222 414559522 906327508
281 227 813030950 709031603
71 353 65328044 175968256
123 23 851831434 622163605
253 374 352861663 375721443
358 133 122291596 811098455
53 139 12817413 309064831
338 98 678427531 676625430
189 51 20106107 747166120
216 350 554978975 545362910
197 311 75956452 137464895
344 46 363067346 770463062
141 26 396590529 57383345
492 97 810922553 264080692
52 247 470732118 682121351
318 189 998589899 837246178
363 95 85369524 456020431
349 362 146070116 367874983
372 300 902576608 312514572
167 199 924237903 422432909
168 251 875780329 336705979
6 150 619713769 62096419
492 241 242896367 211340369
143 180 531887175 208504156
29 396 93714610 426123660
486 142 891626216 690917716
209 37 62156207 883313399
480 169 740443655 159705644
13 295 776959966 320579691
304 80 725220136 228516925
75 1 802303330 256376236
388 31 923321124 328759328
372 483 953052815 34178838
209 68 980209333 608324890
39 106 839241470 933974951
228 321 972602139 942068622
213 406 682668892 145427494
225 179 751500931 923251834
370 387 642690928 271601189
447 394 934476684 313754001
123 144 989218067 334793571
374 51 538078187 505616122
244 88 74932259 416378581
282 498 757185931 238038776
11 312 536238471 825818205
49 94 112789874 6928446
4 79 176727563 347963660
302 421 453300224 670224269
478 479 466748364 196829520
352 3 448636338 665506068
153 75 227813840 366574848
358 12 636642217 963761302
57 494 263794518 397537804
464 291 256284534 557365958
441 168 351641893 675949321
265 317 359867291 254240177
210 373 421964815 41982819
218 377 362174629 331627868
333 288 652820428 901036881
492 29 230536702 48825843
426 459 201036982 209184444
23 310 8781442 967708975
136 467 90678732 435360022
318 76 533432828 571554382
335 258 997047348 155590824
307 51 583464249 927212494
66 432 185790302 378183336
103 119 581237826 817172392
291 17 888338551 576771486
50 282 681816921 531707166
330 249 326692344 573103445
26 379 866870699 422313691
484 175 836774643 456212218
79 482 666668852 625786275
264 410 608959046 839214930
44 30 564380837 266569518
440 70 844070803 864194201
49 323 231827936 769911522
365 406 339819889 871819928
112 388 895662435 492938578
299 122 344450239 537009532
312 380 198564736 908392754
363 174 172522718 129960926
289 130 702305878 824565831
32 211 314859964 283246015
23 237 316744761 107658441
336 233 860604340 441310084
437 245 270536850 149787238
317 484 340510421 522627474
418 70 879267028 928114473
317 216 749849568 735447119
158 91 386011901 295193062
75 34 5272657 327110083
307 32 829995434 951528060
75 323 158851099 146945943
213 369 598297215 530145452
275 165 787807849 628055942
282 238 82027208 3282015
461 459 316720671 856816556
354 249 519991284 427697442
66 343 839052403 904641929
319 254 888329718 341879227
195 2 866037506 122638376
257 34 860108175 715414002
38 17 330427367 285165314
291 238 869195023 186762839
191 184 890144584 915600078
269 125 678413315 861647163
441 134 204096298 332856268
297 308 190097096 406537155
270 84 84621030 290939603
91 351 920626996 909442142
462 81 242576877 568403208
269 119 505898694 34841111
94 235 571392065 663152612
168 335 648899231 27757383
377 469 881863856 854708964
425 350 665985641 21810206
230 179 655740250 141939760
102 49 804512490 501989462
32 141 840671592 285576150
10 97 314504956 518162042
26 72 594740567 742616916
214 72 358616251 605098871
69 275 102268425 439717486
165 446 779216665 632446942
133 393 218509685 25637450
177 5 130200431 875953281
30 192 258456139 791153844
198 135 435461433 398003913
399 52 209843029 249641802
283 383 797188840 36710762
437 348 145249128 380711847
145 71 195088812 521191370
239 148 432690521 754436607
95 306 48935313 424338510
362 294 558954141 678887772
363 447 423217115 944385335
470 448 704531093 762744314
458 483 670312026 62494762
263 224 643587108 810872827
289 397 207855608 135163095
451 212 292402971 679796241
474 456 928335965 315834111
113 264 670690339 648218392
83 216 74518210 31838910
13 102 910327201 714233194
169 342 391217003 552639221
286 499 85681755 84927725
202 388 607782241 744622110
188 179 845460120 781553523
381 39 83727261 529091660
391 370 116176142 622173598
376 288 243191546 18056239
235 124 874689663 502735458
283 272 239919035 44434535
43 447 541431366 164343844
301 97 841691410 504897158
88 303 987432795 802998495
284 366 806555177 995479165
460 284 207462263 101478742
291 376 571215669 340391490
188 236 530583723 884868857
388 483 717989893 454994480
268 79 532865158 71939955
186 427 326576445 384291068
115 129 246336094 676122353
272 210 204005347 292768245
232 429 271478305 938869945
227 428 580988795 531553595
418 497 366137962 356529996
227 117 807669252 280210237
365 473 40325175 947896625
443 187 665452386 788041286
20 491 959789517 191100557
133 404 901675230 588781574
341 198 777692335 38741937
232 125 78168033 347516300
7 73 552465597 854678818
288 467 66415116 240714258
52 191 187904320 147468149
82 317 6917846 516130734
410 402 97995735 690215038
58 459 602300007 635343616
220 281 544898467 662740041
477 157 518903391 337434498
410 408 369631991 738327268
76 91 219410165 973937029
382 256 334344088 822929650
65 401 94979131 696726439
189 176 176680678 408512296
363 282 177502866 955985707
380 377 889204814 47753635
159 184 328190268 954913210
57 325 761266539 862879723
214 269 285690107 599341308
308 173 740799016 712471084
232 11 842947408 318418896
267 426 296400701 49250473
347 345 130442929 380127018
352 25 507559925 399564758
304 263 786352256 149461440
97 422 99129773 699497555
395 268 801768567 723611068
462 493 502733784 69789869
10 157 369923735 676734831
157 55 196382949 696303916
265 239 555578999 549932206
289 143 321012257 863389219
60 300 927005153 987292004
373 301 685780056 741344426
215 278 127252044 367506565
360 92 265733541 150411871
311 215 972434399 258374764
327 43 11053867 735336732
134 326 277498979 537005949
2 494 637591077 497428999
459 313 108495115 839230095
107 191 243622090 842917030
351 198 4157025 811673589
429 215 317689790 973637810
79 426 955865172 766918505
198 74 734072361 18658242
433 356 312756609 95897868
28 134 608687157 860843827
484 428 529422436 949218767
272 15 331977001 558096342
43 309 831104819 162941777
208 194 488201300 585577258
433 362 783141069 888563032
392 45 971529173 929377778
231 203 671597594 196774719
111 199 880375946 794868974
108 302 527250624 294693593
225 420 753152923 762110314
299 72 498148266 429136574
364 437 206920277 987603582
355 490 550902039 1546229
164 417 910557649 445784225
374 113 870304972 790636528
83 453 724218311 990927758
298 6 208337140 561704104
198 200 746067358 734212084
173 473 500466763 138946007
12 49 693416722 412083951
13 159 873674530 812750824
156 237 607217340 970004714
333 369 316426931 679273956
162 246 639597573 673361004
11 369 780440952 677245228
377 201 586203662 231561693
155 176 310962860 122151002
11 170 356101524 316415122
218 184 53604817 38323499
137 256 102362267 886242692
112 403 237174442 274536993
480 61 995860992 562066818
345 129 812977613 768707131
238 278 914174653 718752131
171 141 704541722 284795385
305 272 75657984 729706729
138 63 464165124 834942179
445 437 865662941 695604511
134 385 963013399 395675715
205 202 194985470 111793531
297 216 945018147 827744909
26 485 252503422 644420080
461 181 459025854 283676609
344 114 579056703 846899353
115 3 780215902 843730036
31 37 312941907 625657161
468 255 11556373 317794912
387 330 759572895 731901712
403 330 197711079 874261371
337 55 693392828 792817445
373 442 804546072 400766474
322 149 397264188 298769327
341 371 195004938 843702813
181 154 408010551 941163481
150 243 489980844 303812434
436 382 927978696 880060073
209 378 156346675 421956776
34 177 405451912 441238296
162 388 911511531 274339051
19 59 985604314 21180529
463 331 355416774 766366946
284 312 473513249 454309508
23 77 314958789 708943729
485 451 773372004 24602211
56 169 284947524 81013348
227 326 520912040 471410566
433 1 849005104 350569407
268 333 152739471 295441309
421 446 781192512 148607921
51 225 724926507 428981370
491 98 806573706 48249833
54 400 889165599 683818867
428 380 310668573 519723543
253 191 607493288 519528710
330 296 85786621 787315688
101 111 193427299 470542868
306 159 825255564 390700904
46 367 263479385 79566835
60 335 174462660 121569677
333 432 751872278 738571442
15 147 445823196 732782775
124 8 200854280 945013475
253 73 182995316 978103699
70 479 502885543 746603424
95 166 132312455 101448664
372 221 434140456 325064492
4 328 508444239 727566758
133 19 695854985 326212867
369 192 10893876 942687604
16 263 539212106 990311958
228 74 3962164 41129146
81 406 85173071 394534176
342 153 858356274 44056009
302 457 440843804 262580683
408 322 388133241 180543329
229 383 396289196 248749272
142 171 392539356 225221245
375 283 508391853 756647496
417 410 443571801 727378128
97 117 289542074 271724622
391 279 284653679 66899189
325 154 112585830 452570033
475 184 894218712 151329130
76 61 223823851 76078192
50 337 689399639 536168181
397 322 163601341 653218143
203 44 237985564 599841250
142 191 652018438 507239652
23 387 814985159 287634929
54 172 753906957 680032613
488 492 76809886 180818852
230 168 409894003 314322610
152 474 207501390 859494171
383 96 538666683 860743401
352 232 425900679 683537372
283 306 616255453 807210044
477 259 734907602 857962440
34 369 64762246 980944842
202 51 842223240 379288640
125 366 826022968 857591915
460 430 899979284 74237555
194 498 447085908 325949039
111 110 837672606 377316311
322 96 532082384 916368778
369 293 870748122 516297178
346 237 287340824 321951342
424 287 467371191 536193614
474 244 204026151 903824559
300 153 454466453 152038265
460 382 734554899 877757694
428 402 412898067 516968893
193 476 600017123 109889797
96 182 365582548 111678877
486 41 567036522 402810690
431 426 68729953 551076995
239 287 16925797 472808637
108 123 935755346 385157871
470 241 199392938 899314751
226 305 574505707 889400723
295 165 697878363 99000655
103 430 345527588 902202291
290 21 156974418 41769396
402 476 913923105 359199460
339 53 343181000 46708611
377 394 539757255 66132658
182 441 884392318 983238322
87 312 32821247 646066890
42 231 356672752 947049879
107 336 945737919 521113797
334 370 814319922 469023481
423 303 785417386 412646299
247 248 7226912 194358874
323 309 658236160 666785140
471 344 407492245 876365822
41 309 779955323 183965243
219 98 589244817 539193777
43 92 590001729 746886100
87 307 160199924 54261336
21 461 797701679 694256490
226 283 351629016 894774389
252 327 372417675 21926401
170 169 936091782 509151424
86 92 268265666 621765244
226 330 832403211 602481737
83 487 150321957 538219478
444 280 167399445 748549500
165 186 726103006 342534891
211 281 598074455 119889265
421 331 518334656 280003811
265 276 275347776 904276454
304 287 475918387 914753597
158 76 565078934 784713761
320 9 226544160 34186248
168 244 68370877 982242268
249 224 51567475 3731709
408 200 60728993 421369503
156 256 110430673 118947263
352 38 580291602 346314847
101 416 173797526 752051821
461 473 137061084 569326593
61 25 637487332 179640751
358 406 308011740 731602999
302 266 307150220 77460669
38 95 300938290 248450255
51 193 783749640 248171117
125 419 521283918 441740165
280 141 264627341 252052638
43 76 471832424 38949364
221 497 49229296 402169064
375 350 761995143 852888692
2 82 986761988 445225674
169 391 675689437 77356832
301 359 378717015 329296344
294 158 827876325 147851174
20 374 826288121 508414706
339 81 118803151 331904269
323 19 49358571 704011054
402 344 38285044 907381856
232 218 885390621 531521847
336 24 39463712 493816643
438 372 760808454 281782408
81 125 907708768 757082057
389 216 533114526 659978781
214 319 290617533 776156339
385 37 267439309 99681518
417 140 177084945 236244657
207 352 7764696 585917068
425 282 826887852 431685191
198 29 70278520 528501587
143 141 537543694 34675637
269 284 463233497 732686785
347 267 945700212 448172698
171 390 204539202 533226338
159 90 633827976 83382140
256 415 506265605 400362759
400 340 64581158 736240646
366 277 799906717 457802470
380 441 980302656 571734469
105 363 55465003 242103780
168 123 267157952 944399900
241 493 606120590 300325674
101 356 97612708 810509116
431 498 537158651 395756573
465 296 493753211 550211917
231 441 205365439 668150184
64 485 815222509 252130192
175 284 310996780 991163525
388 141 855938995 62122034
135 462 792646738 965753329
265 162 478285674 556613042
66 470 289325853 38668330
380 352 236107615 374363562
149 199 461326059 764900873
86 299 806477640 646406643
468 489 115881955 644639660
217 113 871588084 582780636
250 145 327164398 195349127
95 13 771915549 240975109
293 15 379575888 734425598
97 104 873467371 591730865
276 67 897970584 401539377
19 477 742968231 519855318
188 440 21641407 194122726
412 420 660114592 52350032
28 438 520976191 725714376
288 445 116054046 206827495
463 179 225177723 676054842
494 64 158960149 55290067
297 281 424697225 164437295
153 356 758451873 53461860
6 366 27576645 156322135
472 483 839278140 344347541
99 54 187214530 861184104
62 475 855924831 237401537
343 87 617329384 389578907
470 462 416854318 77612558
24 278 165365116 163101132
432 58 817750890 748115586
395 29 224487195 558729728
192 290 580939547 425505724
443 485 397766422 358124879
183 271 95818075 727483262
247 453 508536764 76019912
300 35 771598476 960954281
308 417 131679973 901861869
336 335 319552188 958821982
255 498 950486196 17575004
174 308 534281242 720230807
260 81 537462846 361746522
203 23 893919807 600894297
75 13 400506215 147023691
413 198 580356186 627585061
107 424 743608583 267152890
325 365 875003313 707493982
296 411 566153521 26222568
483 240 418167202 792834490
141 46 897268544 567560625
131 358 947850109 309422318
240 105 353927853 900946085
57 396 539681489 943742258
254 206 528428045 333169399
56 294 155396082 684151840
33 60 821563180 216594410
190 211 895214272 772221263
16 465 644273001 204571664
49 55 288522850 435729049
337 298 288163323 162758950
438 482 355819416 184575621
292 242 688201151 581741876
163 170 190312016 660935110
274 54 562888539 459263131
196 258 689387575 67915228
63 195 44930120 98419485
342 332 233081053 62112200
82 492 622662916 790692601
235 53 207013503 590004242
102 498 204883962 528402778
107 54 380755221 104444453
499 12 457512083 706350190
288 163 214861970 168268160
74 427 367967444 262465558
28 374 545179497 660046834
118 130 77017260 420188052
53 14 482969416 941209104
190 289 152531032 632307221
117 76 751912930 586611046
437 247 669761470 26675445
273 31 840145008 776783312
148 123 947199976 349626329
438 97 65143940 524148334
123 247 292180094 328292147
21 213 592998531 294215546
303 234 765800108 989637926
29 333 181841897 127310607
93 7 470288320 297188277
65 343 11116641 774144642
464 228 261163750 768728055
152 90 974684234 587455841
373 182 199944644 728659090
202 271 782359182 212347522
282 269 537483369 764839122
363 378 981560679 137394283
105 223 560599143 877363198
212 147 464173499 674498843
374 119 935666313 862127952
484 248 572264584 200881408
168 393 929268028 889535455
5 381 367291853 778650033
34 398 270524789 304751965
127 375 700008668 902988979
404 32 672268381 975222832
419 111 460755333 901138444
444 325 898499417 220102413
356 488 333327006 490570277
200 478 99436342 631877599
330 201 298193048 482761317
67 224 894328830 732046466
164 20 798112252 797769870
68 394 492463626 348269225
356 161 696403878 798565784
302 34 448259052 244567888
301 94 938810039 274895518
380 277 342456815 408004988
263 194 817934013 943800339
138 300 677090716 126422824
122 233 759255728 101521427
45 302 231428637 688791838
228 24 149798680 303566787
35 425 519614869 63689675
30 273 472483927 791258980
265 218 581820831 697907100
210 143 651602047 634213745
28 396 953408235 575015656
283 273 576848665 177232180
89 303 47895071 211313870
85 121 363251727 989297249
442 377 897956860 92382783
125 347 646967847 889745569
481 353 327597424 66097242
154 172 638045068 150402155
109 427 935680600 731585354
302 162 649755075 556311798
12 341 721480406 127766816
322 82 175888361 523561857
178 400 300225889 176052005
498 179 566278524 612712201
30 200 384125456 683792953
259 148 938023085 911795412
355 209 414014232 935033647
182 493 183795540 342974810
440 80 826595513 523705832
255 69 553154226 28122753
459 272 810041669 943607551
93 456 253379070 451455272
182 287 766535340 620295212
497 311 41043454 48471252
340 299 412863943 321833543
347 271 583498506 979325541
268 200 385173131 330656158
199 252 700441106 408255094
382 98 961547103 749724275
71 292 939698334 537162316
390 18 889430472 72816748
266 50 536727724 685519407
413 452 544241437 367824631
128 123 651164814 2289486
449 305 773937333 157871454
365 492 351717688 963802426
65 270 10281533 281292181
112 292 676475548 622030183
196 120 418112983 997088091
317 76 215306780 321157464
434 179 829464638 547836230
439 29 319876030 173248444
349 50 94990595 397089439
201 261 496763201 330284001
69 10 407601418 600371986
465 439 401573585 899948606
73 151 393856178 424625288
385 364 98756974 807881372
381 22 930211014 757322074
106 450 721461326 452566191
383 47 843959320 168358852
348 280 987866593 738238083
242 406 886723929 761948662
14 311 648570806 288587089
437 143 24201998 964532038
347 466 248980253 908123354
225 236 315950993 928001301
39 229 699784783 391039588
202 433 285062778 375956156
166 186 181647647 991233663
12 388 751415323 23726756
463 61 725411059 53227650
317 22 598294625 716801744
276 191 668452843 100694549
308 190 573527209 409826544
239 37 592114218 346066610
96 369 883064203 779278016
223 251 683350934 648833299
481 437 677569556 954466536
42 141 503014521 416141603
265 381 150145230 268650173
453 72 228099832 237801044
407 382 761051083 630722921
463 201 248412145 220208359
64 16 63039763 491695765
364 85 259139612 788460145
485 479 31043526 561171177
383 478 289092713 721297018
200 337 914544547 231588700
176 36 436228365 46299621
322 367 275636185 262188465
231 315 848518635 682922269
7 425 706672857 151340037
121 196 18066449 212797935
331 455 135573842 51552712
380 388 429740107 10576230
24 192 54320549 826023386
115 22 352879477 199742865
295 215 821522974 574426691
155 12 901520403 204582103
97 37 49996666 186688888
449 296 677135106 590501362
320 272 919335034 959339115
31 199 707623173 870252528
161 40 749483210 388325251
421 237 653196632 410919783
66 412 246223828 182974683
413 52 857735489 435769021
46 107 382187642 765909610
375 440 679546610 127070120
196 238 496443637 854341871
154 379 237565400 568241547
457 473 907105466 392038477
235 28 179116338 942169873
315 54 867895116 889395665
61 389 122506217 379904503
125 222 598633672 936948867
416 160 931990756 860960992
373 448 50857016 744821600
325 389 322950648 312428877
113 285 592776697 17249956
363 20 705399816 986527846
371 169 742895325 530376260
56 392 148107244 33006093
247 410 328350881 122927457
154 449 741836740 163678014
320 283 697322082 998505792
274 228 520769296 873877099
343 161 416842194 395728031
4 210 137219024 549515780
459 194 126435885 202519060
434 172 714743318 379097823
73 168 207360660 955427788
159 474 391236324 329997174
111 153 264165570 352948209
148 153 880942503 936056067
152 478 935984647 172224978
138 154 457611702 932501487
294 105 810593197 50080410
5 417 543976760 978512298
179 349 151583988 281722211
410 370 472463009 503847581
82 31 241074674 459353514
46 440 369932686 333771922
431 114 531237217 542104270
369 79 346294014 793102386
307 166 18577854 341705262
272 43 175880429 716356542
7 459 835391332 549848315
268 451 928702020 36307002
486 371 211537271 545060237
234 462 241048831 417344992
25 178 745386170 12668850
61 63 193528516 989632685
463 414 965035625 536944329
90 64 223536505 925618945
161 227 518408843 855074279
361 7 820729962 260881380
255 64 967328204 956829843
38 50 150257742 19129058
375 31 915296751 972046867
101 44 58641175 21041712
255 453 377234415 475382862
351 216 730967862 788124294
438 11 778587574 417186577
50 329 228124417 792057785
126 91 370812744 40110841
475 388 951315140 247077414
274 296 284255070 700625823
90 403 716192035 532933073
185 213 68151681 763696308
9 169 289944270 347339828
432 210 351041594 230518342
326 100 874635300 390433811
323 296 712070792 15399201
27 280 467220781 484886598
188 121 880374290 555247524
376 205 78531295 367056992
80 194 213796034 815888821
134 48 744054039 343429172
354 71 901824902 104738477
303 322 916963344 344260214
49 237 692598563 153485393
244 89 64151371 388360150
419 266 411567130 957136992
455 311 754280280 794056038
271 472 189228209 809968289
217 173 272606827 829605534
393 214 103428200 722398698
327 21 709927081 702591001
204 111 64736457 292737420
5 318 580394772 490353077
340 498 608336019 97126420
425 465 672634294 810072889
314 111 452628545 340969810
365 348 858098549 979220855
258 100 526114542 552794043
325 188 397667817 379873759
415 67 652285229 833106814
290 170 847670777 148638657
28 389 290540930 899798240
64 78 623713281 371999632
463 268 306125172 419463034
132 65 418201324 468981427
405 257 975428093 888195476
403 186 893660101 477963511
49 120 745684435 347837837
466 454 756509184 457874986
412 24 398040357 167508320
134 339 653800792 45361769
158 457 775840480 68380290
275 305 536635946 145666375
14 68 980593744 956423365
318 461 798268228 69986866
136 283 628351458 612748601
191 322 740547575 655376405
359 369 722166627 855846683
79 168 842883572 332760374
419 296 836550662 628557609
224 466 971501877 579907820
484 343 671429238 710322313
175 364 683702865 431862262
191 76 887132139 999809366
446 425 383253289 460130202
337 155 244278980 889111014
22 121 16282537 567092932
427 451 302886632 817087892
372 12 604630854 413734881
148 317 11077477 152200370
365 8 289781125 690112134
206 390 527437412 724160159
289 325 153248089 708237611
242 274 445287182 197857893
137 38 549637266 237573973
102 147 639607932 482220965
368 283 635860020 956977505
218 421 385739267 76196028
276 2 795848468 419675614
25 318 660051785 49193327
312 241 453850926 631248125
321 128 436422496 584017315
314 166 440337640 5531079
360 434 137103743 694908089
343 195 32864943 895342964
38 438 80510237 256638489
340 118 231527106 692551906
172 162 788599086 177741889
53 242 508410302 834554138
355 108 837653746 735440119
396 236 640917782 715290925
152 467 451961422 474523460
363 200 39653086 990748841
473 312 22261597 246913303
78 112 7198485 299837966
222 265 994106715 446956753
427 424 287907662 444143929
135 181 173381092 274279089
450 69 56216196 841686724
414 267 129235302 597552020
196 169 370789217 800300461
200 142 109220068 484648252
349 253 989938784 539913045
419 189 454263743 758362501
444 143 972832393 873599089
146 372 508157779 940011123
203 235 326143301 488843609
233 37 178989251 758712203
265 470 101992862 143319428
69 36 297381188 524869955
334 439 71552967 709894588
113 424 440915559 339742144
453 232 488879231 923378709
274 211 762317119 390740666
416 456 751599850 836950480
327 86 409258121 75191209
332 21 732305735 415213654
461 417 443485642 312839102
278 400 784854341 868764181
466 76 600366594 18996339
81 486 203472273 499020489
50 62 533536438 498949014
346 278 158471886 410901952
478 173 986656894 338762945
2 192 358223079 287137117
444 103 334043337 305779641
446 290 55205870 541001081
410 109 956137236 547375681
12 164 40330857 958894154
281 108 317784269 580675923
70 404 156791033 525607782
22 238 750884456 933595589
10 479 558754238 247885244
24 312 2475221 910256525
4 152 799587352 798744823
278 288 726681131 317541318
61 379 804918474 798582380
289 15 244969360 160898119
260 173 350284472 484837703
212 240 992275458 2815316
388 478 724391523 1102614
295 318 50116654 823059642
56 401 420621633 108205081
378 475 43969926 539015920
147 453 744565840 741070621
258 67 969117874 847977405
221 293 992106614 684965265
465 237 956065311 717295953
440 23 793610617 564288693
394 80 712411912 129700312
286 90 303535759 932286947
250 138 921779425 216263494
42 428 604333703 685841422
17 84 226070202 756324011
244 304 498914640 999439037
48 492 730095084 833611396
127 219 191698433 632241026
148 476 23169327 515470845
288 441 648141134 794639356
193 393 723336853 784620223
479 253 702163763 758798420
129 232 323794003 924212505
201 95 596906626 195031362
325 350 188154904 679267094
320 38 113946401 192232473
482 440 532701899 489497204
163 336 517356330 870054899
53 493 117237626 399189446
234 290 768147659 330875582
464 431 3348582 819920136
437 228 370346897 475224663
293 99 729065017 861519
105 123 69922770 214591208
398 99 728018357 620413037
24 204 22682553 469122032
189 112 980417253 68782956
435 170 737050514 817357982
475 82 631676570 200546611
173 34 244494527 775579843
85 204 244702380 563096058
287 116 981311129 102116551
153 182 467051180 533913676
305 196 950843758 849260177
33 18 400308915 562361685
473 189 677597453 519298561
41 36 377047761 17363252
10 202 83880170 95720778
1 478 281746693 642450921
132 442 123420224 123729806
367 212 747450385 348100971
143 74 208633403 22678741
72 121 311853855 826295192
381 97 310322817 536051876
495 182 864790938 604142842
387 434 510080456 171272951
483 142 919313114 494171230
10 70 970579613 47296264
115 268 974876486 782904171
385 86 346591156 207532039
347 69 25836575 226795312
136 288 205529396 22128466
325 311 6246723 680029873
436 395 152841994 905538592
449 439 928711234 286010643
303 147 341604494 145311915
317 215 424013611 588568573
136 227 937820216 952432642
396 484 635449379 408786426
274 78 165842477 645488008
339 228 880444295 789814657
125 185 933010039 372854565
171 411 115841272 460661391
218 117 117132164 639999829
383 176 885375886 539357757
453 41 817616253 412619875
434 311 245602400 244395982
57 293 396571562 502546321
277 13 845310749 292331360
422 383 172638976 927957341
401 369 216304894 936228841
41 224 275655396 118836092
441 177 238794170 423157200
191 6 257599291 76095261
108 117 567955233 237757200
467 229 50063076 113964797
93 230 130749220 350544671
424 339 836555231 502220851
73 172 315639578 164048469
438 404 414183644 57728083
414 161 50131406 418950200
196 65 3426172 774004800
112 281 222305540 231974246
25 229 29426397 377275440
23 225 534929355 357760917
257 288 242507851 381201050
433 9 246242292 614411955
174 446 416829968 579797471
234 1 429414446 994599197
190 309 559160708 273836336
416 139 435181436 792418504
306 349 268121509 210141233
209 46 397879432 293536716
440 347 21527973 981575384
202 159 910316641 666708664
118 466 290396514 384400729
99 47 630460075 921777918
271 325 768433793 15403738
70 365 621027730 122082045
2 384 262936143 896844076
448 139 724024143 554004974
335 250 268268136 509507341
55 94 161655071 589255143
331 58 895358301 27390558
173 31 539068268 862786175
287 256 290917737 18576228
200 84 771958130 279762870
124 299 985885857 900621003
453 341 146839593 984599337
141 205 221450267 606782531
27 223 801243601 529775272
153 459 176391961 347355381
69 115 288764694 656797639
234 490 673673394 703631440
366 187 165268167 781917696
75 159 45713149 21006949
233 435 427006530 727486333
86 21 372315870 710978623
388 250 879951245 206094604
2 74 689138294 239099187
101 342 233947196 367337612
320 158 224588093 280520585
243 22 447789122 507807589
17 296 556392901 34740339
239 157 444882012 334776617
418 453 223367694 395188361
378 72 809530790 142265923
213 166 441186539 180351461
81 479 639495401 502088952
301 470 593548032 269631602
224 218 543828430 920748135
35 237 217728096 799518894
123 481 152723951 509535276
301 264 406866690 767982050
354 18 435351752 110279738
341 417 446177382 873590814
124 23 331316611 884849489
459 97 674200846 794883660
322 45 121373857 236780625
165 426 707010999 938050166
419 378 46043120 670368015
20 43 446595685 316540525
178 65 88923945 788001877
374 386 913432570 698526844
352 163 773664312 660772714
109 389 368105410 95241326
448 297 743020416 83710239
156 368 380886745 497039392
50 385 544648465 758521955
290 132 645262131 385044970
199 203 61375202 747682953
158 445 450969167 633679762
391 44 457259110 444230667
156 485 281798471 308422180
499 67 661207918 372683053
466 329 724577228 189223122
286 485 154162652 976303471
41 324 112350067 579925756
198 233 75283938 921607814
193 222 552507842 144234434
219 103 982967350 410748567
438 94 517543510 911073425
59 123 527463668 636435924
155 74 902153477 614348845
167 211 437357215 238065165
211 102 797370362 773075966
489 487 965946975 977362200
293 53 254160905 454032416
467 70 204828207 574786118
64 131 571059424 979585481
144 121 142084407 235239629
313 117 927530767 909334759
488 42 178391313 927339470
464 88 319496084 111119130
368 250 612896701 430592466
489 238 883131189 36666952
175 5 677792369 560802824
292 279 213017927 954945386
429 190 319576039 54575508
457 438 488249207 882584214
442 97 296888581 116852309
70 270 93737145 67689120
93 365 735196146 846278167
100 2 917582235 59307119
332 268 136669281 932286341
410 147 581455061 201855920
296 10 732287383 323221584
345 22 939580860 416133174
280 179 524019429 15348878
18 274 46313976 790877757
269 88 600015519 802346033
314 82 602587167 966190525
142 375 848960559 819108467
128 145 375426378 558233510
26 196 801027141 518921039
372 353 313690237 411994589
172 440 135974125 318583582
444 166 127904462 10230899
280 443 927046469 730604403
415 101 494841289 50531175
180 27 638147886 979120160
207 152 554367963 370044232
311 37 939705067 676531774
243 264 89190088 950204390
286 315 47383097 418165020
430 170 885242592 10557520
139 224 263235299 182719233
33 340 930234191 823063258
179 394 44370584 670133959
68 196 720074067 878651325
416 250 125135441 432134622
80 102 959669883 732562299
350 213 390070616 875887657
364 454 127798491 237782442
37 231 385693327 894160066
385 89 205000290 956427802
445 122 112690620 57350532
261 439 652231353 628540759
180 492 823760784 355608062
395 143 501948990 820094835
427 134 717616317 631496196
158 42 471035595 98405370
285 8 584369923 206748685
166 78 472261352 982516322
23 24 857915637 326927853
398 113 416295632 575311847
398 96 310588067 196287904
447 383 997404307 844601783
99 285 172264841 827443953
424 204 269445963 636278504
381 229 458637376 312434224
185 307 857064849 990642323
212 44 414299592 196739283
370 218 807905463 646295776
388 429 765137420 989366203
181 66 631293098 144839258
417 184 75989037 864272517
493 470 279823879 723269234
395 61 725498625 251711518
96 208 332843677 797668389
190 301 238388609 195937368
341 65 534883358 223007499
386 307 711040068 736517256
423 462 972854830 579450693
384 456 883680962 794484970
421 166 464296195 475134931
47 395 561962900 369082093
350 277 263261379 273108253
220 218 151313662 625936126
7 426 249053063 835425938
401 225 287599478 731676323
3 316 319176588 443234566
244 295 341839223 887574931
398 252 705922811 713032086
347 459 48321436 791768560
483 411 385024936 160835062
351 166 137882501 83592667
119 394 1271831 464614040
200 86 943070665 989533456
158 252 122214310 996756768
224 122 434049936 598825504
375 372 24852151 455918668
189 138 343247856 765962125
383 403 183547452 73524085
32 332 326751564 444223858
490 389 730624014 202885160
394 177 411618270 158363992
283 167 839523631 327401940
275 302 716814205 231301447
250 289 406551752 303755624
407 123 850608142 1770116
103 184 647500153 439597291
431 379 988447291 700118897
258 74 496122327 520992355
200 186 303393764 65887076
191 227 372449071 324118663
476 173 133894724 112179966
237 373 4427343 173085059
415 127 383286694 570969169
294 153 375170812 849377991
71 367 975010672 943760794
381 490 504935813 200059827
344 435 836861842 235114492
470 106 531462954 193303209
490 256 228677227 507690979
365 64 37148829 185577566
118 376 637879222 611942128
429 221 740786916 512569561
293 245 922944541 128435846
103 175 832378852 17578075
11 51 137375857 368165665
345 327 785238365 115763443
268 354 79044404 576053502
476 134 653147711 992115130
338 190 507231270 439554284
127 8 745596679 554631881
354 491 339989784 206412419
355 448 596224070 431852203
459 69 306651353 436494097
383 158 211233678 465252547
454 11 776274719 701049266
302 365 852996777 911416570
164 128 847248542 472678885
17 156 193904073 340051313
482 8 34502574 789023820
364 212 666382454 694280136
453 322 74180314 209994879
228 424 689406966 448544407
463 328 27082691 880217089
378 483 664582326 764303307
293 72 562603586 666406924
209 20 296134964 836196678
271 191 835222697 971497588
394 341 207146138 553163818
115 240 281939725 489651743
299 107 460760442 932891983
346 269 179238201 832842998
29 142 492291313 850129239
464 80 981883856 560981552
43 147 972325118 965210443
24 205 722922516 575692416
460 490 308671901 56597481
488 439 142561304 630005192
55 69 224329903 237090341
423 221 95007582 203764843
126 394 267834144 332331283
33 152 340071447 689070458
153 483 388294025 755287917
322 496 484728322 609489939
293 480 331511476 731526594
313 107 580934841 955022501
17 393 379293063 980158090
130 322 993226436 428718358
349 487 374712323 228425804
183 83 867799629 721767970
183 182 850430484 763133009
182 89 267118705 911473891
236 13 186158758 448449468
383 434 461943032 305762652
462 46 774034917 925576417
349 294 902807222 587741366
212 331 541782645 471659461
225 146 198548171 373021990
384 285 1266022 704914972
249 104 120996186 141383335
253 57 547561322 142313520
476 451 223378357 731993483
71 355 12525360 76017768
448 73 649440264 516138897
449 182 832302705 732148712
135 30 186174899 38859403
339 100 982741598 81703514
404 55 315014996 504424930
262 1 640992747 119577974
321 13 214448568 903871177
182 318 757516204 465111118
389 379 931851777 517359240
90 239 975336323 946606429
355 352 424021671 274413929
386 218 743113226 313234601
500 302 501585931 329819865
135 172 917298893 979169382
60 271 513870646 560911515
128 439 842458853 775384053
11 23 509281791 968369640
6 445 766431584 152526445
265 207 695701985 466357994
37 20 169406592 649456788
148 215 147811505 798606194
287 334 592937522 825940218
6 216 898418280 997676057
251 185 512244081 924636122
43 339 450161463 884819367
486 151 475098042 182762383
189 97 749981576 82681445
386 385 816817033 331138596
148 269 358868184 760938918
383 439 119844916 545025493
177 26 169905084 699778446
305 215 709241335 716455226
183 451 23569742 887537414
146 68 278121592 507562077
426 62 732895675 393261389
58 184 338586713 747738815
468 278 920970642 599813774
173 382 185678017 684478389
348 102 374919981 917206480
256 371 796583470 628195233
282 40 954370614 276481020
15 280 544267085 205964881
95 133 635734875 880385852
287 368 862773314 652022812
267 54 45277372 466127462
445 63 485472019 381761790
183 422 87860707 555472038
176 471 300387466 964250681
388 284 653109628 741502241
247 373 289141793 497058029
381 307 571086304 627766590
213 113 179822722 318948360
45 400 95784298 718881361
179 344 57636144 722868107
385 388 639684346 104064430
151 409 603032840 678445172
135 162 781383308 26377354
372 169 507498401 153169129
207 242 460242846 167766208
65 53 610537405 830851297
64 88 286663455 203804220
423 314 916597218 9342455
197 265 762584522 372752285
101 237 892933036 761140006
397 353 763177337 324707152
205 127 657376198 483784216
316 105 699156124 345950888
242 491 359790373 927678311
85 496 861165521 879947822
9 301 593088856 793106310
322 25 536727153 198762401
8 297 126524823 705229295
42 333 522404015 971598121
63 336 61520093 369240842
483 339 637267011 595942145
362 328 687192416 843343425
207 85 534200598 987969862
483 212 508063725 145233056
381 279 622077221 382149920
377 280 342494607 902604336
151 387 987723638 796416831
472 478 709768009 697857648
353 202 596575385 481293078
489 48 300631103 753420849
280 106 549987108 50464338
496 210 725784689 775427989
243 277 542591705 986841574
117 427 1424847 273800825
107 272 326697769 816620000
483 33 752529993 696758383
413 330 534351244 877079090
173 206 194513342 513641565
21 347 202934921 535816755
2 108 804628810 293203594
482 271 192868596 794959891
241 494 807419938 41954517
309 420 435935534 247873993
464 439 678061443 671467629
419 80 125324732 245432391
111 467 117621425 982054746
68 23 150786612 50323467
14 480 498155457 999436613
257 412 658428303 830972264
373 266 661364921 592461023
204 13 8225988 657484894
312 214 581254821 321615018
135 125 898960080 98037235
329 356 253510554 257474553
58 293 229302558 836569094
54 114 136442577 312085239
289 341 804016274 933010980
65 431 252396220 379076602
360 275 630574440 760475081
105 169 72992800 783167551
496 5 424621906 867194549
39 462 247780353 470062933
288 8 161789907 94133563
290 78 918034770 768531298
475 1 647869783 870112654
333 122 123863297 905043349
117 395 602782810 642767334
96 377 331457962 60455653
14 468 262910214 738243177
289 366 460760937 830629920
49 437 81675597 125591823
277 341 978013219 869914784
241 259 368193591 160294860
438 424 9223119 888403543
380 454 62570545 87749162
281 91 644336252 452040760
211 82 671440617 76923256
31 77 102599075 252047754
356 475 600812301 625631037
275 68 903911923 119960673
384 142 499685970 729272785
458 407 180952724 943706439
470 446 417274356 237092367
48 20 536947623 822873218
386 355 46812906 270302590
276 330 586200030 347740364
264 131 55412831 925982899
70 200 731558165 288502200
161 481 389847226 788461780
249 276 650471070 870404869
458 36 67366634 346271273
72 52 197142575 19082779
449 151 602753856 390134603
285 247 629109812 845551610
416 474 722395651 997147904
167 18 607394402 642560387
412 220 417556647 484328663
340 113 908437055 178253043
276 5 27591771 315481844
444 51 337425649 650479977
388 47 85836511 952471043
442 238 978460023 697241503
398 31 39997896 574101225
259 48 526652866 681104450
384 350 788958736 170635317
240 155 510614411 645686644
144 442 399996940 414783845
304 404 652101667 766706114
215 248 285439311 880473422
58 48 409365167 362416463
209 377 979727027 519184426
289 373 850716070 874907935
377 139 514952288 684709078
56 94 799096991 286066588
446 36 542427596 732665316
294 397 518563662 819259414
19 288 574263342 398188978
218 186 521591781 101961680
160 10 459045495 881965138
257 164 428830472 2053257
327 215 640773088 474296574
58 372 256072672 863087471
423 271 446439231 706725676
387 77 638003003 108679942
375 487 620576723 965313888
316 117 903732862 923554672
224 427 851996823 367174457
6 193 542876658 626474698
494 37 407471127 361354871
241 102 686822113 838106561
400 466 64586654 401624364
414 82 711280049 154379225
262 18 990271557 308702256
217 454 966803410 476258520
405 438 922320058 551727029
47 109 501450820 713057106
284 377 561788245 556925603
385 167 143433963 326853386
436 269 848059202 505798462
400 487 895335074 319515534
427 35 270974772 363474915
281 428 932372158 296178519
383 299 222906545 890085081
277 395 962814070 926627540
468 260 288376053 765980559
107 59 118521117 474315015
254 218 766590097 720264360
133 225 937492828 573749233
132 240 34126592 369800111
247 481 666268254 907619403
208 7 843256254 793185005
16 418 167658968 694763061
485 125 401875689 337076445
164 256 930074546 651882811
110 482 267218423 940867438
226 269 884289701 910833937
91 339 230434134 8127664
286 136 401677896 158722822
344 315 883931967 612618130
148 101 751868196 74212321
481 436 893351220 342921922
447 337 513144847 440399324
312 438 551871509 853685604
332 4 337350996 717941101
71 171 585481633 281533722
301 244 65177562 139289531
384 150 281826589 451271991
194 384 848367063 825128630
116 201 822542800 454827047
357 105 291115273 904510690
462 187 483354467 419742975
334 354 125848349 118370617
113 339 257354742 606885700
399 369 10317350 698857473
155 207 135915673 827533934
202 268 650059791 448740525
116 274 519038860 151317425
148 245 673494974 68959887
79 299 960274476 920698947
2 233 924808180 131306446
136 208 481465063 574366496
28 441 846988980 336001170
148 68 274083436 499891579
478 484 166205876 168864577
482 52 953331245 311996792
401 371 893375780 780362251
291 256 235677105 742044108
419 142 857980728 93993505
459 493 171162177 995734165
306 374 312702781 58761543
6 300 3385130 37520311
101 490 217792182 863133211
60 59 285277874 735021771
343 39 844800071 511628272
333 417 547888809 629782999
439 75 231042906 820472590
115 105 867278691 934632225
349 448 456037346 377016922
364 112 841273002 773904318
435 273 695881448 554054862
305 55 313709960 350029513
210 252 988535968 983657334
448 190 199863975 592150005
368 107 166827014 385116811
254 18 857503541 468512319
212 372 296205936 866411086
277 193 515071285 837212637
295 113 376674323 487307337
490 347 715985201 805819000
456 245 263055326 714163931
488 291 508682714 452452783
98 396 100973343 899751726
403 134 781523202 140337788
331 425 190152060 950384694
333 98 503213591 685957788
211 74 699291438 46276911
264 451 293299382 761016820
142 37 757205445 203843283
431 245 454161590 526319955
161 419 388033966 751610464
374 344 243421016 506895786
257 321 863644313 174973762
4 387 495004493 594286334
119 305 998332893 513826097
461 283 329158440 16099813
80 66 371441696 981522110
71 471 748870167 102959672
337 118 365102032 697137612
428 393 855489773 759845291
85 251 737322289 174180506
314 340 879944694 952916916
34 195 521175990 281922224
194 128 6861499 389913454
295 12 61231713 994358776
331 372 988224992 712946358
51 89 542736651 248284838
379 179 364869077 918343168
371 422 407245505 556547802
494 271 923078666 609147462
151 159 239842473 525007760
211 365 863392765 403997359
224 100 23493921 343003139
42 188 332356582 117559183
290 61 310075360 185826610
21 432 19290141 649774466
190 21 290849173 214337075
144 434 288329906 109201182
67 240 982604818 165682849
409 364 253460826 456340491
267 211 30983409 518344065
427 335 688395446 151429576
217 106 318277144 183478547
45 351 857935214 621173034
9 425 700365143 250741837
260 448 231756283 672681925
406 173 132825267 761826367
188 176 554373594 120727775
98 107 221564219 932531003
382 323 254176596 237608912
438 73 655424501 172050555
299 453 913460391 266334287
433 212 773458013 38055133
2 449 236626410 959059186
3 172 615583738 677772188
10 327 929524598 4577626
61 434 687787401 598540282
119 81 270826291 122089023
156 129 690849682 712646457
167 299 364330219 747176740
308 172 102863586 145778675
86 99 352660239 282670680
124 91 73594550 407603485
352 136 788067427 314766388
248 388 718589468 842221601
285 316 367906350 450082909
372 415 270090671 92174308
207 449 103230886 883651194
202 272 955580623 561373974
254 147 328768992 723653479
437 30 131800456 664787098
328 219 737949216 705238869
59 94 934314856 642251440
47 479 505941956 373752464
171 8 560693812 252767895
165 279 214936438 386874880
43 268 711057179 372817412
313 404 16242965 218035442
360 290 723515692 852127689
225 247 24008719 27370124
425 197 202283778 892366761
214 29 719045293 396035925
466 29 389778277 23350615
304 430 281313141 924916352
473 257 44305857 460662072
209 239 877733149 186017956
448 431 582868911 595434445
285 23 629392782 483668863
437 91 271435581 153271101
495 343 519798880 244882321
124 224 532866956 30081958
137 426 990240757 49738643
135 215 854365180 485384998
112 9 563014430 138873311
472 241 353951374 346490842
415 39 766161443 22676636
217 288 860195395 743490947
238 465 726834095 100314355
297 410 745647467 427224587
358 139 15026234 8314859
239 360 929112014 733754700
307 23 526500848 269703509
486 105 685397257 981959996
194 21 36799794 75211641
225 353 349208970 407171419
397 199 57154686 748556122
296 349 662314146 993305278
22 450 168890937 56114098
405 27 682530755 970280996
169 263 971574083 314161465
282 289 126154444 756791109
255 118 862728057 145391708
262 50 328584093 385963894
383 137 746525810 264780329
