2000 2000
1028 275 0 951281119
472 1237 2189671 253850313
321 151 8290186 504655987
57 918 2579667 81774589
534 887 723382 796775838
1468 349 265428 716039642
1291 459 0 88632519
275 67 2648658 602684963
1475 1717 462686 592534905
154 820 672572 102648133
749 1092 4709825 59099547
935 1697 5949476 165446672
1657 204 2572989 172883075
385 1752 18011 402830505
246 1095 859880 110080143
1216 1045 927086 88414045
1466 943 0 377533899
1720 579 577408 551238958
1203 1256 587730 630562932
980 693 0 793906005
1687 1216 0 804414862
729 1457 392638 599564934
1985 688 3823488 26273940
1049 1486 7699848 152054883
231 1182 0 474052626
1394 911 0 882438689
458 1339 991595 909754670
615 391 533549 122441725
1301 1128 4547122 869018048
188 967 0 42853226
313 1563 244113 467758059
838 345 856292 272941521
710 130 5379042 488090223
1924 448 91800 482795809
1574 792 75012 772891379
1807 1457 0 562070397
789 467 0 7942666
1328 1615 909428 84661113
1706 1572 3577145 906107644
1085 1045 2824820 536687175
1719 1158 0 463067804
1555 40 0 411384495
1001 1422 0 546678696
1759 54 3111776 498586793
1793 1716 0 615278037
239 649 4045571 297110364
346 384 2304550 670000574
442 1542 852454 167954369
525 178 721639 481381635
385 1033 380699 387513507
1056 1932 6632 725086770
1118 921 204132 404611133
1328 1723 820180 581779300
431 1359 0 726772188
1328 1033 5107960 517175551
718 1962 492155 815260036
1645 90 932706 882612367
1292 863 1176094 423865701
1987 1163 0 756982064
33 547 933885 170444913
1169 1470 4843232 207586299
1268 307 6078413 707755187
1611 974 173296 888661850
182 299 0 181424777
702 184 917033 10622779
439 1058 0 571036540
1194 560 81942 728661217
131 462 827146 395712145
1236 271 488978 612409246
94 1140 582395 510452660
792 549 866077 552271605
385 1743 4133606 129844757
593 903 4052332 780620990
1404 1681 470580 860887241
525 1527 197843 396571077
43 1210 0 332424325
191 1543 320492 157844835
722 1227 190840 885704046
1281 691 241352 634997905
1417 47 0 884958100
682 485 376229 869525049
634 1295 246439 239872252
1353 849 3223567 185770001
1305 1019 2419868 704916578
1219 1422 2450446 904368676
1679 1620 406660 887495341
682 1024 4057706 29407452
852 1224 0 542632860
538 8 789378 241690978
963 1285 0 735348123
191 256 187472 271976097
1422 1687 2995220 520054262
1721 184 6663824 772634734
84 476 0 318457344
247 700 70225 578733308
137 412 824604 793444946
1048 731 500690 539840171
112 936 345075 839244516
1644 827 0 82101325
1773 1220 738489 940512860
1958 434 0 243719945
113 987 6384767 724455036
158 376 0 584304479
1838 113 0 708972709
478 40 252316 267388125
691 1727 451606 827039278
1279 317 481295 628035304
24 523 3109225 41533993
1044 1179 680439 538551880
885 957 697157 920023957
1345 263 718285 950674417
1689 1588 981809 32216614
1619 1787 370168 822078080
1810 1293 2212558 162298784
1274 313 0 791920851
28 761 273324 492748792
77 1910 3576023 103716546
520 1748 4116269 997257811
1413 1981 34539 5849271
899 1541 0 197126649
1122 1 281148 475862221
1505 1218 0 407617837
749 293 761080 800518943
1980 1765 633235 394395176
1893 689 310969 116100368
1516 1309 0 931161686
565 1567 68659 808556307
865 1912 343950 867942034
843 579 584343 625974591
1050 440 3168024 641420240
178 1050 463749 983358500
506 296 159138 855345699
408 1150 2455962 769168423
320 1127 1831312 127628633
455 741 1292461 750148374
1749 171 892706 935626493
714 1406 51263 258108569
494 1037 798395 212091899
917 1706 3567931 793371432
222 1766 659326 333376305
149 1711 6189400 686349385
1302 49 27603 463959262
1155 428 140257 911887974
1842 1323 527420 493869219
1547 1058 1508384 222332738
1660 910 0 18592358
1299 1254 612857 193330454
1609 265 496676 369976229
1285 146 511643 318945977
1909 454 745352 768951089
1818 219 0 887174347
924 1091 767879 537630075
1017 881 0 678828368
428 583 472013 940767849
111 1044 3370272 796752534
410 1754 0 759305430
927 1224 0 812173276
1699 1186 322842 333935122
361 1984 0 118518461
1639 930 531922 16864133
421 1938 6410153 779715330
279 1145 242093 323608060
135 1697 618784 755677544
70 448 280463 905145346
1 1476 5365166 337907789
469 701 0 571666271
832 735 87263 266089743
283 1733 884156 62426808
838 1985 102670 470510880
1072 1110 992804 489740094
1575 538 0 217590810
149 505 0 459861520
739 682 5464877 52001700
635 248 0 779029361
1491 666 0 642690874
1406 95 5954897 652431846
260 784 0 322506744
1769 955 679656 591525865
1016 1610 704756 921852099
627 1965 0 287858849
1066 311 551198 60525864
1635 329 752720 635795166
1442 396 0 691503647
75 580 713654 339596795
885 1390 949763 216115667
1465 1324 875621 663126595
798 1865 0 893271487
274 854 441926 97461772
779 1709 4642479 596401207
922 1233 4115944 710498348
462 1709 661228 398031957
663 1959 787465 865537922
919 1261 991113 346629224
1300 1238 6249011 157771667
1075 398 936764 750306672
412 178 885843 288309853
248 402 0 893369964
341 214 2695298 646111749
1606 1783 549937 314293801
970 1638 958864 857352107
1302 1517 345109 894967594
1307 1357 5626292 496827224
282 321 911968 831676040
1187 137 800249 177086735
513 436 738187 105322841
1027 1263 3902976 683576515
834 188 673484 597979303
1562 1934 723349 908595189
453 323 0 444804310
1835 685 8484120 515936002
1902 8 980666 805470194
1762 636 3946033 200347710
1354 41 8469179 605628203
1300 1961 986801 184777766
1436 1128 0 173963721
689 897 720887 490736753
320 448 0 665533839
1014 185 0 114025148
1634 997 0 634938452
651 1773 5136936 278853409
291 210 0 952762403
440 21 3200914 353720514
1477 322 5284825 962503200
572 1956 888508 936923045
408 295 0 24178545
1374 113 4283375 164309281
549 149 3933889 325436242
1665 770 884959 147381939
1607 1405 695087 813359685
279 553 3789289 486253153
574 390 911465 475646655
903 1742 0 806391736
1854 1898 7019717 398122451
677 352 4101858 13387720
887 180 5320299 86194287
1509 291 6186919 225478638
733 1331 444743 414123376
1410 816 5456701 561134456
1670 60 0 75654025
985 1346 417355 41330882
1562 120 5279753 70616875
1807 709 930287 614196056
946 1159 0 273496584
778 1302 0 668942575
604 762 869201 649022513
1989 602 7568996 695239047
443 1054 0 301762526
1497 954 0 950150157
1989 1043 41020 937004429
1904 148 899319 403695398
1098 739 0 238566782
415 1059 1081096 15518174
974 601 734322 802761827
126 346 766316 438869616
1679 390 262815 148340448
640 1730 392589 39615457
1225 1221 5376594 16651377
1485 1015 867219 383340341
1175 298 676092 279012385
1115 1731 0 78733333
1368 1699 283177 604704500
461 750 917997 492623002
907 376 465674 130044977
1656 1695 804279 234432041
1380 708 0 251375098
1017 337 0 200778447
1120 1788 570938 293681562
553 913 6325896 137947379
392 1636 3339041 59682679
1329 621 346263 681274381
531 1231 76173 277697303
777 1705 4174684 848158370
1516 819 268265 402433390
546 1071 948059 527636780
1643 1913 0 241118225
1330 774 5987782 249750772
1224 233 911040 917211736
143 946 798411 263757634
1382 1940 973705 939236209
739 975 0 980838442
1861 95 950558 600607316
540 1492 0 140331642
1061 93 450038 230931866
138 1906 0 511827801
1451 73 7589945 563363431
1543 587 886343 705408024
913 267 691329 994293362
263 77 592265 908753178
1637 1354 975801 219695674
1702 341 0 227146480
758 1445 739312 634423083
1979 455 539630 738610229
1129 885 0 673259690
1381 320 58097 206973902
1197 670 24529 240991374
521 108 431940 814608340
1547 1311 0 449238954
1863 421 50477 528893626
626 1594 8638691 425925750
1019 124 124356 702945156
417 261 3846805 7258491
1496 1932 3073525 337452504
1237 158 2977489 144700566
160 1980 957258 839099118
1349 1931 723330 348166171
1531 325 543175 630512391
749 1425 4596733 352008055
618 889 7497635 57573891
1313 785 0 597055183
330 1195 3246952 618517159
513 1500 81202 250059422
367 1402 6538453 191235307
1286 951 277823 338888022
416 737 4656759 852145284
1312 1272 533040 36422064
420 584 339792 312578581
1404 989 199947 115224670
570 131 584745 379292421
334 602 427959 985066876
937 532 0 931937588
724 1131 904538 120682769
1988 564 792217 520849895
1562 616 4134903 116741984
783 1279 3330756 95256128
647 293 579194 942036210
256 1574 4155493 204120148
878 875 355730 978369549
538 1762 975237 304828897
380 1656 0 44477704
1959 1718 0 715366566
376 936 3818656 186888129
1998 267 5203547 924012421
689 278 136113 270916065
1699 91 6725574 394064335
1361 716 0 521101517
677 1723 142301 832555088
563 1905 0 689790262
177 1292 249324 164662129
1036 135 150240 737687309
1087 183 569997 389041784
972 907 0 925722019
1221 431 422257 462288845
582 328 111644 621513272
585 129 832109 192973614
144 860 899603 611811181
598 944 0 127200337
1313 1470 0 553936461
165 599 7748123 655157527
1773 599 0 141910501
1354 756 928409 246463360
21 1703 3810592 568196416
1618 90 1717722 221375418
659 1366 5742777 414383367
186 1646 396804 901198722
768 1508 0 910067882
1792 875 0 966198214
512 1910 794508 497641181
10 1300 1989081 637689628
1609 887 0 108674223
1114 66 915457 405875558
351 711 0 298375077
1385 977 0 652172920
898 1686 475695 9961460
866 24 0 281773737
1994 774 0 378556317
401 1832 613685 183282105
210 247 0 888052931
1933 674 17158 51461431
1323 964 209016 117051387
1706 1420 4954054 978419746
1622 1843 0 841022059
1857 918 0 335676293
1299 1447 0 398643739
1644 636 4444018 86015964
1305 1546 408934 565598902
1744 1580 552064 730464609
1736 1732 114184 184295408
1596 792 3711545 145976072
601 1637 5760924 303225289
242 1119 0 576570083
1201 1225 266341 37690372
411 1945 0 997385329
526 906 0 143641595
240 1422 707667 65174541
1678 1767 915816 281902495
1678 1152 714429 915554458
558 1957 316173 611728454
584 1791 2275528 213080513
1563 76 6209203 870491755
308 384 466764 779255360
307 280 62524 852025552
502 285 899550 949332745
1091 769 0 648668679
973 1749 692022 437472186
1350 1074 683829 386755426
715 1469 109365 649688940
894 824 0 650328920
1087 1056 725295 37329360
368 1028 837456 269062846
1238 860 4571923 724323213
509 1188 0 913178972
897 293 317770 870851496
1626 1824 207597 224193804
1788 1053 943396 446106669
370 1890 197287 5973917
911 313 4602241 968319295
1281 1099 5171929 88003714
1820 764 62269 910816556
676 1562 4381159 707018818
1699 283 5329112 964176900
1713 799 3355878 158966863
1348 1913 922067 663760815
308 1566 0 498208729
777 582 788955 923185397
12 920 806266 887263349
791 1430 0 396589537
1163 269 5385576 867365144
1973 1149 554748 342604912
1315 1039 7731432 778460526
407 767 0 947390539
1075 1151 669679 608898472
1290 1278 2488488 217723589
64 1481 0 685721171
628 1044 205069 232876328
1452 762 491610 849735729
1275 281 6673201 314695556
788 151 0 761335351
1231 1596 3590561 520208543
1506 1798 408066 768781861
75 98 0 98420553
906 1286 3087666 406271472
1121 1430 397951 788712524
1977 565 0 486060536
1578 1229 208081 475894591
1009 1676 833881 378410761
1711 446 8289460 631512674
1459 1110 195213 95391627
1407 1049 668063 91874468
243 1917 0 447114981
1900 1624 49883 809719850
1147 91 7644157 585324748
316 466 113606 796714852
1488 475 86977 940094708
1355 670 6385300 239978738
320 1127 1831306 806974027
1362 147 2532887 829727967
30 903 0 370186659
400 1597 0 752862877
498 1112 786698 779005287
1984 587 3311747 694654723
1436 1236 707669 952724135
1686 1668 6179381 687366399
1065 310 5453262 176351452
1388 1519 58413 737486937
1766 187 531876 927313479
1933 346 775958 908172744
240 1236 0 739368323
690 1857 374452 302708033
1793 1023 0 157173734
350 1274 0 780659239
1474 805 767078 709610340
462 1233 298302 69578906
250 802 485839 739992990
1940 269 351579 416690467
990 1984 0 657031834
1668 1368 0 388650703
1774 1305 199033 308367693
1404 1175 5988106 735524472
1566 1997 5220783 802131748
159 1570 778776 266775810
1962 1991 0 655073773
539 344 259412 921113377
43 1693 13496 823220466
650 109 455922 185259212
249 774 5137107 327048422
1950 800 890465 514096597
1831 971 851702 807159754
627 1977 0 853432451
1901 1697 759280 367735918
592 1708 3071070 659714771
1790 379 0 961084625
1736 1091 0 54713712
485 1978 6772805 402625781
340 709 2874371 277668181
839 1968 154302 322733966
120 222 581790 443036862
412 604 4723979 338112432
183 1954 296925 969360285
1612 1519 270841 540342603
1103 1462 229728 162447845
263 906 2081944 697284202
950 1696 0 528639346
692 249 566500 445957024
190 1087 680758 890017272
300 1973 248550 273771727
1693 1812 180439 669773560
1385 579 503688 893236294
674 298 162257 288901229
203 1182 420516 923603914
875 652 244633 891432648
832 862 772983 649890062
91 1744 271290 506116119
1302 49 27602 363037334
1696 126 756245 644351095
1034 1591 2583343 931229590
686 1476 993382 953117736
438 343 0 681552002
1498 1413 976384 776767360
1517 1802 171532 54238742
57 1086 0 935238580
1060 1978 957615 111500024
656 1279 3145030 979366265
1681 989 270633 484916396
574 57 4038299 186347322
221 1566 2357934 659430221
291 149 3352860 243858527
622 1829 896041 552773187
1573 1712 728737 360659931
980 88 2569867 396606176
1355 1835 921342 639554273
1330 867 912508 294367634
1869 996 0 228096626
1442 1596 5586221 479856327
12 1409 0 295423119
915 238 432885 693665113
717 1905 0 307810207
1131 1380 448688 971958598
304 865 0 112875354
741 1201 2568025 64484046
1500 1955 927007 97624553
1485 614 0 531449536
1441 284 4258679 610872524
1034 964 0 433460729
850 61 0 119892386
1711 856 7228825 5803826
796 1061 796568 57235677
1027 647 5245846 897813267
1613 1997 5529009 723156358
150 249 0 753552240
61 197 594326 544073997
1543 1912 4049742 735950785
505 1153 336299 380768894
890 1619 124424 883553565
1184 1164 0 873705158
1763 1293 897076 607901472
1215 1436 3482460 709609776
1031 1464 0 660100388
1669 1492 5086343 874390970
1457 152 385428 431250771
46 1412 349060 10221320
1087 1050 881151 336539139
802 1517 512692 202608939
1906 990 4726617 151819231
531 907 4361560 435953814
1683 1179 1815435 430911106
849 90 817126 383195094
1597 1407 0 798188467
854 535 4966854 704615470
1081 330 158765 690184138
1346 1572 801851 432779241
320 1491 5466435 786704506
536 773 0 727341779
1969 1072 11669272 347733880
836 275 3047658 758737083
1125 512 0 109065944
1287 632 0 24107863
306 1398 0 925285346
813 1283 0 74361666
540 146 3559887 888831012
331 1119 4092062 101674032
1225 47 146694 588953766
1644 944 695875 428455531
1718 1643 5441495 199887059
41 109 7322001 151136997
1961 1482 3024684 39158914
1024 934 0 672834774
1977 282 4991362 21436415
1672 967 0 39808057
687 710 482807 981086515
408 1519 762438 397931616
528 1537 911345 133147890
530 1792 0 267007232
215 1674 975575 748812430
1516 581 572504 662997539
1212 322 1788776 332594654
1241 1743 714930 435159607
474 551 263230 80883567
911 1931 811997 599135820
319 1737 170184 39550822
403 170 4949894 180210459
717 886 701604 312254276
1254 1047 0 570480975
1900 1750 5709198 190779304
1472 1529 504390 37250332
405 1072 8768088 239837346
1059 863 0 537138840
993 1434 793409 119298049
877 271 627725 769221042
2000 1509 0 648138426
674 1645 6047676 231293445
675 1585 0 353979746
894 434 164096 659965732
1913 871 2778522 511167908
1751 36 0 857242596
187 1331 555893 402611231
997 1805 0 82708927
1192 507 39838 428839295
1644 787 3158208 182765838
1125 589 384187 784220386
889 91 382743 499655986
911 775 514114 919241006
708 1378 4446636 760527814
1404 56 0 748274936
1300 690 172718 973958841
692 1036 3110410 469015127
1490 1265 0 751709838
1228 572 792490 186670754
328 1618 0 479130719
94 964 3609844 52223236
1175 1848 589152 759634898
365 1684 380218 154518051
1497 198 984638 425116507
1143 1137 0 6918741
146 1478 0 216118295
628 766 0 610862991
221 440 4089030 675454746
580 938 487207 945574042
36 1587 4456363 576126452
588 688 0 804588144
204 562 762114 94646587
1310 1118 3063442 962995719
358 1629 388582 859333929
101 1378 302914 18236625
804 593 0 934083191
916 126 5580503 207250779
1313 1881 3662889 208614231
81 284 153256 317197114
1247 1543 0 229594442
1085 1554 991897 409923059
205 1029 885842 14233590
1081 1713 650624 388094384
528 1457 3096495 691775456
486 310 749049 894979738
1046 61 733021 442993194
964 1317 51063 156894778
304 1332 69627 319109790
245 411 271397 133139400
1658 504 0 727801943
1775 1874 631502 188119659
1550 325 714566 562665944
836 1816 5223475 270149030
1681 667 6242417 588301786
490 758 319920 472005947
1563 1419 5700429 570858071
1661 178 589348 42865406
1904 1038 123049 763266316
1868 36 55100 351495293
700 1206 0 436255795
915 750 883190 993759785
1507 1294 0 232287367
1749 1966 3852785 35379515
1897 553 0 422343753
259 566 0 748040016
397 1777 642792 239803863
1059 263 442173 298613971
330 204 2381188 159527336
1726 1681 812510 782878306
1280 274 548486 874268737
547 1131 906299 119775210
1842 1515 3536579 223760436
1818 1967 2617079 813211525
1738 1014 739679 502832718
1148 1085 886065 920761636
834 1114 0 158324971
1435 735 790947 42754051
330 170 2713938 15984441
713 607 837986 431470985
835 415 0 344556323
486 856 168286 539241170
1938 1559 703999 246391144
464 1433 5863024 246053391
1099 139 0 85952309
1720 415 0 3462021
1700 557 0 342641176
250 73 0 298034302
421 171 896978 837707197
1096 1402 0 649618303
722 1743 1845395 563808312
27 613 0 764844943
1346 190 0 851528105
722 1382 0 172135035
350 1848 3893386 335597547
1592 1289 0 806022190
1031 754 0 607120134
1898 321 197116 996749328
1705 1401 6341451 419947813
1645 280 6324385 366318094
958 1557 452470 797282767
1763 309 3574164 977506433
1699 297 5229579 968515187
189 1241 0 352950718
670 1155 355269 105581817
554 1786 3513529 985149001
603 1863 116111 258661455
488 252 3485982 342302512
493 639 153982 61630179
382 1631 75118 118691907
766 916 3383342 366996637
1402 1220 4561953 671270402
25 1735 0 985246960
462 1363 0 122051862
417 322 676586 739772427
1056 531 3105542 428632422
1218 1569 441587 955109809
1140 500 217436 168835415
1963 245 0 401508779
247 1210 759348 836008726
783 1395 180311 165554389
310 1216 3964136 348817682
1477 722 451350 771934456
654 1497 0 969852644
651 101 308692 282546200
660 379 0 870721656
1971 549 5868457 191243060
1792 1074 0 278496780
84 716 167071 299885862
1294 41 383254 583681032
1448 1347 4005534 322371076
736 1150 118078 595997143
805 542 571761 64985143
614 51 438328 749708242
1039 1607 0 102052998
530 1447 722758 402766632
1220 779 485253 93132422
1385 965 457321 450095078
580 42 0 669749169
523 1092 0 164625292
1953 304 264846 695374976
1742 1750 383590 886316081
377 1474 1544566 418424492
309 1977 0 832300337
676 377 0 885220828
1833 166 0 554395544
1770 1363 32019 220054715
752 1475 261167 783342482
1311 340 950401 585937487
1496 20 387115 250573039
1238 206 5945449 661634649
520 925 283403 857793443
1930 117 6536638 363352381
1169 1491 609523 37671777
425 724 0 448046933
1002 1741 860278 181558164
1799 940 0 142716072
587 1436 3199064 169485904
1994 146 822766 718368020
1391 1781 525586 168916155
625 18 0 122807630
195 247 119098 938207409
1315 555 2610407 884566701
897 37 3196407 331625572
229 1839 989165 458704170
711 301 0 802331028
1881 1426 0 488673105
1791 1496 0 547603442
1753 410 29035 582072344
1127 1195 706112 813945581
385 678 0 109144455
1727 1058 699564 844526302
1348 1978 4506449 44332656
1789 580 0 500155728
49 1687 0 354594704
1820 1732 685274 848334061
1959 1696 950551 131069057
633 1308 751136 515093711
1001 1436 0 895828629
1530 479 2824623 910554046
1060 649 5658643 351190951
1745 1580 566697 482121491
1547 275 111130 626216324
951 303 0 473901692
117 908 0 467794552
1161 1006 28866 499061796
1905 1724 0 356078708
468 554 556944 246366825
524 479 714042 550581072
968 740 587077 161455632
1763 352 747810 97339928
1673 1597 66477 907308322
495 453 247772 339186086
1018 1091 625061 882084470
357 1488 0 856237814
1400 1492 0 811228279
1941 936 3394178 634024521
900 881 230719 507337551
96 942 0 416194615
1378 1354 169155 939457390
1 1353 742269 55739334
1896 1007 0 587307418
1447 974 5371946 726535658
921 922 941136 360640462
1576 620 687027 436806661
227 438 634635 463849734
1589 393 64703 365742971
1376 22 861944 570800974
973 685 137437 659846712
479 1531 0 318071502
987 485 702677 526429489
1283 1681 625481 729025366
557 340 3141548 280414857
1348 204 0 446965803
1838 541 148108 468160331
717 1320 5306879 242594800
1494 135 5926866 320090087
1494 737 0 949237784
1685 1785 0 908663669
565 1761 157489 440890631
897 187 0 83708808
708 1001 4930725 619825956
593 25 4184442 272665199
163 67 0 366430439
1117 545 264715 59167406
874 1270 0 797529358
854 1515 4851999 108777522
303 1310 216910 752859827
145 1580 4576475 352993933
1897 215 566103 533259330
827 553 7538095 142843741
1919 1507 8345505 697069604
1525 8 612792 833918217
530 1411 490877 941226067
1773 766 2992510 615942275
752 944 187098 914587269
1825 1675 937831 841056698
1700 1702 0 54188554
1186 1798 171377 488963441
1954 1366 0 968637113
597 524 600812 908931190
546 748 59472 241149663
686 1368 0 347854510
877 816 514360 737684475
382 1293 3135557 586304197
1856 636 691648 830401895
1342 1462 653793 309138055
1655 541 609251 658478787
697 1612 0 739511666
565 1140 0 492747430
859 123 657864 351768786
243 267 529601 522594240
1893 1537 0 9112777
1238 1043 6843075 515502499
1297 1881 2665896 874383013
719 1679 275095 70779322
555 224 379512 205394358
1019 14 1861140 278120732
1608 1881 342518 167768536
1705 890 907028 521983830
1410 666 5518749 754601410
1580 274 0 434066254
1286 399 959934 297922137
1978 774 866169 411345505
21 692 45069 510473776
657 1934 149927 547796959
1062 813 333403 477048936
1324 1136 18795 760443446
1451 601 878522 443951644
886 1735 0 874162491
1 659 0 414900002
1341 1658 917471 443058299
1081 312 266537 177089856
1783 754 4425901 525936573
1316 1168 615568 673583038
1531 130 0 205522805
1984 750 6137530 65537970
1758 1391 4036434 615540427
1497 1965 4394727 616547728
1345 1597 0 690104648
1729 1274 0 419454238
509 824 131385 242868010
1495 1251 0 370544117
1067 266 3838608 363698342
197 735 871584 501103336
1721 1408 791588 840259754
1320 953 766957 818819667
1369 398 882030 906142245
1232 1106 275427 890414612
1636 1681 5621492 975389980
1949 1221 0 240862058
1801 1286 563547 479572321
753 278 4479364 406915930
818 1892 0 122229988
1310 914 5385066 154638699
1242 443 0 891965076
22 392 434505 747411279
922 898 822373 948243643
331 1475 630635 459910873
1000 747 979558 736923188
1957 1651 177817 308586794
275 1201 878759 489193407
1638 1933 313737 935684669
12 1969 5646511 957695861
453 468 0 972016928
1074 1174 5540960 612963044
1703 1467 359116 816246102
1801 1019 205345 871639349
1602 754 531738 848391529
1168 17 0 835771291
863 679 0 427468450
1253 201 14262 993342174
378 1243 0 969437658
542 1697 6546442 650413419
534 1836 888712 421673556
1750 35 93000 501921933
1331 1231 452073 521611221
1505 621 4763570 23212233
1324 997 726169 185594089
57 582 108652 951499890
860 1810 639516 924062969
691 1534 0 193992968
1496 1871 464149 538012714
1546 1575 1995505 411969759
1002 7 221504 682338205
354 1841 527301 425620849
12 1933 4977901 67540375
365 598 549620 693708666
747 467 187163 133392885
320 159 0 714179016
1864 1051 935929 899439786
266 510 0 673791479
1639 183 741556 916566849
1383 1716 652784 890890164
563 1706 3635768 262908266
1933 596 996625 361972472
1580 1556 0 297691170
1967 970 4942190 824286319
629 1955 6065716 344639561
555 1461 59034 390546652
1842 808 798764 979551385
1039 1042 8700824 1334857
1282 1591 794922 724678177
344 1067 0 116545249
1379 1620 4637440 628126146
866 40 2587972 290885856
250 161 0 512979821
290 1098 4796981 714485829
614 84 59643 886514637
387 1139 1770720 380822589
1735 1203 647633 857977602
499 520 341565 810402900
1385 554 581839 472915379
1105 1093 778928 836778537
151 140 402749 200042642
1203 1778 717336 623061349
1986 439 333050 149930724
1489 337 0 260019590
1147 600 0 554143669
1338 1093 5331824 284058785
1559 692 5054439 536174752
89 1630 0 601397747
1588 735 5904689 893619811
245 1436 3278003 226257549
641 1329 893421 85782760
698 1996 0 833998211
1860 1146 0 33308168
285 1620 5428949 72598228
1814 1285 0 760675767
1011 471 124477 422079055
1214 743 4112007 751588589
288 1388 815338 819010530
134 44 0 368320845
963 145 3844209 776827059
1977 454 428876 798063140
1077 1169 7540904 484469804
322 1491 0 155001809
785 49 0 273024639
823 1177 725978 428799247
1364 693 946345 110571668
1572 1281 5298318 302839164
478 634 920992 757118497
1634 1898 7115159 1396117
1162 1080 607565 433208834
698 929 418490 552973993
307 352 6634535 822648374
692 1677 428487 388911286
1945 570 398748 681936808
1187 1736 0 873966466
791 139 6631342 382879493
1992 1934 7172146 856418546
1940 975 0 871262763
551 1592 789656 873837566
1388 698 2990159 358664359
736 1909 2522719 639364514
184 606 8195953 184958950
1157 395 200963 428693185
384 935 467328 687341689
1301 651 469579 319906095
1781 55 143674 91100225
295 1708 80762 140818726
1206 1706 831598 276773857
439 492 978203 36393286
827 1723 1510917 14890107
139 1051 5442901 306246590
1125 1474 914125 370965392
704 1448 0 576413696
1101 1794 0 204358239
74 1891 0 426151598
902 1630 877092 866769181
228 1220 7500422 143659507
1656 1591 3787659 628408426
395 1534 199961 343500135
317 219 2302633 328941169
239 743 0 741846958
1426 1087 356593 417559632
535 598 0 269621271
1279 980 330275 993854506
99 1584 0 222954018
980 1580 4150362 318162696
1830 1061 94856 636953225
1494 290 0 323454279
722 268 0 682939263
589 616 0 750147552
825 1713 341935 960574377
1273 820 129469 289576753
1074 1186 4359407 994806173
901 629 448816 126131168
1742 1251 884685 156520178
1679 123 761335 422684150
1464 1027 2759496 545523023
1941 55 880009 384629635
1751 1845 0 933635917
1092 215 5605183 376253562
1997 489 195335 328199573
1201 1926 583613 862459298
1533 1873 384624 647638595
1778 916 6871939 669864223
1346 573 491154 560315348
1522 240 0 53046043
1684 1017 0 106643088
1593 1880 530079 962053526
1506 1861 3055667 199591808
1202 798 0 235152233
871 1030 0 597266247
1576 1905 0 320682497
1492 668 0 620382577
1025 728 5615877 196496454
1889 1419 216394 122075648
325 731 0 834199535
1145 1347 0 803919540
1562 1798 6283350 522765179
1420 752 3438986 712478266
1376 1175 5302964 993408526
1948 1204 0 653641211
1305 1114 575626 986986298
1543 101 3430341 71479492
1856 1057 623457 940728226
1539 970 0 636676510
320 293 791350 847470354
1893 278 447085 232794349
1313 1290 0 439109173
905 324 180744 648252417
636 1290 219561 504692293
667 510 4587808 551033663
1469 1488 874915 827935839
927 1683 0 108398022
1810 714 495134 204994814
1580 299 402620 983751419
305 147 499020 766310447
1964 1248 1413466 439530260
951 1409 0 297212104
388 1545 432191 735665530
1436 1114 139381 260488396
1380 1689 653587 616911110
180 731 130766 53451422
1856 765 0 480993784
1206 637 0 242751696
1557 156 0 745361003
562 1127 921764 611827244
782 282 453892 941941697
1029 1936 741596 90571424
1430 647 837898 587454469
178 1140 0 85531226
1177 1691 0 837310562
1903 732 2678632 518616368
420 1512 239046 966478102
227 267 714473 429014027
1543 561 339448 780619744
1377 1347 342578 232392049
775 346 5053360 432133528
659 688 6742270 726393198
1812 285 7003243 592340941
1837 1635 947406 833822864
970 368 972013 553910316
1202 1691 670862 154489746
1559 1147 7845897 163533762
1067 1885 0 742344522
328 584 0 112464596
513 1036 4986438 611046574
405 55 719492 343993614
1977 1876 2849952 408815356
266 291 757735 659825847
200 1545 160884 538713054
1386 1552 559776 764852571
1490 492 3230442 277033717
981 61 647511 869270875
524 1770 579073 548401369
1482 163 110794 880295088
899 1132 622538 370789435
1981 951 779888 326685382
1092 224 110110 756679704
1706 887 334118 407986926
1530 596 0 828338533
839 156 954304 205657707
353 644 0 830526855
866 340 0 348486253
783 1380 0 108694041
836 691 276972 335487077
1475 1960 86199 528138123
1581 1949 654699 951662098
1031 1020 448403 693231688
1087 1599 962995 238046078
350 1718 635006 378608518
1674 1505 724076 272193967
1952 626 502716 563816099
1162 1938 800247 643601760
455 627 0 275009451
1251 1197 718272 199355745
1774 638 0 845587476
707 314 381544 713562860
1944 280 5693538 485304643
815 1129 646539 1087045
1287 884 0 410981319
61 1425 3751565 27632517
1338 1227 4244861 836266752
439 1410 231798 583474527
1538 1073 664495 758227161
628 627 371237 692211355
557 1231 701825 12310273
758 1530 413291 646325842
1943 217 816404 801016567
1183 1639 429315 290328216
1676 1718 0 679911072
1519 1748 0 514863787
1091 1972 954689 93829335
1512 1263 0 966826094
1118 505 0 217757316
1579 250 2331975 218345021
171 689 3469064 635026390
1999 1067 585565 206717764
1515 1379 553782 450298773
247 792 3447511 192941784
1449 428 0 482425911
1190 971 0 228725500
1878 1735 0 514516343
1304 829 284549 823981388
1148 890 5242460 550161954
131 400 3854011 182761289
1732 382 1994226 447634569
149 862 1987495 883464480
1220 376 624085 49666601
1781 896 211164 69941046
1927 1235 173400 507812590
1362 1049 0 977683463
871 1227 0 412837074
1840 584 49283 132312076
1448 1999 0 503160860
90 1107 548187 552577356
325 648 0 369354987
810 527 347534 569051976
1854 954 0 845129004
1500 428 0 635979742
714 1491 4765420 819144686
1605 115 365250 225523790
832 705 675748 72359245
1572 574 5704488 10624296
1853 728 0 554468518
1374 1868 0 695321465
1661 1906 650184 486989445
64 844 278528 578118931
764 618 4458779 513165049
1605 965 469448 885299171
534 867 954806 837914568
556 395 7588793 703828619
1912 399 1895447 726430625
494 329 857916 182549479
1969 394 0 125613364
1770 376 3076426 776332063
770 1685 0 730115993
10 1687 931675 950117418
947 1820 230492 896103047
710 1611 125595 636441493
1941 1507 9180874 884184489
250 1673 4232773 935378062
478 1617 0 635672132
602 901 789058 705496598
330 1702 722545 18862
479 1330 8323409 964354958
1299 1723 2472832 205534210
730 1930 0 206797561
936 1247 450521 155920425
240 1018 2401117 292064050
69 1023 260986 117692759
312 13 907672 696995168
1206 1407 494776 947670635
1385 1635 3831042 249167276
1636 1002 87211 183415571
1786 1699 0 495232553
1505 26 4329747 427783488
917 835 0 681617909
110 1058 1368425 281830700
1440 274 116037 418940798
669 982 0 529650161
1274 1854 685382 263976250
1958 756 199746 383291235
1042 215 751690 879612934
297 1893 643108 419803930
1139 1482 246253 831956838
1356 1862 906840 490791747
1547 1945 1870024 415692083
542 1841 6012775 739449948
765 604 173829 210936413
1563 532 814312 420276326
524 296 0 930303503
54 1905 4829192 898021283
1904 175 0 254109571
855 1174 3632269 201347880
8 486 0 449165387
602 487 200191 764099473
1969 511 0 457437636
902 617 4410465 164131855
61 135 329542 940680789
881 1353 3110428 524288985
1341 31 0 837948316
1087 549 4259830 900900911
656 523 2154568 280439486
1777 1094 0 599785776
7 1489 0 25195238
799 499 0 941731978
1805 1268 3566502 701732764
1657 1078 0 749322030
400 1944 3982251 973696596
1694 820 0 673455112
1233 1012 499864 349614071
1444 1568 287785 580422113
1676 1027 2234654 415948231
264 1102 380688 324848899
908 1907 441505 200403728
1050 838 0 19380112
1811 83 0 612334438
678 1033 380696 673225446
1400 732 0 157969834
743 1498 269287 207420091
337 1116 3133067 955793632
151 922 0 975379795
199 1403 312267 436165938
1495 307 517895 811176309
530 1215 568552 522710156
337 822 951307 387364606
1978 1285 2200579 759327326
1483 1586 606628 615712649
16 485 691951 112415489
1472 1047 540543 984469667
387 1555 220712 294833553
932 1302 0 540578324
1527 1742 4223582 692275460
114 1295 284920 770335314
226 1042 0 473296538
1853 980 0 579332873
1919 1864 0 754406762
1842 1392 0 591422758
1554 510 6909496 536192693
1550 538 3985044 116964443
1818 1958 0 539148326
105 1584 546532 489962694
1663 453 0 594000321
1410 1820 0 640886747
1723 1078 0 335285136
526 384 83822 89719371
14 1413 0 450395543
704 689 0 116635827
1382 766 178535 445777992
917 1153 1361496 94007555
388 1869 0 472615294
1248 1392 543454 265367095
972 382 77157 364218051
1837 499 767618 280363363
118 1171 0 864526847
1741 1346 3932937 865293401
1296 1978 544497 62896171
1166 366 915202 669241550
394 1039 31691 162223538
1919 1116 201888 185344996
678 1873 0 377978537
520 1225 376584 637235141
166 774 4808425 365989437
1492 1256 3272299 78148469
963 1275 4614317 48423300
242 131 6733636 842492681
1095 1064 163637 199973441
244 39 0 144116447
730 1294 927299 552262665
1087 592 581377 287782274
1046 1417 442235 929375033
641 1476 0 872905510
1912 1310 440783 543731646
588 1943 0 868113142
574 1190 4343745 111601334
205 334 10123495 616976543
390 1150 3780033 348307040
1475 1127 0 865060790
1496 980 499119 308913831
1416 244 0 220491172
543 176 642837 199319958
1129 273 0 846959627
305 1019 0 432326942
175 208 898558 213843807
467 1088 0 635322045
1838 552 0 634748785
610 688 0 649497382
245 724 299499 428534354
138 888 6192997 823587308
1241 49 5120722 440972423
408 1815 971374 105204354
599 1591 545688 366356342
334 762 7479799 819579047
587 1320 807800 524039667
1891 1325 153789 799406356
303 617 0 743083065
1128 1329 0 290847919
175 446 5179434 260771423
1920 594 0 413879276
410 604 550896 495274300
1471 732 524287 177677402
1306 1732 886884 351465822
1955 1878 5203653 174863220
586 1369 522685 934943511
511 1782 616716 125644931
606 1330 948166 526933899
547 1387 5163772 103667912
894 1525 914077 501365423
1924 992 203564 402021525
1407 383 883628 323675194
676 1575 0 609872176
1458 315 637068 465019977
1979 241 0 731748004
752 621 0 811047346
198 830 6901051 325813911
127 1929 838272 318556025
1212 1726 6866109 279676607
1944 1476 741450 836299585
171 1392 353764 189053902
1249 450 14868 662747404
526 10 0 648292308
692 593 217722 269026518
385 120 4603195 261586486
1153 1435 0 853414898
1086 1683 210349 721527163
1214 1500 267352 824928928
216 411 289627 899134922
825 529 673443 752234049
1401 494 631967 254599800
494 1065 0 385001745
1476 1028 4431333 796307577
1099 1787 627285 852545972
26 1925 941475 298773389
787 852 148309 128015824
228 867 0 382755802
681 244 43239 898038733
782 870 0 321180670
825 813 5419022 528364719
1387 1659 550971 160276680
167 1515 36366 221450197
870 618 988457 717396625
440 1392 0 762579270
971 1721 5895969 715865330
1027 1539 4961083 408588317
1422 408 866055 732113531
667 1574 307554 579008318
861 1402 5732856 221458372
258 1383 367321 794091639
1978 1126 0 354650396
1695 753 0 987991015
1417 617 3115787 443869059
1067 1420 0 815287852
1148 1311 4940614 8691470
758 384 118673 486529372
1696 587 536953 367157520
201 1944 947208 33394106
1529 944 0 326277748
657 1278 384351 174464940
1819 1419 8143482 384208742
1884 251 482899 749454499
1401 1994 4969189 830059818
371 316 428628 753784963
932 1020 2091109 184992010
46 409 220503 802707161
446 1885 6189305 929297741
278 1087 3529936 808298478
1703 278 4530076 219312885
1788 1383 215882 125664912
118 595 185760 435241030
1135 1058 557984 18084543
179 374 977354 454717763
724 1864 173857 181755761
360 432 0 760919786
1796 869 0 400572328
1162 801 0 299970638
1305 304 1322438 924493391
1450 2000 921563 142711895
1912 214 2077712 761076216
708 727 107833 588272451
728 1985 858659 759735363
281 1411 0 329676858
32 402 675194 699960022
1024 1651 878523 900374932
1033 1552 256193 242955476
1327 301 735422 848606725
917 129 578569 461529599
234 1141 284324 657983075
710 1034 4938578 470114186
1160 951 991169 573803195
996 353 0 895891618
419 439 771944 677562038
1491 416 5870535 745261722
121 1765 0 418702443
583 1362 125575 322328426
45 930 0 78627234
115 1377 0 543793001
609 367 0 776319054
132 390 0 803334916
214 1050 211901 201821606
1216 731 733988 400782814
267 989 6210013 979558633
1840 1708 744174 90159655
1431 1516 444010 237248902
875 1997 793910 616612179
946 396 94034 464959547
1669 1992 139485 346727558
1232 1257 0 977599100
403 1093 39181 609859524
1402 1871 597449 458281468
253 1407 3246397 117087902
412 385 2624280 759852447
987 1074 0 411894116
1398 1610 905529 906833940
1879 1642 0 147578507
1732 1234 0 341343144
1139 589 0 874756066
194 426 215821 834166613
1619 506 183895 451620763
1894 1948 0 462479741
538 1030 0 515172207
1494 190 5213248 292860139
676 53 0 583024629
1644 410 5615346 95534814
1996 1801 139908 299043005
1553 426 223265 959859935
190 1873 1901782 867188150
985 54 26101 446306115
752 1173 935744 700439941
1013 1178 756402 936967554
1634 1055 576715 177762525
70 1919 2115418 714030494
1278 1391 534846 242034097
1029 1932 3049130 301670786
1803 478 154333 565526256
1954 184 0 944629662
1719 1743 98540 335467575
13 1022 5001905 783497541
1238 280 0 574453820
268 1803 706269 512915875
75 672 403191 911849511
1030 1496 1615711 95689790
1129 1418 989678 125095868
1298 1090 619696 953917715
302 396 0 437046655
944 535 0 342348253
4 194 989119 360008834
859 609 3102122 117149824
1679 618 2852232 625380369
114 1838 233622 984687178
1560 154 394520 179167866
156 952 701671 91075383
145 1027 801817 837835880
684 1829 197826 956029637
1331 495 312595 943793697
195 990 4213143 677867342
10 1492 29055 887700350
914 352 30426 509800225
1407 1372 891189 528323503
1436 1924 2008206 751879227
1912 81 4754300 127973728
1263 1305 3034121 507445325
1855 1872 0 228694122
416 460 961088 755377718
1998 290 211366 931124320
812 528 500424 214088156
247 1484 305164 251912103
1954 521 2939469 660306142
1700 115 3299716 536489871
1595 407 873707 559242563
131 1307 770970 261205170
702 1433 650023 708609790
440 1647 869223 702226572
971 403 786547 847844749
1665 1614 812189 886588338
663 813 0 723553135
573 963 555582 987747859
1147 395 5864391 993529022
1848 1188 475579 747047233
417 1735 559460 146932552
1627 455 3435852 818291555
117 1139 0 796382154
291 354 2637551 285848244
707 193 989243 827399205
1754 1408 63080 463528026
462 1525 0 587650492
1248 277 174635 375271660
140 1564 4465497 293241523
1313 1231 3658965 612552723
599 1961 2052951 447816320
619 1978 3921724 522306793
238 1087 781169 771112855
39 1640 116704 556110963
1393 981 7545 641108222
1017 599 4189240 97986458
22 1315 245306 616914077
1004 701 0 210975317
1225 301 0 187602245
1458 100 0 750662713
1857 1963 0 19791113
1196 1646 0 410819603
1425 1718 115006 481748230
774 1440 7276019 12481248
111 896 521569 715284365
1599 435 0 373622654
1546 1118 725303 163323825
587 233 117105 426410292
1536 311 0 897909470
741 1019 379302 712665873
1841 1311 513075 188963973
1317 1471 0 479089270
202 1307 365546 392958547
1702 576 0 927702623
58 181 0 63402223
818 1659 996147 192233060
548 147 84100 437694971
1548 1246 0 371925339
1611 988 0 512353480
651 1814 4754426 813106169
203 1989 974278 862502896
776 1023 976847 146987536
56 1326 746781 189209468
1764 38 730547 838444082
924 1759 0 625611590
1026 511 7778083 737438638
1509 1733 0 836466738
860 607 973712 731260700
788 342 4513147 397192429
410 460 3940683 736826992
1396 516 0 78314833
132 1630 0 338571946
1141 578 455520 35572892
1606 405 256990 410856707
659 826 580184 822449767
1157 997 245964 259459692
1597 499 2974872 217427670
80 1596 494107 164113609
1177 457 635302 540951800
900 555 0 695751844
748 1062 908843 731914276
1279 1225 1797400 627456296
1055 37 0 881845923
1763 1758 0 371099309
1936 1750 0 545079545
1687 917 2715693 556490249
1999 246 718524 638506583
216 1417 177471 509909348
725 786 203699 347901489
529 818 4425008 490222227
616 724 944960 734064603
302 661 782515 808525086
1319 860 366545 842523302
851 524 4645571 97549718
1669 385 895801 803145835
441 1289 281194 607537736
382 1876 305948 241238080
847 1635 381050 652294072
1952 1383 922706 641109275
1690 1737 693569 417889219
867 1211 529493 366407577
14 1039 6492630 348157592
1717 975 2542186 358282778
1009 382 25705 789620477
9 1677 0 776727763
177 1441 0 983952823
157 1988 636240 968568819
1263 22 840156 31450239
1390 943 915518 126912738
1476 519 226959 919657012
1048 667 4973893 408154908
1587 1220 0 125913820
1717 927 3224974 764959550
1485 316 0 579065808
1014 154 552533 457887126
1610 978 622789 520445101
712 781 915039 121180947
886 1954 5259477 421762892
1966 405 0 943262226
1018 562 164255 827043616
416 587 0 227139269
1971 878 7786493 195806379
1173 513 876711 871394634
1801 414 599547 86021714
1403 1971 5590940 678713890
1131 1032 807058 935763959
1840 1092 1485013 287929022
1354 692 737467 758866625
59 1331 0 924381890
1259 1168 85338 864525249
238 854 5953823 663098808
849 777 0 409869419
1135 866 0 953807680
1357 963 0 976277815
957 1707 0 491271137
1071 1292 144348 658055160
76 1352 215582 511355465
880 1641 0 208586729
1534 1587 517002 57698487
284 403 932029 583322833
863 977 0 59659231
1325 393 0 469945896
1044 1268 943749 89455189
492 1926 3947152 834885933
1403 1663 863236 880560404
806 1710 173353 147191505
638 1331 316341 858450191
939 1731 871784 525900684
1030 203 706514 199123344
1062 33 6430692 334572780
608 1051 7017793 728406636
1306 1174 0 80698243
1818 1237 2904032 685618035
261 582 0 821816974
617 75 2719123 754595466
1158 1972 677982 630262099
1203 585 920685 796578266
753 1906 961231 777342749
511 867 306000 666914548
1183 1203 5485791 445811954
1941 1885 4295241 43028718
154 899 467903 311941765
776 338 0 16124394
1680 242 506173 398864542
568 634 256540 806358937
1210 9 4643828 475457134
1901 1281 518969 854231445
1008 1815 461966 369313373
550 1319 5013376 986793700
195 1023 5637679 759745411
1886 1079 94862 723175018
1854 1136 4246673 821762761
1426 1327 786038 432261883
1789 400 3643 687478124
1212 629 309330 555435826
1845 934 0 987474710
177 321 5119785 737660499
1413 1647 713716 571785126
777 628 417564 506003830
414 1295 594849 66017913
731 1903 983917 157538057
830 266 68999 252375453
887 1046 4498864 28924007
1293 10 254041 893639266
719 1085 828048 967693504
1460 1399 0 3146043
591 1221 273411 56476261
206 1494 0 91597658
668 175 0 36978323
1567 835 0 165118391
1289 1021 916819 770247649
1435 804 156052 85749590
1286 461 5250487 128382583
1077 342 959254 246823073
1031 359 0 173085602
1264 905 37438 140000737
35 1572 0 329708160
399 532 5941766 657056021
1833 754 2566752 924189474
1553 1826 0 412167371
1651 70 0 803215895
1603 1544 573984 187258857
1192 1367 0 904760196
689 249 4088931 583014275
875 1612 4813243 524405659
1313 1425 975250 620320202
1917 792 450069 445326245
2000 604 7181093 660565986
886 1434 3439247 223083579
599 1300 1066155 641501375
1060 1957 5351358 126899106
1940 498 0 52710893
515 20 82452 528985023
1571 591 5550365 452578648
506 228 7788178 9250598
479 1937 814758 394747374
704 1757 0 26430974
1471 618 572626 832373884
97 323 0 604221841
242 1792 632617 790520961
395 1366 4641243 779924004
1774 1747 0 176099458
1093 1543 696241 458551135
1900 528 0 189633513
1703 649 259145 168471850
1377 1833 1294229 824617084
1452 1955 0 477704695
498 567 55461 278042725
639 1990 334865 708555171
1183 1802 5591412 975951350
1368 1703 0 320298197
90 243 125154 979264227
222 310 3853523 178045829
135 1096 5339883 212068895
143 1752 657045 492705408
406 1983 351162 568644442
597 1636 2866677 414801137
737 1163 237014 686567337
354 875 5268203 414145934
145 1377 0 15285858
791 1343 0 142075805
1107 217 913532 324342640
240 1627 636575 828804659
904 572 695419 782528857
373 48 0 990496462
1613 210 38811 860733075
318 938 873915 515820379
550 752 0 993270122
700 1596 334263 487193007
834 1814 816263 871794270
1805 861 700618 92549048
208 77 562069 647093821
851 1645 95538 952177538
1863 825 3859708 504803263
488 253 239699 488260755
1801 356 0 340629973
1287 1785 798657 470477032
1300 390 0 820854082
1054 1908 469459 402223626
317 1187 0 955962340
1878 1122 7248314 198562902
528 1353 0 38802345
699 810 0 826309144
216 1237 0 916169743
1901 524 4350412 132527255
302 222 5552890 893005283
446 425 4659161 547028040
177 1605 0 760042391
1999 1093 3610081 108108257
329 10 554205 284110207
1216 1022 482119 599317695
531 1816 927172 96646660
894 736 2823071 41138430
1659 1306 3671638 633090327
1355 76 837856 258545421
43 1210 168680 490308514
479 1381 4570588 626387330
425 714 4299136 750671151
1338 1770 5244101 233100685
814 431 456337 415798241
1525 1412 0 712457788
1570 580 436973 368217995
1428 799 727598 114997320
241 882 759190 967692774
307 1150 5270363 391998684
677 834 0 925577843
1748 1247 3981789 49275375
1065 1406 0 183294146
40 253 47224 636313888
651 1162 6668913 744688511
380 472 0 813784701
721 673 875153 765465772
1470 1606 2260864 402513569
1042 40 4231057 732085673
60 56 0 199393175
1338 1065 330026 437040634
1158 249 3118090 987487017
1860 1140 2347679 529479416
205 252 7122835 881626962
72 305 0 10430097
646 1896 448619 533656801
123 1302 5654 529711592
932 1833 924050 538997132
642 173 0 621210467
42 1206 491134 407193000
1700 1842 684622 913017510
843 1150 0 193177095
1594 1936 611435 487951484
727 1971 170819 303772151
233 37 0 311609116
170 702 50283 212184429
1661 1297 375058 624645387
1374 1301 5228521 623090524
1597 1426 3188754 578735829
626 1486 0 310958392
1611 1860 562151 899411066
912 483 517609 938456380
922 708 4959913 37528101
846 33 490443 155286041
1505 1964 4459742 840532121
326 1316 820082 515311368
1995 66 3765384 394682625
1270 1850 948931 566577141
1995 711 408151 431140403
10 1464 683427 319893740
1610 368 6169448 885544518
818 735 439816 974039573
408 1566 646907 953473513
1730 446 420003 747378596
1570 222 2738442 887380381
152 1234 83600 947270188
1482 676 0 949896140
1081 1265 549985 653634258
1025 1042 0 240858235
1594 269 4644892 703939156
246 1067 132957 385087517
1327 849 2533442 337692667
219 944 2204455 122296138
1580 1371 40656 52740416
1389 1488 392273 139678514
356 1597 1160461 676412179
1452 1581 691387 216150825
1335 418 888733 140983227
1196 418 488070 214894074
376 1555 338480 280160841
17 1916 709513 207106040
337 231 959797 217042037
110 1477 0 909097577
1878 1212 552731 926871610
161 888 829124 974886995
1282 791 5449590 958730402
502 1943 0 471229608
966 1532 0 900239606
1861 8 300124 165026346
1876 1218 636424 729329491
1863 599 0 966819081
570 1563 716338 379126912
1253 816 644991 964160
902 1573 513052 399284359
124 777 0 175269276
916 1757 487116 88726415
1636 1831 0 646885234
261 455 239689 227770758
1451 640 6271595 968700231
1225 975 228219 811126749
485 1711 723570 984538889
1819 1253 844620 327850662
1752 592 621636 490882945
1110 626 0 246619358
76 686 925197 182657292
167 1803 442829 828061929
26 1748 0 862412407
688 1505 435934 953744059
1752 345 400388 52879209
760 1975 604391 860484876
462 403 16525 487684292
1639 1759 3299117 304920005
1968 466 204144 840193867
894 1461 820771 800820509
356 1059 0 930782714
55 690 54260 582565087
256 1111 60888 39099866
1390 1590 713560 399454258
786 1336 352152 177434640
932 558 3357389 169726355
1429 1589 525604 128085533
1671 1136 734630 946950686
1993 536 179225 875997274
722 1234 0 321961350
1709 1580 970373 595795432
1283 410 3513656 687037086
24 1024 3842025 792085830
1836 623 742284 619169039
1571 1317 0 662819033
678 1889 656080 593392162
855 26 207626 867870569
1488 1106 0 704019367
1307 569 565900 276109968
523 306 445270 728604777
830 1357 0 237222053
304 1475 0 972956897
1434 698 950432 900210828
367 1937 319080 538847950
1237 256 565946 440754781
354 1500 806898 801221748
812 564 324115 722938528
976 662 512198 942649146
1814 1647 3787890 696115731
1766 1225 263005 443198565
1617 1025 4483371 411399229
1315 746 0 784812419
1139 345 2306907 692760677
1801 1607 4836831 357252629
1751 752 411156 365982269
727 43 6219538 603340221
1275 1569 333105 995762039
1026 1753 0 514332415
1434 147 0 76571766
769 672 891830 860897878
1730 385 568892 727581719
766 1967 607163 197525140
277 1978 0 803449476
1869 984 0 354920951
730 281 954592 171365173
1587 242 7362175 647810914
1529 464 328814 869952508
593 152 503414 410750735
1362 1065 969675 367412970
88 1708 0 825630763
1805 548 3303187 721173427
1913 1659 197076 994115762
1989 1353 755838 838834657
1014 1389 0 66202028
1952 165 491338 143088336
668 1998 906901 551643457
1656 512 0 725977748
1910 1564 222328 400031866
92 552 0 204898348
1964 1317 82513 379429515
739 1957 350834 110847523
1265 1759 716640 974411390
108 1091 248670 258609585
549 1938 691179 909115550
1134 783 595023 630514911
1042 1903 511496 853170764
373 314 0 40528671
239 145 129220 875901917
1527 1671 555546 845345700
766 1241 2738860 45496772
373 560 0 200602583
1826 1054 0 370786714
682 36 4057706 209649284
911 1611 892632 427600908
1087 312 454401 72244927
1739 581 398635 476190352
1043 283 738851 242460865
630 1833 688660 145818906
1479 1313 3300981 38044594
144 1016 9060637 131616023
1506 295 0 1963378
1324 252 346436 496447152
856 547 679538 4477296
698 214 438742 549360648
1702 1160 4073156 488845251
780 286 0 110669839
556 987 959538 312475715
1591 275 979822 496973886
126 1856 961669 72512445
975 1814 3120237 3162816
1979 555 55145 98803762
465 742 354997 604236501
540 1579 0 268875260
1609 1706 334119 982049371
917 911 824240 879646957
1674 608 894643 705038850
1644 1539 5884090 771456732
1449 1055 4774809 949770321
561 430 382184 216822371
705 1793 570296 462687797
1442 916 6633442 29328110
1275 1634 0 253757096
140 600 968809 603278155
461 1768 300440 698400217
221 420 497019 111209294
1081 769 670996 245187766
560 1991 977381 837294307
1470 1145 0 221144412
1974 595 818598 6337981
1467 468 4036668 438052316
246 791 818153 33014131
1479 1329 305763 92760354
141 1642 0 927727988
1385 1219 0 700172300
242 278 6189800 615051839
603 1630 950042 73019929
375 396 0 180354851
1770 1579 3531005 154797167
793 1946 0 463397391
1438 19 398735 931698796
1554 1240 56451 94985382
717 208 436772 847753053
920 619 0 615737348
1404 226 606633 71851922
992 342 210330 944892063
656 1472 0 829668104
648 1984 0 204350225
1375 149 944231 59151456
1846 1622 0 216665781
66 109 597235 42464419
1942 1219 0 958436404
408 993 531629 85201266
