2000 1800
1940 1796 951334 495988531
399 532 1201698 227687739
282 1447 798953 147916297
1185 884 552718 166036538
612 1722 7308659 213500681
493 1647 4516469 454077600
1647 1614 4915633 370781172
1306 866 2319578 58276515
1088 310 624059 435085455
1553 562 713831 935287189
273 142 1447295 678914048
1378 92 3456105 913731179
1912 442 2148584 65549130
1660 442 583798 844263426
58 785 2651347 706715970
1752 1808 1034434 906310717
1401 1182 315023 670675830
418 1805 842952 298450734
1787 62 591312 613596353
1351 143 1510030 658954427
597 1093 2490734 739589575
7 1464 336555 626351467
1777 1008 6985385 883964985
447 1294 581353 436208622
612 1550 2723754 987708867
796 989 1562331 196343774
1003 940 2928581 581927189
1670 1408 1125440 320414945
1872 1565 936647 840460743
1869 241 1494315 237025992
1133 1755 1981817 507683071
1896 425 1750963 239143143
1553 877 3408673 772304796
1392 1680 1200420 645461288
1088 310 624059 83241929
493 612 3280684 576463552
561 741 4388936 392491358
1014 1686 659157 487067813
1335 1712 162019 998376802
1670 1384 691966 70586242
1331 132 878706 679951502
1411 1891 4614804 340131964
1039 300 1782082 793749789
1093 1597 5751931 889734834
187 1679 326086 241224343
42 1553 1503813 885831133
1266 1832 5625752 999189264
815 156 1644580 694957382
520 1419 380270 838250828
1306 1665 1154800 794945816
1550 950 5278158 819194726
128 41 3203687 559473205
692 38 1519875 648297882
1040 1412 1724295 752234699
267 1063 508067 482088969
1812 251 711260 549039014
156 949 3157240 912207572
1593 659 375729 759331426
1786 874 1784426 974171736
167 1007 1771933 547410500
562 995 1179499 106526903
1343 141 424760 661432388
741 916 4742555 413650018
707 1905 56644 581960191
203 178 1021505 750562184
1626 1782 636237 108690363
1832 1370 2837202 23223620
793 1914 455674 50206793
1352 803 3222749 807771923
591 894 6100 132014806
592 1666 1836125 558641768
238 1760 1924625 586173237
1352 1932 1700489 27704022
867 732 440321 87867111
1766 1335 629642 992877208
950 128 3233663 759390671
1264 780 3704674 204292627
1297 419 4861049 126753083
671 1287 743664 567318357
6 720 1690402 449843356
141 1264 1823259 923662023
62 1787 591312 506448556
643 1318 939308 186086278
950 867 6491298 829008327
423 842 970726 81155410
1802 821 1367864 567577761
1617 290 150450 879352265
12 229 3258419 933593689
253 877 3781258 20364453
1670 229 501124 562405919
121 1130 1266630 810098753
1251 1289 2176127 76754684
1891 1411 4614801 286693255
12 1408 3882735 994749640
337 931 1685372 674264942
1438 1091 1683656 132379977
1773 1280 364772 842415405
1103 1208 1271640 176685376
467 949 963812 136214558
1944 335 147543 795419355
31 124 1435135 63003236
785 309 2666731 220867047
1718 1824 403011 641789481
1104 1198 1942542 650545044
287 184 1537351 462212186
1974 672 1428120 320082185
85 1851 969726 601048863
1608 401 1623841 287702466
778 1625 1381297 352414424
1007 1893 3731837 973516621
1103 844 991414 903684806
596 822 775820 566183200
963 1708 321723 556568769
164 1642 1329360 175341385
1093 1597 5751928 726707930
128 867 3257636 865710942
1891 624 1948013 100804761
543 812 1809500 708064710
1384 1349 4008061 596257932
1603 1178 783577 740553874
1293 436 1153146 191086474
253 436 2052057 514240145
349 1752 1509355 499224068
178 629 3549672 799533909
1438 1003 4139923 145192930
591 894 6100 19894007
493 612 3280685 775089319
434 125 709935 566675088
1441 691 1702960 218298608
1306 1665 1154800 208411456
233 1343 3818043 84171166
1294 947 510723 967222227
576 1078 363696 996364335
1439 1287 1036487 589119261
1266 128 3982799 901540185
659 1593 375728 660165008
1256 1395 1915708 983956625
1328 1573 1085873 216511637
350 24 567408 949863562
1408 1003 2101093 754578107
178 309 1619524 443331346
189 40 917485 22599580
1726 555 2653835 1928606
909 844 920473 855210165
1550 1722 4584903 663935185
62 1787 591313 772893904
1458 1103 418378 971037104
1662 1209 1484655 565848092
613 457 1686484 768846241
131 1483 73179 500559399
442 946 743163 659493716
591 894 6102 48023059
1215 291 1406984 617337207
1012 249 1033057 153002126
1186 1994 2138343 161623409
1133 156 4179483 222657461
669 739 7231425 106161450
819 423 1960917 220071281
1550 1903 2855818 918362076
1991 1373 613356 613378765
638 1628 310486 160426512
644 621 1973395 916629892
104 1506 918406 636812871
741 1264 3217201 409204154
310 1088 624057 265010424
1103 1316 3554089 246991777
1832 1722 897455 280134431
1426 1195 1619543 472265128
1091 940 2894999 715837933
950 1832 1590705 903695837
300 1039 1782081 508462439
272 667 1245915 903171448
125 625 2376258 902658714
1628 638 310488 968114160
6 720 1690402 443596118
909 317 3779749 642043338
799 1059 1822427 727193770
1905 707 56644 371702866
1185 884 552717 344442570
1264 741 3217204 125338995
1563 1767 551838 544181670
192 503 25574 311991842
58 643 6629835 618921830
470 1897 1811852 158030124
642 125 1808092 243953047
1722 1370 1939752 472955801
950 772 3198218 773530250
1151 1414 1829458 313327099
844 1103 991413 472419482
953 1008 3531628 537946710
41 1832 4846643 310998833
1607 1826 464356 383421215
108 385 1200039 304178866
229 1384 1193089 747702768
1983 232 866241 636325770
689 1007 1946974 574701678
391 1120 1872515 968091371
1438 1091 1683657 466188089
1378 1715 1886190 386192784
1229 1965 1617339 161267894
953 726 1879913 181557632
946 1660 1326961 282482998
1093 126 1402005 560907650
99 373 392710 112310301
528 249 2486635 943504162
18 347 1130995 571463288
434 625 1666323 188265409
249 1012 1033056 372271368
752 731 1882794 545303603
1553 253 372579 755897704
785 739 5401095 644489030
359 576 700094 693923762
1113 725 614107 788274036
1974 672 1428119 409037214
371 1560 3245788 591998691
644 1663 1764249 417315760
1178 1603 783576 440141099
651 1065 40127 319997181
1287 671 743664 204380826
1805 1209 1107989 474881265
1865 1740 1187883 196455885
856 1891 1306232 412230094
612 1903 5579570 969821532
1280 556 2575127 216544193
1553 42 1503814 742803598
1822 1170 1079073 536478411
1395 121 13092 720169757
280 1740 659295 88320888
327 1253 795808 716448567
561 141 2994991 379662468
674 1461 192711 262522222
867 41 2372331 315153879
1040 1412 1724298 694821098
282 1447 798952 101844044
616 1729 1776237 137935175
528 249 2486639 347114250
563 1806 1292282 84623873
1352 1932 1700492 708139276
1856 245 1820593 734025873
1722 1832 897457 308718895
812 543 1809502 209727084
517 705 144907 637944329
999 627 982795 407065683
1273 1595 209372 263943392
1343 141 424760 271576213
732 1550 772820 678704216
558 694 1317855 74674383
1558 1485 2909770 431839565
1093 126 1402006 348387435
86 189 771500 35725091
540 1022 384187 385010704
1965 301 1570424 669839095
1616 124 2778923 715712738
1104 696 787218 359175631
1280 1773 364773 937811265
1408 1003 2101092 673779123
1208 1316 4825731 339085573
559 1331 1603205 476885253
1550 41 1159192 250112047
486 780 1965680 842216077
1287 803 1793298 69378938
1737 820 633449 43787474
1442 1294 1598894 961352001
536 929 1017479 48243787
1458 317 1449492 57142522
1586 1330 642423 218044084
310 1088 624059 803717772
201 90 1297577 624922986
486 1264 5670356 972553489
258 18 1444280 299342081
738 127 744597 549581954
928 1420 1439708 279636255
669 309 4497065 436862258
1729 616 1776238 645147666
84 371 1928672 359390451
1442 947 2109615 694655791
1428 1018 1775737 364993177
1788 1929 566641 844270198
493 867 1770076 294131307
331 1389 1104222 985631949
1851 85 969727 757350920
1160 1646 667321 987871439
49 643 1426318 912587225
1647 128 511243 256332449
1787 1549 1888321 847788751
1264 233 5216540 264105888
144 643 1940302 514390297
582 204 259091 860799179
653 1974 3203112 551436470
1832 1266 5625753 476337091
1614 867 2169241 44522081
1685 404 1444747 497442144
1201 1804 1762284 101308749
1941 620 1452147 522612292
128 1614 5426873 389134470
1844 1464 1365655 229963716
591 1608 3485369 182731182
1873 754 1874885 693199001
1550 1903 2855818 379261185
229 940 1451804 516369928
689 1007 1946976 305634716
671 803 2536961 633935118
1003 1408 2101095 929989549
1832 772 1607513 56422567
992 397 1232083 548519213
485 1368 1910494 380247752
1803 1999 1950014 181905553
651 1065 40125 592185623
514 916 5119593 270719606
1439 671 1780149 414511479
1439 1287 1036487 530022297
1916 1540 1446603 586374366
239 1182 948703 688133036
525 337 2596125 220189326
1840 416 1782679 418850831
1400 419 32164 353738630
1438 940 1211345 976214707
1817 660 984985 924371126
1457 249 2913677 702818816
1994 1294 338992 664191939
894 401 5115306 709868708
41 1722 5744097 724726317
785 643 3978491 969691496
520 1419 380270 354682792
1832 1722 897455 744678625
1008 597 1659881 125921723
1020 1433 1551541 634368157
1433 1020 1551541 982224149
252 1791 164344 29046031
947 1294 510724 822496759
1595 1273 209372 348045536
509 1879 593984 986776202
1824 1717 2396022 30744106
1869 1759 89022 151783020
1832 1722 897455 39101454
707 1905 56644 998386794
562 436 965649 117662755
627 999 982797 478495156
1844 1464 1365654 21378826
720 1084 1428445 513849399
1642 164 1329360 483992022
1998 299 940503 308709113
1251 1964 177843 675343382
754 1531 10678 93485797
916 780 1467193 591324682
1832 950 1590706 898063245
536 929 1017480 597224297
1103 1208 1271640 441941038
562 436 965649 386380150
629 1318 1557701 328184399
165 423 258316 260524379
739 144 517690 861208816
1103 1458 418376 509687723
741 1126 6186989 887505295
1812 251 711260 889576568
279 1754 927132 442738287
1457 1012 3946731 185247558
1886 1713 1199115 334964586
350 307 773025 54169986
1658 741 4221473 385130714
470 1897 1811854 411815254
556 959 1641747 802081207
804 1680 1861934 571687260
1329 1334 1280692 619601338
230 1098 1768704 530283291
305 477 1526210 858467576
1941 620 1452146 788384480
1969 988 288576 810109048
128 950 3233664 870637560
1712 1394 976862 836796064
1537 1107 158119 699674543
1863 1829 624046 408038222
1091 1349 7161773 136199552
473 1267 521304 307174454
1994 1442 1937885 621402309
493 612 3280687 423334836
49 309 2738073 684675456
726 1008 5411541 698379986
1724 1823 1577072 221520987
659 1593 375730 716465535
1481 585 36513 565701189
1401 1708 1180522 821479163
415 159 1059064 327206026
1658 233 6220810 992060964
967 20 1290042 102157888
62 1549 2479631 213626141
669 144 7749112 684013097
318 987 1342151 344563299
1563 246 1200918 313127466
1405 1186 4105404 142265077
1533 1434 363981 538718554
654 1652 1760974 15328848
1550 128 2044495 936931817
1586 1330 642423 700578082
1962 880 720960 494576791
1264 916 5171868 237099290
1829 1863 624046 292561768
1915 553 657226 934078726
1186 1294 1799351 81857800
643 739 1422610 664188369
1255 855 1488004 952069483
1316 909 5465971 175595960
1657 1358 1004457 510186233
1166 1583 1463976 672658017
1616 124 2778917 592214474
576 359 700092 340610758
42 253 1876391 731520884
267 1063 508069 766895564
1099 419 331960 472585178
1318 58 5690530 565735629
1767 555 837045 48526143
1264 1658 1004267 341738858
30 856 1890640 84654970
823 1941 526370 607903523
669 203 3899045 664339189
939 1995 381112 891328945
514 780 3652401 34456539
780 561 1113576 766429667
780 561 1113576 223089334
350 24 567406 52713152
638 865 128597 385372533
319 609 1733567 731249337
1538 1718 2111697 587510589
931 525 910752 80856043
669 739 7231424 852073781
1900 1582 643534 268766850
779 940 1914927 840595797
1065 651 40126 610515764
1038 1708 1821983 225899817
1418 1560 4495289 440387609
449 1768 1922452 674162326
280 1865 1847176 300296125
1044 1099 3698209 472763740
178 1318 1991970 993939505
1348 179 206367 294638881
359 1078 1063785 728957179
612 1550 2723754 59884471
1974 672 1428121 539758897
1447 282 798953 875897425
725 1113 614108 627623549
732 1370 7297468 438148740
556 1280 2575130 993766954
786 536 1801601 101947790
620 823 1978511 544797698
327 290 1999670 306293903
1673 1205 1092855 578743857
1065 1761 286583 949307438
867 493 1770077 888673265
1254 222 460936 224968735
629 739 2041006 330723986
327 1253 795808 547187606
600 35 1900788 261293854
665 1600 961665 453609630
815 1133 5824070 181271246
1349 1091 7161778 58468973
1597 726 1171242 639771544
1400 448 1881495 975592087
447 1442 2180242 726060533
140 1134 1016119 537029942
114 251 1682914 563430264
540 1022 384186 196900238
612 1614 3679853 908532839
280 1865 1847177 913176138
442 946 743165 907885297
935 1035 1398132 945177643
1269 730 1914955 137160329
624 1411 6562818 763192046
1418 592 932947 455522083
1037 822 2093597 535804774
1221 1636 1667295 83883966
1405 1186 4105405 215204840
804 539 757661 786975805
940 1349 4266777 751270921
317 1316 1686223 599277480
585 1481 36511 379372406
1560 84 1317117 273651036
1824 1171 771225 164122715
1761 1065 286585 799800971
597 1777 8645267 959869590
1761 651 326705 110134676
732 41 1932009 642324675
1549 1787 1888323 845834564
1153 795 507974 458374291
1442 1186 3398245 708632966
40 86 145981 146174998
953 126 1298770 474390782
1832 41 4846643 794562719
439 788 722968 631847004
1983 232 866241 948722004
1208 1316 4825729 802894720
268 380 1536467 828508574
1647 493 4516467 763941447
1051 384 1375299 135685527
596 822 775821 422745740
1408 229 624316 155532688
1759 241 1405296 675900614
1412 1040 1724296 831252503
926 1715 2938369 865319
1349 229 2814975 457939631
126 1008 2232858 110578336
105 35 2175005 502502004
12 229 3258420 825132167
414 18 64277 114184154
1718 1824 403013 559547025
1708 963 321722 551282735
772 41 6454154 622860938
924 1923 142774 243572166
418 1004 1540490 390022111
1442 447 2180244 642807571
31 755 2933094 186642802
1227 74 1179594 376350989
49 203 3336093 752746549
126 1777 4752530 246018530
255 1081 1216466 739380369
1868 437 1141741 537261115
1256 1395 1915708 467319262
1186 1294 1799350 906412093
734 829 532604 129465069
592 371 316552 578033566
842 165 712409 122683618
674 755 4071673 158106633
1370 1722 1939748 848395485
279 1754 927133 787723313
865 1628 181892 178611220
822 679 564033 659247813
661 1248 708990 998815721
457 613 1686484 483807131
958 215 724989 739476875
131 1483 73179 415445444
1022 540 384184 465665651
867 1832 4900588 100581206
1560 592 3562340 365905593
1370 1550 6524651 959787260
1438 229 2663148 596546750
1647 1614 4915631 734104925
1205 1673 1092853 148909532
84 1560 1317117 538070136
1287 671 743665 651465295
866 1665 1164780 610606190
744 1638 436695 389829510
1065 1761 286583 333054394
1673 251 597644 647640861
1287 1932 271034 384879068
1754 279 927134 33303368
222 1254 460937 83557431
71 1761 1306556 531095358
1318 178 1991970 699019773
669 643 5808817 665312999
1293 995 1366996 271414459
1142 691 850714 579466080
77 556 123428 7786371
1673 251 597649 255473384
1156 640 658101 167112580
788 439 722971 124909689
203 309 598020 593411379
1532 1485 924223 943499730
1685 404 1444748 482655966
1805 1662 376668 119016114
1579 1932 66988 803259404
1608 395 1977964 245887594
168 1824 500598 209016956
73 1684 1211950 873888540
1603 1178 783576 17988066
1614 612 3679852 762959598
739 785 5401102 877878435
1504 27 164449 276264190
1711 403 1499451 11328286
1120 391 1872513 162535510
40 86 145983 662953491
613 1692 2561777 89922303
245 1856 1820591 665056354
1266 1722 6523207 944889838
58 669 821015 940249461
1065 1761 286582 285466596
42 436 3183298 565994823
1566 1041 538465 729751536
1483 131 73179 107344664
1414 220 1968922 396356740
669 739 7231425 612479433
1093 1008 830852 463617321
144 739 517689 460649654
1297 1044 1494801 704938669
58 1318 5690522 672588381
435 1953 1274843 291539375
1044 1099 3698207 467813858
995 436 213847 785945679
268 464 600055 341249834
128 1832 1642957 59192196
436 995 213849 560589485
780 741 3275361 471324647
1041 1566 538467 695937221
121 1130 1266630 28221521
803 1352 3222756 606638965
1870 1251 1418368 625806543
1038 1401 641459 238104740
988 1281 46193 415926146
1722 1614 7967281 308992167
155 869 1945995 475814345
1597 1093 5751932 972820300
1648 1573 540034 661557390
1665 1306 1154800 790366023
236 1404 1859732 588714408
1679 442 670659 576971140
1829 1501 2977480 446222620
395 894 1513504 904911424
1316 1103 3554090 167382883
597 953 5191509 989314439
741 514 377039 822556096
1618 1292 929850 404080036
1538 1718 2111695 208278616
1764 547 1509564 467712784
598 1426 175870 417300861
611 119 1294533 225811009
141 233 3393285 12008988
1648 211 13056 397810508
1266 1370 8462954 581832228
12 229 3258417 981656570
1434 1533 363980 376062222
1349 1003 1338199 970178030
561 514 4765971 10335106
1532 1558 1985548 595749506
1983 232 866243 968695099
601 1304 316396 529096238
941 1469 207277 977248139
571 322 539589 185328502
734 1591 414910 951607759
1425 1537 1354680 750113940
305 1863 1797022 957719958
1400 419 32162 761111826
959 556 1641747 105367137
1065 1761 286585 256115134
12 1003 4735202 107786844
1343 561 2570232 8991557
1550 1266 1938308 721908969
1370 128 4480164 989962070
58 669 821016 575849771
449 1768 1922450 631528245
31 1461 1331288 989732625
1171 168 270626 464478161
1858 301 269601 241611097
299 1998 940504 907923124
1679 442 670658 730503480
916 141 3348611 491188714
1903 1614 6238193 124934347
203 1318 970468 782455487
1896 425 1750960 493288774
1349 1670 3316098 738704064
1299 1449 1925776 991552065
1384 1091 4537640 648302117
31 674 1138578 548947637
597 726 7071417 157059092
1879 509 593984 26978841
1891 624 1948015 753716129
251 1673 597648 599241940
707 1905 56647 398979325
416 1840 1782682 204574458
1126 780 6674463 973095011
493 1550 2983216 528544939
493 128 5027710 261753583
305 332 3123419 598619278
1573 211 553093 537615148
726 597 7071418 919733565
1308 810 1402451 827510701
306 269 1666956 102945413
291 1215 1406986 60464087
35 751 3459160 308875933
1647 41 2692446 170582364
1384 1670 691964 240614288
1597 1777 402606 184716946
1103 1208 1271640 6907159
371 592 316550 978508130
1903 1614 6238196 270437127
779 1438 3126272 245436210
167 1893 1959906 233168593
1458 1103 418378 866802989
35 600 1900786 620645888
128 1550 2044493 726646153
1003 1438 4139924 943772524
898 1191 1477397 947366617
532 399 1201698 992098080
998 1405 1501905 711358044
1591 734 414910 789270441
1012 1457 3946734 876416939
1832 1266 5625752 796394609
220 1151 3798379 883055885
1586 1330 642423 179652276
741 1126 6186988 118250609
411 672 2861785 619128894
1614 493 399164 621397972
1614 128 5426876 978163363
203 49 3336092 292969610
305 1863 1797024 118738537
851 928 3859629 807910508
1607 1826 464358 904488665
1761 651 326706 178881214
40 86 145985 924394141
810 1308 1402453 629751972
439 788 722970 61755959
1297 1400 4893211 940145616
819 423 1960918 442506595
1842 1386 185895 430884839
1198 1104 1942543 501034519
486 780 1965682 982260673
222 614 1728089 360751826
786 536 1801602 798627704
1929 1788 566642 89152454
916 780 1467194 738127222
620 823 1978516 55787792
707 75 293022 879516302
1719 784 82272 763134299
203 178 1021503 706188793
1182 1401 315021 35445030
477 1863 3323231 774344498
1829 1863 624045 295144707
1617 327 1849221 428083321
1255 855 1488007 221658463
745 557 511919 208267066
1717 168 1895424 674996190
953 1597 3051154 736886288
1617 327 1849215 839736491
436 1489 4445898 194097304
1191 898 1477393 853471584
664 1870 1065588 812005440
1728 567 183495 612980085
241 1869 1494317 849066107
866 1665 1164782 644198709
1312 471 765280 757067274
844 1103 991413 92686630
788 1168 1917808 200708181
239 1401 633681 422675164
1352 1439 2465944 65072740
1827 949 1592120 399475259
457 231 2664542 459242450
757 1765 1247125 259939531
785 309 2666733 245704789
104 1506 918408 929644519
629 643 618397 751101753
1441 1142 852250 427577152
1408 1384 1817400 606128589
947 1442 2109616 168729965
1614 1647 4915631 743720275
157 1776 919917 541154521
41 1832 4846643 780773149
947 1405 2816781 935122803
229 1670 501124 429257662
916 780 1467192 992987122
783 913 974843 959687458
1151 220 3798378 134585607
1492 1087 1399203 438153979
995 1553 1893327 502900028
128 1722 2540410 866460908
772 128 3250467 98638069
1120 1836 464123 510460357
1647 1903 1322565 546266799
895 1668 1265610 553841233
1722 772 2504967 792083575
1318 144 2879607 396918822
1503 1534 85493 671388973
233 1264 5216540 701676888
1579 1932 66988 800624773
1780 65 813976 342718911
1266 1903 4794125 779846063
18 414 64276 316686428
1603 1178 783577 957722584
947 1994 849713 731657376
1378 926 1052182 557612860
1237 366 471751 63924848
741 1264 3217202 76047139
1351 143 1510028 856998526
1186 1294 1799349 643805368
783 913 974845 678648436
1266 612 4662060 832304631
999 627 982796 92043533
1441 1142 852248 2533131
741 1264 3217200 891354674
947 1294 510723 127236699
1330 1586 642422 549786420
1686 928 1932415 628345043
1253 327 795807 186186790
696 1104 787219 862837110
331 1389 1104223 88486188
1418 84 3178166 534209918
1370 1722 1939748 704495835
1695 1345 350167 769588734
165 819 1702601 325153996
780 561 1113574 833420487
1318 309 372452 409115063
785 669 1830335 127221787
6 1084 3118845 963132449
125 625 2376258 608772654
596 679 1339855 7380995
613 457 1686483 785146470
1531 754 10678 507000385
1018 1354 3134580 472361026
165 423 258316 604097345
1686 1014 659157 767627395
783 786 928116 518952614
916 1343 2923851 309545149
216 1400 3976407 344219320
128 772 3250469 605045790
1865 1740 1187881 888282973
309 739 2734364 619144118
1674 1618 902598 993702188
1628 865 181890 141080628
1656 969 1775228 465936359
305 1501 556415 201075113
114 251 1682912 386034481
253 1553 372580 956020294
959 1280 4216873 882334709
1673 251 597646 548889452
233 141 3393282 309729944
1297 1400 4893212 326146799
1614 1903 6238193 92875829
501 1111 1638593 273668310
780 141 1881418 648469960
880 1962 720957 867026792
273 142 1447294 564632734
1003 1091 5823579 666430820
612 1832 6411201 386171116
1807 399 499584 67892045
1607 1826 464357 278001965
611 119 1294532 116879790
950 1722 693253 881396184
1103 1208 1271639 502857961
1685 404 1444747 579866441
1195 1426 1619544 703009708
1292 1674 1832450 799805666
884 1185 552717 457906691
1174 1946 1175265 399510108
1098 230 1768704 372357314
301 1965 1570423 492546875
614 1254 2189023 167862191
1256 121 1928802 2721037
755 124 1497960 671233987
399 532 1201700 293485957
707 1905 56645 513851484
1103 317 1867866 570331904
651 71 979852 883631392
1438 1408 3287463 332555980
1874 142 187258 432987265
752 731 1882792 195896600
869 155 1945997 541711216
393 1342 1712492 857485273
1395 121 13091 506814725
659 1593 375729 927051958
1133 1755 1981817 74733357
1103 317 1867867 42974624
1316 909 5465968 872542637
291 1215 1406983 517414526
1715 92 1569916 804599626
420 556 1777332 984147824
411 653 4636779 802105613
783 929 1712240 345571686
1647 732 2306071 540272599
1293 995 1366996 395399661
643 1318 939307 791149369
707 75 293023 732752621
306 269 1666953 128345286
1932 1579 66990 537853701
1796 1940 951334 92933850
585 1481 36507 116955660
1673 1205 1092855 233505689
1618 1292 929850 181454853
819 842 2415010 358473098
1766 1712 467621 774873184
671 1932 1014700 124924469
1999 1803 1950014 808550414
1511 990 483643 952856165
414 18 64275 948003709
1829 1863 624045 12694711
1827 156 1565117 875595513
178 669 2877539 786247543
691 1142 850712 623253150
931 525 910750 394342325
1384 940 1642645 228654641
929 786 784124 31726976
1773 420 433024 62821125
950 1370 2633002 457998999
1670 940 950678 182586882
946 442 743164 599515979
874 1786 1784426 212154627
1805 418 842950 709489466
612 867 1510614 179012896
576 359 700091 674665556
567 1728 183495 98332107
1401 963 1502242 716582767
1411 624 6562818 750193859
1419 1794 85436 598589501
669 785 1830333 520533877
561 514 4765979 879524698
1853 827 1875037 207828746
1373 1991 613356 476999420
1182 1401 315023 244175999
739 49 2848928 473923954
778 1625 1381296 807431104
1349 779 3278102 165424488
1748 1314 953556 668890789
739 643 1422610 127174073
1224 774 1604931 967972551
1240 254 1690797 819067048
1044 1400 3398408 280565727
726 953 1879912 119873072
755 1461 4264381 468310063
959 556 1641749 105572002
294 1097 195169 891642158
1314 1748 953557 115748363
420 959 3419077 972674936
1737 820 633451 527854595
128 1647 511243 530933530
168 1824 500598 902158727
867 128 3257637 925286539
757 1765 1247125 213449737
669 643 5808814 994966781
562 1553 713832 69065374
1343 916 2923852 793942750
1093 1008 830854 627147217
1306 1665 1154800 931959086
1994 447 242360 615812792
1099 419 331962 267256190
613 1692 2561775 243878822
671 1932 1014700 469488811
992 397 1232082 877983184
741 1264 3217199 392713058
1433 1020 1551541 260347253
1805 1004 2383439 134916785
49 58 8056154 661212897
621 644 1973397 184660031
1012 1457 3946734 80876980
1229 1965 1617338 927689733
1780 65 813978 230572096
1962 880 720958 574109990
305 477 1526208 901455846
1134 140 1016115 46982381
867 128 3257636 513424460
128 867 3257635 544882410
1522 1795 558739 426491703
1808 349 474921 569258821
1130 121 1266630 130685539
77 420 1900758 788121957
1129 980 1101747 950429209
350 24 567405 822874097
1532 1485 924222 195169677
414 258 1508556 565701853
326 329 749584 538321455
1008 126 2232859 344209745
349 1808 474921 151152577
827 1853 1875037 771416776
874 1786 1784428 520577921
467 815 5765627 994584354
1616 674 5352630 804740185
685 594 549611 8508069
1832 1722 897457 197269658
58 669 821015 866816443
84 592 2245221 956290299
603 1435 1247647 148742806
1487 1010 651150 603057118
866 1665 1164782 66081077
827 1853 1875037 653770002
1455 212 1259014 256192227
1051 384 1375301 559872818
1662 1209 1484656 21460562
1227 74 1179593 456376897
119 611 1294533 211136034
1663 621 3737642 35012952
1044 448 1516913 382085799
11 498 1177338 23640097
1297 419 4861049 84595877
1686 1420 492711 223201753
62 1787 591314 671603701
178 309 1619522 5033827
947 1994 849716 980466390
223 970 793866 774876919
612 41 3882942 135653384
504 1689 162402 981815867
423 819 1960916 407018316
301 135 1566723 596921197
1752 1808 1034432 567301812
18 347 1130997 680201963
1310 889 1848402 459881800
347 18 1130997 569308105
1946 1174 1175264 967355822
1646 1160 667321 552453509
1343 1126 5217806 13199228
94 1978 710916 301112673
1695 948 628922 507202743
1726 1767 1816793 171158903
436 995 213848 692560552
211 1648 13058 734621424
731 752 1882793 384706110
1304 601 316394 273534161
1251 1289 2176131 606301202
1458 909 2330260 219728384
928 1014 2591577 859168198
1903 1647 1322567 689502523
597 1597 8242659 96731600
1384 1003 2669871 379325087
1186 947 1288627 241608104
1458 909 2330262 560257336
86 40 145983 829729248
1343 141 424759 221691625
838 1061 1334775 406657275
741 561 4388940 156298605
1461 31 1331287 918044227
993 723 1497756 913985385
319 609 1733568 759810056
555 246 2589800 532462574
613 1692 2561777 666523024
946 1912 1405420 966247010
1133 467 58439 719963475
1628 865 181892 734642093
898 1191 1477395 372424995
1370 1647 4991400 909453032
486 1658 6674622 922254414
1563 1767 551839 216300958
128 493 5027710 900082174
58 629 7248226 842652281
1824 168 500599 467262355
1433 1020 1551541 745365133
643 739 1422610 582836841
1491 449 1440101 56978762
141 1264 1823259 156753841
1974 411 1433667 914752318
1909 1201 172254 791994764
1343 741 1818702 840531001
1209 418 265040 796411790
1266 1370 8462961 673938651
141 514 1770983 339135541
1869 1759 89023 229558684
1684 73 1211950 67327579
176 665 454529 116570566
1760 473 1802162 933633987
1395 121 13092 221105015
338 1241 1762657 464109392
1760 1267 1280857 929208545
612 1722 7308657 161826395
246 1563 1200916 304263480
346 1804 1335869 138065877
86 189 771500 705757945
1266 950 7216457 316345172
689 167 3718907 172857933
1418 592 932946 235531302
651 1065 40127 269602839
229 1003 1476779 833228880
1143 1621 1093954 719482868
1205 1673 1092857 635083697
1297 1044 1494804 123542012
6 1127 499504 302413445
251 1205 1690504 104618323
732 1722 5357724 411916401
926 92 4508284 358885823
520 1794 294834 980816419
799 1059 1822427 6302301
88 110 464243 842316455
1287 1352 1429456 288017040
660 1817 984981 135631609
168 1171 270626 405827907
931 525 910751 56133330
1182 963 1817264 76565127
1912 187 3145328 55819093
562 436 965649 954409375
829 734 532603 710849894
124 31 1435135 526324151
1256 121 1928800 573740528
571 322 539588 347312346
856 624 3254242 461169668
1805 1209 1107987 229150696
229 1670 501124 48985240
780 1658 4708943 851920185
1201 346 3098153 241966645
142 1874 187260 712072243
714 1364 515435 286724792
1755 1133 1981819 334000087
1205 251 1690502 96560819
755 1616 1280959 956913098
779 1349 3278101 279073226
1120 1836 464125 567352489
741 780 3275362 566925048
1227 74 1179592 247950188
796 989 1562333 628154970
332 1863 1326397 73055456
958 215 724990 295603966
126 1093 1402007 265510461
953 1597 3051152 477435703
795 1153 507973 311501689
1103 909 1911883 898140007
811 1208 2458940 655625175
1695 948 628922 539089097
1597 597 8242661 923221506
1255 855 1488007 177326900
948 1695 628920 234807790
1817 660 984983 392595293
84 592 2245223 792862551
566 608 370653 241655743
62 1549 2479631 104805942
1832 1722 897457 43197100
216 1099 4276204 309893574
823 1941 526369 839285950
1133 1755 1981817 149606315
121 1256 1928801 24780202
1953 435 1274845 776002645
1418 84 3178168 520759031
1104 696 787218 419184893
1485 1532 924223 597874585
318 987 1342152 546634484
84 1418 3178170 142851446
947 1994 849715 927121231
156 949 3157237 819449593
1524 1928 1756678 7625594
1695 948 628920 34520945
35 751 3459160 535492454
651 71 979851 758860644
624 1891 1948015 890720890
1254 222 460934 868113145
1565 1528 1072918 43847951
41 950 6437346 466157848
272 667 1245916 163503243
144 629 2558690 133056417
1318 669 4869510 971463938
12 1670 2757299 701361621
86 40 145981 102261891
1660 442 583796 620676132
220 1414 1968921 253259068
1787 62 591313 243375484
1627 1140 1715327 791663041
349 1752 1509353 499529577
203 739 3332387 664206415
218 1954 1946929 350006908
949 1827 1592121 784074107
1353 1226 512726 956347944
780 1343 1456658 232062167
815 1133 5824068 122352307
1928 1524 1756678 239498665
132 559 2481910 199356789
125 434 709934 620074329
1378 926 1052182 591219584
301 1858 269601 382462537
1354 1428 1358842 640239838
855 1255 1488005 839558969
772 128 3250469 757741798
1680 804 1861938 403403841
141 561 2994992 11072960
1868 437 1141743 539240705
569 149 309058 988238579
950 1370 2633001 845013461
448 419 1849333 659656064
624 856 3254244 936587811
1493 410 1241190 553231009
1491 1768 3362555 379306298
926 1378 1052181 48445034
600 105 274220 612507087
493 1722 7568118 702221379
1648 1573 540032 615462143
42 877 1904860 373586323
58 643 6629831 967307066
1461 124 2766421 110198571
1616 124 2778919 264274665
415 159 1059065 543291253
1978 94 710915 214489786
141 741 1393944 705458171
1433 1020 1551543 202194681
638 1628 310488 145977909
815 949 4801816 572176970
867 612 1510614 445947619
1553 1293 2832627 455025614
1941 823 526368 666450180
1614 867 2169238 765720415
485 1368 1910496 228036813
1014 851 2586371 793648965
1666 592 1836125 981873481
931 337 1685373 135956110
1318 629 1557700 862147778
172 2000 370185 573574624
827 1853 1875035 743137731
133 1279 53733 996201444
1405 1294 3327502 345605496
1014 1686 659155 823321814
919 88 1807242 276050277
1157 1715 402915 53917518
1553 995 1893329 938503118
705 517 144909 958379798
467 815 5765627 28803547
229 1408 624316 434957570
778 1625 1381296 178371029
203 643 1909773 408457845
995 1489 4659742 498976107
1692 457 4248258 872146054
785 203 2068713 864804472
309 49 2738076 323262225
629 58 7248224 887538692
669 739 7231425 97550300
1722 950 693253 844528586
1142 691 850712 460804223
1777 126 4752528 891708751
1028 1607 21726 779351953
1455 212 1259015 190660878
1600 176 507136 347471408
1627 1140 1715325 949554452
741 1126 6186989 443717465
309 58 5318078 735981490
1030 792 1820644 730715726
1107 1537 158117 667146875
1575 158 1063395 161294509
477 1501 2082621 80642818
1093 1008 830852 732098629
557 745 511921 818497233
990 1511 483642 931092037
1603 1970 1015622 525579717
811 1458 768923 194131060
1316 909 5465970 705982249
1091 1670 3845675 93126244
1384 1670 691966 33365384
946 442 743167 673106840
158 1575 1063397 528427073
436 1293 1153149 782839951
291 1215 1406982 757290635
1426 598 175870 76104902
1389 331 1104223 338570529
726 126 3178681 974807901
867 1614 2169239 481828600
1442 947 2109615 68748689
1394 1335 814839 944164382
732 1550 772819 976579857
1820 1557 125145 994005093
1491 449 1440100 805888628
1192 980 1600327 928074933
1306 866 2319581 414025343
1314 912 921194 148183636
41 1832 4846645 123057080
1042 907 1351343 182846618
299 1998 940501 456239534
1297 448 3011716 105858799
110 88 464245 265468768
1556 1953 212091 632986443
772 950 3198218 581463034
229 1003 1476781 789924414
1414 220 1968919 977681990
536 929 1017480 864092177
747 933 1164056 114458734
178 49 4357592 531682626
1335 1766 629639 7238758
926 92 4508287 418355891
1506 104 918406 12880780
959 556 1641747 315706103
1766 1712 467619 864719265
1941 823 526371 911826714
1439 671 1780149 474365598
178 203 1021503 172820655
913 929 2687082 472484630
1434 1533 363979 833592840
585 1481 36509 68451969
65 1780 813979 286607979
1522 1795 558737 95648531
752 731 1882793 735434440
24 350 567407 748575144
1370 867 7737790 452360013
629 785 4596889 224170121
1755 1827 4596187 891371871
995 1489 4659742 553758605
1205 114 3373408 902376340
591 395 1507405 596833310
624 30 5144889 681602479
411 1974 1433667 347116772
251 114 1682913 657244104
1665 866 1164780 244566619
567 1728 183493 500688950
1824 1538 1708686 891530499
894 401 5115306 747284560
1018 1428 1775738 800391146
346 1909 3270406 827884520
786 913 1902959 512857011
919 88 1807243 777687866
1692 231 1583718 80570296
1352 1579 1767481 80228756
1018 1354 3134580 796049702
1122 257 1079430 258239880
856 30 1890641 406659622
629 643 618395 611876187
959 556 1641747 732553798
601 1304 316393 968291079
1126 141 4793044 909892105
128 1647 511243 745442239
1008 1777 6985387 960349684
1805 17 1480847 252554143
1764 547 1509564 746570634
1886 1713 1199113 14340186
1806 563 1292284 302713600
1331 132 878708 361956485
1414 1151 1829460 263841848
1820 1557 125144 550543987
268 464 600053 640433527
1621 1143 1093954 106832600
329 326 749586 656312127
349 1752 1509353 979120156
142 273 1447294 804531911
786 913 1902961 930621170
20 967 1290044 334812332
1308 810 1402455 242811170
953 726 1879911 664491154
1400 216 3976407 540223407
987 318 1342150 757948080
1863 1829 624044 270135165
940 1091 2895001 964435019
121 1395 13091 223330710
309 1318 372448 599219758
1457 528 5400315 682681339
31 1616 4214054 151398764
919 88 1807245 498852819
1227 74 1179593 134096458
332 477 4649627 835384822
1726 246 2465871 875922173
439 788 722971 186415516
401 894 5115306 234509790
1040 1412 1724298 812193753
75 707 293021 525116503
223 970 793865 324536992
31 1461 1331286 492583125
654 1652 1760975 333250381
780 486 1965679 852742145
401 894 5115305 714723771
1063 267 508069 624304972
419 1099 331964 733157351
222 614 1728089 377256990
1122 257 1079430 351336413
1695 1345 350167 70569587
486 561 3079254 404895235
561 233 6388276 728624267
77 1280 2698558 962044860
1804 346 1335871 74923671
1807 399 499584 362711860
42 1489 1262604 810382848
1878 890 1192041 871397442
1368 485 1910496 132841438
1127 720 2189902 775892240
238 473 3726784 720149012
1636 1221 1667293 568676912
726 1597 1171242 825569713
229 1670 501124 908742114
1441 691 1702959 140149312
128 1550 2044495 37981835
780 1658 4708947 228523873
1768 449 1922452 565731983
251 114 1682911 510673336
1538 168 1208089 700762627
1673 1812 1308906 522875583
1582 1900 643535 496353947
1449 1299 1925776 987216054
789 249 1232430 472477365
1022 1769 402382 184147393
229 940 1451804 183223225
189 40 917484 56379857
1794 1419 85438 630366024
564 796 1695536 958137622
725 1113 614107 851608406
1614 41 4541569 557454874
49 629 2044712 434969199
757 1765 1247126 448177090
176 665 454531 170088699
1736 129 1835764 446980997
395 1608 1977962 8210516
425 1896 1750962 387704315
528 789 3719066 396798976
671 1352 685794 261481990
1718 1824 403011 857437578
1680 539 1296556 301257118
644 1663 1764250 69448456
1031 1058 1767165 146550414
1829 1863 624046 981745016
1334 1329 1280693 929354749
950 1903 5067474 657821562
41 1722 5744097 406220509
1438 940 1211345 953977621
1550 1370 6524653 824082795
144 629 2558694 595957601
41 1370 7683845 899960236
389 512 635438 538062109
1932 803 1522262 417953610
1657 1358 1004456 167066184
1766 1335 629642 454033881
305 332 3123418 256921356
916 780 1467194 516564302
600 105 274219 693673742
1903 493 5839031 261056516
233 916 6741889 496794695
1264 141 1823261 182812241
780 1343 1456659 598476592
822 596 775822 153092445
404 1685 1444747 81454331
389 512 635438 50925054
998 1186 2603504 988482334
1103 844 991412 602507245
620 1941 1452145 394518488
1299 1449 1925774 577544013
1209 1662 1484655 669043072
953 126 1298772 922373959
1266 128 3982798 310993524
780 233 5274698 777825034
1099 419 331959 586132489
442 1912 2148580 201474879
258 347 2575276 419048881
135 1229 4754484 604368687
1748 1314 953556 828466959
1370 1722 1939750 824396513
1807 399 499583 311847849
238 473 3726787 782475632
347 414 1195273 523985151
1794 520 294832 156889597
1040 1412 1724298 241339023
1458 1208 1690014 330693906
1557 1820 125145 82343804
1349 229 2814977 751253915
1563 1726 1264954 533130713
804 1392 661518 179680465
203 58 4720057 224679422
1103 1208 1271640 909005069
638 865 128596 371297840
411 672 2861787 2431908
1832 1266 5625757 667813369
822 596 775820 554332529
934 1032 1137791 963602497
674 124 2573713 656327555
732 1266 2711127 361512568
1038 1401 641460 814924609
564 796 1695535 906055760
963 1401 1502243 956830747
1962 880 720960 910521389
187 1912 3145322 580492130
1481 585 36508 230587493
1316 811 3904637 848337380
1556 435 1486934 63799891
229 779 463124 451104321
1229 135 4754484 888201579
470 1897 1811852 116906839
229 1408 624317 998398977
929 536 1017479 860090205
1442 947 2109615 554084975
1550 950 5278158 483017575
401 894 5115310 449755668
1670 779 964247 515452324
1469 941 207276 773801206
58 629 7248225 281193701
268 464 600055 596942748
1412 1040 1724298 553938921
1603 1178 783574 688928943
1608 401 1623841 680565311
1314 912 921192 709548032
92 1157 1167003 167088017
187 946 1739909 94822844
253 1293 3205205 901137539
49 58 8056153 896805876
1264 486 5670356 292336181
1820 1557 125146 267483972
305 1501 556417 47965731
1713 1886 1199112 472343257
218 1954 1946930 723624154
1903 1614 6238197 920215120
913 536 3704563 276064580
908 1701 48261 716238073
1133 815 5824064 280980702
643 669 5808819 557551464
203 58 4720058 870251352
789 1457 1681250 431305445
612 128 4768247 226958889
1031 1058 1767166 759930226
493 1647 4516468 173189059
1349 1408 3439292 514160254
1289 1964 2353974 805469679
804 539 757657 536531152
909 1458 2330260 187847672
1840 416 1782680 690696002
1994 947 849717 744970962
912 1748 1874751 619502846
1318 669 4869509 77189902
1717 168 1895424 972222199
1504 27 164449 567642630
949 815 4801820 493722446
1149 1492 674824 802930935
1420 1686 492710 638544178
772 950 3198217 240200519
669 643 5808821 292794446
789 249 1232429 820702531
102 1520 1801631 463168528
757 1765 1247127 229743377
31 1461 1331288 775947744
192 503 25575 416594424
1647 1550 1533252 303412446
890 1878 1192040 719992116
493 950 8261372 872920426
1900 1582 643535 842183523
178 785 1047209 613734058
1616 124 2778919 116987848
1418 84 3178166 402635690
1992 1132 677876 697330591
1718 1824 403011 168473057
555 1767 837046 528778597
457 613 1686482 213000607
309 739 2734366 360694621
665 1600 961665 146236269
1253 290 1203860 458667512
1318 629 1557705 725331872
1992 1132 677875 732730853
555 1563 1388880 883608760
1489 42 1262606 882070600
457 231 2664542 250147110
126 1777 4752528 549327049
1264 141 1823260 113828754
1647 1370 4991405 947461925
1536 1942 161417 210436874
1608 395 1977963 756392669
452 1486 509131 258079331
1501 305 556414 360629182
1091 1438 1683656 22005950
1133 467 58439 152677811
536 783 2729717 294849430
1903 1550 2855820 789678826
949 467 963812 398640037
1032 934 1137793 72485152
671 1352 685796 608279756
1107 1425 1512795 246677338
17 418 2323798 530429197
1858 301 269599 92368289
1579 1932 66988 872755759
546 930 458743 193017735
941 1469 207276 64637878
1974 672 1428120 511557248
447 1994 242359 704565685
1730 550 921742 830858163
1553 1489 2766419 519036122
437 547 1256636 634618986
1912 946 1405418 325403348
520 1419 380270 283120752
42 562 2217644 957436043
436 253 2052060 764377310
1795 1522 558739 711061931
33 1339 599902 763832144
1012 528 1453582 651658728
1579 671 1081686 572773833
1408 1384 1817399 829325999
924 1923 142774 143716079
1891 1411 4614805 816741610
562 253 1086411 730167486
732 1614 2609561 376732454
1614 41 4541571 292035600
950 493 8261371 559385754
1893 689 5678809 13560087
1401 963 1502243 899346048
597 126 3892737 33567366
301 135 1566723 707690594
820 1737 633451 553089067
1420 928 1439707 960589778
305 477 1526209 734765766
1059 799 1822426 588030490
741 141 1393944 76484631
1914 793 455676 506059267
216 1044 577997 278889944
1253 1617 1053409 959254964
654 1652 1760974 139630682
1803 1999 1950016 377367030
720 6 1690400 720455458
42 436 3183294 774615059
973 1882 1103623 84796092
995 436 213848 601653020
612 128 4768247 76257262
1408 1003 2101097 902844172
866 1665 1164780 964280633
1266 772 7233267 834309586
672 653 1774993 945421699
755 31 2933093 414754272
1617 1253 1053411 159000832
1685 404 1444749 716430866
1802 1937 1699818 988051563
142 1874 187258 132121906
674 1461 192709 564223034
1614 612 3679852 14986540
1786 874 1784426 626807168
231 613 978059 635708402
1408 779 161192 718807438
1722 493 7568122 189022880
1522 1795 558737 116903279
1408 1091 4971115 500078659
437 1868 1141739 174444307
739 643 1422611 662168915
509 1879 593982 493471431
1133 467 58437 964106918
1400 1099 364125 922740259
1524 1928 1756678 283212083
1008 1777 6985388 558137947
1438 779 3126270 220138152
558 694 1317854 19118232
755 1616 1280961 288351809
1726 246 2465870 190757366
1647 1722 3051652 49559990
1695 948 628920 372909628
86 40 145986 960360443
1862 354 1914861 71159625
1386 1842 185897 70922667
772 1722 2504969 597120958
447 1186 2380702 872519075
1293 436 1153147 185183251
1829 1863 624046 394432649
236 1404 1859732 260094893
1264 916 5171871 887137134
1343 486 3422340 940552408
1400 1297 4893212 511322670
928 1014 2591572 979234858
12 1670 2757299 445248605
1405 1442 4926393 617316118
1863 332 1326398 575743169
1903 1614 6238198 117693569
842 165 712411 191972060
486 1264 5670356 121932415
785 178 1047208 737145540
1805 1662 376670 353821060
1411 624 6562819 571547258
1856 245 1820593 987823698
1680 1392 1200418 423416887
973 1882 1103625 998190829
1891 624 1948013 650664549
931 525 910753 932771570
851 1014 2586371 86981161
140 1134 1016117 612463869
1418 1666 903176 597808750
834 1298 184196 670858351
1438 1349 5478123 194354819
562 42 2217644 423067296
726 597 7071419 41231623
559 1331 1603205 413566161
84 1418 3178170 741341916
907 1042 1351345 145551698
434 642 2518029 200772819
1550 950 5278159 583017959
1297 1044 1494803 630532592
1103 317 1867866 951301937
12 779 3721546 18406629
851 1686 1927212 131389027
128 1722 2540413 512025153
395 894 1513505 718196404
12 940 1806619 675098232
1065 1761 286586 505168778
1293 1553 2832626 399152457
1670 1384 691967 544434786
679 1037 1529566 877127338
1103 844 991412 563142360
338 1241 1762658 258928839
246 1563 1200918 630783490
1801 248 1962157 678736523
1281 1969 334770 944706069
561 1343 2570232 506909133
751 105 1832592 177756263
248 1801 1962156 857315
664 1251 352781 971935681
1974 672 1428119 841884505
950 612 8001907 690966494
1209 1805 1107986 274543757
58 739 8052438 925544933
1591 734 414911 231866695
950 128 3233662 556415494
1394 1335 814841 599303959
49 739 2848926 97830773
726 126 3178681 741069041
1434 1533 363981 138396876
1760 238 1924626 943327342
877 1553 3408674 165137658
669 203 3899044 478226550
866 1665 1164780 560980568
1273 1595 209371 970893348
1999 1803 1950014 108743054
1205 1673 1092859 691851074
1536 1942 161418 820491728
1767 1563 551838 661299880
1812 1205 2401764 359374541
1411 624 6562819 593985547
1287 803 1793294 381439331
916 514 5119594 100314707
998 947 1314875 319174836
1673 251 597647 531745285
128 1903 1833812 777209764
1353 1226 512727 51933075
1251 1289 2176130 23446192
128 1903 1833811 651004840
1370 772 4444716 859406339
1294 1186 1799349 88775480
1103 844 991413 599824816
84 371 1928671 826419902
1266 950 7216457 798860956
42 1553 1503816 442978306
591 1608 3485369 32049090
1111 501 1638593 653204976
1090 1955 1740124 295794442
49 1318 2365623 233991224
1563 1726 1264955 700165990
216 1297 2072798 735952614
1294 1994 338992 423129892
1447 282 798952 933430623
546 930 458741 948888958
1832 1647 2154200 840435265
1718 1171 1174237 303057122
1392 539 96139 462973353
1104 1198 1942545 790796947
401 894 5115308 994892402
1342 393 1712490 313054527
1215 291 1406987 674127605
1405 1294 3327502 837187582
780 561 1113574 864047451
643 629 618393 251722831
1144 140 1258942 817088724
514 233 1622301 632099375
1759 241 1405295 198484794
947 1186 1288627 558212715
1767 555 837044 675748890
1201 1909 172256 103637743
249 1457 2913679 234931599
1550 128 2044496 230396609
269 306 1666955 160904046
1287 1932 271035 465241702
1457 249 2913678 326564793
231 1692 1583718 161192624
144 643 1940298 891947803
1289 664 1823351 175223184
1593 659 375729 922144034
741 233 1999340 82730648
6 720 1690400 778866756
867 1550 1213142 919478930
793 1914 455678 796375690
1289 1251 2176129 483711502
779 1408 161191 227231065
1104 696 787219 312712252
827 1853 1875036 24690462
1133 1755 1981817 21613359
448 1044 1516914 691583355
1411 30 1417931 240766529
41 493 4142408 213043386
614 1254 2189027 823882727
1316 909 5465966 110885663
528 1012 1453580 468436402
739 643 1422612 183744760
94 1978 710916 599501883
105 600 274221 264372948
71 651 979851 349670544
1044 1099 3698210 477109432
1412 1040 1724296 504301428
1832 612 6411203 566547566
1384 1408 1817400 697352684
71 1065 1019976 820512327
949 156 3157236 512827849
889 1310 1848401 977296754
1614 1722 7967285 513932255
1715 1157 402914 969972723
42 1553 1503816 912201402
739 669 7231431 766309426
327 290 1999667 483064474
600 751 1558375 519048272
436 995 213849 450756936
629 203 2528164 492063912
1722 1266 6523206 72905074
58 643 6629831 984485051
1191 898 1477396 442236086
895 1668 1265612 300995961
1692 231 1583717 191769635
1820 1557 125145 632207371
739 203 3332383 193549465
1766 1712 467621 836816313
73 1684 1211952 186725835
40 86 145984 685567839
1133 815 5824064 495883740
1560 1418 4495286 326877104
1126 1658 1965520 662704823
1103 1316 3554089 223242249
1405 447 3908853 178572846
772 1832 1607512 822851619
1438 940 1211347 235234015
1458 909 2330258 728854558
493 867 1770075 153260818
1674 1292 1832446 573568804
732 867 440323 118851762
1903 1370 6313973 565650054
1457 789 1681250 726628645
1965 301 1570423 960145969
1293 1553 2832625 369974531
1004 1209 1275449 211160440
1209 1662 1484660 670589138
141 233 3393286 336672201
1817 660 984982 671419046
1107 1537 158119 678805961
389 512 635439 446701820
7 1844 1702209 8767299
290 1253 1203860 554749875
1870 664 1065590 25183632
1722 1370 1939748 736020195
867 41 2372329 980354261
865 638 128596 271327832
1550 1266 1938306 14512714
664 1251 352779 377332437
1405 1994 3666497 200343835
1392 804 661520 472331935
309 1318 372450 3466583
528 1457 5400316 520965720
1126 233 8186326 668083255
1306 866 2319582 983315471
953 597 5191505 428836340
804 1680 1861938 479750008
