2000 2000
753 240 667633 655276368
80 1831 118112 654497785
1981 1177 675452 91199963
183 896 639918 56564075
859 820 76395 71982150
242 852 2319051 207287111
1952 1317 256487 292850006
680 1001 536529 383906370
196 1156 3779340 630647649
1036 469 8008731 925370139
1431 46 1069136 799218939
1994 1039 2215268 350320595
509 494 2977200 951063097
1601 1121 280469 134283907
240 1855 2816451 519664469
1982 1981 1792138 155598195
862 804 3231099 971214565
1467 535 928057 246391928
1778 293 466166 219080578
274 46 1735519 506678089
1095 582 2757346 296803406
200 202 494432 43372787
395 201 755838 412636358
1004 1117 6351631 891495858
336 867 682894 72370601
1183 1235 779273 294329939
1807 1376 92732 10693790
552 331 3708346 872097577
227 881 1739297 553116053
1448 1456 2543881 736425892
1424 1423 8181557 53883275
557 1646 2806729 610059185
735 1586 4516113 783341604
1216 1148 52046 949465
347 1979 2485771 480062492
70 926 200253 57761235
1036 307 3220087 737602713
1484 1527 887446 480451169
1150 303 2859461 557186006
287 1608 628943 205978665
376 203 582041 700158803
954 867 797092 917512569
1148 904 1044123 571413858
1454 1031 522694 460989400
283 552 3833881 613240269
1197 1944 416608 218440524
836 862 4470238 852171660
910 1692 475636 752725365
803 1036 2511001 287792154
776 1794 6692352 617333999
1498 1174 3453083 174021615
1704 814 129844 558095894
379 430 343029 922671487
1868 1236 3245073 358471748
542 1910 500375 670167649
1249 1981 4752489 875755594
1212 1659 264545 394378691
1674 1498 5730771 83626710
973 90 796441 695392470
1666 162 5284093 415511979
1490 1532 998664 210383475
1613 1504 953547 725093832
685 1132 578763 769313495
1883 1035 640960 862348212
1054 862 4378476 423682211
421 1402 1661175 926161958
867 1994 7719426 717277626
628 546 821770 283465961
218 1901 3577556 412473094
794 1971 10037784 359161388
852 1712 6729157 748603873
1406 1250 670935 786146238
1955 745 174981 362561967
986 1060 2182753 489581262
1706 460 3217484 72449026
555 596 1947964 483006363
173 1613 1098901 113134723
1633 862 2282552 455087345
1469 405 876292 41819277
614 159 224446 957437157
1391 1142 196827 777668401
1577 535 433997 288477433
1401 1146 3447898 632276992
1575 285 326564 528052450
1678 123 3862138 384329563
173 776 5716109 374146048
597 1183 568301 964284036
1504 331 7521660 903086536
1097 1642 705358 161531652
966 70 213253 267244975
1370 605 5197924 403587386
123 1353 5484618 518448243
1022 1744 659611 409549691
436 218 2035858 328901489
1670 1059 17303 269185089
414 942 886641 651782896
740 1951 598695 627090299
142 851 183334 787356624
656 1874 506958 406323269
975 1020 465422 462432946
1674 199 5605238 780319474
760 1624 999858 569285483
307 1456 5716107 749751282
1036 1162 3092466 46224397
1516 1635 789937 159435920
291 867 10348506 653573522
765 984 996545 508857343
421 1992 345180 624239426
903 1919 3982655 948248912
1523 279 1255970 819699590
1204 1809 270382 841295292
1408 333 8697889 151804931
779 416 605475 797810975
218 1066 566288 556509156
1945 1244 234975 612469266
988 251 2558918 900232897
801 468 638529 76907051
664 68 192611 369948801
293 1293 3493577 594746520
1755 1549 8891300 882567239
1600 1471 924664 994807905
1462 1680 993433 144139830
1236 1962 344683 782041834
771 670 3073779 182557030
1459 1017 388710 552822713
776 393 1846436 153221498
806 1212 386671 983474559
1633 981 1359744 450773233
1154 498 911684 926973280
473 685 241006 936881969
49 287 348074 597820202
89 1751 262020 307339737
1401 1682 889670 514957350
291 1004 6411698 316584983
130 903 5144489 632862267
672 687 817264 578331798
1486 1666 4021373 298358325
1050 1075 655234 740589648
1570 1674 5980751 996377326
11 702 115707 186497211
1716 1838 53028 389468301
162 386 3090484 538008360
1755 935 4613281 640741753
1613 492 523896 400388133
1987 771 1008993 847407686
558 1873 214228 921007265
613 208 2254685 316674135
319 429 98888 393431195
936 630 911598 475660519
1387 1483 807797 470484302
1427 1866 921453 869866799
1761 977 834417 214288835
326 1317 167566 779265838
845 752 1745062 164962895
1343 1244 851530 556869847
1459 31 1653872 499277752
1488 1893 900676 450661200
1032 1552 666028 145624331
1235 1335 5887761 159055645
1742 651 601787 15667582
84 848 867063 994056248
1975 1183 118411 123426299
1646 1841 2336223 248026109
1478 1902 753590 269134669
1847 59 534137 509123992
1322 557 3412894 399144506
1467 1399 589967 749647853
1117 1424 9721809 475877264
1046 1457 3994087 39889241
1169 943 5934 436824356
1545 1033 479126 161900822
1036 1335 3896271 589427608
734 667 911797 90440212
248 1855 48839 257952971
336 1039 7055714 845488588
876 556 465782 862568629
865 818 2118597 191691142
829 1609 133636 420902926
1386 713 227328 462463757
1393 885 1190115 56887972
96 881 175534 708933409
307 199 3727707 348898612
1446 1506 207087 864821456
1755 1498 4843156 950187453
87 950 142216 217554210
1989 1677 775918 859990645
41 1181 694966 535650329
1498 336 7709597 60265742
1154 1994 5000371 474247901
212 503 993028 660732157
349 1992 562851 323124765
1703 331 1253323 432455347
1740 1450 626182 500956759
1122 619 43502 576397896
379 1441 571130 136546379
368 1250 859280 46966927
1198 1083 2215504 558891987
794 1678 1297739 691559055
1152 123 3195672 496260367
130 102 3876791 278024351
38 303 500187 813649791
1568 254 58566 545347037
622 427 82948 38005500
1048 1393 440702 770402463
692 1701 1148943 43778941
1366 1431 323040 880981171
206 573 2786721 535666947
1702 1954 388899 207149519
218 818 2099800 539058539
1783 1326 483513 537514666
1971 1163 4037350 903308242
479 1376 2375565 5492470
722 1486 2096114 723134112
1740 1979 110375 318800912
960 1068 2334987 802850164
1900 819 298156 67956579
1621 1426 174017 640021950
123 331 4913120 970475295
11 1052 1653851 138338172
437 247 806822 840505444
794 1549 7458899 485756800
1613 972 4955923 958883604
1387 135 924507 856440387
429 225 1456933 409690770
1185 359 871578 584272751
13 227 1717876 253765857
492 935 10336 852276595
852 1674 5299146 988160865
1080 386 847234 76663980
511 773 1253994 894349695
291 1504 5887439 631708718
1162 552 4973286 93573616
1090 1015 970005 96375003
1236 94 365770 741580731
624 1758 3970518 528024938
1177 1046 336578 705596864
1039 1570 903835 712969623
130 1919 3023717 752964092
1135 1421 701794 948014196
1994 1678 3674415 185401722
1829 605 376618 469670302
207 160 657619 678807530
378 1502 245178 797907694
970 1207 819057 495006123
248 753 3532924 352894314
123 317 418771 520845018
1599 267 613523 162881676
279 1679 3420941 998085989
1446 913 272151 769914703
1790 852 2148548 256116377
597 1971 7638251 146733057
1545 1907 817873 562190015
208 813 2017657 770779689
1814 437 734394 229068777
1299 188 375823 395505273
1545 629 156237 797754825
1746 111 739642 309492357
532 1919 2261369 666738627
1959 1783 8213 321231960
1047 778 251160 198509064
1507 1220 590630 390141745
964 588 714072 53429250
1746 1847 790085 975872688
425 1281 677132 832608123
624 589 513849 181970958
121 339 548996 703354044
460 660 901726 585085177
954 1504 6618854 221986984
1154 1423 3030660 953023996
534 762 416467 141417894
1349 1335 8387505 439827688
650 818 3137132 59822834
1134 1450 860497 234048834
40 166 893028 105960845
856 1434 107099 860851485
1296 1417 850527 619303757
1335 1556 1163455 432529555
1948 531 4888224 985739220
1353 1162 878561 235302479
317 867 4388630 39790241
1994 123 3749582 679918228
796 1078 824413 581412523
553 1564 404618 584439682
1183 1556 4587550 692327467
753 433 1655439 338755224
199 1358 6679236 351938265
587 336 3565582 117052967
531 1613 615548 146946000
1343 1945 1086505 891739631
1971 1790 6894645 708874006
1461 1241 831148 246009073
1052 460 591381 777186043
1703 509 2312186 109668901
240 1590 757443 183926036
1054 1855 3265871 892185242
1982 1370 2250503 553159575
1501 257 429295 712199430
526 1491 111063 103543174
31 752 6825 909729493
1448 811 2575821 286164575
269 773 339165 219559710
348 1500 233502 277328040
1783 1079 1469512 153729665
1117 1994 7574747 984534976
530 1703 559927 194091946
1235 1358 6719228 241904516
203 1099 91869 517309872
552 1613 2859776 253805039
469 1154 6310084 914547519
1236 1487 792454 193308206
1504 1358 7194026 889076186
1219 651 981136 715154980
1674 1358 2172521 913077224
552 867 3602613 726039319
386 303 58383 672707566
1162 469 10170413 428342988
973 1429 27 354095268
337 1187 1340585 212162177
1286 910 441522 768020907
1982 102 6234429 87758905
617 912 932996 270379903
1006 1154 4083481 533250489
1414 1410 566774 348240934
515 1400 712126 724371291
1689 276 941479 774561262
1742 1219 1582916 306681837
562 266 376854 944123453
1536 1608 1354920 583897578
804 613 1819522 185624413
1041 1740 441372 812735074
396 960 3339706 706673145
1487 1962 1137138 652674388
1938 1296 3447484 118037551
1163 317 3138432 631897149
1831 735 2989922 275088686
552 498 2024644 486217594
121 33 1096905 547997493
1641 1594 142967 162150996
552 1961 5131249 945650047
587 1678 6335244 803798896
250 311 349745 459897943
1679 130 4971360 903381312
1757 579 513345 874986753
1629 100 1138749 566449143
317 331 4494346 730337917
1376 147 1844426 507341342
1941 1299 296101 805411672
1961 1358 8511955 831562711
597 1162 4872986 269883354
1492 1652 594289 230401631
1372 709 150820 211362994
1556 1712 8992872 758264908
794 1556 913439 535311789
990 1040 860331 826735466
1794 1971 9445608 245748029
494 333 6514398 424961587
730 1827 716724 724042177
1832 1334 958009 467776609
407 1853 676857 769429312
460 824 65050 922794449
1486 1293 4403407 31931217
752 1829 1697836 516591073
394 550 379367 314860906
1829 102 79357 902116877
830 882 200344 1585839
1549 30 3106625 764545446
1004 498 4688914 293135876
955 95 470191 201475451
1278 1686 863351 119289850
1174 935 2375224 450297509
1400 1557 5730694 438719107
1103 1706 3960507 44726839
1258 68 930185 282142095
1131 1852 256721 125998793
768 1549 2046511 194222364
1555 866 2009497 730850398
1353 1004 5517675 43777047
1741 1052 220970 661894525
496 446 663812 824282086
492 199 962667 585841364
1971 1556 9766860 576882182
579 1695 695691 291034162
412 1721 287078 310617472
1036 1408 5289327 69303353
1994 972 6212973 722601766
279 752 549184 911203515
279 518 835660 193098535
3 1615 152431 92948955
623 1878 1220446 5564104
1682 1146 2558237 1981697
1603 879 503607 837226135
433 1590 1745233 215727726
1828 472 946297 586398757
333 30 7165573 269484994
1681 1589 1798495 600289307
1441 1629 1169098 247815242
222 1327 1523432 612429013
494 1174 3551088 558335873
1996 700 702980 657515855
336 552 4285507 435580097
199 1335 4403882 757100321
790 1825 550126 124216144
812 1144 1507394 922508229
1322 1451 660892 921307943
1048 885 749414 262067620
943 467 778730 702666711
332 1681 467483 42825119
1935 1105 439443 600995222
1590 689 3551137 391362938
1089 498 3409169 649241680
30 393 4778683 80904105
1335 30 6722486 236595855
1971 1613 7370491 574206780
709 1661 431939 26352595
1674 776 549257 919468117
455 1289 371649 552201499
1513 437 76812 254935280
1358 1117 77248 548124775
1147 572 37527 530462555
506 1987 1614845 275852410
957 1462 2727781 621939963
989 1633 444245 549605462
531 199 1054334 427293685
1658 1028 522110 980419871
191 937 3440573 110881075
1682 1372 1072543 754985426
1982 80 4835792 6718027
1177 1249 4077047 934571288
776 1349 1542100 921232156
1456 1498 4039258 287962146
1903 1385 1144472 812788924
1359 1177 2784309 906370232
1971 1975 6951539 382958526
820 289 3348512 605976985
199 1994 1430455 59743778
222 1723 2168231 422940886
199 954 6104071 972771875
1001 319 97457 340637018
222 1344 951031 122576544
776 794 7284539 234922538
1930 88 885902 185214085
1117 852 6450390 372171569
437 436 2176855 936175551
333 1353 4723929 375022712
1459 1679 2002106 906258763
852 123 2625223 895050194
1540 1753 967719 53438598
1416 549 445655 579646889
1150 46 2960561 123013506
1867 629 279073 921287760
1130 791 468500 440811012
156 943 878644 745019581
291 531 5549442 107535368
1344 706 987137 224608845
1826 957 1650116 535653589
647 456 252633 332372818
1948 1163 939539 25014096
1423 1235 5256202 814854691
1814 247 72430 397951675
1971 1174 7767556 24038644
1532 1617 555236 200863146
517 1699 5686986 546860335
771 1557 4402943 448064376
587 776 1037530 657135482
1216 1864 1913428 346667577
1314 1088 287277 152432816
1424 768 6149163 502199519
597 336 7413047 543496535
1162 517 4547770 685098749
1750 3 535450 472598585
1613 1006 340165 218196715
1950 1575 182380 635726229
852 291 5066571 204422958
1633 1220 3335249 849516716
287 203 21566 340741865
1353 587 7957728 300991967
1556 1703 7711161 522848569
469 1039 7967328 531102230
400 164 1114833 64911557
210 353 232157 502376784
1530 139 395382 351136376
53 1460 2012419 323701041
1348 826 181475 596658743
931 1623 44854 779917411
863 17 2165254 676641552
1994 1699 5557564 752606780
484 1579 712930 160453828
336 1971 225197 350649726
269 1111 1426654 439416738
1141 1826 349839 222847469
320 31 717330 790328457
947 1838 339558 867405925
646 40 1719582 579757624
1780 1111 573897 851544638
773 245 153867 46433809
1408 291 9223594 343207984
174 22 84598 235624401
1159 109 684724 496274648
1640 1017 804803 65834923
889 514 427957 757941234
1807 479 2282830 350930468
1975 1349 5051276 619849987
1693 1939 553927 755579559
1288 702 1504090 426282326
30 1162 5918705 592423029
374 533 547659 583555587
48 361 173021 314898165
175 584 368700 366089852
322 1532 686158 335105197
1115 984 555212 215915432
752 1583 3493642 84981271
1790 1975 56890 555535639
1593 392 896768 208251875
1353 517 5426340 747901709
803 1755 6658877 519793179
111 1225 2741 474353736
530 1235 5233604 227809590
989 573 852186 537356168
1171 1148 359897 651451631
437 643 1325056 128313873
1349 242 6608792 446206982
1865 1496 527165 382756743
1751 892 2380388 104020201
776 469 3439685 250793246
1186 1480 40503 393058874
1037 845 2784992 79319778
768 317 671307 706640473
1378 1267 222433 472593846
902 1304 717605 713946250
1227 1879 204182 919137157
1054 573 799500 811787974
1860 773 1339088 447616152
1784 711 173301 805567290
1480 511 955422 567822742
1679 1370 5995225 952468232
774 957 688100 660528892
469 331 5390563 895219673
597 531 3375003 316979260
1467 976 469492 70355592
918 1881 446224 44842557
1353 1948 7264756 620291917
76 48 881533 168553652
1158 405 1618998 694816651
1408 307 7578634 585956480
1570 123 3306820 480680178
26 680 1617877 182148974
242 1948 5411247 883871199
605 102 455967 608175924
1886 735 4762691 811473533
1456 1549 2776398 720413034
605 1037 3114370 295884406
333 509 8903116 158292049
307 1358 8481619 508846445
1435 1432 478312 334593126
1353 509 8534812 52776072
1470 1511 148786 550104658
506 126 339985 710312314
1556 494 5550388 800736426
1568 179 1445870 214920532
123 531 3108096 85898318
965 17 808391 148367761
30 1117 4632761 163508844
695 1878 255482 310946324
1577 1418 917249 292011274
768 1456 729880 327827721
1467 652 2351512 143108485
622 1941 902898 455894770
237 1642 104944 791884829
1833 71 922552 561580262
1174 1152 306051 944527176
1310 1070 4368 844423065
463 21 2214906 311237906
613 1633 870966 525017863
1854 378 423575 616739644
151 148 454226 598374571
701 505 500037 496192738
827 1454 412220 482324453
1556 1408 7733875 801299506
666 1328 694220 215295438
1006 803 2899328 142229789
266 1992 951389 351179420
1353 1699 260654 680703939
1012 1130 906061 170675219
433 1834 780605 607743170
320 532 613099 734905636
438 869 753312 536403698
154 1082 293194 368709872
681 1507 849538 25310269
386 38 558563 869275832
1697 437 1466611 592071298
479 557 494098 423201488
81 1746 110595 977764611
1973 179 553255 686423473
1663 808 604886 373739252
880 1303 279062 861372694
1870 1207 468223 620228470
839 380 593347 586892092
1487 957 3125442 59439017
726 1054 5414339 217221898
852 1006 207477 221833249
1129 440 689018 940949812
1570 1423 5591744 423563237
518 1249 702558 567609527
63 1044 1572233 161332975
50 222 161776 180441978
412 1872 816153 303696375
484 84 291464 278918422
613 240 2517480 458986923
1507 206 3426042 463250451
301 766 373369 794142062
977 718 251402 385771177
1745 715 1599349 870417509
1755 954 9765023 61407251
1586 1982 6243875 496124081
331 1678 7937697 501833699
135 970 2259602 264707351
862 1855 1112617 994522578
714 1367 758126 101543284
882 364 150273 43955457
1349 333 8830591 193658801
1319 1475 933462 875958422
1579 140 2223946 72545080
1711 1100 1839953 68999327
614 563 123817 985171415
1633 1590 2403960 136233081
552 1335 5777094 486338676
582 60 573993 961683787
919 1429 789154 303466659
1226 1552 236882 744785509
511 1860 85088 271496382
1327 1080 2263425 778828916
1323 967 670906 13020990
1162 1335 3402309 717044562
1068 1328 1378761 514609220
495 58 163057 946029591
1235 587 5444397 910470947
1039 1961 2361050 452653317
1768 1941 843609 456816943
1674 1613 5166479 897619008
103 1801 152045 276586046
261 1399 1776170 251448873
418 461 497815 73692728
605 130 4174054 269482319
1847 1215 2629748 89382555
1557 965 779826 660145679
318 1048 675379 449173618
1163 552 2352437 224735056
812 919 1973847 381689334
1566 1986 185487 271534965
1755 509 9642457 396925831
530 509 1752276 319477394
1642 78 947852 308211686
168 1686 3102524 284234173
1117 1456 4302512 852080920
1907 1500 887916 568053401
1674 317 3092707 350671083
1504 492 1477436 31290327
79 1721 614990 526756460
677 203 231220 905203592
889 1466 99828 906310552
1984 385 967455 809494603
1004 333 5885974 684899647
1746 456 555611 84340697
1678 852 2550057 238066915
736 507 761102 39014586
1217 1865 261574 207848466
1961 492 2795364 911538545
803 173 3658058 642980305
239 54 109473 22805634
1531 1361 69746 309485788
338 178 703022 525889369
291 1424 482018 306446407
1308 783 435589 504565874
1778 1486 1517413 250486935
1746 1225 742383 660151598
1642 1501 419546 53085056
723 1513 915500 254868170
1967 1846 476771 122035431
1982 1359 316719 971625998
644 1522 445813 133061895
1432 723 3254971 69522606
251 660 1778104 192177464
333 1556 964011 41497246
1970 1526 844197 208013658
339 1270 357685 510238588
247 1435 977521 235406700
1994 283 2231138 615410972
335 1632 822877 187182843
372 692 843682 47436575
353 1430 956267 65405525
717 1326 534955 14499868
1549 494 2226053 673392150
1633 1507 3925890 604317943
130 279 2648801 996211613
1866 1328 1261161 588975033
865 218 18804 568740755
1434 271 315086 624098884
601 1811 474926 999309089
1507 726 281027 595110667
715 29 717791 29672360
1524 297 425201 684522480
1743 1722 896344 21098391
355 987 1270263 225048340
1258 1443 232377 304045507
836 240 955549 691520384
1472 1072 898447 446714473
1462 1826 1077676 973091857
972 1549 8699732 369774214
1322 479 2918793 788742144
643 1435 3109397 523256210
1672 1054 3434139 241693820
1807 147 1751704 503986986
862 248 1161448 473427298
1085 976 30999 597849781
1316 1222 554352 485861403
218 1435 3627965 821467752
1878 980 370528 994381620
368 461 351174 560771098
273 632 767204 716282462
1864 712 820887 463576086
1489 483 469805 776494159
517 1183 593691 942918674
811 1089 2261047 268944914
1349 317 3396443 843789505
1540 1028 2055104 490216860
596 1859 35890 670111906
342 928 249662 965438215
289 898 862500 276668155
906 850 926471 888203061
852 199 306097 263534684
338 1722 214518 411237954
511 1780 62072 345024056
1740 1767 1073497 445919564
1077 1447 293244 181605461
1456 1556 5871326 91728395
1661 1682 791414 208143915
307 1152 5435961 342835247
1980 1225 654803 267547891
393 492 5939765 264466894
1583 1457 5161511 662680176
1701 372 305270 124359054
1841 1322 2942399 743873575
665 837 1292979 889980991
957 1962 1988325 703195075
51 611 881033 508044041
479 1841 23601 47812560
80 1017 879814 24244732
1977 1830 674925 83363190
937 162 520070 421320277
333 1674 8526870 624641490
1981 1586 4451746 129525692
620 324 675363 108999864
1235 1004 1464292 249465450
1844 428 393018 486962653
1480 1111 1467239 453144938
960 666 1650432 966476343
733 297 56710 655430420
460 702 1178160 740291187
1424 469 11460993 821297036
320 518 2108990 380425799
469 1353 11048987 513041296
96 1024 801442 795739390
1886 1583 5526821 452653358
1755 1794 2024595 983748407
1832 771 1996347 218958953
477 1500 174480 445196972
1601 459 974778 882375031
1536 287 725972 909235119
1250 1338 165253 74101502
57 367 703575 167400887
1586 1177 3776285 224244917
587 1549 174061 560873725
1349 336 4070165 504672366
652 1577 989454 274103705
971 358 2620160 324110962
1570 972 3093887 309304090
981 836 3547414 503372749
1688 1775 853202 995590992
1601 789 2753732 271498804
796 639 644224 301023502
1380 1863 126816 16468198
1101 759 594219 192435054
11 1032 779719 201549848
820 871 2848827 148476948
1431 274 1864957 980993917
50 1723 2006451 267525815
1829 130 3797429 961166912
836 1672 3525902 573237849
1919 1457 1205696 435263575
1376 1465 685557 797292082
1154 1353 6735422 564243695
1972 940 2218881 700272333
531 587 5581194 187325250
1465 1718 787066 189975114
1036 935 465390 685201514
794 552 5527081 416212069
518 102 392343 569620930
238 1601 75295 226488092
287 1515 1168901 590579743
1699 498 7907756 113782790
1915 429 1593742 173644826
1755 1424 3353568 82426874
1089 1162 3359369 176830629
1163 1408 2004355 19436497
1504 283 20556 250455647
717 73 1209709 962795046
1085 261 747697 140653736
552 333 6220156 652630903
1221 953 72 356433074
852 1613 132681 629356280
1549 492 4267703 895237870
1764 582 430175 466041773
954 1408 327807 16012490
1831 903 3305309 31283738
1052 1032 2433546 13281027
881 693 885745 805273147
963 879 372654 373700571
130 1370 1243755 629278846
904 767 343285 821001629
98 210 849804 98279529
1690 1887 821246 130905345
274 38 676995 332685456
1256 1955 498800 978656018
552 768 114699 57560330
1349 1163 258003 57017248
1391 250 1358266 15737245
158 877 296673 841215262
811 552 647120 337847379
1390 21 120352 317557107
1350 1228 106165 125048991
1135 41 1667422 145626192
492 1448 407191 301964245
708 566 46130 322442845
867 1549 2708637 656355389
550 1694 417589 716506325
587 597 5233422 130942396
1629 450 1630924 309656495
1344 1080 1691030 469491984
531 1549 5407124 667759839
1849 1194 549626 258231563
1631 786 728338 681890971
706 1486 3658705 319320613
230 797 3186727 894351193
1597 1299 1314170 353126931
954 1975 5246365 389382347
1367 1146 966593 340627081
90 1751 147335 898260018
818 155 797825 871689356
248 689 71615 341042678
723 1435 2776659 841353104
643 1066 617758 355677373
109 211 93379 497175739
185 766 2026191 839289202
931 1193 403702 139518192
1199 1651 547577 133895626
1144 1429 1620955 661690758
349 1402 753139 171853167
1270 657 28662 22630194
1456 1163 3197016 537264027
1068 666 684550 976175927
1098 467 371574 155011369
1423 1948 504792 545648181
322 93 364611 782238479
1177 108 864627 343500449
168 271 966303 176929006
1767 1450 447328 759949727
1349 1004 5504097 247228257
1934 1079 860894 130473101
1116 1305 265909 789244304
408 568 887076 935610601
972 794 2032501 112555845
1174 1349 5867279 406479697
1504 1570 2815595 748716197
629 1033 635356 583410523
1169 1098 401231 141231658
1962 29 109905 1135839
162 722 3358830 192224859
1855 1672 168283 659456382
935 852 666922 584745232
1674 1183 4865947 398231667
102 108 4631476 819560511
1335 494 6071324 391302759
919 66 553652 172189200
1679 1919 3809512 616311353
1583 1981 828530 274920102
1741 545 744256 133029200
685 1535 428954 961363981
295 1775 1712393 877801241
87 140 996884 897523886
1924 1891 563653 170876188
1063 825 879105 402470911
1169 16 243809 502616383
493 747 295566 441671954
317 242 3212355 674202922
1558 1222 461171 262454768
518 1586 401789 526027679
498 1678 6024604 554425716
850 1451 3041593 18078327
20 1332 400497 327393548
1004 1504 3479148 451548018
689 726 5354082 801202315
824 718 1148026 446346363
1229 1239 785169 623969184
95 1976 319314 441630573
935 1335 3430869 910276092
68 1205 249475 663308242
1557 869 4030822 322451916
173 1975 3171644 854044417
1036 1703 5266626 262557590
1758 347 504916 301411637
283 1556 4418262 583671705
206 433 158868 335532884
1100 1950 919132 583079692
1589 999 1090412 565358635
681 981 6135158 352528808
1982 903 7502133 564281733
430 100 883823 713751997
1066 351 2230090 24675741
1703 1358 925684 901107664
1723 46 1361199 803711888
723 1066 285026 971175462
11 545 688623 771781458
794 509 8210050 279849825
1699 852 4433197 180309116
1001 1526 1702083 50327058
1168 1508 140879 204240472
319 1156 986721 22542549
1117 597 6585497 748598897
1790 509 5066915 571102476
477 1867 330862 675102230
1082 614 406193 853150625
869 126 573730 17268433
1859 1866 705614 18487605
1407 468 925147 958079577
83 1738 595439 410203705
587 1349 1890520 394822470
24 493 949096 500378306
1858 13 612667 556135624
1079 686 313217 67060102
1545 348 1174148 970771925
635 512 585349 604647675
940 654 934225 775476995
807 539 22685 459226947
1666 706 362662 212050616
768 1971 4625405 890925725
1279 749 379861 199655482
1370 1583 1286885 573808912
1401 714 3239441 217694801
1832 1770 452534 856707207
597 307 5000602 931605035
173 1183 3290057 820370504
1861 174 642268 24962401
1523 1459 2353842 711521660
584 1657 405805 275625261
121 1476 237998 938638565
1855 681 5945345 314800689
1712 1755 10696204 777056961
552 494 294230 497853906
1688 1385 930289 140123185
184 1717 849805 41762817
1834 240 207193 36247278
1556 1423 7173845 906153055
1858 987 388262 584845543
714 1661 1558365 746968922
84 1579 1004393 247121449
1424 336 10549382 192317830
1089 1448 314766 154113348
1398 364 650590 992524575
1349 1674 2091354 81128091
1162 776 6730725 521443136
492 1570 1338162 710464380
355 1858 881995 62545637
12 1985 935925 845286776
1755 333 739335 571309322
116 1421 74216 933139679
866 590 731463 120747536
629 477 609929 136624892
1456 1358 4225271 619991020
1435 1385 3740111 906366597
1951 947 577730 838576992
347 1851 941796 297904727
1221 1577 3262890 162694730
203 49 369643 459888943
768 498 1909943 930018624
1366 1778 276251 966373795
1854 1913 1435737 141415100
374 1538 889714 216295300
1877 1518 961231 868804328
693 1024 1862721 848467566
1004 1424 5929674 276703943
336 1549 3391539 487843455
124 910 726608 556148888
1601 1846 2123440 517610911
1590 613 3274916 371257202
1151 1312 34549 883694812
532 130 762351 106172170
414 1065 46578 950092815
767 1216 648798 871521048
1878 53 869441 733802293
1036 1039 889373 29147824
1889 295 1172 207345952
1359 845 6519034 516398126
1859 1777 194970 930796731
1796 1879 46333 8814197
794 30 6472491 890892979
1339 495 915891 660310
903 605 2349643 341806599
507 408 422858 293704893
523 185 916473 118441935
1884 959 544178 917651625
1523 320 1417299 264870041
199 1183 2629948 240007474
1287 1788 994684 116159895
981 1855 189812 143898020
1794 1174 4963895 642835294
1674 291 9052574 762519360
63 1589 1038964 931115726
813 804 1582509 605039248
613 689 276202 815318105
990 1016 906837 477496295
263 1271 852422 653043305
1036 587 4917480 414134164
16 156 1128394 812097217
498 1975 4236079 294720807
1039 1498 653867 164548952
587 530 1175175 870931833
1757 1572 337063 913542121
1775 1901 121496 171727062
624 1851 2523817 577941259
1089 494 1908161 898501593
1424 972 1477606 912300686
1469 769 395915 584552948
1751 1144 971832 348242212
1163 1036 5164033 442864414
438 1685 216380 443354657
1095 1764 2327180 304908165
320 845 2469218 97203123
768 1504 3698631 7625874
1307 151 333518 747992382
1678 1335 1547741 340814689
517 492 1910372 778222531
299 37 345273 864580192
986 188 718518 112070240
317 1703 3241031 263986898
989 208 939470 989406721
337 1900 617785 116287932
1554 1660 251474 237236168
637 101 725942 450712363
1570 1183 3005423 262177827
1589 760 2393334 652749781
867 1790 5986567 190751660
31 605 2081280 346365150
359 1718 4991296 105564088
1272 177 188022 686019970
1968 907 1564788 480032127
684 1488 398574 648022758
597 1948 4540452 45150417
1288 545 699754 680868840
248 813 2741226 364549135
1867 1907 382568 520849010
1722 820 113436 643218141
1216 404 597110 872380045
811 1948 765780 450372808
1432 643 3587696 885155754
1145 888 113535 268808435
1303 1223 779219 757468734
216 403 528119 663893457
681 208 3391706 502896773
331 1163 3234988 169669982
1868 715 2831885 440985846
1117 1699 9570446 329329649
492 1755 4623607 821512743
385 1283 643877 946045835
204 76 1140612 659877790
530 1448 3823794 796419603
1163 811 1705309 618103705
1722 859 189831 24641435
1703 1183 5014265 767309873
1450 1041 184801 857093232
1311 1857 105070 261262486
1642 297 1152560 364320172
242 1162 974932 684518598
396 1328 2383500 891719944
236 746 149403 642085448
147 906 933442 537809396
867 123 4807396 966509996
317 393 4389899 104310299
191 293 1646675 159536592
1148 767 700843 141716050
666 1859 1249754 237739050
645 261 109120 949799586
1688 295 859198 121192592
723 1903 181026 657881088
248 989 1663018 788038828
947 740 20969 911735616
1 335 1727606 141727082
622 805 179259 474510713
828 3 524639 617264819
158 1995 951690 91438254
1245 1802 878910 170857114
811 307 5748038 381519013
530 768 2009789 382359726
1971 1335 10287783 976676555
307 1678 871559 843729662
427 1597 790318 384735260
413 646 67156 489544926
17 1832 818376 128326015
531 768 3360612 549357058
519 460 451132 149854455
1359 320 4049826 896080974
1837 806 1098742 462219317
587 1790 4489812 389689277
1175 1602 535016 524192749
723 1901 2726246 461718433
1889 865 1763653 761639464
1950 703 161489 643702738
903 845 2020276 411675631
1971 1549 3616723 314163705
1907 629 661643 939703728
803 498 4722487 136274449
762 169 721672 354844395
388 127 237365 254371649
792 1596 763359 682652268
1046 108 528051 364316607
993 288 724516 884580605
1855 689 22767 569332185
457 577 812588 558263010
680 1156 352737 886202316
948 700 466163 471534596
1114 635 76602 740122132
605 1886 711976 220789713
282 1439 575002 485742340
589 1979 2597176 371598578
1513 1814 811200 639655510
1465 147 2344532 463346729
240 1507 2279365 813327388
1089 852 1378517 322356761
939 598 762432 11315409
852 173 966213 967298822
293 1666 3111530 330113337
1703 469 4137259 645281609
1859 1328 555538 557651547
1184 1284 51421 798276620
1147 949 259608 524902930
1851 1417 52662 481331187
141 1727 419227 796834912
331 393 104457 848549291
304 1969 357351 374339692
299 230 474766 19179879
1975 1504 3026313 518125498
238 1924 1307636 422074912
1555 250 519844 25073725
1514 978 397509 334270962
1172 1528 73867 989546214
1515 1324 462465 322431089
373 453 280676 605316500
1539 934 942087 304322359
1448 1703 4383714 376161502
492 1335 3441199 504920649
1385 1889 69917 717845933
776 1498 5181521 726806006
1549 333 8151982 954944996
170 1969 634657 523283203
1566 1362 144152 445063362
304 299 1629943 220794175
1556 597 5155829 954564261
1161 1653 722310 384352365
1640 1679 808602 900751496
1174 1163 5609293 547133886
436 1066 1469583 840869684
12 1681 1126338 86253991
1440 1316 920188 620576813
476 432 129262 539727700
26 196 1808747 208664428
1078 992 401728 560075544
1150 937 230659 750820686
1326 1934 125113 288381812
317 1089 827924 160029487
508 357 541266 811207299
1358 333 9600851 835287624
1453 1490 738978 946913958
1832 438 2377558 510341644
972 1174 6796903 210952602
863 1557 577040 429282298
351 247 145923 363325730
768 1961 5016557 839286004
283 794 4689199 328381540
11 1552 1445753 303917266
1365 610 893682 420652180
295 247 2691493 720424629
1818 143 24781 56635057
1961 1335 645838 342683768
352 709 22521 978574388
1221 1085 1462347 649099100
1586 320 2510770 276826587
60 938 553077 736608225
1152 494 3857143 808824167
1278 856 1064894 93915591
1658 1753 565281 643980947
1570 1549 5605862 455164823
755 1334 299290 851952548
1629 379 597961 153895682
464 1219 137370 241729586
1012 370 155819 450636983
1754 1616 763320 617805573
796 992 1226144 973159257
326 1952 88914 887248381
1761 718 1085812 58742688
1092 1477 147620 748521033
1431 191 581226 821535704
1463 1559 919307 405949454
438 965 4004317 541840753
1961 935 2785041 290571676
1794 1961 196358 67232137
892 66 388453 535197277
1130 252 1372513 515682716
1809 1433 1446328 951777807
1851 1041 992224 451284763
1903 218 1032342 459091599
841 1041 635603 761938734
1906 34 293431 753477059
771 506 605858 835757252
283 123 3466636 631894965
1697 1066 189266 759749219
696 465 179150 380838200
435 1086 650742 28343658
134 313 650933 217826782
643 1513 1248246 903713017
1054 804 2155995 576162970
1058 775 673959 306447039
1102 19 818718 428830582
867 1424 9866476 776108961
1807 906 818256 870428305
355 227 1987189 602169235
162 1723 3671485 747336358
972 469 11965042 752087400
218 1762 1389464 64675742
712 904 100458 796066618
622 781 222655 141770542
1886 102 256000 931608747
336 1613 7145295 773587867
1973 1275 450118 700276949
1237 1964 532598 203556287
1712 1152 7299634 60563417
199 469 8495663 105101311
294 1348 499384 445852793
851 41 244212 60203810
980 452 658664 15681355
890 1285 732450 842349757
264 490 984603 822942637
1293 1666 382051 988601275
594 1938 335889 739151711
1214 1822 716167 165234365
1100 1575 1101520 52199764
1358 1423 2472593 481563391
558 1214 497675 806969948
1260 1786 560686 893576714
1539 496 465394 998083867
1998 1969 995556 440251245
452 1460 1431115 998458236
1174 597 129306 651744246
760 332 2380005 598819492
663 443 2020837 961271788
1589 12 672170 363673361
1597 971 73407 416539782
1794 1424 1328968 363487024
1335 1358 9157794 624617446
600 1907 519751 319002003
506 438 1667032 770601624
240 813 2280449 83730046
1524 1149 690080 127608930
1513 1697 1389783 470807000
552 852 2992446 360025004
1085 953 1462273 967530485
1327 303 2012593 691603129
1190 1828 959009 103584871
1934 73 799856 665139566
393 1358 223180 175441694
1775 1762 2066633 350014519
755 1557 3663885 461819954
880 571 800485 514158489
1117 867 3545687 76334962
1712 954 931192 638428716
1494 743 656520 454879991
1130 1595 419815 303309159
1617 1096 547137 958642214
718 460 1082966 738663042
1132 473 819779 452013388
1962 1745 991463 125387443
1486 1080 980542 999626811
1004 1678 3895181 14602333
573 240 2054438 681180459
1556 1613 3444157 207543843
123 509 3887751 611344073
984 1495 53435 973088422
839 628 791702 148362018
498 597 4922799 480514406
532 1177 652407 543150370
1941 1060 2136144 84140718
1205 565 737636 514199105
137 472 594375 557584881
1972 366 377002 168401806
530 1117 1562862 804840198
812 1751 535564 10166348
1524 257 728921 641187918
1183 972 6099314 147040834
1154 1674 3419659 632593877
34 618 879142 422294052
293 937 1793889 805117522
1249 903 957487 688649259
625 1352 643255 829801629
1672 433 3558149 580026335
479 850 538098 230350453
1601 1967 2600201 79547780
97 1304 1632138 461245252
1985 332 1594761 397614021
1462 1962 739472 5931146
1967 459 3574987 236763217
843 1915 499782 363613556
1919 1177 2913780 174474726
756 1925 22067 441713543
935 1358 5726919 426304216
903 1017 4303237 853909315
797 1396 993438 234326312
789 1846 630290 690903511
88 1952 143387 889058935
1226 1706 472399 35326143
989 206 1934549 282161034
1658 214 539392 934342676
1095 667 630267 892317897
1678 1456 4844540 736749955
663 19 1643537 585414362
1423 1699 8030201 596835455
1324 567 2021576 118232421
179 1248 2308679 660504030
1680 715 2340793 176224332
492 972 4432031 910913009
587 1335 7882953 211345411
295 1385 71095 366663623
87 484 798548 932234460
965 1770 2079294 628121446
238 1891 743992 696952610
803 954 5732769 420633104
792 1070 814133 346319427
390 948 1393302 309209310
1889 218 1744855 288576105
1392 277 884544 858875994
1633 240 1646509 861101107
1987 515 393361 462709709
1873 1214 711900 128193144
170 304 277312 478904085
338 898 2158062 901558971
116 851 647209 308591678
1424 1703 8718871 479644784
199 333 4846943 299330396
251 702 2054540 672325531
191 1366 904262 965351956
811 1152 4210024 541971236
560 1997 645106 200672693
805 143 119381 807687529
94 1745 281017 454243493
1989 1925 372132 523155873
950 140 854671 362931729
528 720 255521 930967769
950 84 364877 183229551
1634 1928 944208 780611466
972 494 7062139 255510391
1017 1586 3044973 181848035
1349 331 3492982 202347878
776 530 137644 116577477
942 1301 945923 922311432
336 469 911612 991836112
1640 1177 4052804 828291127
460 1103 743031 777478441
242 1570 324315 581966489
518 1829 312987 272966643
317 1456 1401180 509821430
79 412 902074 621029022
251 824 811334 370981012
1590 1220 931295 857807932
1487 1462 1876613 780016635
427 143 23067 353921525
1153 246 572866 386366171
1514 1077 658921 653907787
643 155 117921 530219324
1711 285 1429762 879179036
469 1948 3784227 598925045
562 421 229357 854676028
250 590 758183 709179939
1702 688 193805 586195261
274 293 799506 308373145
1624 999 303063 495996775
31 80 385355 941723100
1459 108 4501326 65957945
1263 1125 276883 843742331
670 17 259048 667147530
1457 1829 3379335 651995612
871 898 362804 222345626
1859 1068 1934297 650133710
189 688 697589 209305323
208 836 803974 574733835
1941 358 936480 938134819
1287 1802 343941 840348302
1173 1772 778448 902285602
1220 689 4482420 47795429
824 519 386078 743201351
223 1815 318199 263690234
776 1948 344548 212378615
548 1216 501461 648327280
1249 1829 1015547 994654282
1424 1456 6879039 250474755
1032 519 2293296 764448815
1457 1981 4332960 599723463
624 1979 2083335 695955287
338 820 327955 551045292
1941 781 1125551 37416515
1424 307 2906064 881054699
33 1270 190215 494915730
896 625 479767 827092036
1425 1119 924967 171786583
1212 1837 712069 794015461
317 935 1560213 323444501
889 880 1042841 807460564
89 90 409347 755303450
1338 1935 686363 143239477
1198 1711 499198 776047160
1450 1296 2080217 513260401
1523 1586 2493416 688445197
488 1803 5388 566019013
841 1767 3482 288275566
937 1486 742651 732004525
247 1901 4525397 771000992
1037 320 315779 957690640
1096 1490 103695 395041259
996 277 449738 893469784
1006 1235 3310587 173807693
1507 804 3985944 57005181
1563 1956 986942 454590307
530 333 8115257 986502722
1117 972 10225864 781054118
26 225 571947 958661970
1328 960 956212 671298423
238 1967 2524906 866212355
393 1004 6497554 434493957
1970 196 343815 465915856
768 469 5311833 579794691
1568 1275 442493 196735069
369 1610 102327 674823076
1715 500 447975 642764526
1784 846 396617 82296207
958 580 3232 768662129
1523 735 3422658 653282129
1498 1699 3996155 442287118
469 1556 10453274 318900839
18 1637 392659 881123602
698 175 867693 655446946
1711 1950 920811 5104187
654 820 2629841 879423416
1017 1177 3248008 32404217
1353 393 9455724 652443807
1780 1480 893346 368354106
509 1162 7656249 462938485
1968 693 219066 156707130
1716 947 392594 171884595
988 1761 16537 354958032
1226 1288 3071000 542510816
1504 935 1487787 202996222
1785 1726 127420 638133747
1255 1081 725092 133254923
337 1584 149107 231653125
1935 1250 521116 798576107
665 463 1576936 683771185
1423 1152 5480601 51762180
73 1079 1660752 161386831
1020 165 591472 66625120
1805 1392 67236 153545068
297 257 303714 984531510
865 1432 4125080 74065863
1185 1322 1652989 222587076
605 1583 5568084 174964382
12 63 366791 6785894
317 852 2206443 342051810
1767 624 899455 466959611
1183 333 5551539 984419075
358 622 1839374 648776122
1448 393 5532578 880125483
469 1152 8760028 335788026
1807 1465 592835 175989183
1919 1523 230970 298781001
817 7 55564 612979131
108 1679 5726030 923652353
1387 1870 47808 506117336
393 1498 7027952 502685366
650 643 2221389 850009938
208 240 262794 69503612
881 907 459981 420005029
977 11 230884 773107320
794 1498 3410756 602326599
1367 1661 800235 687326529
795 258 476439 347643760
1039 867 6372832 305326454
33 339 547910 921001533
336 531 7760823 423544090
531 331 7183656 581321860
125 1610 713413 138920405
1215 1980 447954 201698584
1504 1036 1953177 538616113
492 1349 4946319 748291288
307 1712 8837648 332851464
573 813 226017 32702873
379 100 540786 885419033
858 991 247834 29091154
248 726 5425680 62552081
1626 1214 956064 429306435
852 811 3639564 508239738
1034 4 16433 902674604
1039 242 1228155 846755996
1557 506 3797075 297894561
1158 769 346792 388566818
1083 1950 795492 422257398
935 517 1920709 952034284
1066 1775 2889779 287781840
311 1555 869581 168230254
47 1115 1430613 803065018
1699 811 6759626 371794597
1888 1392 510103 699685887
733 410 61908 851176476
1006 1994 916885 524782557
255 1106 20099 351699620
1968 227 634485 293217008
970 682 345337 805947123
1235 935 2456891 544241429
478 1736 557551 418116768
492 494 2630124 42519538
509 1712 3593905 202391608
406 468 431756 301381856
1005 1991 350164 293679590
1183 1039 2101594 85654287
1832 126 1050501 777426239
1678 283 3391470 867631991
1523 31 699965 617051249
1489 1020 883059 488107872
1370 1981 458356 882143651
665 21 637975 735771970
1457 1523 974718 146348055
1498 242 1882025 405456732
652 1221 4252344 885596193
448 356 654199 44214311
185 656 528054 74475242
953 645 605451 985637564
1353 1424 4767637 926152551
230 1091 362015 956001343
1154 1358 4493670 936283120
1706 11 2155031 93947568
1466 1223 2200940 760699110
680 1970 3082802 722470089
30 283 4779288 390658534
1954 688 195096 340900504
819 1187 424634 379715888
1423 1674 1398596 746717355
1734 1013 936145 870331589
1790 1089 770018 305434029
208 433 836207 584454782
311 1391 1708001 338711156
1959 73 183024 888962216
469 1183 7756366 293610030
1674 531 5782030 447131233
555 1427 285004 669441560
475 1332 744426 738997003
650 1901 4614925 791918693
1171 548 913402 206413655
1088 1683 413670 343860432
269 511 914833 379464741
37 170 1697902 955883012
386 50 269019 382838595
1699 1549 8044315 318127421
818 437 2240790 141463377
1818 427 47857 510148049
1496 1217 788749 93386279
1 1632 904738 6173819
926 1340 536020 94559656
1529 1938 3526735 587016671
1142 1555 641592 842142294
645 652 3646816 948011295
805 188 51712 243639370
20 1397 805868 234567621
1083 703 956988 386182905
771 515 615640 50177544
150 604 24822 215710851
199 803 2997942 202830859
753 1507 2946993 388596312
157 1986 478033 654109397
29 1868 3010305 484518248
972 1335 990831 913486813
1391 1555 838424 996387784
1053 136 681613 945560529
1962 1826 338203 785005611
1849 1191 718971 531119188
1679 605 4946209 914733500
1910 343 127496 98615146
545 460 373832 721331192
1122 167 471660 688273268
1235 811 3985632 276906837
889 571 242361 696118724
1794 1006 3463072 566293995
747 24 1244668 375314096
1809 909 257506 911206763
54 1269 910687 32177357
1004 494 3187905 225250084
742 1537 622299 471016809
1357 1233 631836 257358794
1004 1790 509725 762895171
3 759 630645 250007098
589 1851 3037667 722668813
1781 363 586058 413568352
1858 1968 470716 55978278
396 666 3077718 29616012
552 1755 6959489 790683302
1834 681 3336099 464305592
1408 768 2592419 491882825
1278 47 51147 163959989
1254 665 892165 886406
50 274 150582 844226674
1154 1971 5623662 509774049
309 614 957077 146913662
519 1052 912414 350902919
1164 909 418416 478971106
837 1254 400806 557010551
1646 906 848054 445526885
1235 1549 5270329 756465568
1353 242 1853499 878203404
461 1935 1731563 7211521
1533 1868 691444 413502113
1335 1424 486773 338907311
996 176 375725 290733156
999 12 418240 511463578
1996 390 224168 545520346
1107 1910 329554 261922689
1359 1640 6837111 856759231
1134 347 2979318 642888169
485 417 92107 480430
27 1075 399286 909931506
1778 46 469848 732938212
898 366 763815 515225989
1249 1586 1104344 521468278
1609 1738 577866 994889872
1451 1185 992102 555230202
485 1760 987327 217441998
1174 333 6249168 823737645
1613 1089 1245843 89441882
811 1349 1963319 447247575
567 1099 460509 8513625
30 1174 4202255 794571840
1063 1231 390021 293997852
1456 1335 6392283 822007175
1903 1066 466056 361935288
1918 234 469776 663574976
1377 1221 5047726 771472488
1762 295 354223 26293911
1162 331 8681629 100636850
498 1039 4565461 611469702
522 591 90797 854226797
1723 1778 891360 527155686
1778 274 1265670 226247836
166 413 759405 318507264
1829 31 1704657 175396626
1467 1418 2279293 543788932
902 97 914527 647736073
1577 1399 1952022 923149687
895 1548 924203 549514808
1931 282 581860 286082679
1646 1322 606175 600189075
1583 1982 963612 593977419
418 368 146642 368324080
1434 984 138123 83281467
630 916 379970 539437644
1681 1044 2331771 398532224
1164 1433 770412 269404394
699 979 739909 34870742
643 436 851814 269824765
1741 824 305368 87945102
283 291 5907990 959480028
1091 304 793163 899290929
1152 1755 7294548 600340497
331 1408 2671162 856174317
1293 1150 5376727 482879363
1964 1854 734323 371393656
1060 1597 525886 94778862
208 981 2743468 627868525
1036 1089 1197692 255659122
269 1780 852763 578093004
654 898 143829 312877050
768 1154 998263 173460415
768 1006 3085234 665189614
741 91 803012 427022894
1504 173 2052447 695190809
895 164 705609 612037136
1990 485 924608 711597954
1790 517 418392 47508213
1327 274 1835787 837003155
152 406 394510 927443354
1961 1613 3319260 305952837
1654 1475 301220 874339311
361 204 86063 549436628
794 1703 7982096 44729219
609 642 294107 432570489
47 1495 821962 547824556
594 1740 774807 193848735
784 223 596460 864973888
1490 1617 443437 739055646
597 1424 6163546 128307827
87 848 359969 674706360
1353 597 5751539 35678457
906 1841 1488166 761003898
410 1501 738207 287437903
12 1624 721309 344943337
80 845 2123591 765305708
1498 317 2638079 765499913
1874 766 3061193 733698494
199 1613 438785 357820888
37 304 1975224 715070656
1755 794 2616782 218054249
1288 1032 2168085 64541179
1359 1017 6032320 170978535
929 1485 701248 56063373
1619 2000 355477 545405465
131 1271 75157 765921517
208 1834 55611 842098533
1424 517 5838335 1469149
1981 605 4739562 56989921
1334 126 92497 790882028
820 940 3564066 641273331
312 198 30969 748992319
1556 1162 2881360 78246174
452 623 191261 349515121
1981 735 64395 297326805
1777 596 159073 87128528
507 568 464217 807231535
425 1264 982246 481305610
989 804 504312 429248918
429 26 884993 386738836
753 1054 3521561 623830945
242 498 5793600 504612250
259 1283 645375 291309732
620 234 129043 282550743
1701 270 25411 62293486
1115 602 447743 42285448
1674 811 1659581 13715502
1842 1481 660261 778755670
1414 395 541193 469468211
1549 173 5890465 364940511
1762 723 538143 973336208
647 81 918834 324233116
803 1349 5537691 416414463
1556 1794 321249 911164941
1549 803 4859070 855931442
145 1872 223560 448676905
1037 1359 4365599 912013065
475 20 1144917 765593330
663 1102 824829 609361983
336 1975 6726361 850748176
902 1759 387030 572475273
26 843 208975 608502202
74 217 123212 520422532
1678 531 3032924 837291904
1340 70 736263 432058731
957 1533 220635 558379644
1080 293 70703 44795538
9 1336 960881 426249365
31 1981 2658284 675291937
227 1024 2716270 828568261
63 1985 1302715 895321936
1897 1213 923375 446897244
1712 1994 7853528 12958229
1608 1515 539968 893719424
670 506 2467919 398793874
385 539 1799357 118073875
1964 1913 701404 171770748
803 1504 3512708 558613790
142 1135 1606551 585365952
869 1413 595488 55689795
1398 882 800857 336849252
1797 1379 34322 930696803
297 410 5198 534887467
516 480 562712 896323811
1288 824 260870 226055406
862 1672 944343 44717196
1816 1574 573990 502298362
306 661 79259 804666203
904 1864 921353 442960434
1148 712 1144583 388549894
206 1855 3548725 390378761
1972 178 314222 22120801
528 1308 28352 45834738
1103 1032 2585208 38641798
1994 498 5912059 840446917
443 103 764283 280841115
1456 469 6041695 948727184
370 1595 330432 329173335
450 100 492178 608223443
825 1742 227731 835934964
1367 352 1254688 625830242
1568 1248 862817 891215633
1770 1987 3457887 667467051
715 1826 269691 683728115
429 843 1093971 956422031
436 1385 2148015 26953687
1723 1327 3691666 249636243
1235 1152 1782941 644806335
531 1162 3776853 75536000
1961 794 395834 370352191
753 208 930426 880007992
723 643 332736 740585313
1794 1712 8671621 196746238
288 541 634962 541204024
500 1953 471878 823205963
626 749 27403 85543552
37 1415 175272 446803026
1423 1549 14130 916857993
1208 832 912697 759119904
123 587 3310649 101706885
588 1130 1339104 672751449
954 597 5933083 785971178
469 1674 3988941 27110477
295 437 1884682 965176815
734 1764 785112 468724296
1133 1869 530614 995866646
1588 1002 928562 33392587
1755 768 6844805 815961398
30 1994 5062209 36604886
1613 1549 4791582 363558633
357 1537 897001 408836216
427 805 96313 82318732
1286 124 285096 610119328
1080 50 578217 351155167
155 1435 3227303 469199105
523 301 736341 726884431
1152 1408 6040633 899374796
1556 498 7051393 755892639
1406 418 1676847 613621644
1809 1043 424811 654018398
557 359 5937460 618817865
22 1861 726875 402905799
1443 363 476234 544169092
451 1836 585698 539972419
307 935 2754692 694740067
782 1728 949150 597651616
1149 1097 2122805 554245852
1525 1132 328560 402489836
463 1254 684774 166322089
602 765 1999493 557403170
261 976 716703 325455471
1975 1424 5476837 514369914
1529 1851 982434 968592916
907 1858 2035498 875782612
555 1068 3846378 514414620
935 1117 5804165 99667431
140 484 1511006 409318582
1062 487 855107 551232777
1981 1017 3923463 544297462
1413 1400 3442823 624365844
284 1153 257478 430342502
107 1805 724754 106782675
120 246 747860 679958380
1176 1849 1654 25819775
283 1183 3165270 528922850
545 977 457742 669957275
1141 774 612173 9123921
1049 939 385504 37454433
1807 1718 194239 356111853
443 19 377290 189549730
1996 948 1169150 117691318
677 1099 139358 242537620
332 63 292054 999681317
400 895 409222 863255916
935 1039 423988 558524911
1755 291 3835586 446342184
252 370 622272 633884789
531 811 4122433 233553594
755 965 2884059 531038955
1741 251 1116704 426608761
242 1975 3211333 998810428
722 1293 3382003 391629794
752 1831 260419 58850053
357 1898 817746 599065579
1661 1372 281122 876312300
860 928 475886 995482285
1377 652 795372 872380622
297 1149 264886 830760128
1731 612 93080 791444163
792 1845 769240 556337219
225 1526 48792 358264864
555 1777 2107031 641430575
588 791 870595 891213509
1579 87 1511484 700128104
1327 1344 572404 272631879
1163 1994 6469244 168032901
1046 80 2704770 553639229
204 1364 646545 473437713
784 1815 278257 914762169
500 1268 239695 973507298
398 439 822987 635821566
492 1948 3748787 88295868
1504 972 5909472 184503515
108 1037 2445920 455036437
1087 1460 203340 391054230
1032 1761 1845022 117109687
976 1577 1831538 762086755
1678 1794 705539 990414824
605 1640 4137602 125778371
1163 1006 5552376 533611732
1924 1846 740500 417211573
1869 672 78112 165176610
1361 28 250857 354455120
1297 226 609198 91497699
498 1790 4179189 397726624
732 543 362039 58718115
1513 650 973163 711700948
1717 1371 451344 273007557
126 1413 1169211 249019682
518 1919 2322610 155544704
170 1091 515856 523816844
274 386 118432 874716028
1264 1281 305108 530123522
670 1832 1077432 739737047
1351 202 468423 50047530
567 287 390210 410633638
1953 1715 919852 748078848
760 1824 842777 399372267
50 722 537354 833801843
954 587 2085617 217636492
1699 1613 4300512 949484910
1755 307 3601686 201338961
1495 1434 84685 779765858
351 218 2796381 947759911
1904 253 719036 32118752
1417 1938 2596956 724157947
259 807 487413 255442631
1678 1570 555318 428547085
650 1432 3312639 796734652
972 317 5981908 249319495
776 1408 720275 472052119
973 1144 1620934 624315762
1385 643 1296182 251152763
287 1099 70301 589606120
251 1052 1337680 156774605
836 1834 748353 737438366
1006 123 2832693 325280391
1109 577 538204 892156913
155 295 1343030 587977723
987 693 1078034 801395654
1448 1570 1745360 444839207
1515 677 1378562 476707050
903 1457 4726386 741723432
1614 1942 801461 188047015
1522 1114 106608 739408043
1716 1951 185142 411494615
1183 803 367999 392813379
1979 1529 2526406 592408314
1149 237 1522375 540329011
811 331 3061223 519514726
1319 1654 1234683 2473195
1507 813 4559829 797494536
30 1154 61845 524647700
1862 219 316677 212499433
1700 1320 257883 758893818
1790 331 6092287 954707703
1103 1552 3251239 580322890
1723 1344 3119247 355148421
1039 597 2669898 450187693
1768 427 1663553 831342631
1044 1624 484132 830007965
130 1177 109947 768343450
1751 973 649098 523101675
1885 315 300750 245602289
1975 307 4313903 907874777
776 283 5591314 357194284
1628 1262 912618 445498900
456 1847 1345700 34493699
350 105 627198 990395542
111 1980 652060 639217102
1356 1960 356490 371550900
1749 15 96543 834228220
980 1460 772456 734456758
705 799 595018 136568447
494 1235 3632756 210941685
1576 432 72492 410185595
587 509 577092 453025887
396 1427 200888 969654888
1794 803 4634291 615876195
1778 1293 3959741 288615348
573 208 1791646 451181233
376 287 560480 7402285
159 154 923831 789700753
794 1152 5862122 578399110
1396 1969 680765 747941803
1959 1326 491735 545309186
678 409 273118 977152575
1829 845 47234 982936861
1971 123 5715481 206825540
