400 2000
267 85 0 603642182
147 205 0 293032400
5 168 769727 747514553
324 12 1 298187656
15 392 0 61367116
188 210 727035 550792778
238 375 849364 391875310
94 178 0 190211067
298 398 0 543858003
145 324 734845 764071393
155 346 0 578215484
236 395 1 357511242
331 227 0 377658092
52 81 583237 469949627
370 151 2 83649942
330 11 187083 879027719
202 23 0 388093926
334 49 1 734729456
23 367 2 814126615
132 262 787230 461082973
313 377 637474 653711793
184 37 0 733679970
128 200 2 388160604
134 272 1 110415106
383 396 472279 710990594
398 134 954177 680125667
123 387 602132 70410346
384 225 0 457314532
103 86 3 378640037
358 342 0 101156009
352 179 0 607297661
149 173 0 998470523
58 5 3 168509329
198 332 0 346057263
53 392 659666 983832032
273 370 0 84050128
262 243 567137 662215731
238 221 526173 969749146
36 69 104631 752112674
232 357 781290 367871874
164 32 401958 688804785
209 131 295319 663141534
114 84 3 638960030
189 225 145132 657202003
284 158 0 514953404
5 31 0 963710769
256 23 0 883830126
393 31 0 818808613
190 201 0 579081194
25 87 3 218147884
271 326 3 456905094
64 148 0 312887460
320 140 2 462361496
186 135 0 790221859
400 286 650082 73824054
375 114 0 294203455
1 72 147296 42139395
285 233 0 418589901
216 93 2 283963299
297 354 3 675047901
154 344 512197 72659149
60 38 283490 433021195
36 83 0 707208612
300 200 0 629298448
9 40 851286 503296761
304 116 0 165690144
159 46 115590 158356675
26 369 0 952348192
337 212 0 380415980
299 262 0 763811523
94 221 0 177438418
308 258 0 144016822
89 34 362421 999448925
300 306 0 209208218
40 255 851280 826552231
211 141 0 110674671
110 139 0 361470966
5 332 0 907725462
149 208 2 444676691
319 247 194542 195165028
292 362 0 254220861
148 396 472281 452071705
229 82 0 429256583
133 378 0 910548657
56 340 24413 907856971
336 76 2 238181919
39 38 647091 259336983
325 133 3 104465074
4 272 215130 364676375
397 346 0 929550160
285 261 0 573993007
163 195 0 133966635
391 337 0 485113977
119 212 317677 630689809
164 25 3 368320603
292 277 0 209696555
331 337 488068 317946538
85 265 2 491325697
19 28 0 870715511
48 194 0 680852706
180 290 120390 403437514
71 144 2 924952636
162 324 0 915383520
263 259 2 630370531
43 65 0 263915111
111 130 0 464006728
147 82 0 941782908
196 110 0 639175120
204 88 278993 391948017
399 269 0 225406404
100 113 0 992487085
315 290 120393 802657076
57 33 790666 999578739
356 291 0 630778531
6 272 651750 110370929
151 53 3 470826198
80 270 0 1458500
290 19 617829 115619216
199 308 0 669719141
313 205 274373 911157450
297 356 1 53611665
125 198 884033 783232952
345 293 0 275189383
162 275 0 93195577
343 263 0 342298776
336 65 3 275253949
303 144 2 985565408
112 334 0 65068490
329 185 94913 266900214
187 199 0 642919046
178 253 0 819351847
131 55 569169 116165598
177 178 0 447811214
14 46 115589 287545587
373 232 0 778920690
25 167 2 3146005
139 370 2 299246489
323 205 0 361965544
98 16 1 867127351
27 83 0 767856714
205 249 658120 291437088
316 335 650731 465134584
9 349 0 482130785
66 242 533002 275171654
250 379 0 717760227
140 152 842960 145908205
106 260 0 569943082
260 343 668148 737296183
277 193 290273 509876310
386 184 249743 751669637
271 30 0 175868506
278 71 2 173557829
207 292 341152 559120343
160 234 542362 863400163
170 288 1 431673098
280 26 0 626090956
114 352 0 415085119
344 230 512199 5587940
363 96 1 541823128
220 44 444068 32389931
77 275 0 335596647
317 353 248691 115739180
293 60 0 928875249
288 199 0 18891921
372 37 0 522232148
49 266 3 837824238
7 89 362422 526923410
216 220 0 29824381
53 156 0 912905148
99 211 0 221666037
235 38 368475 35719190
284 385 67327 736231793
43 310 244825 319945281
63 327 3 569073062
338 78 848733 655062092
116 137 2 506892707
233 312 1 652434786
320 233 0 847670021
229 200 0 387847687
138 43 0 715342136
185 318 0 743466972
139 81 0 43922714
28 236 1 399711958
155 196 3 28511215
59 310 0 593607626
349 58 3 810770777
274 141 11601 131161751
353 369 0 858790060
148 298 0 111308953
145 169 1 259451861
335 138 481266 278508184
384 381 0 130538206
208 272 0 49489818
264 348 3 634615690
305 380 330143 707838961
60 262 1 932679869
252 266 0 806358902
191 171 3 124447205
186 315 0 399299197
345 126 0 8361999
313 246 1 735162420
343 139 0 608901578
76 283 685881 198053474
297 7 245896 232644792
6 308 3 725328269
57 201 243307 407628084
168 41 0 426315927
348 321 0 800196374
397 151 193803 545847022
197 379 625558 412889226
339 376 3 883910026
298 333 2 672427671
32 80 0 792385785
133 44 98557 694482162
41 257 0 268098423
300 397 1 719124868
234 227 0 224105117
180 392 0 738756834
96 100 2 923802652
165 74 0 619709624
135 175 3 922133490
363 221 0 822201845
72 150 0 35723740
241 202 0 971914911
276 385 67327 377991290
167 50 341743 129904354
96 149 0 300674343
153 270 0 753354108
101 159 0 152629150
298 339 2 704078843
180 254 0 4640223
188 76 0 314057817
328 373 0 300608717
349 237 459581 969796295
165 291 880199 975723726
53 15 835208 763209383
144 178 0 133386814
79 277 967772 463641328
6 78 0 261495402
356 197 625562 15906098
341 332 604552 499828511
136 13 0 832927825
177 292 655924 286518505
366 371 94911 307784751
331 207 0 224597131
365 242 180930 559964774
99 297 0 428232844
233 125 1 421624826
239 101 767938 908862071
68 120 113325 224598453
292 117 0 735548607
294 175 2 314779241
324 58 0 373199412
13 123 0 973570586
269 231 0 383672185
207 187 1 899024006
38 62 0 517800907
97 182 0 159454050
397 179 1 123507253
66 235 0 795729391
137 360 232589 319864215
23 112 805568 276073199
181 130 0 119375832
42 341 604551 856163400
334 49 0 484596396
319 141 0 845989831
267 130 569884 344530968
210 41 426457 933024503
341 311 739442 743116061
63 314 3 331747859
343 110 130334 296357558
237 182 712202 470699997
27 107 0 919536261
222 317 0 318894673
219 316 0 897936334
143 375 6273 922810968
366 119 0 372578531
33 328 844760 919293518
133 53 0 371798495
232 323 0 44640614
36 398 0 663588255
87 277 0 311326636
10 192 1 627187387
185 61 2 51712418
333 187 2 26190804
201 315 0 701743605
115 84 859756 310809184
299 96 494359 114824268
343 259 0 425954558
361 110 0 438185793
92 191 0 156491192
76 43 0 601555171
328 74 0 258956264
1 395 0 618383134
90 195 1 861680152
250 253 0 13225657
369 166 0 277692098
289 346 341019 978982976
182 73 0 115619194
264 322 3 780043675
6 287 0 906523686
344 198 512198 759051024
33 353 2 926468840
189 348 0 617365629
285 107 0 396881073
232 263 326227 81005917
118 127 1320921 676536759
56 375 0 817110365
245 127 1 680122364
116 365 0 641078474
96 281 0 84232982
213 235 0 602085385
59 61 0 631307246
318 48 0 464838254
366 211 0 629021298
183 155 0 503183407
125 317 0 944048923
35 156 0 899101760
134 123 0 22728081
254 263 0 880488394
214 10 1 7398175
366 151 2 394441708
158 285 521328 99178760
321 369 206423 804879962
86 120 2 609051379
183 274 2 182461965
347 305 0 369315937
70 200 0 320988791
397 178 0 760517119
291 267 0 879430497
346 162 0 847948559
77 313 443433 321410883
108 227 0 876093717
177 343 0 866803683
200 309 915963 677270602
254 315 409088 486359564
174 87 0 83537496
388 215 0 304178349
80 189 0 891442442
81 367 773702 153717249
367 88 1 367553855
31 383 93553 364340595
225 163 0 869139669
284 299 0 521196110
235 219 2 491358072
199 101 2 778357839
382 262 0 836741831
266 103 100771 208419176
69 36 104633 81414261
289 108 341019 963397388
203 224 0 131108532
12 377 2 198441020
198 65 0 934073250
59 354 95234 370451982
112 252 0 836234697
56 31 3 368470696
62 5 0 713728330
163 373 0 305723743
118 254 1320920 779077330
104 280 0 866964871
50 151 1 997134831
86 9 0 983307105
157 381 2 169606146
59 298 1 659941393
52 318 3 12213419
70 344 512199 557447538
10 80 0 319642967
390 346 0 543082252
288 228 864536 713741416
161 29 0 64496568
224 395 149795 901411996
51 226 0 230748963
108 186 3 139422758
169 236 2 878291438
61 135 2 247188691
308 132 0 454435252
288 162 0 646856639
43 249 658123 669080968
207 126 0 416346241
253 235 3 102477452
227 373 3 612283420
112 147 3 54397220
2 381 0 587139162
97 171 2 553866958
195 136 0 789820551
97 113 291948 927973178
128 125 2 980049442
20 27 0 837014175
130 360 232585 527098669
381 116 1 867228482
75 107 0 166598914
311 197 848208 594028783
53 74 448151 834760023
66 164 1 764411635
42 147 976390 725065040
260 96 0 48884143
161 142 0 451361854
196 80 0 684654809
68 286 870465 959049304
292 332 0 240178959
39 210 0 285829437
278 226 225698 181538056
280 130 0 435050230
282 95 0 868399912
218 34 294003 583445988
353 267 208881 341715254
51 49 1 874725946
90 194 0 762237601
318 188 523959 949762257
168 328 0 421711012
213 34 0 542357953
321 353 0 792155652
333 321 0 766828368
167 158 0 413649528
132 134 3 563146294
196 203 3 701217926
284 213 2 12140759
291 10 0 185824289
179 161 1 457036256
243 329 557408 767877976
40 299 851288 231223995
361 98 1 550304812
40 27 851282 623033540
261 201 0 849326555
349 99 0 817949257
398 109 0 110668474
204 193 0 384868561
325 159 0 871815926
315 292 3 708365422
323 129 0 648532826
128 321 335564 458809555
231 25 0 508346962
180 286 650085 150064442
252 83 0 204065540
131 242 180938 334855412
116 343 957241 712232594
104 276 0 314600072
170 146 122530 327783946
278 251 0 983450716
226 129 1 853529853
263 234 0 501528277
370 98 341101 724987727
9 2 258918 256742920
114 306 0 71192762
150 35 0 632306549
324 140 1 666770481
237 358 0 214227706
303 102 2 755960545
159 293 496674 870483915
395 80 3 555570669
215 57 2 575555239
191 259 0 584529568
164 226 2 299694298
369 246 2 175856772
142 64 0 546538329
78 85 0 793095906
73 152 1 84442948
49 141 3 502003773
395 361 3 730560529
1 271 1 260169791
73 20 2 707052833
167 242 180929 199216045
370 244 1 207518126
122 84 0 788816608
16 321 0 125933421
277 288 885298 820615395
20 139 0 598253587
354 119 0 624623825
86 61 187132 158453755
339 239 0 578549742
304 362 0 718601587
227 12 0 562965300
250 270 1 158113584
256 162 0 266992473
128 168 0 849553606
178 127 0 129122827
300 110 825901 954019576
1 99 3 411769372
387 395 0 886248498
305 271 441693 711135008
382 368 1985211 84477778
311 281 91110 631050791
331 199 739688 89407474
354 245 0 83900648
120 353 686231 735739243
67 139 0 649421213
144 106 990269 72244832
313 339 0 309679553
77 298 223093 130286880
181 374 0 740099948
264 191 0 53255683
113 282 2 71918280
39 150 709729 343293148
370 275 0 259641906
25 389 946807 913478813
244 211 0 175344460
17 125 0 266183782
337 187 0 554509094
17 130 3 782649397
147 172 368405 228009520
34 193 0 735144329
248 101 2 877055650
66 101 0 859690104
11 200 0 694748730
334 189 0 166579885
249 130 658118 29329483
269 342 1 246792374
19 312 2 663185898
378 293 431347 436250670
343 303 0 488209744
272 27 598094 857204428
194 133 0 634908535
127 372 0 756230227
302 327 820636 790728737
151 379 0 324378160
138 199 0 272388950
258 198 2 246366959
272 276 0 18743450
141 231 0 70152167
275 58 1 606178540
250 392 0 55436048
104 301 0 826059272
367 288 0 608375891
139 92 0 319475575
204 148 0 883229070
336 192 0 578207098
83 73 2 638271722
395 281 0 710199288
10 123 0 514584676
138 349 0 628189328
196 372 874078 845099559
350 298 882730 490220360
26 161 3 507059916
158 161 0 775275552
148 288 1 77552280
161 382 0 884923885
369 396 472277 996422509
209 230 308888 398773232
109 45 505110 366617557
241 75 141860 645999629
259 357 781297 457486501
349 376 0 98668472
279 379 924054 701311454
129 53 0 230472911
146 176 0 878885093
203 24 572400 743897828
28 69 104633 883794118
363 382 2 646509081
214 353 0 701145853
271 339 521779 870592876
286 63 650083 404988700
358 6 252998 984450190
193 384 990277 926009355
365 346 0 182220459
349 370 0 390316982
118 344 808721 524237884
186 108 24608 632459607
178 215 0 108358239
44 367 0 12127648
374 279 0 513298046
378 79 0 891019366
175 374 1 703903880
330 366 0 111515193
395 127 0 359625183
258 130 223316 966762401
103 346 0 8869406
177 317 757799 634411585
81 24 0 576654957
344 87 512201 187794315
245 199 0 777311319
38 136 303765 962296272
110 161 2 696993416
153 314 0 271087007
86 367 3 23461218
58 385 67327 311022661
1 199 3 392902251
31 221 0 746400000
29 195 763231 333921522
15 177 0 31844153
160 55 1111534 643405234
270 121 829962 830192542
249 222 658121 253714536
330 351 0 534034762
367 308 0 896905321
189 236 704289 99002373
168 126 0 780123066
336 323 0 517560942
265 333 1 787250083
226 139 0 766160605
180 104 407477 629374270
202 164 648974 630265075
205 149 0 698203973
217 43 0 730787512
270 134 0 5783455
364 128 2 295545850
264 390 227909 874789671
83 292 0 223175163
81 180 0 667527896
347 207 0 612789442
392 146 0 490885512
396 180 472282 532723197
92 306 2 331076673
347 60 0 919343830
51 169 0 38284565
117 386 0 771374435
114 65 0 804286522
50 157 0 13545316
238 42 526174 356472457
284 212 0 952298328
397 303 0 201482722
127 319 891611 349656354
359 67 223179 467398205
263 271 0 6375519
294 293 0 345966468
214 171 0 790979675
13 181 935783 520748185
197 169 625559 63557200
81 388 0 633510405
250 37 0 54342730
133 337 0 301266255
209 60 0 515182202
153 89 362419 354289553
240 369 0 855989551
52 37 0 38089841
334 296 0 45343447
174 116 3 397015040
107 214 841123 600690165
316 50 844847 881409072
140 347 0 180108480
393 169 1 711622327
301 130 0 89137446
28 13 366096 601789710
322 145 1 956439017
101 306 0 651106441
273 189 2 470707868
82 8 20517 353248988
92 57 0 305044882
126 62 526332 672296792
152 121 0 541865408
275 28 0 650353510
186 246 0 779914170
72 239 499467 90743481
132 194 0 986864624
11 159 0 693202745
123 290 924980 393779686
7 174 0 564975048
319 22 0 248132661
93 219 664637 194007896
222 304 716108 931131133
145 246 0 716564136
353 391 0 445664963
204 347 0 765803930
163 12 3 181029612
306 159 0 245185453
369 36 0 498723372
130 274 608948 922956313
291 239 0 164850278
190 230 0 352154922
217 254 3 173630011
275 325 0 455889503
346 382 204341 213464351
271 198 3 71954920
178 27 291492 29207684
54 114 0 674443986
59 306 0 12136285
53 23 940704 899390590
86 164 0 152680842
199 307 0 472607820
179 320 0 520669334
165 383 0 166600869
27 383 3 819254847
54 106 762237 218968299
326 278 1 392791593
96 316 0 940531091
287 88 0 6058539
8 160 542363 164073828
178 289 341021 777669155
69 63 104634 410300002
74 91 0 583445722
161 54 0 348245686
23 315 0 373629052
302 276 971069 899342374
225 81 0 138250332
164 352 278584 784099561
203 142 0 745993634
52 57 1 712236735
159 148 0 735546063
319 134 0 754294968
102 53 1 49635725
28 201 0 561867610
339 204 0 217415387
68 315 113328 176292358
135 299 0 985833924
261 141 0 532029786
226 87 0 805091411
352 141 0 276377573
96 280 777674 689023758
77 24 0 268479853
19 59 0 680580118
232 293 0 494723578
231 119 0 104626598
15 254 0 184153960
61 106 0 723990935
353 166 0 362787251
40 335 851284 610250734
102 348 3 37879581
222 128 0 169218190
104 25 2 355939710
43 370 2 597922260
241 70 0 581610593
392 135 0 261829477
262 275 0 407638332
239 323 0 922100871
362 199 3 181504599
341 34 604552 809561986
327 49 0 977891458
148 243 567137 455674294
195 173 1 214136003
90 272 0 715643134
132 354 3 826911071
226 35 0 479738888
178 41 0 580729976
66 45 0 471616787
84 285 825914 231528735
6 302 820638 19504362
171 255 683714 27912165
239 63 579388 490857107
240 330 0 474229196
171 204 1 718991231
255 51 738205 334056945
220 245 0 788509422
105 27 246034 306533798
77 122 0 342969175
258 277 0 133337149
392 92 690275 735871542
337 378 0 859132923
194 330 0 411325127
149 41 0 839889338
61 28 0 655044231
7 173 0 31930411
163 319 0 743869209
276 83 975275 724444994
13 269 0 673430004
229 43 2 707630840
332 146 0 701256269
214 16 789183 191501772
396 218 766283 834240008
76 171 403489 144027970
330 348 77899 820907515
257 397 639267 917963784
199 307 0 401187410
231 109 0 675399776
77 310 0 927712927
295 208 0 408781867
355 206 0 162540373
37 214 780765 157162343
55 117 569167 638557021
118 368 664294 915531922
42 184 0 53842493
11 161 1 705333204
275 346 0 839539538
378 254 0 769400536
29 252 3 69904550
367 142 0 569390375
9 381 0 288501429
70 288 0 911069712
332 128 0 480191642
189 33 0 223123683
78 312 0 196478434
57 395 0 899485267
36 146 0 996197702
131 70 2 442280733
204 272 0 771070169
365 316 1 346454421
354 334 0 683125496
82 162 0 494410900
319 357 781288 190894001
374 191 0 323463870
128 135 3 254169118
226 163 541185 904366163
83 153 2 29653298
49 331 0 164304249
208 132 1 999516514
191 9 0 569730025
348 111 928413 822895586
255 64 219369 752205275
383 23 0 199062246
107 266 0 772564895
241 147 0 883603995
16 322 0 560772929
240 387 432894 577888319
139 338 0 380364532
331 114 0 565189257
86 83 100049 708790314
281 206 0 911781178
374 302 820642 397725759
91 224 0 229395510
26 31 0 182534043
2 376 0 948504262
376 50 1 720407530
378 94 0 112538835
220 308 1 303363640
330 112 0 878737720
239 335 0 394160419
265 349 0 292350482
206 241 3 590061474
386 222 2 511429924
370 337 0 331627531
139 263 0 326718674
276 128 1 503745550
284 272 0 847350456
367 303 208782 11217894
19 353 0 615927180
135 365 0 507905240
113 221 0 796832498
15 86 0 461017336
302 74 820636 802434866
372 399 0 877246583
298 148 0 560213418
348 8 0 745247603
56 389 0 101674487
167 93 128637 14604752
309 184 0 705769282
210 273 747657 381192374
322 75 0 615366311
112 338 0 661963878
291 348 456077 209251366
356 308 0 723280366
132 242 180933 103985486
127 302 820641 931247921
102 54 397076 804514641
167 325 3 214715497
222 188 3 345305329
138 87 0 704907648
22 43 343664 302525189
38 147 3 129392650
25 58 0 401351328
170 308 328636 45098155
369 258 0 217368488
154 257 0 246596696
233 81 0 959704575
208 318 0 266773023
383 2 1 218715291
121 187 0 366027609
332 235 0 656593650
300 140 2 498262086
226 41 2 41998353
199 136 0 67132323
3 356 2 199120161
186 15 0 283922374
180 393 0 91612682
9 246 0 553322971
39 105 0 50124283
232 258 0 565794138
75 133 0 184214258
94 271 0 908229076
170 345 1 407471864
46 243 682723 894862732
267 59 0 720776933
127 266 2 301861320
172 263 0 754982989
24 166 2 978354008
315 119 0 294445495
11 279 3 425809333
157 35 353589 986888806
132 30 320609 586512840
132 58 0 198648819
300 326 3 659148312
264 51 0 808074184
111 77 0 745158023
325 105 1 948768857
96 279 589716 185565056
352 346 0 845378317
85 143 641200 394337034
74 139 0 572440863
66 280 0 784897608
147 103 2 13762537
307 152 1 735370151
390 84 1 854580067
377 14 0 198807440
386 253 0 577210225
72 289 341026 992110047
262 23 0 175346514
288 381 767605 353204746
363 121 0 769535069
166 248 322799 571306440
173 262 0 129734119
101 3 0 196009857
227 386 1 338049382
65 218 294002 496222728
94 98 0 116969728
371 210 94912 417376056
52 258 2 87748895
58 309 0 789680797
106 340 3 724485471
201 38 0 363556469
399 179 1 843570072
157 33 956455 693968597
142 167 0 189595229
255 232 2 904742386
333 165 0 642134778
345 42 874258 379663298
362 19 1 877522709
288 67 1 769884242
95 94 579810 356249793
19 41 0 862007177
106 145 708181 76315502
244 1 0 848666327
219 253 0 341715314
150 65 823155 806956352
153 257 0 948305083
35 133 3 933897380
140 311 3 901134586
237 264 0 317177058
121 96 0 402318668
370 10 0 321248196
173 317 0 751331177
84 22 1 173859819
329 180 776170 148078219
361 129 75504 997138092
231 397 2 779561183
348 353 1 792334404
164 136 2 406773389
198 343 0 745361187
111 315 1 638242627
208 310 0 585360754
101 358 1 551343378
245 122 0 550158978
5 69 104627 75837318
102 274 0 749849715
195 69 104637 118851581
290 1 120390 304886852
194 130 0 767561107
155 6 0 901514276
372 247 0 769947511
131 184 0 796194915
103 118 1320921 555474403
336 375 0 411129487
28 306 0 515074099
47 144 2 713888440
325 400 857079 431562916
333 84 501439 308013434
206 282 1 447299710
60 366 0 602269375
322 7 0 822069031
144 135 0 186935076
230 214 0 50488443
102 127 0 699174295
313 217 0 862630517
102 94 0 22249532
210 125 0 108720000
373 155 275497 517486754
300 354 0 250667607
33 346 0 451777276
179 225 0 384112046
287 210 2 362541057
168 359 0 99949203
187 37 0 584096692
193 46 115590 54533137
393 152 0 15861139
389 113 3 676811142
49 349 3 244767689
51 382 2 593300006
158 304 834070 838664090
191 185 0 321359443
208 305 2 115921620
189 48 0 884643788
159 391 0 831601942
190 225 0 547122671
297 181 0 712306227
388 390 0 690383631
278 292 0 205805882
92 356 586571 807048336
264 240 0 326847060
126 113 0 244232756
49 77 486698 306504860
83 78 0 353422695
372 373 922286 640601388
80 333 0 756353333
294 378 49407 472311635
217 131 0 449356636
87 170 952066 762622013
346 317 0 64036514
49 298 0 490059436
225 94 23386 112417935
347 269 836972 134504611
309 178 0 649133259
250 46 115590 39983892
335 71 0 617137964
76 284 0 512788853
264 267 0 512105633
195 55 569170 565142316
310 97 0 194127557
318 36 0 465287243
6 336 2 88089520
278 381 0 83673015
124 146 0 121841837
93 231 0 161422692
140 92 0 504983762
187 325 159590 140076971
160 162 542361 985486147
294 182 617534 757916363
11 181 0 951904964
236 155 3 389251054
316 49 0 579728771
275 166 1 465890477
134 229 0 698823257
223 303 539436 158836510
363 60 0 698862992
105 121 0 690287242
335 124 2 704997421
206 97 0 435199098
379 316 0 149307166
76 80 3 169921796
204 101 0 776421308
153 212 0 187517866
349 229 0 695281312
190 117 548597 78786171
110 111 1 713826238
91 147 0 413702740
293 138 710845 543026626
96 255 0 778495489
243 92 567136 800254562
251 338 1 734562953
142 177 0 245817248
315 347 1 365525054
370 162 202156 634575789
317 78 1 80374512
131 267 0 823935372
88 14 0 183525049
179 135 0 205911250
225 255 2 472215303
273 312 0 478851839
109 16 932287 134944753
256 62 0 394374652
399 395 3 307216510
98 390 0 712446609
21 124 115591 615145641
92 93 503674 633856117
348 203 0 205750902
236 20 0 357945519
184 77 1 315429858
111 250 0 771704603
136 391 0 593661857
87 308 2 843856609
376 378 928956 917813544
333 314 839660 81117065
35 267 3 753110106
128 196 3 238438187
366 291 0 611604200
155 309 0 862566685
99 185 1 924404953
121 287 0 339718358
244 153 0 899683549
10 361 0 87081423
188 328 0 133226610
289 76 341022 310539199
12 306 341616 531544490
323 108 907986 167353228
148 381 0 465369890
45 88 0 562899626
86 357 781292 346002958
255 184 1 771590006
366 252 477752 651587664
364 340 0 882694528
320 52 0 226738892
134 396 472281 483867848
79 379 0 139651092
339 315 524261 254060917
150 360 232588 908585446
377 382 0 99730887
309 19 3 2627503
145 348 0 303799271
355 58 394219 935813951
34 116 0 58058853
332 354 0 272627166
281 372 0 586773728
374 325 3 427153833
239 378 0 999198018
228 320 864536 364330376
38 203 0 215925613
30 125 0 725982567
33 90 0 293893894
385 180 67327 507575025
143 68 119602 657424983
321 153 0 65290300
193 60 0 954375826
345 335 1 771383514
278 320 0 152908706
339 50 0 81351677
203 93 0 777038354
282 325 2 677438759
3 151 280919 442591926
123 342 231129 527771321
361 292 0 393806404
109 372 867428 187907465
137 373 0 927066283
308 325 1 144781323
173 161 3 192397637
207 102 0 898605538
61 277 3 917800591
61 65 0 788507652
371 301 94912 436839431
151 31 0 967919394
14 92 0 401849437
216 90 0 32161139
171 255 0 305777280
105 400 0 768703210
389 292 0 658034697
216 120 1 656518458
3 333 0 904745062
6 8 3 971766219
214 207 0 941618155
28 294 2 194551746
26 19 0 225724724
153 176 100787 194147659
112 97 0 671554452
31 120 0 446352041
250 285 2 742463006
30 60 0 34193330
65 210 0 288644559
370 397 2 471412121
224 217 0 510912610
336 327 0 417983374
366 382 0 842581507
329 371 0 650599886
400 97 0 261243274
251 199 1 952625657
285 189 1 821144697
142 247 642555 798259637
95 324 2 463879193
395 250 502800 653202588
141 366 1 482083738
240 341 604550 479216470
157 16 0 54776388
207 197 625561 491252249
373 287 0 310882313
229 338 122190 870361069
360 292 232591 907261894
18 140 3 474256092
18 377 3 936085903
5 345 0 192817329
1 65 1 359554955
259 52 0 541988771
68 380 443463 106531361
171 58 3 804307947
281 25 0 716769187
125 394 0 178347089
189 143 6276 258334241
40 363 851278 394541579
112 125 0 203719140
11 188 0 231651085
282 41 0 883029280
310 108 1 239653328
80 393 56625 781735714
375 256 2 202851420
204 227 0 235536753
374 194 260909 970520155
25 113 3 827940617
167 3 3 670207620
338 3 0 676510214
79 75 0 66081832
398 110 1 99223648
40 114 851282 361444297
88 315 3 434649535
65 114 0 557233474
22 373 0 445347877
233 289 341026 2647869
348 224 0 849375725
51 48 116559 769855390
127 301 358073 584294925
206 363 0 235687362
123 190 0 727554379
212 66 2 257748538
51 115 0 879549946
76 175 0 205868614
330 34 767758 615158502
263 389 0 936476297
182 229 0 485997432
57 392 2 850222645
398 362 0 236713800
32 282 0 824674755
28 359 848357 503393997
249 331 658123 158010481
372 330 0 732612744
189 228 864538 327414234
246 125 0 671157472
155 149 0 791119357
50 317 0 665469542
345 349 828724 26150190
378 279 2 499151668
195 260 0 736396816
127 203 3 129122896
12 227 0 583599294
19 84 2 14603472
39 321 0 504556894
306 86 0 12005513
45 364 0 962668258
266 113 0 681666750
188 225 742634 288602971
311 328 0 491689074
18 188 0 741433045
78 219 0 872712489
170 377 0 500808890
95 145 0 880029651
213 233 0 866031440
210 71 0 813466647
363 86 701104 379981732
131 157 0 585207575
2 333 0 827685228
361 96 589161 956061351
375 327 133868 896888949
63 303 0 918895005
254 25 1 496957651
172 260 0 259353662
141 350 882732 678459674
289 94 341024 957668178
252 17 0 177244878
54 300 503040 707466941
33 142 0 254501937
355 81 2 660548384
138 19 0 118440464
319 394 693822 380328878
122 290 120396 21090899
150 228 864536 484371320
19 74 0 429912212
112 116 0 622426202
14 269 2 122948416
193 97 965153 28939269
65 326 449264 973319279
23 16 624446 523237529
306 253 3 649668364
187 6 0 269888189
161 26 48089 582575157
208 119 239921 934517126
112 382 1 35864439
223 123 539432 411950275
206 92 811689 745297358
95 397 0 260017915
53 255 0 180786862
301 275 1 431837189
301 161 2 623908808
255 57 0 489203406
399 221 0 712484064
356 366 0 901564526
204 73 765836 130043137
139 114 280630 782825566
262 338 3 998826483
242 307 459602 856781983
101 351 3 358972590
309 116 0 256305280
165 359 3 202031407
188 178 0 657432940
115 253 0 82220864
16 289 341022 944475538
217 71 253688 23545300
236 43 556439 258054611
302 238 1346814 759951901
127 274 0 861258503
203 196 0 203945049
88 390 0 678672138
34 301 0 110140190
343 207 0 331071221
99 297 0 317931526
59 1 998756 449369002
156 81 0 337378995
349 255 0 549520450
230 196 0 537206631
162 322 0 646465205
48 47 0 626474237
119 200 506587 361730787
363 124 0 991016811
324 391 1 700552203
237 397 63157 185097966
68 268 113327 184657167
111 39 0 745059957
64 376 0 560555902
386 182 0 419597250
120 3 3 474268567
331 45 0 593196697
366 187 0 747997118
261 345 2 42573731
304 383 0 848990117
18 215 0 30825194
153 11 0 201698930
241 135 0 532133998
282 277 0 801831503
170 77 0 208612568
213 292 0 131307680
13 244 372898 184194149
395 100 496666 420500110
354 143 6279 872482006
227 28 0 675906849
318 339 0 346495510
144 94 0 620427389
359 246 0 234772779
374 262 0 290639073
251 385 67328 87221112
166 200 667896 306907215
307 101 734090 882038699
74 385 67329 9045229
377 176 0 290949156
110 98 2 858875904
381 157 3 418123328
213 366 0 958224735
280 298 0 235697644
206 92 0 728030365
346 317 0 853026947
201 365 83855 538347274
24 14 0 165886185
145 46 115588 746832949
327 146 0 804196421
17 308 0 644488911
39 327 0 985570866
304 10 0 49885455
380 199 330140 916444137
271 155 0 147804047
346 258 0 350166283
240 77 0 661531491
204 21 115590 77711224
183 202 0 654066534
371 73 94916 627800670
242 85 180935 918118611
39 82 0 985329436
319 314 0 290933452
292 269 3 141210345
199 42 0 707961393
301 361 0 613202052
149 392 0 54881637
371 239 94911 556608746
62 97 759892 560684901
6 336 961607 127892861
328 158 0 793988262
76 292 0 864070032
136 4 215123 101368684
37 148 1 131517906
251 108 0 8084665
163 153 0 936441105
33 223 539434 762720882
231 172 0 319696264
134 145 332226 715947798
170 137 0 556669198
118 85 1320922 716800251
67 268 0 661374601
114 375 471904 264776896
342 250 1 359313056
61 109 0 389094775
55 339 569167 282364949
284 200 0 97176849
129 135 1 181176285
352 376 0 257233760
110 352 0 75913192
150 161 0 414674875
202 312 2 493389517
293 315 3 777878294
61 284 0 322843483
299 75 1 60764438
269 168 0 977651266
100 138 0 597549484
34 306 0 570071634
397 235 1 100054465
89 218 656422 621540215
205 383 0 367352400
91 101 318976 242916235
152 175 792577 914808305
373 199 3 133213791
43 134 2 796729257
213 286 650088 428314261
69 45 104630 523277906
376 355 2 850473529
313 214 0 131496855
278 76 0 575549865
189 154 0 650507985
8 135 315241 221075200
339 400 0 491785385
90 201 1 849894707
239 312 0 716718307
105 212 0 336306525
128 131 2 159960426
41 307 0 446573086
245 95 0 191931104
177 385 67329 637301509
216 310 2 627559752
206 104 2 593972960
334 169 452255 309181445
307 117 0 209141470
316 17 558833 116304184
180 143 6275 727361111
209 179 0 180942349
275 186 0 130428860
109 324 3 474513558
66 175 0 769286195
142 123 2 346148977
266 10 655990 372238611
50 95 0 743652753
261 220 0 767672846
138 5 0 541379746
129 61 0 416730752
165 379 2 31918046
193 55 569169 422470011
119 151 0 729410658
115 240 22610 205719844
300 156 457128 348808730
243 172 567139 635161461
288 400 0 292622912
214 282 0 257955527
7 169 0 956919141
395 172 0 830268763
372 346 1 865222276
214 212 772266 853960103
200 221 3 687089869
37 344 512198 571285656
341 172 604549 297629847
326 353 0 667630864
240 47 403305 534143026
2 301 1 316628103
123 150 2 32211304
271 75 0 288299389
219 361 647290 33512990
234 31 0 52120317
217 363 2 119783391
215 90 0 962265363
11 139 0 990230684
31 24 3 631938534
372 197 625560 507082058
55 322 569167 747177887
263 208 3 737465349
373 243 567136 185501920
296 191 0 789057135
89 216 362419 66809497
14 374 0 407042017
185 160 542364 507512273
67 213 556041 450124072
256 331 394051 805191813
203 354 0 481951421
325 29 0 449932849
395 178 1 250178451
279 297 0 685094982
104 253 0 745352219
1 229 0 998184317
136 204 485244 519706609
182 34 0 979703900
276 16 2 736487089
123 192 0 415372293
41 72 2 795308483
282 130 0 418769990
220 277 3 110272595
315 284 0 67091061
265 207 0 282137048
66 312 2 961771836
121 49 0 235074637
285 32 3 865586719
49 391 0 679210629
330 268 505956 945810400
381 146 1 977105492
64 233 0 83482940
299 171 0 527170952
112 39 0 454519189
254 136 0 502220682
289 119 341017 65129288
302 328 820639 297650225
124 392 247922 782493999
40 21 966870 612475037
175 349 3 327746825
262 68 113325 43653245
256 160 542361 108945161
269 351 0 397438022
255 210 0 781817574
373 88 0 123150111
230 284 128405 37068444
112 27 0 40669075
366 269 0 940015140
20 197 625564 216581497
102 279 0 942421842
77 324 3 939771589
87 88 0 995516743
239 287 0 208256111
297 201 534899 568047957
145 135 0 723292915
282 302 820639 213286974
70 95 68904 659508847
251 295 0 757386214
203 275 143534 278154537
33 176 3 960166545
171 348 127210 816498914
301 282 700753 888081597
51 217 2 308539217
350 29 882727 808158680
127 35 0 965856482
111 154 854187 468994486
176 27 2 467182491
208 129 3 413745674
80 298 0 686085667
267 326 0 230488992
308 5 0 379921836
243 52 567140 306238887
169 35 0 376538704
142 119 1 17541658
67 201 0 809546822
126 80 3 553730611
201 173 0 13872078
68 218 180677 380789484
17 1 0 962012945
196 311 0 484329328
59 77 0 839282480
368 367 1985215 531354962
248 225 0 304909005
52 373 425535 110701031
325 369 3 655429152
232 182 462053 554891222
288 111 0 596206236
244 206 0 745418292
108 354 3 871788543
346 128 985408 645427841
74 165 0 734236133
287 299 0 246024177
71 81 0 367302726
164 66 2 447855479
168 292 0 46502518
10 75 0 729226042
309 47 0 18910839
358 287 0 41055687
390 335 0 27072668
76 246 0 440307156
333 108 0 266596409
87 171 0 537122320
302 145 820641 113976290
125 67 0 965906399
196 173 0 543030560
365 373 0 63964877
10 99 709268 247771094
345 289 341025 106122674
25 23 0 704599943
360 196 232588 990359921
120 127 1 515582935
312 58 907142 603289507
31 80 3 152966460
86 254 0 910647150
156 303 0 891733960
164 338 0 272814189
212 343 0 608757033
78 301 45912 795343958
300 338 0 338483735
111 81 0 91599661
300 283 685880 93546911
77 50 0 581433623
151 227 970556 503810811
297 347 0 601154220
35 123 687544 529816820
236 280 3 382645805
53 246 0 946468833
335 205 0 264616500
129 349 0 441870835
198 170 0 996929267
148 337 2 167772349
336 366 18795 214783140
144 278 0 222086718
99 176 0 960327943
245 307 0 86178052
1 187 0 970470594
335 26 0 720258163
194 224 0 873100962
33 305 0 101019561
291 345 95808 607640262
121 102 3 951705892
262 132 0 38019399
332 26 3 941499751
334 151 0 943586561
239 9 104920 546251071
343 332 2 119895396
294 399 0 534476072
231 148 294273 881447948
192 36 0 886938781
270 277 991187 746706019
253 255 0 618966287
365 225 0 297475396
87 93 0 343002816
7 304 0 895751738
175 137 0 210044782
166 121 0 293645170
54 268 0 539242646
265 263 654603 513125920
388 298 0 612696601
274 174 956497 939287200
135 190 0 532715116
349 261 0 874908751
245 196 585170 619011606
176 25 0 872134684
312 350 882735 151621997
283 213 685881 460615347
352 172 2 48271797
268 357 781293 897906185
266 236 0 19701532
259 102 0 780175953
21 46 0 192686718
322 187 0 724297884
106 90 2 83835149
230 135 519860 35446033
72 47 3 676462197
266 138 3 658738465
77 148 1 128121997
235 288 0 188429451
87 161 337079 235995639
149 174 411323 944386183
330 39 0 556157798
68 359 113325 594202513
304 183 0 815649896
351 278 964283 344696443
114 240 0 206494558
72 99 0 564620249
106 348 1 418305991
121 326 0 688593483
2 32 0 916685277
146 125 3 841159324
287 152 1 685907521
313 256 2 188431170
268 196 0 605638018
186 217 1 103734419
277 91 2 824307100
198 225 0 645690764
199 281 3 196508727
361 244 2 671578478
336 133 246957 913019145
141 394 0 528416648
302 258 820640 466233243
21 239 643203 652947936
194 342 0 270519395
188 315 0 730516633
31 105 11285 806109346
254 142 0 867711772
345 151 0 163291622
393 281 0 956476745
227 93 0 154550183
303 30 0 86994925
352 389 0 498136832
266 303 2 24593374
259 100 547085 736214572
58 224 0 605908726
376 9 0 494012952
183 221 438364 143984381
147 246 998268 164620431
66 83 0 461693734
178 22 0 738707214
86 170 0 137169915
277 320 0 462897258
195 199 0 367109371
311 19 661612 330645822
180 77 0 937560642
364 189 191390 983382103
171 265 0 312699871
15 159 0 718330507
30 237 0 62955685
96 157 0 550405787
105 232 3 772828075
104 288 2 381005804
115 255 0 334815273
361 48 0 259516919
214 187 0 431162943
206 373 0 406288164
382 32 505703 659201286
322 136 484931 873343176
5 59 0 870896554
14 80 133650 725505765
285 336 0 781094790
192 284 946145 5427315
141 183 2 570557649
44 262 2 910136267
272 279 0 741634527
283 394 685878 960550079
177 274 0 561684804
286 87 650088 589267391
362 192 467930 870131327
215 197 802679 531100633
343 128 0 879994512
105 199 0 184687416
274 45 0 931978266
87 143 6278 682024983
297 39 0 232102363
84 7 0 607917409
234 65 1 415463581
82 41 0 133852663
8 71 0 813835221
75 286 650087 342884783
61 65 0 140034446
198 295 0 497139286
120 325 1 221741591
396 339 472283 137151470
71 138 620123 505155087
315 389 0 895589251
125 339 0 763785280
332 171 2 649439499
157 121 23830 201678432
162 103 0 186388371
54 368 1985215 471651267
27 102 0 301931734
377 320 663236 764866761
390 364 0 425813351
300 199 314698 68137491
59 268 0 803360425
158 289 341024 241695127
362 185 0 462111593
165 188 2 478989711
262 182 953610 979587797
271 376 0 547465639
16 324 0 587577181
71 38 0 621569351
73 359 871223 547534847
129 382 365598 998054361
232 7 0 684866043
160 36 621470 144750983
98 330 2 637588174
307 387 0 751125145
135 345 0 499667096
340 223 539437 558724962
334 63 0 991981072
3 194 0 435956806
81 207 3 168101157
175 185 21786 295688574
10 364 0 781374577
200 143 6276 784428114
198 100 166492 297765128
121 336 0 326545516
248 86 0 226408949
20 339 1 720143220
293 222 1 561963722
394 257 0 325645950
108 44 0 789833541
230 21 115592 679600293
41 202 2 639518046
220 125 0 286646129
66 13 379843 131498540
173 28 1 45660558
134 303 0 78253379
21 349 115588 446448715
258 323 0 224952149
243 118 1888057 832528165
261 369 0 886377095
93 205 762444 926329449
331 80 1 427668044
173 386 0 309189872
216 6 505209 426116791
16 58 3 440466636
94 179 0 228019153
339 325 261717 861954359
285 320 0 13286010
43 320 2 771223038
27 59 0 206135750
89 11 362418 32293171
3 285 0 331536440
74 106 0 13096477
257 195 901420 980161487
187 383 2 423003949
149 281 0 926328205
131 104 0 51385544
246 100 0 338620331
4 367 215127 160010490
312 111 0 31630474
247 261 0 35226285
265 313 2 189077097
361 23 0 963343584
274 390 0 346126066
11 318 2 584532810
361 109 0 996049398
234 240 0 287828911
217 287 0 536388633
63 43 2 714790218
187 32 0 958536548
233 122 407435 104493381
184 336 3 222660802
65 234 0 302432691
240 113 0 523751218
240 108 0 556835338
240 125 2 578697922
393 179 0 127107981
194 306 3 647435450
339 162 0 465340035
196 115 0 228877578
151 221 0 191067908
107 299 3 589533164
133 25 1 678993649
118 243 1888056 496578288
390 160 542363 856860299
352 211 41605 890457207
216 122 0 270586057
198 17 0 816044656
29 75 0 883891725
204 377 0 571141198
186 134 3 638245342
237 9 0 855857964
389 360 485207 774592097
25 112 0 19771687
193 290 120397 27621992
95 168 0 387170224
5 380 330140 793295363
93 19 0 920364532
365 145 0 40328101
388 350 882736 40738511
349 328 2 743270809
157 287 785054 795940913
28 235 0 753555336
338 152 0 782304378
315 111 0 892447776
342 87 0 528333670
202 171 0 31074023
4 84 215124 515999521
309 143 6277 232930207
322 337 3 375724466
149 67 0 631517736
152 103 864293 598707520
304 36 458339 807482627
331 230 16887 87559196
369 11 3 28146184
275 63 0 496578069
113 52 2 272846285
70 64 2 217131887
181 110 3 36471445
186 349 659671 673865660
269 210 96580 227262862
64 207 407482 135861000
77 161 2 234031472
201 6 740360 761350387
363 203 1 387217872
100 116 3 286540568
361 187 0 150837754
333 272 2 392350015
377 178 1 16511342
283 46 570291 616991830
372 296 451939 704921430
74 331 0 76012961
191 310 544572 244098089
373 200 0 870935001
85 43 2 228436887
342 119 1 966471488
94 311 0 921177422
264 161 0 179132811
215 104 0 854006754
376 366 0 6267291
168 169 1 357937379
192 71 0 592912363
183 171 3 733547003
62 113 3 135384548
253 260 825585 878402088
373 142 0 817923051
357 372 781295 727120889
356 30 0 801465175
325 242 180932 72621193
379 207 2 163986343
1 167 0 911811720
269 316 2 821083208
58 47 0 43211341
163 76 1 285694449
355 33 0 156651056
189 366 1 37562119
114 18 2966 966389696
172 277 0 514270719
98 85 0 410660408
300 179 0 870273587
384 97 1 845970432
166 67 0 602196634
137 156 3 622203397
192 323 2 419587819
224 36 0 389389360
124 336 0 808810553
186 57 0 562846987
46 399 115591 84501725
394 87 0 389331497
67 61 0 797888693
281 155 0 420325859
7 183 3 840989570
271 135 2 870487297
391 262 455850 219390670
102 63 1 228497669
5 137 0 853698994
372 127 800436 216723068
339 386 0 354104808
259 359 0 403475979
203 319 0 480279276
32 295 0 385001918
293 6 34196 130418585
355 184 244255 617801115
27 57 0 850309058
233 217 0 766872276
235 206 2 476204919
190 262 41216 807667006
250 155 0 352873807
254 63 0 189256036
327 185 0 725196154
83 224 0 972963211
264 239 0 521552293
11 233 0 718903147
278 114 315362 951406925
230 100 0 70130538
33 34 0 432108310
271 98 0 107513098
167 106 994954 296807177
301 73 3 829353799
306 202 0 289502391
350 286 1532810 838384083
246 16 0 227156181
365 161 0 701890698
58 14 0 219065583
142 61 2 160031981
394 304 0 24477844
253 199 1 223518099
237 23 1 280895552
399 176 535067 539134263
125 282 0 53353950
171 305 2 33178207
14 137 383189 240319343
205 170 880468 924977126
81 367 0 935418962
29 251 681687 119368667
247 259 2 833007739
315 50 58182 601487498
227 235 0 586610596
211 103 0 785595286
369 125 0 933468195
342 165 0 922725191
130 192 1 444381504
128 141 0 872230589
328 325 0 835109081
295 251 779099 964025580
238 294 526175 143351522
81 202 1 385594488
162 52 830974 612123908
178 169 283062 140016524
394 208 0 756374225
18 11 0 885051056
187 391 0 670696436
103 23 0 587593047
146 8 0 724408236
304 222 0 168567407
179 380 330139 357797391
228 71 864536 638769944
37 262 0 241388619
85 51 0 295376460
186 17 0 531343118
348 306 0 83208579
35 392 3 189764277
33 173 546456 194033480
145 275 994157 37902
311 395 612230 379323890
90 293 83051 593289607
390 155 0 348827399
10 143 327242 229692857
228 249 1522659 613724378
273 20 0 6451422
110 247 0 147575124
62 169 2 317576148
7 80 0 19797842
269 381 2 512030004
20 261 452651 779303231
121 327 0 941903411
387 16 0 528466422
108 220 0 371374418
302 380 635501 900310625
268 365 0 20848215
230 183 15695 949233493
6 393 0 4827281
100 134 0 163612390
282 273 0 858865644
388 161 789060 483066053
124 278 0 68095991
226 353 0 184823881
72 236 0 927798208
132 139 2 136909610
50 1 0 28285743
205 374 502119 537063462
42 153 787406 89669627
384 163 2 190312312
91 267 0 591662594
181 334 0 74604990
317 178 0 911017350
288 94 3 463398125
300 340 929924 5665635
58 297 325072 74422588
217 244 2 169980191
317 192 0 77529909
73 374 0 55660023
80 330 180029 340959766
384 4 215127 397473780
300 148 190337 438690347
96 347 323050 172076175
371 242 275841 94962810
303 92 3 57349527
173 66 0 381618373
282 25 0 612445713
129 179 515395 540405053
42 390 680394 737219588
44 352 0 132249815
391 152 0 20538497
254 358 0 933547132
205 360 232586 613560924
49 30 0 155393115
208 386 0 865388620
44 301 3 786510532
49 306 112343 677892630
389 272 0 79092873
112 259 0 87436361
70 307 0 112984087
