1000 2000
826 487 171776468 436986883
625 587 914985106 978742540
679 277 575235247 234513181
715 276 935509795 831659174
150 425 514960823 171808596
621 422 269063990 64706857
512 131 399759372 311416271
218 691 377408430 255582028
921 852 55977794 458689332
271 243 491500565 630497004
774 740 348319778 632768308
52 821 35946717 711916719
567 323 404004211 303356374
182 864 174464617 882966869
808 460 738791603 704181888
509 652 670540160 857472442
534 347 410812975 254650731
715 850 691185948 121020747
699 516 886305611 202649882
879 599 99122819 452204312
199 108 297905076 999554693
507 732 54553227 625862057
846 744 518511882 913270113
992 404 793895139 62964508
701 274 919073897 835964394
489 696 989683682 702736179
931 717 109553603 409678073
899 796 111716261 585550538
924 731 327181447 339334348
30 685 280755430 217411968
567 252 258188764 27212247
898 739 134435952 810025278
192 675 979414050 781426251
312 574 686594314 12248179
937 688 195981925 370196150
132 747 59350776 510234326
760 274 472436873 628003739
248 688 243375679 359811421
820 112 787997594 17592089
39 16 507914176 783880022
227 380 492057049 780165576
613 281 951421310 658272177
244 27 769996292 910766158
339 962 325286508 104071161
442 525 216809415 669782424
793 187 914770475 684907700
653 602 689902033 127052922
665 777 331457561 394159405
258 496 942107727 479281334
943 161 228803558 72859720
259 754 562636455 780260357
555 739 417587534 1815610
280 449 82693870 133650624
130 946 981622380 966884214
936 796 788218947 371295010
38 565 765264636 344836458
850 727 475493132 558238136
791 906 730501842 71568684
115 575 600913381 878880159
493 336 4073995 987745013
176 991 327109250 180133794
117 867 454747223 860539146
303 453 545848078 449961035
654 563 282964745 773159737
843 898 562301507 98057242
399 755 528382887 695825856
191 500 364607041 93226693
120 302 605123279 194404650
122 660 211322126 368233686
408 731 906125942 742083766
358 136 179750093 973618167
384 814 84797086 50604993
565 833 430626931 899343047
2 76 699249722 464132294
683 180 226401131 871284299
88 683 967205315 63250037
149 10 118449436 116980787
538 496 654104268 754263300
840 481 213543850 369206679
36 61 995865657 602706858
66 904 798579329 407604031
219 934 250319450 728421354
44 481 748139874 3897557
584 119 535231674 346461107
62 537 551967801 343577631
918 235 893199164 577968711
787 151 7612602 280838774
78 193 346992035 883758417
280 956 568119691 735032261
743 975 46617238 846813107
564 763 21210358 866653971
874 171 693778887 88617424
686 170 834014395 697229666
826 647 87107534 570231835
262 752 972711162 904667995
97 523 96564516 218325659
45 641 649767298 252354210
673 138 609042017 691785703
780 639 755827726 440301506
328 184 732515199 731697910
656 734 927007900 901936770
152 588 558005964 254517102
137 634 737224175 246200463
761 710 616932854 224078264
780 434 614040269 97630914
57 202 875534651 63045995
507 938 337010223 244615865
498 983 860162482 791086188
536 642 105950164 93570169
199 476 183231434 24684483
521 594 712364093 956207661
751 19 842958896 790829227
539 198 460926980 378236603
152 401 643001364 768903084
3 500 846162678 490613050
609 132 511549116 335835008
317 276 315425143 885703673
632 883 745051676 372823526
265 98 920685666 160019952
13 591 679040553 288604993
375 480 187146632 811431149
344 820 375153903 49305862
537 591 990912849 752390483
165 320 16802178 691572062
716 830 801294174 860700830
146 744 30962314 362750628
142 514 908151301 975974572
59 769 665312145 192882768
847 472 436384868 821511970
749 619 300310225 960437991
82 128 872032488 826090544
473 161 119161152 131466011
530 595 591373295 336339922
205 954 319287557 359770415
474 228 491248257 773611164
968 94 546529061 28804968
347 409 209076704 950982400
648 634 575560298 929151256
210 112 229188615 153809204
260 686 984424031 686551849
582 615 567146199 711153096
455 943 827182435 513983202
355 462 844835632 882342625
795 613 263626819 238392126
555 137 642513193 210995998
870 160 791071349 962942837
863 725 534888424 2895221
145 15 301655732 861265430
282 454 30972209 906446163
276 504 371670033 710577816
833 5 737092969 694547724
998 405 25033375 20892304
410 748 783515784 528438447
767 504 136227118 182766049
621 346 233436455 625728514
493 763 532348832 855047554
948 386 138543068 127179247
600 943 784020732 378247623
884 718 119607074 437647936
528 383 930176595 713679302
977 363 562674070 429964717
864 621 973767174 79061775
303 509 514665843 627976297
506 472 293266216 900890288
302 2 556135231 471031754
479 271 103283497 284353760
111 232 274070560 517692166
631 185 122050303 671820436
20 518 291191273 571419075
444 32 663674444 484399199
165 787 990146101 441737984
313 958 462180706 791307969
866 126 684877781 85258859
528 681 958023190 825802985
704 420 918260566 439101484
982 376 10246841 936140485
726 409 959730218 979833690
284 834 888336535 58510582
581 177 64064565 350931125
336 341 670415097 356790076
683 787 191816234 100420128
998 825 334983079 762855174
984 140 177262549 997915702
443 703 238773291 965303063
701 37 411862732 779398597
851 390 736256827 466863698
548 850 77364135 449502608
774 965 277216730 671520465
655 478 894640632 658347210
394 221 55339144 193840830
790 702 122809343 79775021
473 950 145652667 260648113
454 326 688073927 916215626
429 233 576936415 802127529
808 113 248924832 467524292
799 961 727517089 320914960
671 224 633440657 56718736
334 213 308553712 878518596
407 124 16631370 142234081
364 601 888864340 454920698
946 68 310025218 350979501
902 82 519154403 775299950
154 175 345415731 391800941
789 330 285850498 737172467
570 379 666487179 615077087
712 867 860958684 367993858
673 283 935209180 523319089
67 735 163454974 299290315
693 817 408006624 980684298
850 154 634121978 60156053
247 395 520670472 774433718
957 313 221265291 958173244
498 119 537654499 214141730
734 790 271596460 366836295
612 95 2362032 416343010
133 896 369611438 603768528
589 386 993688152 366363995
151 480 554002582 687346365
545 440 47689701 984007151
73 325 69534059 676854368
669 534 662249550 468140701
112 120 805968209 49631710
557 327 265978090 56661432
165 648 906028364 95764946
236 675 625886965 346037066
77 396 795244512 576736911
144 798 352857643 498977888
368 788 311010198 477912464
94 496 569280214 273836437
705 522 766870855 934233556
658 875 762788138 21158797
739 219 710047057 127198992
19 771 307069941 263460441
592 161 113677526 599380331
451 301 73183788 320561600
939 619 109890027 921545293
608 506 643993321 641107703
501 780 201062065 68833993
37 962 301555384 880846876
949 551 94521398 569421575
766 547 190480976 285395431
297 391 950951355 775369213
423 321 492775404 82718676
393 671 945741563 16473773
314 121 936696248 243239062
780 243 886429456 168429772
767 730 487256280 800149399
788 170 987123501 410515721
59 931 448288561 575477144
804 252 893914915 238387074
954 608 166602200 560498454
513 296 212319139 947166218
448 667 227484657 10159572
170 812 330932074 298058442
999 383 663048914 991420906
340 879 401479515 601449630
38 710 838449395 536254743
758 897 214376835 804872075
269 659 901991240 848034169
659 393 591485657 76667420
693 293 859883765 85555482
600 511 22930580 366123132
127 500 702379412 372890147
547 586 116103548 528727241
415 680 985102272 368039318
398 178 378144515 156527338
813 618 314549712 795497915
118 421 980594708 408694893
108 492 7841477 700567756
302 415 421732625 390778690
855 146 887569798 33830600
848 697 748917634 119175761
612 170 820668213 114076321
284 681 166409814 325862873
942 548 566219666 525545815
588 89 918863000 776401284
942 242 244700730 876119731
200 788 894239845 826706199
422 452 58337353 116675375
474 29 763021392 953457285
760 954 409461473 407368837
153 140 959651409 168456937
301 699 240317971 201138590
697 999 845556330 508805291
686 51 414653970 93410885
995 53 875599332 962312664
501 384 510577657 170923234
986 866 116430944 914936771
587 482 35106283 798151025
669 479 195483003 523789579
661 286 224817242 704229912
485 934 988218639 529530300
17 653 284361332 358939361
867 216 182036859 677344222
575 3 259712783 72948534
901 836 926265258 108134983
213 243 225677212 729836114
115 666 105515543 125472648
237 668 581921221 120045261
32 581 959295147 804078438
262 291 813390762 486011065
735 507 908916761 692264501
495 484 607040430 965694129
51 423 568827875 903801736
786 140 470640950 356247899
360 241 61482557 336002261
819 156 326230134 901616221
303 811 140584877 564836098
880 541 726521076 522284723
963 683 166966262 823300693
207 1 126904256 280037119
158 708 323217310 760037501
561 700 639973287 477498472
469 357 913027015 913941055
774 560 579985125 539401648
180 77 225462926 566921644
306 767 792499230 839809955
548 863 761938570 315694159
626 452 321428 336008374
985 895 93066599 564314875
693 803 498510925 479982298
840 995 527268677 697123771
102 549 473910333 572423493
1 720 470239077 833904760
355 818 995113733 714191420
658 464 669898753 408455830
807 191 471460095 356430251
487 168 631887865 290103184
652 654 635412279 352706417
333 142 503382311 582930525
637 399 9929235 395229866
713 653 117009796 312610853
450 593 512225214 387615358
311 330 806973705 408154820
863 191 434117345 434058730
541 5 420062856 354814029
359 579 804081588 124359028
90 772 499136810 843587469
827 190 154794989 719620714
102 428 655709936 2400973
574 53 817729591 292074162
812 388 212606914 405744512
777 340 655633816 481082086
727 655 329295905 383835495
754 581 371450735 752399408
257 441 517608200 391979943
219 719 248925463 199111643
717 87 241218207 728426878
684 776 621178981 903952433
889 830 352052927 549166088
566 993 395170465 205307860
607 461 658384737 180847955
972 925 517815016 48252198
261 750 536331914 670091660
308 711 367811001 199362183
362 263 773202100 62401229
766 540 153799865 750778952
785 423 655337697 922947378
263 276 23923916 248733301
433 380 464364540 497028157
696 339 713066396 806803161
202 553 43456656 515841370
27 394 688088974 611203839
902 257 314342153 511609050
850 992 36858511 795383984
488 453 64543710 525308489
482 559 332121811 71636812
993 868 394953405 576803007
100 165 236104578 881182893
393 326 4170973 889465034
59 782 761196346 699597822
305 870 268771774 890927260
887 605 490224986 837264838
727 64 217610244 370281435
163 563 768101320 834257477
636 133 259364654 87316193
904 348 579286429 120203889
210 850 139689657 645096196
836 544 6305780 470502761
482 349 533486620 559521307
223 342 205497787 518297525
781 103 994355967 957703151
207 192 637945923 444934350
411 204 268410299 188225542
441 630 925361885 257452449
769 39 595908966 377434152
102 976 103786266 596622553
748 304 119924438 984769606
315 660 600355040 326078176
772 158 521528905 801694317
396 570 698607779 849947925
799 915 611136723 454322676
279 543 246181455 363951203
669 562 914594520 454227004
424 86 458479269 682285264
634 580 33032666 133435212
53 827 781649019 521587317
920 894 44396344 599207680
573 159 170923908 698949430
448 899 735022364 83864287
112 700 610271413 920770998
983 244 3659390 540663101
304 621 385289295 633642289
494 15 149067218 424771475
596 344 577896100 948788521
295 820 155757353 869708954
434 745 561917637 340290762
553 838 598918653 219629243
172 21 835300856 7752286
411 376 201875762 693677180
793 502 938584642 3573459
317 954 921900311 622215063
691 660 554439689 652796334
558 608 688683287 885582144
753 462 323122319 312471634
895 680 505866250 565475500
290 836 28420401 2013478
172 12 849914181 211701928
893 980 389370482 2407486
46 927 542609818 840571792
491 336 105344101 445335606
79 102 659155944 238815358
129 787 420257527 164460077
592 475 62891905 610512102
387 514 839559841 239045270
39 904 631839752 414224240
330 650 484809137 799267423
82 468 594123940 506200874
227 801 702572582 511393877
684 853 260650318 639674048
921 361 799081690 824472690
618 795 451353922 749385841
422 323 693143395 897388045
406 699 796975719 36377147
791 924 405398641 89654454
435 182 133134935 813867539
726 402 370341986 237543802
137 916 3524197 144146663
459 393 726823974 828460244
401 506 995206674 287034220
466 962 142833243 262072483
902 176 143026525 466580169
202 428 756646389 308835618
578 909 879964608 520260487
413 388 965542398 52879411
57 873 231970512 181658671
517 659 775309624 306034881
126 978 909384797 189639131
889 57 146881531 332799028
767 56 141189732 708098644
469 843 234371261 777612109
129 503 945437467 803818470
55 227 934345788 314844480
406 586 351939501 805013271
504 69 32455200 154417903
37 904 308215107 900433492
534 885 886868866 666033002
288 874 739565837 96373974
222 330 454401101 780206539
298 748 758413716 83763059
479 336 713021327 259231822
349 952 38698262 752919055
471 869 212005407 792530891
84 624 697520748 13355274
373 109 539353815 643384503
190 892 647333497 477520966
471 644 427995862 148774741
544 105 319453172 951713774
530 164 832487530 181796421
637 339 243212672 791687588
125 757 296228116 248093657
291 392 271385516 168767541
309 589 651608099 767771182
495 767 851928523 576093822
293 104 391434161 193282289
939 536 429979583 875525276
923 898 977162922 371759832
279 336 897260112 106727433
708 825 138437039 211155957
905 532 358175451 802240094
994 184 442233374 158882620
516 412 786467298 83734028
855 490 822350871 428381421
488 749 951275312 87749831
234 617 481930024 399173627
184 520 399029221 745382381
274 835 57340439 326862659
242 992 708808927 315189501
474 263 514857111 319733392
656 294 863992917 484325000
990 733 399347927 10635525
808 850 880266377 690708712
947 917 378463999 941990417
772 923 764383042 617189449
22 442 689887439 56666067
373 875 431790971 906852625
331 232 7170975 267144282
324 623 612949211 5989679
982 845 121124396 355768143
316 199 719989940 721466930
226 513 628397411 187508455
215 783 226932286 314233317
414 760 814778447 471350888
869 676 363620 239647253
712 514 851316922 533748073
92 301 550514426 495583044
575 784 385052514 329633817
229 188 970676026 133267137
139 728 178990543 133989401
425 570 361582777 579685982
778 998 127198591 94558272
540 527 35276030 541707000
59 579 146775244 984699823
803 285 660521004 397857800
343 251 154629842 492590618
127 693 293211649 299141405
21 718 178249209 227460361
642 84 417364192 34482852
720 795 637234569 383298472
244 969 968392687 131878194
734 975 445184819 177814524
918 982 791676315 241774552
489 959 593349373 115480920
99 739 616445913 415439082
237 395 520345789 254957045
690 196 362616818 717760922
23 240 272779229 120758441
174 536 803114355 485314369
938 981 242958226 166453096
159 969 574776096 533149553
763 924 529075683 636443355
394 359 552869437 493860466
968 890 249878747 295423204
499 214 439123312 399442527
613 746 930867363 198529800
258 556 841596869 66667854
606 342 260690749 147550765
508 676 123761552 763639808
163 228 172573595 358672916
853 824 297311163 580095982
994 453 294810828 842545668
488 882 614866992 864325112
413 687 718827077 106765099
463 274 619497668 788569915
719 22 140120492 470220676
497 483 170663135 284767596
193 171 765805653 743785236
607 45 268695448 661227575
565 500 203518726 96166792
350 699 819966394 548497442
472 103 471192060 43071463
616 393 198911928 939446189
795 617 128466156 470788214
390 954 968586752 174558022
12 96 949236715 333381009
976 16 628088 542757354
929 789 427413366 918816615
591 59 434706745 583631519
428 788 78762906 174382540
461 735 833971840 204413452
872 908 754048742 63996197
265 341 806662258 556381200
945 527 471208834 557816734
840 278 83664384 518466163
603 613 639527907 669237935
105 238 840326867 589938842
368 960 644290409 608963296
5 114 939672520 324642132
494 854 531936071 328744540
914 696 143439893 537509245
701 637 858737131 436603995
829 883 211210637 803915908
280 729 949426396 245284357
982 905 958886884 25872494
364 609 362577605 728094325
172 524 379013148 370992306
433 220 467649384 232182118
78 430 931852686 87772196
190 266 121570404 340906010
834 637 437826130 745739766
825 661 650749062 837223602
644 870 980530564 329111995
148 717 558951827 761646588
283 73 159537055 875404514
293 404 60920730 695568451
382 271 812438531 495063858
818 592 754725093 43585526
434 165 442832595 263346523
189 729 455581162 523136184
268 294 730780359 761778420
219 843 271951862 438506669
893 294 881867954 774579676
141 98 81722134 277194211
87 798 649497733 404476603
671 699 29252246 361402396
446 123 456406631 900928504
818 825 208571252 627568617
101 178 354134801 204050159
722 785 499262252 306130506
756 33 585440983 465918275
669 282 969843273 686340371
41 928 291765958 639649669
669 435 63956537 423433989
951 125 976915842 616720175
208 428 500381366 359545709
678 835 640301214 510914330
836 676 603159560 210111915
853 828 576976356 305345534
396 668 290663105 727901955
400 192 463971289 651315461
809 571 913822264 289778896
576 875 587064652 799339770
80 995 798260517 272291132
928 195 959023393 226486729
207 859 667640713 549526912
11 601 917500839 299198863
473 608 88610079 705522705
467 160 188740229 819206922
843 8 569689837 724257056
776 818 76508062 83704778
262 409 568851831 916302869
220 916 777762401 854898778
134 861 221925115 43326772
474 635 283047604 600711278
994 985 829304871 377809930
570 528 364164550 716042640
503 934 425659645 451692608
681 812 349297232 746621007
648 616 554818130 959524915
1 782 152660511 241789022
410 622 568956804 807104033
652 704 788542085 132258155
686 484 590811448 587985040
718 875 224398427 152939960
612 630 188367284 29214424
993 445 307285154 49044183
536 494 559650556 122101094
837 483 222290598 713573708
451 386 17225665 167883
644 221 698807708 562761330
692 482 543389593 133794675
815 734 328734547 117834234
270 179 922652883 32874012
461 148 371789227 16642127
376 160 644506132 667062333
937 283 432532566 42039841
260 866 835458575 285663195
436 794 436363017 86298026
142 575 135344837 558275114
659 801 481689500 121276360
645 336 738788851 159764113
907 808 413337671 678299981
567 546 161843267 112498276
470 884 947130633 745686956
445 109 249472285 101830400
899 606 6063434 91004872
337 601 797686651 792954198
158 12 291390013 392054251
555 945 337920064 898060444
331 684 304559998 863953389
866 697 777340869 834392049
813 888 757805546 586924447
28 211 649949604 303138865
342 133 881323674 622968285
507 640 277248751 894907053
941 269 551584712 124494783
185 491 857321991 12323101
658 101 529085566 570150225
903 950 790700163 663773575
837 291 422420782 184709347
602 535 806982099 870311463
495 820 48839152 385223019
141 620 637154183 927186070
32 981 884107552 902043436
740 541 349149912 33742056
239 552 117645620 420666812
408 703 461287209 492635351
776 855 993016977 399685374
325 319 911044529 822974848
441 252 548316765 677702705
312 954 124021589 286029893
716 735 174527331 111059791
988 995 113426036 302186737
619 425 486633832 667859695
463 311 700061592 889209061
196 435 973844776 8154499
946 139 683915461 517110023
811 334 583599326 967161084
649 4 630620320 733476680
943 454 800882860 690626182
748 725 937767383 797523498
461 361 510570896 590285104
699 991 899847814 750967993
395 627 925689603 285718627
6 634 838170643 270791761
936 476 140225756 559601126
204 540 741312351 783925507
850 518 643298529 539445571
546 949 212447634 462392250
349 812 902968491 417002056
950 943 163999547 496938990
161 681 199092547 332024802
335 392 273207235 881843130
358 79 562910022 806425426
243 528 314756768 671577765
338 269 564440072 652273813
360 440 227099404 94018436
292 759 977732122 115931467
175 654 133963434 280544029
737 781 483621906 281496370
38 512 292084831 190508831
803 901 135974815 753493042
519 283 266552495 352711952
208 587 667209136 359399217
189 144 716085059 808056486
567 378 766511808 909700994
313 749 42588324 428373487
146 103 455823991 560307398
121 119 675926447 517657926
236 109 534694331 913262794
842 295 373095516 873398186
974 648 452099830 82378751
487 155 184143659 905774900
294 399 18469185 596724552
467 374 693387192 534351538
740 766 251666479 996455671
624 899 661277295 685908555
646 110 113775426 832449640
994 800 130520170 960979278
284 213 45493033 529699235
317 88 453471185 158399620
153 413 181703678 916953812
237 686 964916818 577767720
509 91 631293039 559787647
383 987 783995037 476173333
743 813 812634950 317840670
527 27 658023135 326797277
840 625 636187091 668832172
615 965 158935894 998929380
249 985 893407124 3142446
164 448 54843199 287728347
265 186 576439595 918889197
399 190 230015946 757567867
991 292 613243374 29722873
932 919 854099285 590442117
980 7 628812112 663437165
105 213 466038035 20437697
809 527 377621628 559735723
469 644 349920403 215571417
528 270 471304351 489196899
690 919 246642985 474061845
668 636 392279469 690386944
830 407 665467106 268866936
774 783 353258954 493262708
846 357 460411098 799663821
527 319 808387432 114268429
360 936 825154732 521606251
238 162 6321143 590686435
869 34 652811335 321388985
160 392 433343246 529038569
550 597 790995409 122969434
477 948 940131931 763369588
755 81 101919224 200766619
79 617 418346312 218863806
547 393 936941884 638305543
419 496 489056101 620595233
223 274 838009627 434538808
914 601 270706618 15879126
166 724 892741598 283825143
572 256 888058631 490918451
496 490 967762220 292501624
184 390 934876444 189617248
596 433 991343542 582893678
645 153 683696009 373654243
502 260 803814724 87840462
450 780 381396722 113548564
579 467 727288964 849143948
959 616 324524989 385666660
909 611 536412084 572636215
272 739 731957322 325284436
880 524 593091550 242022262
810 335 243202831 900131242
45 332 973471041 59004251
281 935 630882878 189799969
656 803 910579317 420643164
992 753 318322974 495266648
825 457 655769702 437447607
412 316 214903173 456317066
733 783 84330372 673366552
821 420 923146688 87757851
222 437 692505002 821539314
81 16 295315726 175402338
989 998 960830429 709023327
767 24 199502516 180183470
159 789 912802327 249744084
208 126 511906751 980100062
710 443 346241236 818092664
417 834 243597597 903968220
787 708 891841033 461034851
655 818 955781181 156808855
888 151 331932766 58282
32 194 923018591 80903146
99 874 429331960 338561080
880 40 42358235 194007572
811 776 88994018 16957195
438 54 280070820 980537794
254 846 355740874 480025178
678 419 963676290 672788020
880 561 768798894 512127390
374 88 739072940 749870824
834 593 918343092 225266462
577 11 212534912 576951834
59 908 948552092 764243336
336 902 471202092 643937373
21 233 722878573 89109662
485 301 380610960 17435520
277 347 924258641 385129621
833 59 443613895 430839948
433 719 773315752 405183682
2 122 597629920 796883536
822 615 296140503 747520733
392 271 657636546 27848707
814 145 633019353 286022935
614 657 80956597 779186730
689 175 629757809 931693357
518 811 218125279 22457289
870 851 683870976 722160543
968 342 78527946 265146372
390 952 577765026 496955638
739 861 415193713 196027619
395 913 820028531 839309483
917 307 89445220 504061335
171 497 203461402 5155153
697 786 769861652 310050367
349 338 504787566 548085196
757 689 666249595 128534808
68 759 768054465 223769035
833 965 594107498 289436517
805 66 908049303 918490042
453 45 95073398 828392920
673 283 964051519 153299203
716 836 188057656 89980045
304 480 365037318 89567625
771 285 761483016 262842915
981 572 796946334 436456226
1000 298 679509762 143141206
253 828 653627419 804946914
970 458 367322941 720842653
590 821 310590232 601714073
391 166 781405012 388660840
99 334 535313171 502808391
998 414 316051074 924425608
850 392 316809594 656482004
325 143 457069986 788531579
457 619 827239540 697389103
656 368 48623555 485909350
303 669 122009635 895477180
134 352 206592078 783788469
415 698 103310580 26422528
628 766 315531982 615277886
693 268 171337462 635819424
962 324 297127289 712290095
621 834 503004992 757080479
349 821 207332832 243766698
129 780 501614313 392538088
607 190 315626365 790526223
539 519 249594714 560274142
501 732 766812859 49624006
33 594 20938259 512976682
682 183 689851588 754583199
350 97 879707874 779321901
841 193 279191628 523335211
989 461 957157446 686003855
238 861 563421327 587024918
845 112 916355183 656449057
652 850 19269718 491436720
580 876 853970510 539704
475 549 216208140 240042153
878 752 417971414 136962591
139 928 364846480 641233877
56 247 195007437 714854247
271 738 756676756 582966989
24 762 511322206 635231144
479 236 153611223 965457016
795 93 199293751 783123035
813 417 311140861 950681807
974 563 663004033 830091015
627 654 157296585 427780389
242 557 742077041 861149518
83 312 860353230 89517624
368 821 160286957 257513341
292 448 637188030 718029854
308 303 64356582 260582566
484 249 647783889 299180592
141 233 518920939 263361464
164 807 94193676 666365984
378 17 372487465 549831225
854 787 551396834 828009331
418 783 679481712 624153742
668 732 3152226 660748205
952 862 547364390 788246267
114 639 343388347 476062280
649 138 100677642 964584514
105 762 416408570 339408060
506 41 4895838 440674744
745 614 356917675 927804396
821 305 371022759 70248207
773 835 74421239 960305167
494 393 316977910 289977123
12 397 877091393 882573683
212 534 203256642 644892329
506 559 889189808 988527684
795 751 401080321 821753744
506 276 150131321 490212354
161 890 887458144 779427356
524 185 173402002 286404182
59 406 797037366 516957808
88 438 161905868 960452022
934 796 994554055 905462761
949 420 150880539 640315326
48 2 483167056 945045240
906 80 30797667 30142805
588 864 689038246 611272823
787 927 928977214 15074734
834 917 663196134 335205347
731 154 68439169 926477737
176 564 552522553 575520221
682 279 537930187 846552799
810 932 922389782 845004831
643 74 556517845 350892914
473 373 790869209 492208119
742 147 822081794 152951464
664 581 646981139 61530189
115 627 292547096 196741343
685 495 712290638 532505011
882 467 442126850 28897266
163 807 259888663 900798740
923 132 77186988 322893964
621 165 996112381 880594639
488 417 815604164 282262940
735 797 997813089 834512485
39 689 312803264 686358364
700 769 184506853 34898977
442 916 460883841 758036646
742 911 68182855 557942492
919 701 714225158 54026604
282 502 382398900 336604503
800 159 82818525 58030354
173 94 94228388 772048843
781 518 331668844 31781210
538 396 42386383 224200003
945 708 245309090 914337490
974 709 979558306 899789273
879 112 144597813 606053552
11 414 675511764 701772996
346 841 798030491 228414411
492 608 205639336 403450995
842 883 604112061 249679983
611 259 183247435 327352016
479 734 339770298 517365746
649 392 979355656 82719184
652 349 462532241 624920185
544 86 60842398 322778609
93 459 591282364 981375813
822 587 925292645 220465773
555 257 33711165 220354659
571 5 392288056 333174391
488 921 606482578 88043265
608 150 626399214 79778958
845 479 879343673 276267752
852 676 852719000 252521004
321 386 390277784 719592637
319 108 845324542 946066743
689 109 611369472 291199271
217 777 993839914 109965
562 86 447856215 364652278
893 47 827693895 759561227
463 943 106377713 966721937
586 785 606403494 444346034
843 256 527245778 852010289
304 870 598418833 75493562
877 891 39330505 495042465
277 850 529405362 9295550
2 11 968775735 417174589
610 455 383792655 565436048
965 681 917293244 731974183
784 242 209339008 821613712
660 400 723750004 896751351
173 959 57504090 987003600
648 178 633446871 664651466
590 128 78339887 818604063
887 637 787556564 506355078
519 772 297831911 199570781
799 315 857399759 335642533
169 943 731994345 749008817
111 88 598070796 41263774
539 325 509740311 120340400
774 372 75180508 283064115
950 319 937415581 30570007
746 170 683174898 320664580
440 13 363077787 129327152
58 311 969262147 22270896
634 608 833526735 553851793
282 291 70075690 657920028
735 252 992715387 489764419
563 653 614999581 813485685
402 96 987154001 544165628
350 327 374186847 498741077
239 296 18176391 820366733
996 388 286148996 21520522
772 147 363399069 140058426
886 460 37206060 187053955
819 250 925732420 619795675
963 187 540637804 145057438
913 633 525091358 962745985
132 109 493130868 316839887
886 314 115243476 135750571
813 583 737348625 867966452
968 779 354468921 438091941
227 385 130940848 381740612
827 356 133687723 309850896
997 731 172600392 826082192
30 40 49659126 769864436
761 205 263367274 62431969
623 781 892499226 201379309
160 72 584675290 910766840
546 846 949760454 90447086
511 518 486789258 490934365
390 745 297818644 488066438
104 118 608991048 214350485
384 7 572220182 232285563
721 161 709558373 994362847
809 190 900080451 231189275
280 599 677195722 283823241
760 185 391104441 182275251
920 917 937766925 759322179
702 427 470908643 177762325
897 231 975409522 62921654
261 881 449385500 677326099
872 206 563395343 531191288
44 154 57051078 320465266
253 466 905171634 674467560
750 529 324768840 809155952
328 37 139177531 605613750
441 272 528829899 485778387
813 767 896535250 422691036
576 545 15158759 88621834
803 189 981339996 667396654
642 867 536054975 43584770
68 775 982215561 788687407
928 422 497531362 516807703
394 317 932478422 598490907
96 453 712223841 834529088
864 777 807651929 736916366
816 769 777509412 485323136
950 272 777464966 598726893
701 740 762176019 81787139
224 960 162330002 596904940
612 50 859346528 792899128
970 108 141645404 722570730
329 110 300928318 834916090
750 199 131490691 416799914
152 338 654583793 918192038
693 947 763994271 857523780
450 196 923291233 852837956
593 758 448888192 958232999
770 772 693370324 803771436
292 50 212284516 920748651
311 781 566503456 773344704
720 269 431489270 59334451
713 796 93546864 86712343
251 975 15828102 701256699
325 921 895243123 962566761
823 335 464015723 953176543
877 98 172489672 961905223
40 142 160680829 309577141
462 934 648796079 346755375
393 321 511772519 646274804
997 590 751026889 778512778
237 267 912896978 450278628
735 554 621107398 663296121
11 532 500206933 153065100
236 466 776953809 305293434
842 11 347308501 324273960
989 773 208141891 852711872
457 850 59198183 48199863
891 857 785844376 943524475
81 151 557250061 344724776
257 438 120741148 114343537
151 985 286072113 16414347
900 509 111483221 552350387
218 53 145653419 824097081
768 870 700521935 248106696
917 297 322102602 671185807
195 653 723387240 900873186
634 162 863963956 421756824
841 692 694414146 585436011
378 752 377248645 813833113
307 387 635589863 708622605
861 401 228594400 108987495
98 875 602773914 95232418
172 828 72209896 30264648
859 454 878034126 360038617
923 25 641881409 380847757
907 666 415340351 775614873
896 57 353137770 36992355
99 810 52534245 367938783
135 467 387651627 414329122
692 737 425239226 43493345
671 151 314052972 56077679
578 663 3640216 313213313
111 586 530751725 577243439
785 9 452826962 1097111
853 572 612618376 174973490
531 771 280749702 701045046
167 795 404117400 947369270
162 199 779482484 551133281
842 601 871929400 696694007
60 789 290569761 860710338
939 418 69654911 848711409
500 271 699114136 876846840
770 446 49838477 825879432
726 450 523244162 798563591
407 436 156557100 535884656
472 367 155613977 408143090
670 646 432771854 729348483
483 930 58691071 278593002
424 349 670418204 960922059
34 899 553683784 413764234
24 12 515852558 62104311
408 371 825758535 92997016
228 479 45598568 416073836
739 237 5373595 187397991
912 938 579585740 275270332
855 462 324849408 474371424
596 868 916033762 159887103
959 905 501558727 712499904
248 916 876098985 278422438
625 304 979245132 579314536
610 627 670480527 163041862
888 232 104129875 899989018
197 813 41098676 601986528
634 591 142284347 830499122
481 679 619550296 964328596
804 970 475892062 368826722
243 287 591413691 194072334
240 584 480422602 485131489
684 140 963701124 269260406
852 578 507538563 51177649
454 3 680058129 405106302
598 9 185395305 435142554
263 742 791245197 385711738
296 131 402572904 361693373
530 139 62736646 960987949
402 250 103044507 72463322
202 207 600366448 391815631
388 796 245415609 730870970
787 513 278668857 83020562
178 638 964687833 802702999
600 819 41773942 555262104
699 510 752337238 880565834
354 324 790782146 771854644
527 484 324244537 907666354
500 744 285136609 976231239
997 236 33217137 148356734
61 129 781083914 197546930
551 568 249292529 470735854
685 421 466752364 731778520
946 560 291976623 667370020
303 231 352630292 198663632
130 383 190704152 734104322
746 694 928181000 169644061
756 613 864381723 720758362
816 343 896368970 742911505
210 507 968056748 197666636
450 179 556605313 70888363
239 116 233886744 429057263
597 224 940973965 350020566
455 614 324597710 451346767
325 828 295476004 160433129
37 450 739844151 893319213
194 102 873910708 546650927
936 244 92868016 149426616
123 987 341294835 423711912
826 515 332397402 79289747
72 63 589488120 778890196
774 709 678616098 343581770
746 851 937054590 301204188
445 244 857330258 602936832
394 511 485612569 4034748
658 367 46446024 416161021
71 355 594794898 34619506
52 348 518740742 211067258
202 689 698852601 699923087
8 12 325142270 234053657
138 15 808629470 78793096
374 778 553050560 64574951
8 715 791811959 260207802
957 64 590501306 854529452
191 462 945099282 175216983
156 736 174593096 687141354
15 761 36697285 276282324
783 114 49879675 565814140
79 899 132758191 433035678
741 607 729889325 697998611
195 889 932753263 113566956
23 584 259842416 613775306
849 752 113251764 135846088
574 393 493090883 18513851
799 103 523008187 660808928
767 946 652843373 755464097
537 292 96652104 492759803
57 375 997410395 548413359
185 174 204307704 198915470
339 602 395691750 234811932
350 276 202400339 501096596
291 858 96505282 495734345
301 333 310643130 849880545
674 369 288607265 762324946
839 510 242295114 75597739
408 710 982002646 300941042
285 432 110784460 345379193
382 498 162777407 759224569
127 928 65794569 845832961
250 177 590004070 957011369
205 539 400361329 844119190
774 241 774327048 705187113
508 546 984013606 898512752
59 699 801872772 886863073
120 925 731355675 57428738
595 948 74922127 13848816
697 278 384463741 591356932
400 706 95570195 385312507
159 607 538730626 627469339
599 388 904449181 153564013
269 548 498935266 684634517
135 131 759249611 142991000
234 398 217493221 280168275
584 608 927453694 795766983
236 929 564244910 726310273
835 315 33260909 792505203
953 72 531876195 761265829
590 279 355841298 514175612
485 575 512965542 699319107
943 25 399350743 458473623
620 554 466830326 694184238
376 685 968202433 500832450
219 278 884830998 44126471
310 343 675498921 167891112
210 483 606140317 970908931
697 187 85358354 648977018
312 141 815614170 942053977
910 971 83102783 889111975
702 653 430928340 666514116
339 795 5651231 494254305
960 571 437510798 920893171
32 101 37111631 807736419
101 365 306262695 679778587
869 141 461773004 188238392
368 653 390604715 728348253
150 124 66933102 250105595
663 665 363397561 574126279
675 330 226333199 650093162
60 275 360729713 514946696
158 745 994834600 791151430
660 696 16197299 9602742
605 370 698519489 283441498
631 526 109304893 351661998
620 867 693469607 427291371
852 898 623254846 687991488
554 35 322534384 713076891
9 243 658013922 598540044
340 392 698936581 222630951
100 426 160513103 212667155
279 200 223348549 123542389
958 50 378127619 593696554
362 540 780641766 46990303
159 120 948415657 540282962
270 163 548018646 950732885
107 488 230472440 604281037
793 227 258419561 837493800
49 31 839805088 679198183
208 120 576316596 909523507
365 640 118730943 595705925
742 701 153137736 909664894
211 327 565285017 746711014
794 524 489597355 705454886
113 364 615747382 977859791
401 495 36507003 789129125
19 803 680693973 391455815
296 679 79311676 206496095
865 579 121032793 486675844
510 203 991873062 373067562
740 517 977466088 989432259
19 9 51639463 300656092
822 715 216044255 659244399
945 156 961322257 497817247
521 671 779678593 66526435
116 522 883392005 909654275
281 47 827594762 163810396
229 170 55991942 341614778
564 398 519414205 690350194
68 30 754605689 246249657
13 328 336027704 836647570
217 823 594283819 577981434
712 245 726325849 704681033
704 202 662956034 143086842
899 647 252115088 678604571
135 327 63135390 356323018
308 267 326900429 312189611
408 350 448891793 938113314
446 169 418410331 487711265
207 500 282950850 461179726
480 241 573324518 801143876
497 960 997924169 195900028
159 308 285007388 355166802
937 920 382157698 369230427
908 332 618551878 395704411
965 568 468693669 600588632
462 199 673968461 459739406
140 175 657498850 76243761
373 182 793233271 974380185
717 20 514098759 804279809
970 638 928050069 401851549
700 969 711274178 634093680
165 360 656186666 166115041
601 187 532170130 452595174
519 655 76518097 793202320
801 984 204502434 134886310
60 296 631293992 620266407
18 685 63844899 961617902
854 751 505613838 374849090
363 661 982325732 228166221
31 832 586032283 474236767
862 421 431567639 942298509
363 400 6880066 489470135
108 498 828935166 114213475
117 293 355188217 371114512
826 785 954815059 798731725
354 198 361518447 384593409
254 653 371468271 671927927
466 5 924514302 665372679
414 999 191985345 85878318
210 309 620180921 845646736
642 704 369978952 385179946
203 964 342516295 104361482
660 666 889237040 312497981
602 821 818901375 387240907
621 567 543958788 322647733
459 990 123495097 469250740
293 973 12785413 478648416
438 205 678622215 592551634
286 168 153837192 206531867
19 842 3111291 333467895
476 660 844407579 444826915
337 577 840623860 918566034
998 294 323776826 338477518
457 633 469507072 736695760
160 95 917573917 387234124
835 481 155023068 469413308
615 797 917299341 90232981
610 494 63301984 812992470
916 971 476748880 228665281
890 783 492905923 10580810
954 28 540109401 358810305
403 699 210051914 932962232
964 317 727049831 452450528
307 390 85849070 325893272
988 566 86334740 542616790
583 40 60058145 974938408
47 252 87132355 360649842
111 626 249104756 421819557
630 134 498078373 568173725
677 350 251038964 684235364
10 288 282537520 648824350
638 225 952586881 262404329
942 891 158323991 519918921
622 443 59439660 630042981
535 717 688044286 861036429
710 190 182863173 990534216
193 855 87013407 295431948
687 967 656776549 914837602
602 898 876463730 982111451
888 806 576254418 466831079
252 517 461950632 270514024
359 163 782027722 332031696
140 736 508481412 594549419
133 603 605638343 987205562
853 861 598498406 325072765
733 644 616707080 132695728
681 300 197288285 363690804
272 440 134696001 225633507
903 714 782952745 659550842
913 243 253238464 978278662
623 167 636497640 459907592
540 159 112933488 432278442
561 505 810264345 695267341
786 356 44813768 133667759
882 532 754181318 950386915
136 627 88507385 446599323
10 82 211096517 967721588
195 884 6898823 676073457
155 776 157736601 801788790
924 144 149575546 608023700
621 374 494303929 306516502
295 819 547761539 329375363
48 834 459300830 683438048
600 751 50215272 179607747
41 661 157627652 38138251
429 785 718612017 334646577
432 342 319303298 126434252
848 961 420406884 968784364
224 432 701645892 826488153
239 229 647986102 912964112
841 749 637993901 490416283
327 595 793292035 519753478
482 636 876782508 806937790
331 187 29157790 540769489
588 377 278207088 449451440
500 955 347077041 296283853
950 738 935521037 122289538
642 502 88691928 540454072
487 99 165913511 885833559
916 303 575805598 557457248
994 631 240217029 48830323
149 536 246233740 28154016
482 659 972902329 619041056
185 160 806067878 917531401
153 703 209280435 647746520
129 408 925690405 972145476
821 780 863463900 784277941
402 893 513850064 988826136
941 552 384768197 776050003
337 949 171773296 186024250
945 698 805254602 458937018
402 485 870453466 90495153
106 512 666524187 822498431
836 490 564011590 196491837
963 761 332896140 303870019
85 232 309701243 658080559
965 316 940684956 883092308
716 599 787185133 600946196
873 18 123361519 200240874
153 50 115576074 796770726
565 408 907735701 944314801
637 528 619099936 184632703
769 309 278667243 882273255
446 542 668076190 728789017
701 860 556145360 921024689
460 17 196161704 495517672
87 512 785063069 433641090
229 887 891852286 136024475
716 777 496216763 788038120
849 949 277340687 349432474
479 438 997709001 257230198
708 452 329244705 731572143
370 853 63846237 701502694
696 950 530220462 632307925
358 985 229530569 31418212
666 882 585470048 415107571
569 280 534309257 193449756
494 873 271917078 940334544
761 155 292494903 621498996
265 952 941785771 946439069
335 248 904139610 573692478
335 139 323830819 849939327
559 708 990775810 421114340
131 195 595548843 320584002
853 901 782744606 149156587
433 945 921106952 858688411
712 670 685323123 758635021
680 257 311034149 666487688
497 182 120580046 765528529
793 348 202567422 756183566
659 322 982866708 450752570
65 966 37606238 109202750
610 679 13807047 72792575
37 277 419803135 966890047
797 954 229311702 978359657
267 366 289519382 440865735
534 731 463024947 379306161
328 533 127450211 110928693
654 984 38001024 357614513
412 322 787147436 591027757
407 62 982247054 599426963
164 457 995782782 970185457
366 427 269148682 648120696
325 266 389270897 857260867
590 256 987077151 890328910
868 290 419963256 47736127
800 605 182325687 237777582
91 86 290679300 623472923
991 941 481368746 830142289
224 790 152172889 834195322
511 654 530956406 715413296
832 324 90779585 193527593
283 288 931249963 644386667
563 147 913629628 350721753
830 616 14825547 295308703
891 776 591164767 136209206
985 672 446728338 532838436
440 740 65128958 313941839
835 298 169008901 260940390
633 1000 88669204 784766670
162 86 226562381 774930698
965 395 717938664 400529006
946 959 808608475 202448440
844 832 484806843 464486197
181 211 863482450 230335019
255 143 455549010 239302019
929 165 456394212 843272734
371 415 392179271 659311775
575 306 78957521 900882164
822 521 577298139 673975886
579 377 498091660 271021426
335 977 761170293 332342426
286 300 770403580 556214834
500 190 193407104 325325991
499 177 369419304 427203252
799 573 117318954 109348097
406 164 531813857 33350519
396 780 300164409 144887155
111 757 627865706 591999264
610 866 750024165 707395489
645 135 672764860 203026969
297 632 778023324 795955952
759 636 405233575 257056412
361 341 403746485 37401318
282 604 17153089 601397503
994 644 502375001 736943153
529 387 405655147 976092285
836 864 976181841 209333303
24 770 517854431 427876960
645 458 59620907 774446368
589 981 910665385 880812044
14 573 639543371 606277992
3 212 410363068 640546608
284 727 717837982 706931422
892 99 220853869 918349439
440 542 820918602 953331913
130 244 878075941 952386541
154 472 947552830 238067570
369 26 975623320 909247832
923 131 202083404 41559387
247 225 878240334 964329404
709 710 611559715 235959294
219 389 766665497 675010536
559 463 266983271 517921275
201 973 62168084 389883442
113 310 572327326 807920646
756 944 363819920 26953514
218 885 961518908 386900754
277 94 574080515 877013228
221 263 209602647 205209420
453 763 611813976 501712028
125 932 45275383 115647337
825 294 592914919 257487311
346 110 277880036 725918171
228 31 975718897 577269544
906 613 802965741 143886625
476 386 620810372 376946360
371 100 103231532 918613165
606 914 915475513 653070593
937 32 273847336 269363353
370 343 597144995 21141361
977 283 448989546 15993373
683 81 458616396 512615634
241 4 936226988 590773964
719 622 340273579 446640171
536 676 475454297 244595432
498 25 256651717 667717940
659 580 109086406 61708965
967 705 384841991 969612537
894 212 761510163 46414840
239 952 432819299 585934318
808 495 149807568 63823374
564 225 684006360 438893869
833 814 966654781 510652860
53 947 627310090 326402413
554 386 838894194 698514565
707 293 999258547 753025597
792 120 915982612 641571264
154 798 831554318 991659551
102 430 188378542 706426177
33 394 344145494 574833728
765 72 39621574 310277073
537 423 722076152 360367207
411 826 840206838 232803908
840 636 936581375 80905156
531 386 675275444 567213696
433 634 330917060 955016679
583 803 984046501 272792644
67 393 178610603 290654776
276 826 854768622 846193002
205 130 537828516 473669801
827 268 355778461 895767618
254 297 817766519 601578790
787 648 847746639 589769020
190 493 379953481 512434915
49 322 264885121 726822900
221 38 887378877 703844478
434 468 890434415 642276541
457 625 266068944 608139586
393 862 822039562 516451943
524 452 235396603 529727288
68 714 798310196 4864286
315 342 163066167 524420137
680 333 296148340 655239193
458 241 594938485 464880808
844 459 517716256 199967868
858 233 406017581 124798049
541 319 685024354 181330076
443 267 86482415 16450934
716 420 705040605 578696934
646 603 51509809 653237341
123 582 487584084 951215413
747 336 508403387 799025608
568 746 270469208 752945949
932 869 565849923 499841309
874 187 657478441 150147488
582 27 943930133 57229327
205 77 352008979 688609597
184 849 423051360 723710939
273 981 737315165 692214419
931 575 716568832 120459116
42 49 85088699 18085009
369 338 187415435 364282753
996 741 363195095 84644286
979 838 459873642 719382130
425 326 922647203 726084751
871 885 490895414 27328173
53 138 730834877 343180311
225 500 825274703 712754692
560 629 526461435 19095844
832 9 736414375 707207485
64 826 997075910 400733773
120 948 623481498 806120330
512 572 254136701 160730353
439 92 759792415 645303407
123 536 676193370 862158342
363 573 560616166 850417889
907 349 666677634 48569502
787 927 689275840 982134013
732 859 606135574 875094851
459 899 492309376 444271730
370 746 965525194 407022792
108 580 938125935 299460157
333 789 502472657 84603697
267 363 133293480 910698813
932 121 657586175 334507911
138 904 600863427 249753839
266 951 185723514 761793866
529 977 383736506 894366928
948 30 592606222 559645662
669 623 134645211 715707432
853 854 774598080 229504137
187 953 427825630 263146467
349 4 965057951 147365282
734 400 283522571 690182688
720 816 90202636 789511522
758 585 522310081 527217909
10 776 768680857 557032342
562 23 77790674 471680486
876 129 532424564 706195049
800 123 718351106 718972398
199 63 519203389 972259107
307 571 354197657 532925564
396 31 578712729 256190525
660 134 826446603 834491897
724 695 614679970 955262043
811 476 34658734 184809148
110 976 174201481 714610332
122 359 947641793 571403713
136 943 511141137 56113782
264 762 842390143 219572009
261 510 578584602 845242218
128 557 825847362 267231670
467 605 10675624 967249585
852 447 71031374 597493319
15 615 206829113 581366687
130 353 563898389 999889209
562 542 925223567 168897006
14 598 616469337 857143421
523 603 757666678 799457783
256 668 317009211 258767417
150 312 38881254 169788868
597 694 482597650 155001246
742 968 816068207 946331961
752 739 597718844 194245355
24 57 753881475 5786101
694 714 648455578 169388308
578 114 716717892 531571663
307 610 930275309 754026872
544 542 993402553 24960607
142 174 424005918 514734238
875 359 258429122 910204609
485 569 838501321 181963167
113 23 320593687 166368020
739 612 275072875 783884865
392 211 11932560 492552803
766 787 718357713 502795671
572 558 334365517 468011425
951 842 524426172 47342736
157 256 146609887 967074132
653 44 640780717 118760894
789 102 956247914 473234581
886 298 160006704 988436879
53 970 672823753 414659144
967 588 358845947 26315054
154 443 529923953 896735312
986 609 345587036 348411043
106 890 854097066 551776215
310 203 322708323 928284373
311 259 885106762 418781538
267 50 301139227 196522875
785 283 217684279 229463420
370 996 777497509 815254438
889 599 405246243 308934774
956 630 252709825 295004340
839 870 66422294 524502698
711 980 311134921 193070177
557 783 124521780 395087988
21 130 836142680 569062680
70 495 47069088 645133815
693 565 513882259 161060791
287 411 971659222 334063193
327 370 283831478 928609254
389 73 368485678 853748776
590 931 526364636 786957141
968 358 319903740 331726315
13 100 294864267 267640618
675 401 872860400 461176127
682 548 155337894 819438787
122 415 813570350 161825299
581 756 195723850 486308191
36 790 808261225 967740476
930 645 73468225 597169849
660 981 750124959 906237843
765 505 279579515 549497641
567 747 647918633 452631586
525 751 373125847 281849652
345 988 333642753 438756074
568 654 793074127 487262220
909 681 481610765 99661941
528 927 270752812 379890225
364 52 203219712 414076516
682 964 22340856 316075397
467 895 810758399 834537256
762 59 604448896 211087488
446 723 72477764 876155399
684 467 198387955 954745159
584 560 37497281 317659155
647 961 878371987 815132557
250 94 391597001 661309296
966 111 308106072 574727050
685 206 252245755 305178092
469 625 535296205 544621366
239 127 721606180 231252749
813 837 921432056 373908444
984 623 108227320 94964153
81 757 788587168 453100604
268 893 391743712 628914090
372 832 254986597 111600436
2 747 123312699 569714729
190 964 554904771 314802844
245 383 517892564 684960844
300 102 514484508 817836477
242 483 175239586 46254286
51 732 616811583 230189073
784 423 286941710 316614680
64 735 977757895 882630942
269 786 105903120 123932295
762 470 771662439 939866597
982 586 679601185 441742190
968 472 228961425 362068487
962 851 661183279 721733115
198 414 845962961 611862917
535 853 89406638 129420643
91 482 224773334 898352579
405 815 799803822 718540090
119 662 43872462 415675815
995 370 109958551 726306728
889 546 34949033 45569752
811 100 656436925 384629113
386 905 282970018 834995917
7 823 44248187 818343135
749 227 750771212 669175045
454 883 550975279 367320515
678 675 314655114 119203402
11 677 537868638 231545198
133 130 414224065 169543915
901 755 893429984 75359365
82 109 531190840 828384341
440 744 949360303 274625911
299 231 186659046 694855528
650 147 280887817 584461134
400 376 287183499 144650967
794 912 791547791 383031973
799 708 456867551 522956552
928 453 332853491 239124857
248 994 481597724 63192526
774 696 81165631 729733463
941 71 712352801 33602199
724 756 634797144 689504034
46 332 52340957 355273366
959 185 763563065 462973008
512 88 225383999 534345201
341 976 201703497 464199982
307 692 330288589 919182218
156 593 698339775 733572573
892 306 44395538 763186785
182 900 337429130 752511004
182 352 2290703 173346146
397 452 371637019 739548872
547 425 871543263 549791641
267 849 756534748 982743311
949 440 654092086 979332760
562 548 484310113 541052540
671 943 527533206 431455412
913 218 419441451 625733015
734 505 62529222 611315806
455 865 242713942 429356590
303 528 858900776 114731603
886 701 911272458 590285981
274 654 373624244 606370746
895 614 873914113 974337259
13 366 205762368 346192661
871 85 494432648 876755457
338 693 944049951 621350736
913 347 986938273 750666955
161 608 801280390 403504383
390 178 494557498 482678672
161 110 873650101 905292420
826 725 701018917 589103901
739 903 782042667 685289556
409 174 218376280 351445692
513 278 481530846 461621476
164 548 818086589 650920839
437 318 60225618 404979870
481 697 59882518 587802397
60 429 381787771 990763460
570 622 90168727 806010016
203 87 509111979 476035697
720 626 692261548 602773921
402 122 554349698 354509508
221 159 681067661 515954758
476 467 263441976 673465215
87 59 246509663 475990906
801 793 226228756 75294867
495 303 622488956 84008324
553 525 8780790 803122668
828 5 498667884 321153397
1 163 16010254 596038494
856 568 133914222 349339062
919 318 453251534 85026734
65 936 41644622 327957274
388 997 198361505 725746119
311 988 848250086 611843506
725 772 727515841 721416393
928 663 5748491 817396485
391 661 358152800 476164113
736 417 649093886 406148079
933 216 453661630 589141661
958 119 284064996 226092618
949 943 748018521 283822705
913 728 567111202 838342837
12 389 19309340 801841610
147 872 133211887 134479910
562 182 803388982 260071709
859 655 758031314 845500592
613 246 150083983 410994703
676 949 375119832 625320725
257 452 733730244 911482368
739 569 749807640 491446217
534 976 158998954 964722807
243 734 976864545 544821156
258 757 961574110 375515750
852 661 326930586 739541247
336 70 395073502 859152992
159 120 592675053 72517102
673 74 319902663 553976666
635 450 68066536 863892619
258 58 718985465 894769643
402 690 722963034 408119384
361 393 943313822 917412535
682 9 498871581 196185930
341 647 701569716 863097361
201 202 696459043 428682653
268 954 845265966 277422438
591 913 765110861 711921233
336 988 846052013 538009151
657 428 301759032 159469871
517 942 525393415 177525996
17 750 917220986 802477420
209 456 841247479 641094736
795 266 783920016 205040286
740 499 991017125 8871889
854 851 885141590 293132509
193 542 679407343 573746445
442 391 603138233 881169425
866 33 80479118 890584217
290 386 947413660 788273165
412 103 470973188 871843756
787 515 696216738 899609989
123 23 642507402 232080280
280 475 29439969 448857679
21 601 84319647 954794727
401 860 202306951 580554533
385 825 96717475 387059008
152 898 47167236 188174834
940 414 600262004 709659396
736 385 422680080 135553235
744 241 620403413 803015668
106 53 995435165 70973793
320 805 790378094 759429317
55 239 583278186 398317533
216 333 164474927 600548918
685 704 554226699 357840363
386 865 781834725 355776375
152 313 912201831 512425815
783 281 320738197 89935571
616 918 579856765 934955818
655 60 819343726 736173169
164 101 42976962 297960899
286 388 880133678 659570452
435 369 762676800 949098896
563 110 118516897 985439366
554 952 577780028 895636907
183 295 640282653 985305194
391 681 996271921 717191068
186 360 602265459 617669700
859 218 200926963 654790615
869 632 117349758 214142350
525 339 109186903 146769302
160 67 35436728 408178668
345 852 785772194 33956594
380 920 6559857 457903021
106 308 403347071 247245560
264 538 430395012 537503874
161 461 809215812 215856542
630 793 717937166 693454938
264 753 502935448 476627829
100 757 906191989 222954325
268 721 644971257 246334349
584 210 375640582 714966333
820 421 979093325 429015167
64 524 678110096 616695678
356 810 305220190 593325881
464 373 308713271 54128653
175 272 451143400 552172333
227 254 255432900 984923847
354 264 288339050 440786912
736 534 115957802 415935840
221 452 864816233 293768497
362 104 31462020 602042339
466 151 309305775 773209589
18 735 822238269 148628048
630 130 759753679 487420189
71 944 788483391 913687048
746 279 112397781 470861333
417 456 460843415 442240564
240 545 72509610 12387422
841 541 422148318 227738864
461 30 647812512 565381321
29 134 350573056 69980361
218 945 611078045 888857739
94 334 875157035 200535596
441 159 22331690 394553518
504 800 241293692 755142198
24 114 830804660 96156842
857 808 106369564 392461539
65 691 286677581 512072416
693 662 415059617 770045109
338 725 706682532 244705076
838 116 258986187 747498073
552 535 693110370 304622996
92 299 765268799 308550453
790 111 632454812 225724501
515 161 371001453 754463362
117 562 466071846 678915507
376 628 826650539 394411663
492 747 987446335 163851448
952 876 271292991 740867139
669 659 28730645 476567422
380 252 909496814 270206024
556 447 485271933 381706048
965 822 628680636 207214259
792 293 4579203 287494374
344 389 597297715 541293943
738 331 647162348 487260065
257 595 364396909 536355931
54 640 302712366 37278714
418 440 978766079 470432613
768 756 412660131 507365417
8 356 761173676 127610504
637 116 52427238 499499171
27 68 602387536 54259701
675 446 758705542 764739699
11 943 229104698 295339520
715 19 167943686 876997910
