250 2000
139 228 999999996 146992317
108 217 999999996 468346240
49 13 999999998 153232574
6 157 999999992 650637105
55 84 999999996 367576540
84 32 999999994 588446737
202 84 999999991 532189095
35 145 999999992 447771313
45 64 999999991 479744153
140 8 1000000000 113985676
103 87 999999996 599305236
248 69 999999991 685105931
53 55 999999996 904605786
166 109 999999990 441110653
21 247 999999990 324113479
10 111 999999990 834293986
95 150 999999991 667285191
68 205 999999998 121434314
38 52 1000000000 51873043
211 36 999999993 394089014
31 70 999999991 898450983
2 82 999999990 620383539
42 73 999999996 320423337
20 216 999999996 154386693
232 144 999999997 838252380
126 121 999999998 849093816
237 153 999999998 320636202
24 212 999999992 11502785
206 24 999999999 396283401
92 41 999999997 862628824
215 52 999999997 950242008
202 170 999999997 37263772
104 158 999999990 142905231
34 90 999999990 692095153
181 78 999999993 1485450
110 216 999999999 816453290
222 238 999999997 144789755
117 102 999999999 299059408
142 96 999999995 837782933
69 89 999999999 532253520
130 234 999999994 377948502
164 32 999999997 42001937
174 137 1000000000 342780580
215 11 999999997 57547237
147 75 999999998 53415460
161 26 999999991 912520494
215 170 999999990 145539517
47 192 999999996 835011801
168 172 1000000000 344860365
98 171 1000000000 749688909
90 238 999999996 691956174
109 100 1000000000 834890363
76 217 999999996 157669772
106 123 999999991 32007341
245 91 999999998 374339421
247 185 999999993 801302142
81 195 999999991 61150921
28 56 999999992 518893381
87 142 1000000000 651301545
202 3 999999996 931341451
65 41 999999991 158975452
211 27 999999993 258004309
231 61 999999996 731771843
69 244 999999998 951845929
33 181 999999992 995997410
98 188 999999996 840880751
30 187 999999994 686691718
28 241 999999999 381279053
239 117 999999992 990679032
187 176 999999997 754790170
128 42 999999994 250580807
145 56 999999990 246675365
159 99 999999994 783317226
188 248 999999991 679287926
221 234 999999999 890369514
166 63 999999993 39472811
66 135 999999995 575310146
171 137 999999991 635174494
7 110 999999994 710623463
88 21 999999997 728635156
155 157 999999998 508197293
92 135 999999993 999303426
118 54 999999995 448662630
64 215 999999992 772058552
37 139 999999999 984487313
113 112 999999996 200849242
35 104 999999993 981616367
221 161 999999992 683224295
226 108 999999990 16973129
95 32 999999996 531977113
105 183 999999994 215795684
223 42 999999998 644816986
41 66 999999994 60646208
95 144 999999996 433937679
112 43 1000000000 229149617
9 170 999999993 71184762
15 106 999999999 917468073
39 124 999999990 256392178
98 227 999999993 88914469
32 75 999999995 459440120
39 23 999999992 226796533
153 58 1000000000 452897652
56 27 999999994 43250799
120 19 999999990 213361515
29 243 999999994 996689780
1 40 999999996 87166981
42 179 999999992 762578201
101 242 999999996 818089340
4 179 999999999 96556267
91 135 999999992 65233317
41 173 999999999 10083847
2 4 999999999 638283958
173 228 999999997 233319048
186 66 999999993 664792338
8 134 999999994 40548658
2 247 999999999 120571152
186 151 999999998 981842303
79 179 999999999 720912306
84 123 999999994 449073439
250 225 999999993 431942140
138 36 999999995 438025654
3 125 999999995 219498935
153 21 999999993 253496388
56 127 999999997 991148687
167 183 999999994 839725471
34 120 999999994 668913819
99 12 999999991 29808522
160 27 999999990 194633391
36 147 999999998 321140515
157 129 999999992 823664676
170 142 999999993 437761678
131 11 999999999 968229613
231 100 999999992 812734649
13 51 999999993 616566168
174 162 1000000000 353504522
165 4 999999990 258857968
207 155 999999996 366727031
87 27 999999990 206571242
58 98 999999998 621743774
72 179 999999991 650316726
240 44 999999991 579996758
28 11 999999997 710427906
146 184 999999995 455822036
229 169 999999994 900742332
117 50 999999999 170088786
49 158 999999990 128883886
115 175 999999999 77083450
73 34 999999992 806148309
57 5 999999994 121594447
31 194 999999996 431599369
216 201 999999994 752907826
240 52 999999993 167115471
17 68 999999996 549259135
218 79 999999997 144325916
11 76 1000000000 346462795
158 4 999999992 797992846
182 118 999999997 856285627
98 240 999999990 129248236
73 65 999999999 442734554
225 29 999999996 809114446
4 56 999999996 544309729
141 115 999999999 727579942
67 223 999999992 869574664
143 124 999999992 373934906
208 25 999999997 626677207
54 220 999999996 264346112
59 52 1000000000 524008548
86 149 1000000000 444437532
173 249 999999992 171004721
15 43 999999997 980907470
246 99 999999993 210290454
141 244 999999990 815237883
193 16 999999996 46723340
196 209 999999992 468107234
19 3 999999994 419297740
37 142 999999998 363518440
191 115 999999991 199924721
3 65 999999994 736751488
125 207 999999991 830876250
131 194 999999999 649916588
77 143 999999991 624721895
87 212 999999996 785957821
138 152 999999999 381321116
108 155 999999998 448652029
69 93 999999999 317712131
126 220 1000000000 130834952
105 174 999999993 744525226
114 35 1000000000 249757613
54 100 999999998 355150118
187 234 999999991 119139581
30 123 999999992 504567962
93 141 999999996 915615307
91 136 1000000000 172730611
127 2 999999992 649025830
4 87 999999991 710178850
209 184 999999993 750809827
116 169 999999998 489003328
203 125 1000000000 7692694
206 23 999999991 571949006
134 157 999999999 343088904
50 84 999999990 991019182
215 220 1000000000 700897541
132 58 999999996 942980446
196 81 999999999 993755904
112 233 999999997 2467599
102 157 999999991 288873168
142 88 999999991 712109544
52 197 999999996 73396335
230 14 999999999 976440230
125 70 999999990 958075019
100 116 1000000000 454993362
192 12 999999996 561937187
220 51 999999996 23022828
198 228 1000000000 637610380
36 71 999999998 979262273
95 130 999999998 177574373
236 103 999999993 435802210
186 149 999999998 474461697
241 3 999999990 976694083
61 32 999999990 672974522
10 115 999999992 19581895
185 83 999999997 281346706
63 55 999999999 542503554
242 246 999999996 801320324
167 124 999999996 696799247
99 98 999999991 843912478
226 96 999999994 915922449
149 130 999999998 460221506
43 41 999999998 595171289
101 79 999999992 815487357
13 20 999999996 678839417
19 62 999999996 693622024
78 113 999999995 424983328
80 228 999999996 396215807
217 58 999999990 813080371
21 142 999999990 782626933
245 242 999999999 988421943
155 21 999999995 786243249
176 208 999999990 742118712
168 30 999999994 399517620
200 83 1000000000 287411711
165 22 999999997 302423909
155 226 999999992 531404113
87 246 1000000000 399404679
56 135 999999998 654976803
58 10 999999992 601175104
31 69 999999999 11862586
103 78 999999994 60433017
87 60 999999997 685700397
36 180 1000000000 973300282
7 130 999999998 258365197
40 121 999999992 845126375
88 164 999999998 958717161
53 159 999999997 918013680
89 85 999999994 327028734
72 205 999999996 573931000
105 205 999999998 765822350
10 167 999999998 698631023
233 58 1000000000 279095126
78 145 999999997 56392324
199 176 999999990 118274622
26 70 999999999 383176797
141 220 999999991 903673743
93 220 999999999 941361953
168 83 999999998 646090680
199 191 999999991 564957160
115 3 999999999 598805923
21 229 999999998 639064567
216 196 999999998 641791871
178 59 999999993 261721276
199 36 999999992 793409178
226 128 999999997 503116779
127 1 999999999 58715150
136 123 999999995 939149675
167 233 999999992 218250930
150 184 999999990 407092501
32 50 999999997 861148246
179 65 999999991 43046995
33 10 999999997 786292720
136 13 1000000000 89258650
78 238 999999999 74364258
54 245 999999999 577878804
212 35 999999992 395108412
6 104 1000000000 596281364
217 231 999999996 807007080
90 44 999999997 176001624
199 235 999999992 776361263
71 10 999999996 483199337
224 144 999999996 43792235
188 91 999999999 963085905
11 186 999999995 250384605
160 212 999999992 266989552
78 217 999999993 910862888
105 33 999999996 603632788
152 128 999999994 471709468
85 92 999999995 432736628
196 184 1000000000 981932156
59 45 999999998 30061310
174 176 999999992 82550259
156 8 999999991 844179465
174 239 999999998 93954747
49 223 999999991 920438308
65 238 999999995 749694165
170 175 999999994 168219644
144 77 999999994 32139025
220 205 999999998 974253206
205 237 999999992 333856092
171 37 999999995 776206643
68 185 999999993 207396424
119 146 999999990 323584517
173 45 999999992 876000163
223 111 999999992 533065083
13 146 999999999 66408914
212 111 999999990 697955756
106 229 999999996 102926154
137 111 1000000000 404891895
184 20 999999991 144759758
70 205 999999990 402566135
178 149 999999993 44678404
246 61 999999999 42588016
195 184 999999993 309537488
145 3 999999996 687368088
117 205 999999997 411912327
3 204 999999996 250269577
203 204 999999997 144068518
22 194 1000000000 894228662
40 67 999999997 249816606
68 144 999999999 819580497
206 68 999999997 322210220
12 214 999999996 15246396
182 93 999999997 296085608
14 6 999999999 340191393
74 187 1000000000 458346231
39 206 999999996 266823513
172 89 999999993 494211666
152 189 999999996 674450367
57 183 999999999 370580822
103 71 999999991 423766676
239 59 999999998 487895520
238 154 999999999 129890225
173 237 999999998 682830257
6 143 999999997 951498565
233 229 999999995 691741691
127 204 999999990 516731505
238 27 999999999 318183650
147 50 999999994 932149170
121 18 999999992 866448825
211 153 999999992 332950751
229 96 1000000000 236054504
85 131 999999995 354056923
225 35 999999996 760325631
158 203 999999993 920968367
20 242 999999994 548376612
102 212 999999997 46184860
89 239 999999990 725147004
201 33 999999994 670228787
250 222 999999995 344150991
248 62 999999998 303965689
244 137 999999994 960388310
61 3 999999998 250008647
72 35 999999998 977548447
171 59 999999992 605392651
162 87 999999991 928582300
217 43 999999990 820672647
60 244 999999993 779340200
227 185 999999999 153956749
139 207 1000000000 472732924
205 93 999999994 668291731
203 10 999999996 952910995
81 49 999999994 348353124
129 15 1000000000 486868603
3 162 1000000000 841053126
78 6 999999993 1465682
30 17 999999996 950981111
184 113 999999993 26188370
13 66 999999995 573584216
73 154 1000000000 632649612
159 151 999999991 665055274
138 249 999999992 60729803
192 11 999999999 745479222
136 174 999999998 853526049
2 156 999999993 998596311
207 68 999999991 285482624
236 150 999999996 254245395
79 244 999999997 442689984
21 237 999999999 949285150
239 240 999999990 718143289
159 105 999999991 187361133
52 135 1000000000 431960955
243 242 999999995 889004886
89 87 999999997 252768615
98 163 999999991 322623845
116 109 999999995 991727282
201 84 999999997 211048745
193 215 999999997 912570177
11 89 999999994 855819367
2 133 999999994 583706318
17 143 1000000000 84313014
165 182 1000000000 725207686
131 161 1000000000 690173634
46 113 999999991 807442865
53 130 999999992 709867610
103 244 999999991 668797998
98 157 1000000000 651886423
242 206 999999998 264921485
110 99 999999990 72149783
9 136 999999995 724879973
194 59 999999995 812267101
174 130 999999993 604719532
76 166 999999992 153776031
213 204 999999992 696524977
105 238 999999994 6121131
21 178 999999997 463163006
94 6 999999999 743491261
250 221 999999999 545541343
124 134 999999991 697051506
18 210 1000000000 621357220
101 81 1000000000 476060613
195 207 999999990 464695202
199 46 999999994 701959574
76 222 999999997 776515544
114 243 999999999 263072201
78 183 999999995 467481188
175 161 999999999 202284605
13 16 1000000000 72841520
200 1 999999996 101756231
119 131 999999994 762110186
152 65 1000000000 585070997
96 158 999999996 784654141
201 227 999999990 980911219
189 239 1000000000 733913974
194 110 999999994 398095883
31 18 999999995 320216630
236 160 999999990 198560023
225 116 999999995 68387775
178 66 999999998 338758092
138 119 999999996 362200304
104 94 999999998 64257856
125 117 999999996 975420247
181 144 999999990 928675492
19 65 999999992 954722322
16 90 999999995 381982594
197 31 999999996 386309543
203 88 999999998 41928585
153 35 999999995 468364427
14 197 999999990 370936144
17 196 999999994 676659799
8 234 999999995 348407394
62 152 999999998 711054671
226 83 999999991 91158913
240 121 999999990 749222736
45 62 999999998 643467910
39 65 999999997 489223588
144 40 999999990 904498564
182 174 999999998 611757892
95 130 1000000000 130677527
249 71 999999992 612685451
43 106 999999994 683057474
248 164 999999991 649189521
164 236 1000000000 489242828
190 214 999999990 75512060
130 129 1000000000 771473757
81 131 999999990 66602213
100 11 999999996 371845698
238 206 999999997 146574502
158 30 999999993 305509731
22 66 999999995 99960005
123 63 999999998 948534226
249 78 999999998 648880688
171 227 999999990 590022052
82 160 999999994 395017378
69 156 999999999 609708378
49 134 999999993 132544784
242 24 999999990 161655998
122 149 999999999 211581918
145 209 999999994 779596320
227 161 999999997 947453666
65 224 999999990 361058261
190 164 999999997 340666220
233 139 1000000000 511625409
63 107 999999994 671611710
191 32 999999995 653726489
206 65 999999991 290357184
86 161 1000000000 932029590
218 197 999999992 5246665
100 184 999999993 106196552
235 11 999999990 288141450
146 86 999999991 942191037
238 151 999999997 66659921
54 86 999999990 851218489
8 199 999999992 302820095
152 98 999999996 718869469
194 43 999999993 20441642
215 91 1000000000 633014582
110 148 999999997 894878228
43 184 999999991 535631162
63 183 999999999 311497791
131 234 999999995 347114390
7 217 999999998 863930824
148 108 999999994 308324253
86 205 999999995 828556124
192 145 1000000000 610763124
111 49 999999990 718265932
71 35 999999991 976583926
250 23 999999990 716770043
108 151 999999999 911908729
225 165 999999990 819149942
179 162 999999999 672558956
103 242 999999994 725858314
90 78 1000000000 106919597
213 157 999999995 740488954
236 77 999999996 704811014
5 98 999999992 795411166
149 148 999999995 675358888
104 89 999999990 610175047
206 102 999999990 337190403
182 211 999999999 228249738
208 52 999999994 215287919
37 70 999999991 989251136
220 152 999999998 609447445
173 83 999999998 326891782
235 130 999999990 314460771
106 139 999999993 813578702
161 234 999999994 621172478
60 215 999999991 233482718
48 84 999999993 297295442
155 134 999999996 412567261
189 191 999999997 843155297
36 192 1000000000 883331322
15 130 999999992 168324870
105 4 999999990 270425855
42 10 999999994 884824645
60 148 999999997 783532259
198 132 999999990 350669114
125 190 1000000000 485212971
51 169 1000000000 876668800
100 59 1000000000 982361265
108 144 999999997 946061634
57 30 1000000000 930941396
142 123 999999993 178730903
112 53 999999998 929682168
37 87 999999999 925103749
46 124 1000000000 790700125
63 220 999999990 424632786
175 59 999999995 610808020
120 206 999999998 480061655
11 98 999999994 837721007
168 194 999999996 737493951
87 26 999999996 991686399
108 72 999999994 704155237
173 113 1000000000 540635243
213 64 999999990 614350582
160 233 999999992 527454157
127 245 999999999 852780368
216 49 999999996 728822462
13 230 999999996 651396937
16 167 999999997 19824981
83 118 999999995 61803705
31 21 999999996 603333546
12 65 999999991 60999893
26 197 999999995 349206350
55 207 999999995 418431477
166 164 999999994 58561455
36 103 999999994 320089712
159 28 999999994 278387906
214 87 999999998 998109856
183 190 999999997 259276716
204 57 999999992 370315530
174 150 999999994 881275333
25 207 1000000000 145147215
121 97 999999991 89115954
41 42 999999994 648392333
102 96 999999990 818085557
17 156 999999995 978549478
157 167 999999996 591029567
250 18 999999992 840241857
212 215 999999994 661996290
113 94 999999992 751735562
194 168 999999999 766316003
212 179 1000000000 473033384
82 42 999999995 498781864
24 231 999999997 135361655
7 170 999999991 974943126
90 238 999999991 780909906
146 176 999999994 106516041
132 165 999999996 590199808
91 171 999999999 806351549
179 246 999999992 9410431
179 66 999999997 663354321
218 40 999999999 410735876
160 60 999999990 998748945
4 208 999999991 58775692
57 85 999999990 597315018
212 35 999999991 728989964
63 140 999999992 671618333
65 46 999999995 161891634
237 156 1000000000 99968872
60 129 999999998 786190899
241 9 999999999 723186036
159 171 999999991 355592371
229 181 999999991 880432043
176 106 999999990 325050064
136 178 999999992 428195520
119 73 999999999 688336662
182 122 999999991 822594545
70 110 999999996 970419777
196 45 999999995 519229284
186 100 999999990 214185817
28 129 999999996 594632067
113 2 1000000000 139602364
105 221 999999997 503193279
25 29 999999998 686859784
52 163 999999992 318565386
54 9 999999991 670335916
195 10 999999997 503156960
129 9 999999994 574583081
61 213 999999999 179168769
47 89 999999994 857904615
34 54 999999994 71392109
128 64 999999996 357471693
151 240 999999999 795493755
16 182 999999996 225892753
58 187 999999999 866752143
229 166 999999990 490364674
170 79 999999992 168413367
90 224 999999997 497174756
58 95 999999991 47909911
119 94 999999999 79136176
200 70 1000000000 407060978
215 145 999999996 748509093
188 9 999999991 466404401
51 5 1000000000 397056989
151 107 999999991 462614423
149 140 999999995 239298641
241 161 999999999 474384654
226 82 999999999 10813564
49 202 999999998 708904025
53 164 999999991 318866104
157 220 999999997 156452339
224 41 999999998 599775236
10 182 1000000000 353835699
135 60 999999999 358705032
54 192 999999992 12301162
248 118 999999992 623137845
125 113 999999992 381144118
79 117 1000000000 466273011
218 186 999999999 894965548
117 89 999999994 354900479
148 100 999999996 100362419
225 99 999999995 96683326
39 124 999999998 478198243
176 243 999999999 941153983
60 98 999999992 682868353
238 216 999999994 64665665
104 158 999999992 696626244
139 142 999999996 189999182
8 95 999999997 457022761
116 64 999999995 508126970
129 202 999999996 251514957
69 177 999999998 766650020
245 81 999999998 198692702
182 194 1000000000 900325099
241 22 999999990 147669201
97 238 999999996 226150891
119 160 999999995 934233857
79 109 999999994 677584917
152 207 999999994 169143629
230 42 999999995 275238230
93 51 999999997 893388880
198 177 1000000000 695603410
135 81 999999997 807788504
247 187 1000000000 631210024
56 89 999999991 103840340
78 54 999999994 765738234
189 172 999999990 75922046
83 176 999999999 954291214
156 239 999999995 334706870
84 238 999999991 85917366
42 208 999999994 996079848
106 41 999999990 267396530
186 195 999999992 56131715
86 189 999999991 199430057
247 219 999999994 310028084
63 91 1000000000 376690208
232 58 999999992 425880955
118 144 1000000000 14492884
230 16 999999997 260859262
168 242 999999995 45529987
179 59 1000000000 801844590
111 221 999999993 52307298
48 246 999999995 926087020
184 1 999999999 565573069
17 137 999999994 811271206
3 190 999999990 190921922
176 38 999999999 531781527
147 143 999999994 737429108
51 248 1000000000 337864991
243 34 1000000000 109258626
146 198 1000000000 986744735
64 81 999999998 187117804
31 102 999999995 987463808
138 246 999999992 832879774
155 131 999999992 452956445
155 210 999999999 341547916
243 130 999999999 715376401
222 174 999999999 182916417
58 206 999999990 847134974
69 183 999999991 382121416
164 48 999999995 685749460
115 137 999999997 591000846
94 125 999999992 26842869
91 58 999999993 205026925
222 173 999999999 13531115
207 182 999999991 747676374
231 13 999999990 603730406
99 228 999999993 738246060
243 89 999999994 82947362
126 55 999999992 745032387
155 22 999999999 101914107
156 211 999999999 294957161
158 59 999999990 997526342
140 61 999999998 778208875
133 237 999999998 180431527
106 69 999999996 146030646
134 25 999999998 307111691
51 143 999999991 229321839
214 83 1000000000 375403466
70 64 999999990 761706647
52 228 999999998 334455216
230 198 999999992 587010425
79 229 999999994 279679153
144 136 999999997 180389322
65 136 999999990 220398015
195 215 999999999 581394389
163 45 999999991 964416824
42 112 999999994 945437429
217 86 999999993 432046496
118 249 999999991 817532011
138 154 999999994 146484734
107 165 999999994 865351608
4 85 999999997 77379758
120 56 999999993 239440155
36 2 999999997 615847149
229 242 1000000000 918546123
141 120 999999992 970609759
63 139 999999994 106333828
73 238 999999997 936378101
30 148 999999990 321301295
223 226 999999998 764114661
210 91 999999994 564885931
160 188 999999990 388108370
214 162 999999992 59766250
240 223 999999997 332673235
23 233 999999999 486060926
29 248 999999990 456343441
9 176 999999993 284063262
82 245 999999992 765187937
173 47 999999996 323838725
161 177 1000000000 437232026
29 20 999999999 313406066
25 19 999999994 30595184
181 40 999999996 14602895
174 148 999999994 19099382
36 239 999999996 322028242
240 244 999999991 492172744
218 149 999999992 706989512
1 196 999999999 213022833
4 210 1000000000 227755766
112 83 999999992 531795181
180 182 999999993 248747237
76 29 999999991 18895703
161 238 999999991 110835699
164 205 999999996 317979582
198 173 999999993 632305301
124 44 1000000000 824670460
56 220 999999998 602669746
97 198 999999998 760322016
21 229 999999990 538317875
38 217 999999990 542252295
14 55 999999998 394766141
66 91 999999996 441428001
130 4 1000000000 864658198
179 98 999999996 984745056
119 240 999999991 397577327
241 180 999999996 940956715
33 180 999999998 843691813
138 131 999999998 912642833
62 47 999999999 889980768
179 5 999999995 404723526
172 171 999999997 296358544
181 70 1000000000 807642426
124 210 999999991 73004990
14 158 999999992 576826236
223 154 999999991 301889507
71 1 999999996 114555446
170 132 999999994 308892053
28 119 999999997 782647636
134 155 999999993 566346015
47 237 999999996 576964782
36 204 999999994 735771605
214 174 999999999 81334061
142 44 999999999 679328751
1 103 999999995 499091321
1 106 999999993 323490683
20 114 1000000000 920740160
184 125 999999998 36099117
138 93 999999995 537115937
203 172 999999992 479592741
112 111 999999993 104149747
180 122 999999997 632322694
198 48 999999991 481331771
68 95 999999998 720060205
100 85 999999990 163270675
101 133 999999997 85939465
43 223 999999990 458312356
91 194 999999990 140778367
231 153 999999992 253238627
206 134 999999995 173151808
28 151 999999995 433753867
27 118 999999999 615961983
195 208 999999992 166204913
110 5 999999991 870726615
159 94 999999998 84340977
53 11 999999991 359884281
112 100 999999995 82825601
42 32 999999996 965705634
181 22 999999998 270523978
84 20 1000000000 907057438
221 14 999999993 37359429
185 120 999999993 480353771
108 75 999999993 931033934
181 69 1000000000 612324199
53 143 999999997 51280938
73 103 1000000000 78700087
50 144 999999990 942609875
136 41 999999995 477989642
127 80 999999997 609978366
90 150 999999994 216421924
226 89 999999991 968163021
83 159 999999995 791307409
222 5 999999999 286695928
124 182 999999999 375948565
219 204 999999997 133418572
133 53 999999998 730152312
138 89 999999992 568173663
129 59 999999993 798328622
135 103 1000000000 622087260
148 109 999999995 754744880
104 58 999999992 519804795
7 153 999999999 980312533
224 246 999999995 625681884
45 114 999999990 331332167
236 212 999999999 32022099
110 169 999999990 489934930
241 171 999999991 677538115
132 219 999999997 869252054
10 143 999999993 21591081
66 136 999999990 914640755
122 218 1000000000 586867243
99 105 999999997 910754133
187 147 999999997 867544658
24 193 999999998 250108137
194 141 1000000000 95211271
208 39 999999990 403567457
16 126 999999999 685514778
200 183 999999992 166805807
238 103 999999990 109486071
32 109 999999994 847050458
13 92 999999990 954661077
211 100 999999998 813030130
30 206 999999994 513399276
227 122 999999998 764339651
15 160 999999990 770529971
200 94 999999990 733658563
8 115 1000000000 79651283
35 45 999999991 411355800
150 210 999999994 379121901
130 236 999999991 429979643
239 249 999999998 261751111
231 236 999999998 892540530
102 200 999999999 976623274
60 140 999999991 418413911
14 186 999999999 4138926
18 121 999999990 608003088
249 70 999999993 542725359
92 171 999999992 479074127
135 216 999999997 308065227
94 2 999999993 714877603
19 124 999999990 305825833
60 235 999999997 209885062
9 36 999999997 643719472
70 15 999999998 71279685
5 186 1000000000 889550509
203 194 999999990 107721440
15 54 999999995 913378795
223 63 999999998 119063276
119 176 999999997 979059924
182 73 999999999 334193465
133 32 999999992 204835832
149 216 999999993 766780316
141 85 999999999 366489490
150 160 999999997 770584493
94 80 999999995 533825766
40 107 999999994 433346660
188 119 999999995 99846343
174 122 999999991 333115754
239 244 999999991 238254242
26 54 999999992 939184611
38 207 999999991 945860524
197 71 999999991 556991734
207 112 999999997 224606503
248 185 999999995 681515014
248 198 1000000000 870536144
205 161 999999992 553222287
107 29 1000000000 123592410
180 28 999999991 788376914
118 176 999999996 368460586
191 172 999999994 433077892
7 185 999999990 604252965
144 236 1000000000 956782128
150 183 999999995 203663456
16 237 999999998 535715189
119 22 999999994 170717088
79 84 999999993 367013228
76 66 999999999 444843314
46 220 999999995 358297288
9 205 999999993 772846011
120 239 999999999 404193110
242 229 999999991 885510035
7 172 999999990 386962436
122 29 999999991 111489319
156 217 999999995 813219402
215 20 999999992 105958854
225 1 999999992 612839493
126 244 999999997 232484730
139 9 999999990 310676057
102 61 999999990 722512878
88 129 999999995 799267795
119 230 1000000000 943813709
246 148 999999990 389721749
185 151 999999991 559753746
181 66 999999995 893657894
240 6 999999990 510999448
176 242 999999999 907885595
78 158 999999999 902074383
153 78 999999990 520716188
15 83 999999997 932770054
195 78 999999997 310684934
104 70 999999994 102527527
205 236 999999996 403197716
74 15 999999996 425390717
193 116 999999997 504834019
244 13 999999997 198962313
156 126 999999995 517761417
159 193 999999992 194161802
249 135 999999999 330027548
195 242 999999998 595070150
244 239 999999994 493335310
31 238 999999994 484767404
127 177 999999999 635558597
41 34 999999996 515232182
93 131 999999999 399796409
168 149 999999993 276374687
215 17 999999998 704411695
109 128 999999994 333035725
107 191 999999995 170279662
159 29 999999994 685645978
61 183 999999990 374196861
171 99 1000000000 287645095
166 137 999999991 873370016
65 213 999999992 953280913
211 57 1000000000 749435608
109 62 999999999 654651541
63 150 999999995 45635220
241 57 999999991 507946289
207 83 999999998 33332025
208 223 999999999 233249208
52 198 999999998 873973626
205 142 999999991 175282683
92 169 999999991 593161730
76 248 999999998 575164883
153 83 1000000000 360927147
117 50 999999999 55309952
62 227 999999991 80851322
202 62 999999998 33423026
164 45 999999990 958751651
247 3 999999996 593063494
124 221 999999990 764498960
95 171 999999991 424911517
188 60 999999993 158238495
18 111 999999992 702446304
78 201 999999990 984334947
20 196 999999998 146744847
36 19 999999993 797417594
131 45 999999995 743924082
177 154 999999992 274263425
56 230 999999993 53801144
167 129 999999993 188222252
71 77 999999993 456829289
9 218 999999999 254440020
207 124 999999990 126439141
165 133 999999990 241934101
173 7 1000000000 310474903
50 100 999999990 982860330
240 231 999999998 3119009
206 181 999999999 317363482
135 15 999999995 5915956
109 131 999999996 283716048
42 110 999999995 115725985
132 39 999999997 652468498
88 224 999999999 509748659
6 230 999999997 958292282
19 69 999999996 110313017
80 228 999999993 75269112
226 102 999999997 743936315
172 69 999999992 689630111
141 199 999999990 893579020
133 85 999999996 132203613
39 230 1000000000 451850366
69 211 999999990 813533296
187 13 999999992 317597428
226 138 999999994 491462342
37 10 999999998 541501935
120 138 999999993 103148086
55 63 1000000000 923291095
71 56 999999998 357760282
71 222 999999994 430447840
196 76 999999995 236598326
146 5 999999997 446254730
51 230 999999996 287162499
36 205 1000000000 559552878
3 6 999999993 60656195
202 229 999999999 759564422
232 203 999999992 229605464
123 212 999999998 886880172
114 107 1000000000 22381852
148 98 999999991 258066688
110 217 999999997 278991880
152 125 999999990 666904600
143 31 999999999 462798577
161 238 999999990 960753312
121 106 999999993 706051379
48 193 1000000000 733776128
114 179 999999997 72033518
244 120 999999996 256358526
47 112 999999994 821804804
102 130 999999992 178011670
133 44 999999998 507552133
38 209 999999994 584882518
222 98 1000000000 95707959
199 66 999999993 229452275
139 184 1000000000 908242731
10 129 999999994 698334165
187 132 999999996 163486522
147 90 999999992 787539521
57 208 999999990 842832762
85 168 999999995 559502971
207 97 999999992 238476480
168 142 999999992 236414783
137 125 999999993 542087229
16 121 1000000000 792572068
182 238 999999990 563719112
242 159 999999995 339386469
173 248 999999992 154943639
2 159 999999990 542005538
85 143 999999999 62967938
208 196 999999995 499774036
216 214 999999997 661465620
138 184 999999999 104490580
61 234 999999994 771999488
52 74 1000000000 473448275
38 137 999999994 321804239
124 120 999999993 746271785
176 154 999999992 70774189
140 95 999999994 656317132
198 216 999999993 19639776
33 166 999999993 430838343
248 156 1000000000 657885522
242 192 999999991 119482623
78 197 999999997 723149999
200 142 999999996 160268328
243 224 999999992 469595294
181 20 999999997 157271335
113 177 999999991 524895379
57 133 999999997 258195623
119 191 999999999 284175161
243 107 999999998 544354432
68 121 999999991 143838859
236 248 999999997 11595630
122 247 999999992 456826418
31 158 999999995 522605210
200 27 999999994 413318110
178 163 999999994 472474022
28 151 999999997 952690843
240 147 999999999 108183809
111 2 999999994 547547265
189 70 999999992 184001850
222 88 999999997 145382085
194 245 999999990 541300454
182 2 999999997 781097640
27 48 999999996 144922611
238 222 1000000000 446912320
211 75 999999997 797825793
113 49 999999993 844140560
208 108 999999999 682189816
60 121 999999996 673789113
142 79 999999996 820768565
111 81 999999992 518596230
247 42 999999997 813495855
28 79 1000000000 605951785
116 109 999999996 735222626
53 158 999999995 174104954
209 150 999999991 157475402
12 132 999999994 709839753
215 243 999999994 472082143
108 132 999999994 454173390
112 121 999999995 688130635
236 8 999999994 945919097
79 3 999999995 602131292
126 134 999999992 425563877
41 85 999999990 508335082
191 203 999999990 205881527
184 39 999999993 497758318
92 216 999999999 720304286
26 202 999999996 195173110
104 30 999999993 354851107
105 234 999999991 80723422
18 213 999999998 694139751
237 27 999999996 525711850
195 131 999999994 829952210
58 20 999999997 786372393
81 62 999999997 466821879
95 124 999999995 587742176
109 7 999999996 801642531
38 101 999999998 173682021
28 105 999999995 645180219
102 163 999999995 739367908
200 51 999999991 430202071
6 155 1000000000 172846599
156 210 999999994 945779816
11 27 999999991 606193224
41 157 999999997 105382009
116 95 999999996 563855644
137 200 999999999 338087509
1 230 999999997 625237414
31 119 999999996 289389254
227 60 999999999 195914735
205 132 999999999 675679842
69 135 999999995 752713221
137 170 999999998 486356809
204 36 999999990 204147759
243 211 999999994 178144168
247 30 999999993 718826300
129 95 999999995 675541119
99 11 999999994 722128488
132 128 999999995 99859349
155 1 999999997 530057650
59 19 999999998 551900304
176 4 999999998 494000525
242 216 999999997 371003288
178 65 999999998 366930341
59 78 999999995 676571286
140 236 999999998 937848973
10 200 999999994 40572201
204 141 999999997 637061206
52 144 999999998 309331857
41 164 999999996 517474033
187 167 999999994 310977142
171 214 1000000000 272045179
57 60 999999997 182486965
131 141 999999990 406090108
138 28 999999992 76127688
159 213 1000000000 728489523
187 15 999999995 150360262
134 96 999999998 553496256
63 206 999999991 258198658
135 84 999999995 902357182
242 135 999999996 828431604
209 50 1000000000 767594473
221 231 999999999 12492682
149 213 999999990 363145865
232 155 999999992 359792999
215 173 999999999 250773316
8 243 999999997 817169077
213 83 999999992 324357273
38 56 999999998 179041422
214 172 999999996 179725947
74 78 999999998 96511159
131 27 999999993 224574317
46 4 999999994 711843698
236 76 999999995 282480153
148 4 999999995 862906279
221 160 999999999 431542576
123 5 999999991 318218475
80 158 999999994 189580798
70 201 999999992 864862784
223 52 999999992 214252589
223 204 999999993 189861626
142 85 999999997 886728707
27 177 999999993 578351442
99 107 999999992 785978039
163 14 1000000000 547179801
247 59 999999999 490392239
199 137 999999998 456616058
28 72 999999993 345246488
83 164 999999991 115099897
19 227 999999995 616145233
100 98 999999993 649298214
11 158 999999991 339963669
219 161 999999992 650992894
88 164 999999990 754494924
199 13 1000000000 489016884
55 244 999999992 345311701
4 74 999999996 362297213
133 26 999999998 695770863
45 158 999999990 596274403
185 9 999999999 604995366
215 216 999999999 408452065
79 109 999999995 51466407
88 64 999999996 825000838
115 140 999999993 991058712
192 106 999999994 166276071
216 207 999999993 370997656
186 177 999999999 972233617
100 50 999999991 212357831
249 78 999999995 256380384
173 127 999999990 545554424
54 212 999999998 471056141
195 129 999999997 119098959
15 129 999999992 684878992
231 232 999999995 702620587
64 182 999999992 316401935
174 67 999999990 481024064
57 162 999999992 359881815
199 45 999999991 638258479
174 81 999999992 916462393
176 134 999999995 511108436
66 213 999999990 710121735
51 106 999999990 759239424
184 25 999999993 934616343
13 38 999999996 353257877
92 173 999999996 975432537
124 182 999999990 719406562
197 89 999999992 336107994
191 37 999999991 414869126
57 87 999999996 999830229
157 208 999999993 252373219
60 187 999999996 549120140
24 64 999999999 809933393
63 82 999999991 208512807
153 138 999999991 269308497
104 9 999999995 92639390
188 15 999999991 611555012
198 108 999999992 287426627
219 49 999999998 216025558
120 97 999999999 894950107
46 156 999999990 58292740
28 167 999999995 395770924
250 123 999999994 2428202
153 250 999999995 942326734
231 117 999999998 37768227
51 65 999999997 166197252
249 106 999999993 130717452
150 4 1000000000 304090587
26 198 999999998 491243757
116 111 999999998 343170368
117 16 999999992 757441469
207 78 999999999 926736814
248 64 999999998 496459124
213 15 999999992 898342496
198 174 999999991 128165338
214 96 999999991 803457251
219 204 1000000000 635882432
150 10 999999994 456480129
154 102 999999996 611955702
77 95 999999997 896027075
92 226 999999996 793290617
2 11 999999999 293859740
5 77 999999995 387099380
75 35 1000000000 954642381
177 80 999999991 160500827
98 69 999999990 505208943
25 141 999999993 476421915
227 105 999999991 545906327
59 184 999999992 58197820
108 9 999999996 525894768
70 1 999999992 388707757
92 151 999999996 255110868
31 193 999999998 743608566
88 119 999999993 6780636
211 68 999999998 522354659
86 135 999999994 653134296
111 249 999999998 652363028
245 99 999999995 257255135
123 12 999999996 905651902
118 91 999999995 19035715
140 122 999999998 26121257
216 18 999999993 385722905
220 30 999999990 20922580
136 198 999999998 98051780
113 165 999999991 697823387
104 83 999999995 508402491
212 185 999999997 256516604
146 132 999999990 354150843
76 11 999999992 954292187
207 79 1000000000 38832851
147 209 999999997 598437614
162 110 999999998 457358067
60 82 999999994 319484689
104 199 999999992 233514264
30 17 999999999 389888776
236 132 999999999 947215641
21 250 1000000000 697161869
132 207 1000000000 791809579
71 203 999999998 892182048
3 102 999999996 506764201
169 65 999999999 8145053
199 2 999999999 192661085
241 174 1000000000 192980701
184 68 999999994 692934499
12 48 999999994 443620199
199 23 999999994 757782787
108 99 999999993 947343269
141 165 999999993 18114167
206 103 999999999 682584282
250 177 999999994 966870707
107 4 999999997 78423576
238 178 999999991 280700742
107 187 999999993 917541869
81 181 999999997 376458110
202 143 999999999 791459055
165 147 999999999 325062235
201 169 999999998 181497988
89 118 999999997 519504591
228 152 999999995 245249282
219 51 1000000000 122312181
56 47 999999991 269382668
196 55 999999992 475226115
216 115 999999994 614466577
174 83 999999999 678452309
38 229 999999991 426691151
176 148 999999995 56511360
52 72 999999994 337260508
240 11 999999990 349712458
161 106 999999990 538637275
71 211 999999994 578746268
100 58 999999994 461957931
182 170 999999997 449582085
217 165 999999996 649529867
4 80 999999994 399805745
108 207 999999998 745307926
13 212 1000000000 101936440
130 187 1000000000 507962905
142 69 1000000000 753423215
12 189 999999998 505335799
144 155 999999997 23342457
191 83 999999993 822931859
88 143 999999992 19049842
41 62 999999993 434732217
101 33 999999994 974351492
78 231 999999994 676291072
70 210 999999996 135026368
71 67 999999992 111618032
23 64 999999998 597516908
38 198 999999994 279120847
176 191 999999994 976682098
102 54 999999996 297185635
169 60 999999999 220988246
71 167 999999999 875728775
74 37 999999998 883940355
248 170 999999995 110723224
214 161 999999995 721807199
60 58 999999996 365167926
155 150 999999995 21393466
137 90 999999992 118716133
123 63 999999994 325602589
225 177 999999994 911957585
146 220 999999995 332002534
242 197 1000000000 621367647
22 198 999999995 661727604
129 164 999999993 234440560
24 91 999999998 76201662
187 194 1000000000 49396713
90 166 999999997 534666682
205 128 999999993 273092684
11 154 999999993 675806333
163 47 999999999 36153634
89 209 999999996 504568555
105 145 1000000000 909376315
26 14 1000000000 127011233
230 87 999999993 965110948
123 124 1000000000 805312944
83 194 999999995 681483660
45 126 999999998 782388093
127 176 999999998 422820432
34 61 999999993 693420875
115 100 999999997 65452019
125 180 1000000000 393930481
24 8 999999995 333737119
6 51 999999995 83084355
205 173 999999999 223600583
159 90 999999994 582108244
3 32 999999998 750676219
32 95 999999999 506674448
194 154 999999994 136351826
240 154 999999990 332165883
96 3 999999996 474080305
181 65 999999999 810806807
171 60 999999999 919462747
88 132 999999995 721756486
81 165 1000000000 990175525
249 29 999999995 952667377
191 219 999999991 305076596
218 15 999999994 973706723
102 100 999999999 343013675
31 57 999999997 706066177
221 64 999999995 829769575
1 180 999999995 65324837
24 1 999999991 237108811
136 16 999999990 907323434
22 156 999999996 929318049
51 118 999999994 243246899
138 114 999999997 705036639
126 5 999999996 553039933
63 160 1000000000 720528406
65 20 999999992 278360206
134 185 999999990 500483010
63 28 999999991 138485409
140 48 1000000000 617811938
26 222 999999997 364975212
141 226 999999991 162112065
23 219 999999990 441265303
40 75 999999991 825022636
7 105 999999998 486083957
140 72 999999992 3366368
27 79 999999994 238941185
162 99 999999992 498150813
85 239 999999990 444950189
204 117 1000000000 948218070
131 43 999999995 889175043
136 172 999999994 279230852
236 19 999999997 196232035
83 126 1000000000 835921485
185 178 999999992 490277717
79 205 999999990 794863025
14 241 1000000000 494879921
142 187 999999996 860685906
201 76 999999997 266206315
214 112 999999991 175457798
186 22 999999999 895889471
227 201 1000000000 845919221
189 78 999999997 841967457
137 49 1000000000 196993576
47 208 999999997 874439123
182 86 999999990 644081748
25 220 999999991 310534269
51 39 999999994 644385932
172 167 1000000000 928778639
87 79 999999995 610867979
86 95 999999998 731409817
83 108 999999993 2695049
53 11 999999995 757531960
213 249 999999992 351759484
199 26 1000000000 622616643
106 125 999999994 155955835
70 50 1000000000 394406381
224 201 999999997 754489651
224 69 999999998 563069165
181 245 999999993 914499747
107 182 999999997 228240788
28 229 999999991 158022125
77 138 999999999 724860643
209 153 999999990 715993259
121 59 999999990 720219873
25 66 999999990 231830113
156 142 999999994 277744113
76 178 1000000000 510985815
95 16 999999995 694222923
243 94 1000000000 484081816
169 204 999999994 333105971
46 249 1000000000 386310590
28 60 1000000000 814091191
131 12 999999994 444234676
231 20 999999995 514197949
49 24 999999998 965398182
48 196 999999990 886525290
77 141 1000000000 204089978
37 161 999999994 651532483
249 205 999999999 40585424
31 246 1000000000 422385964
149 248 999999990 814144993
32 100 999999997 230614036
228 24 999999993 196654969
53 153 999999992 471512514
169 168 999999991 228919858
141 32 999999998 260710339
119 27 999999995 657182013
37 114 999999999 695123720
1 236 999999990 547033021
8 234 999999992 85644883
245 151 999999996 215776634
114 206 999999990 104446704
21 213 999999992 943245340
185 86 999999996 585881836
88 149 999999992 734551706
56 244 999999990 572401982
217 128 999999995 155937911
60 186 999999995 962218582
115 63 999999995 318812386
160 99 999999997 916083777
89 21 999999999 885273734
181 94 999999999 711370917
53 7 999999990 658882451
120 97 999999997 126607011
117 142 999999991 868371433
166 207 999999998 59629258
201 218 999999996 187552554
151 228 999999992 312198178
145 31 999999991 309417481
242 128 999999994 411212061
124 79 999999991 632798816
1 181 999999993 416759385
217 158 999999996 997601544
189 205 999999997 184843764
137 142 999999996 15481899
131 20 1000000000 131844693
240 64 1000000000 930643897
9 164 999999996 935258415
9 248 1000000000 889593207
4 19 999999994 384484981
104 187 999999992 639777137
196 164 999999992 573865737
125 73 999999995 317235663
95 228 999999995 288915259
216 175 999999990 9171156
70 36 999999994 220574789
186 230 999999991 745884447
102 101 999999997 461629897
59 17 999999994 672751152
155 55 999999998 87012728
208 111 999999993 317738711
48 33 999999999 459488849
85 18 999999993 460216716
50 223 999999994 221993516
186 28 999999997 66070379
124 151 999999993 829420488
69 128 999999996 344957679
140 224 999999991 911202348
138 90 999999999 393127883
175 46 999999991 166456745
188 241 999999997 563828443
221 115 999999997 517789393
185 161 999999997 180901116
123 124 999999998 880888610
198 57 1000000000 355298364
218 86 999999992 170505710
230 109 999999995 214139999
147 208 999999997 377340369
83 22 1000000000 750970717
16 141 999999997 248385047
189 205 999999995 257968426
77 41 999999997 931628312
239 82 999999999 782276798
246 28 999999994 622856516
241 157 999999996 126861941
92 204 999999994 356046374
85 17 999999991 253794049
46 134 999999990 171024245
246 51 999999997 403439469
240 229 999999991 451317230
178 74 999999996 931882546
237 203 999999994 707306477
22 1 999999993 625526498
221 22 999999995 133825672
223 14 999999999 625918801
115 141 999999992 646445429
188 221 999999992 578200905
250 47 999999993 870406400
126 15 999999990 457749902
165 174 999999992 357915717
74 96 999999991 319880697
162 167 999999990 657338697
100 153 999999993 82405412
44 231 999999998 263788530
53 136 999999993 102953563
79 20 999999992 378126551
142 211 999999997 283584564
71 157 999999999 63713359
45 233 999999996 546593600
62 246 999999994 522306014
212 141 999999999 512271762
208 77 999999994 319351156
117 196 999999994 532411518
76 14 999999991 615580483
180 61 1000000000 103323152
224 15 999999990 802316732
16 184 999999997 884434113
32 76 999999999 854357463
218 193 999999992 763811514
72 163 1000000000 158054103
179 149 999999990 773082682
26 88 999999999 381139232
222 73 999999991 164885928
71 107 999999996 753935068
172 245 999999990 897966562
30 153 999999991 859539672
200 201 999999998 219098188
152 89 999999999 113523320
189 90 999999992 702154525
3 176 999999997 29183268
235 135 999999992 495150725
163 105 999999999 530412837
218 76 999999990 455411270
175 58 1000000000 60649055
156 12 999999998 139828041
146 176 999999995 914202663
43 61 999999996 920685428
125 114 999999993 147491792
175 225 999999991 774343023
128 129 999999993 725626537
234 195 999999996 589953728
128 33 999999998 373504573
170 177 999999997 636886827
123 43 999999997 274001093
86 91 999999990 28652556
168 88 999999995 13325542
230 63 999999999 569718775
3 126 999999993 521407697
3 80 999999998 997577044
149 250 999999996 282595486
165 185 999999996 887159712
247 185 999999998 260447351
50 236 999999998 229426458
34 185 999999998 531183183
185 96 999999991 400520957
225 115 999999994 550371546
248 201 999999991 907479660
129 250 999999998 524710719
41 64 999999998 461329602
178 242 999999993 286771206
160 164 999999997 793593988
132 240 1000000000 150280075
227 59 999999991 78767470
5 168 1000000000 4654251
120 98 999999996 589474203
43 62 1000000000 320406869
191 80 999999997 885273887
209 44 999999992 396511513
229 107 999999994 384551093
150 30 999999991 267325726
228 221 999999992 881735563
91 143 999999998 810743238
222 249 999999993 23794394
212 135 999999992 729142768
162 67 1000000000 791130014
213 64 999999993 744724181
109 100 999999996 952720257
32 208 999999992 622396261
167 44 999999994 475551103
134 235 999999994 921109255
96 12 999999994 645663697
79 249 999999990 827005878
82 79 999999999 164856854
221 124 999999996 480135918
7 247 999999996 888236688
74 157 999999995 447429253
69 60 999999991 775488719
89 57 999999991 589010175
13 242 999999990 99909338
237 149 999999991 161090638
21 65 999999992 756233924
171 132 999999997 964537495
140 139 1000000000 913447931
51 22 999999994 983151683
152 22 999999997 339017486
191 11 999999993 917752984
141 228 1000000000 547089959
175 63 999999992 16725068
1 222 999999997 955840299
36 112 999999991 21565769
200 143 999999998 483691524
191 213 1000000000 557545113
219 110 999999991 76930647
244 44 999999998 151489975
67 54 999999992 264120224
195 56 999999998 952873975
31 189 1000000000 304147571
59 194 999999995 251562122
49 37 999999990 382367878
238 208 999999993 204076216
237 12 999999995 854960837
125 247 999999992 579891877
26 29 999999993 378177622
231 241 999999991 732052386
16 52 999999999 96091084
91 93 999999997 540891961
209 84 999999998 382700926
45 167 999999995 67898657
173 171 999999999 886945372
223 143 1000000000 919964401
76 123 999999999 931746635
61 202 999999992 661329997
77 162 999999990 249328552
8 248 999999991 750775616
193 134 1000000000 267121876
109 55 999999994 798340574
1 66 999999999 489405044
224 136 999999990 82200920
14 141 999999991 477796171
169 249 999999994 352795884
203 27 999999993 388744846
85 23 999999991 111650656
7 105 999999997 916269854
224 75 999999993 45908396
61 164 999999990 207252909
235 80 999999994 413305680
22 43 999999996 33845973
94 153 999999994 666940923
157 19 999999993 25870712
124 101 999999994 155561668
3 246 1000000000 984493351
18 24 999999997 92774941
23 87 999999990 908550060
113 55 999999999 853724116
194 9 999999997 597261680
185 9 999999996 905084552
108 122 999999992 33819609
198 131 999999991 849501256
57 103 999999998 102448166
217 71 999999995 585479304
195 119 999999994 722223203
115 21 999999999 908740572
33 225 999999995 406331666
13 110 999999993 22410474
39 193 999999992 318284204
196 221 999999994 711120652
143 203 999999996 715311652
230 196 999999991 861974645
172 150 999999997 220947242
197 26 999999990 130646294
27 217 999999995 649407480
58 229 999999996 844998360
132 15 1000000000 272219958
33 17 999999997 770306407
136 107 999999995 414406934
173 122 999999999 332420143
238 137 999999998 232939232
248 192 999999997 8591746
90 239 999999994 511149992
34 189 999999995 153806016
176 9 999999992 838340936
107 152 999999994 903694962
37 201 1000000000 19475402
24 144 999999990 458792195
186 7 999999999 751379532
207 24 999999996 497750195
197 97 999999992 188029297
25 196 999999996 907311936
151 93 999999999 962550200
47 245 999999998 762082015
203 157 999999993 96922706
157 153 999999995 732150962
110 78 999999990 966920674
246 72 999999996 2162042
237 220 999999999 419783468
130 14 999999990 631031328
29 177 999999998 238860349
233 114 999999993 450785195
24 23 999999998 94094970
107 102 1000000000 868259446
103 102 1000000000 641753254
142 156 999999999 31007336
167 43 999999990 285988448
83 71 999999992 274292378
234 97 999999990 462246450
211 60 999999997 922837853
188 114 999999999 589972782
171 65 999999997 199234518
10 33 999999993 547644126
63 189 999999995 311073872
75 77 999999996 456395741
46 11 999999991 635379050
48 32 999999999 826247164
131 95 999999990 257107224
6 63 999999997 768011531
188 87 999999994 837197849
171 135 999999997 459922183
145 110 999999995 528289554
246 231 999999991 804142079
72 24 999999991 436005509
39 91 999999994 321726517
184 186 999999999 855803900
216 142 999999998 590077625
134 149 1000000000 308761324
169 63 999999995 84542795
130 58 999999990 609776739
187 107 999999997 947511113
215 3 1000000000 328976580
238 250 999999998 320966086
25 41 999999999 320092215
227 95 999999996 559737074
77 145 999999992 846151907
163 41 999999998 615100242
211 197 999999990 278959624
202 20 999999995 154893024
85 159 999999992 425786530
112 217 999999998 650096265
31 59 999999993 493591752
156 181 999999997 362198569
14 114 1000000000 290166886
8 132 1000000000 807768852
48 211 999999992 633958162
84 119 1000000000 538787654
44 80 999999992 71151351
225 100 999999997 957069814
216 109 999999996 901186625
162 178 999999997 462461744
244 101 999999998 910692533
129 142 999999997 672138169
85 145 999999990 640516207
169 137 999999999 755990398
205 73 1000000000 620179859
214 64 999999994 752672843
113 50 999999991 107036563
72 51 999999990 174442936
38 190 999999996 549965705
42 210 999999992 188242087
181 26 1000000000 652843123
66 56 999999997 87760712
159 172 999999993 604434011
174 241 999999997 754105623
50 147 999999998 604241748
14 45 999999993 104350859
105 93 999999997 196150324
80 2 999999995 532031617
31 184 999999992 724640926
209 216 999999994 921164525
162 219 999999994 237952387
189 29 999999990 801093793
53 213 1000000000 224660515
4 106 999999993 404042834
233 112 999999994 960719059
104 231 999999996 875993512
195 83 999999999 965415494
200 177 999999990 115237799
73 43 999999999 729501541
244 104 999999995 886510897
94 73 999999996 716774901
110 21 999999992 944524457
112 150 999999990 909856234
72 156 999999990 808242121
52 131 999999990 504623628
154 111 999999994 299873291
22 30 999999999 526564401
84 16 999999990 937538411
48 176 999999990 597307890
49 36 999999999 894827602
194 121 999999991 728880085
211 46 999999999 525026042
133 82 999999998 989312268
162 250 999999993 10053757
107 65 999999990 833941879
214 92 999999998 450193767
132 233 999999991 93437521
56 40 999999996 846666372
203 208 999999991 731499068
3 105 999999999 106434011
88 248 999999995 7281286
180 49 999999999 663870170
123 227 999999990 142649021
96 207 999999991 124259108
26 35 999999990 935136414
217 158 999999992 45393156
192 43 999999994 229525266
141 198 999999993 879471360
45 102 999999990 431526822
8 86 999999997 89154829
120 184 999999993 602992945
214 146 999999996 394754223
178 232 999999991 81204705
161 168 999999990 833971282
103 50 999999992 42983378
170 135 999999997 95082624
105 117 999999994 439406491
98 97 999999996 68398560
244 200 999999997 28948769
213 14 999999994 839627112
115 37 999999998 145928090
184 72 999999996 986896842
38 61 999999999 941530959
60 157 999999997 923015255
49 181 999999993 36065141
130 183 999999997 482119713
210 67 999999998 605812491
70 159 999999998 968072123
122 65 999999999 485412393
20 249 999999997 195990743
159 134 999999991 287908331
39 178 1000000000 749445312
120 42 999999991 638309576
6 227 999999991 348776505
21 231 999999993 902703080
196 156 999999996 5976783
36 71 999999998 641975564
63 192 999999993 757008912
180 47 999999994 208172595
223 93 1000000000 617609670
144 249 999999997 765145029
66 179 1000000000 89654235
137 20 999999997 260844165
128 195 999999998 244656869
207 226 999999994 932052987
82 159 999999997 451520348
197 164 999999992 124150103
228 56 999999999 713983976
4 247 999999990 124135580
13 14 999999993 161351322
202 7 999999993 815997400
102 199 999999991 872002727
63 152 999999997 612256925
186 212 999999993 301656891
20 6 999999993 316493907
162 23 999999995 293762436
138 22 999999994 306846951
231 104 999999999 73594482
53 220 999999997 720069399
174 4 999999999 354716271
109 68 999999993 898225323
22 188 999999999 511751551
19 77 999999998 73859724
233 2 999999997 461540091
147 217 999999998 297452371
34 86 999999993 603482172
32 248 999999990 123481768
174 222 999999997 329413205
245 200 999999997 829806027
164 239 999999995 588182418
19 181 999999995 600007454
107 172 999999991 31430043
59 27 999999999 180597739
92 29 999999999 816524907
214 119 999999996 611975433
88 232 999999995 240447168
213 115 1000000000 945025353
46 35 999999990 482136660
100 48 999999992 486891150
110 247 1000000000 236212825
46 238 999999999 516286857
8 58 999999999 404863323
161 37 999999997 500131008
182 184 999999998 42005291
45 239 1000000000 379979550
122 226 999999994 753862699
114 160 999999994 102740491
112 244 1000000000 116978489
106 37 999999993 832125921
85 161 999999992 58026035
117 236 999999992 229464
196 51 999999992 168643575
141 69 999999992 799595957
66 50 999999992 748328571
207 76 999999993 524574245
207 76 999999998 857364742
102 159 999999999 425565907
3 158 999999992 142484300
157 63 999999990 825337331
219 215 999999999 355123829
69 39 999999991 925809235
68 191 999999990 354943405
52 55 999999993 495789710
88 48 999999993 878583418
249 195 999999991 637105226
231 211 999999990 66604858
19 196 999999992 51517403
129 72 999999993 473360823
56 165 999999991 302941998
63 47 1000000000 510698325
22 210 999999995 171455276
134 52 999999998 322344075
237 206 999999994 242838220
115 250 999999994 462017128
102 25 999999995 20220346
73 21 999999996 607965027
54 20 999999991 73263233
150 210 999999995 695771018
203 26 999999992 152930126
167 15 999999995 737447809
182 65 999999999 143931397
224 56 999999991 416745842
52 43 999999990 624612543
48 106 999999993 314843132
110 95 999999999 364701287
236 29 999999999 741457987
162 55 999999994 768870980
153 190 999999995 773432077
85 5 999999996 767612022
87 55 999999993 425204321
167 169 999999997 198654912
219 217 999999990 886694936
137 63 999999997 553682257
