500 2000
421 322 574698 544516110
285 319 558080 708226337
179 45 4296473 137019283
60 390 10251980 421235462
466 154 98233 836861067
23 226 744389 673044591
332 478 15091804 702735871
11 401 5205340 967865978
243 62 15436000 838245542
135 180 25364 584180555
188 386 15465280 685821882
303 121 58061 127104288
403 116 543014 239480046
225 41 14968992 680346873
1 55 9613968 615142090
204 208 18300 748375802
485 463 465411 260979595
141 273 938679 407721738
483 20 12432222 166685168
222 24 12687431 426353959
273 5 19614646 49427086
65 284 412033 677103053
337 46 41984 583533500
439 273 18539878 781113035
387 465 25790979 838831298
87 494 11067060 736883930
261 234 34339 917852372
306 163 15828862 153260487
162 149 16036255 243279892
327 130 146607 917618563
384 142 492566 228900405
342 86 476074 788298379
349 23 15414572 198701732
275 449 19649675 961518375
450 355 234333 581250695
342 452 59584 773557514
415 280 10028771 879865237
46 234 11484902 267088579
15 292 19983819 499101934
287 93 9680986 72984503
158 124 16252950 111041410
481 78 10184007 283599030
202 458 10221618 83812983
169 284 42897 76382351
437 427 4384532 576493501
309 355 22393319 814899675
445 358 75901 413276603
63 219 722697 566894904
278 284 744385 721347708
341 233 8714 932803754
406 353 13077325 141096126
456 11 630106 992794105
208 90 8260141 893367286
251 221 6639837 350364529
332 495 6223 388996482
276 434 19973 943881269
314 27 99596 973104575
237 42 15827262 413120706
67 267 9008521 624696863
151 69 69754 264680857
275 413 216655 489827177
339 441 590066 797459373
278 323 44049 300076580
210 98 42890 792214627
451 17 2365804 936104083
345 385 15661222 761116894
45 358 174325 802923714
349 388 21248866 223456669
296 97 21676957 191816843
363 6 14082804 551327878
157 113 6596553 10311680
202 314 17742649 556050092
285 228 9728283 603383724
24 139 16335278 857614733
77 255 770911 814894355
359 108 7402425 34291424
89 357 2826998 610232202
323 382 7814144 626009734
21 350 33062 874609152
241 53 12209028 255103843
368 469 6880963 527005795
368 450 47462 533574763
404 15 39620 931706781
207 262 24408 151413219
351 107 85067 599188315
3 77 62830 40180918
73 460 63438 74286605
233 79 95135 228409686
177 288 60108 539038896
233 419 1182 841054741
400 175 20835 831361120
454 296 395842 32288389
309 212 859896 145620814
230 9 2849343 291751706
448 336 11792796 843286661
173 275 21779284 621589666
20 289 346291 243737923
495 404 45849 216585055
344 497 10693839 186799422
15 292 88446 496840648
348 409 44998 427305939
119 92 50234 20277225
257 331 38257 782767658
72 16 16966708 841688997
132 311 23112090 234737142
281 84 76979 655695190
325 95 1840 224257427
472 435 76246 718886685
235 432 3370781 800710088
327 24 41217 87108162
132 7 8754483 883071922
167 77 12209190 870222110
2 131 755575 70573642
471 459 2283492 537162361
472 255 459462 299757109
448 333 399745 63397560
62 61 6067501 52031068
222 143 415219 489860647
466 154 59099 413928846
219 447 8124580 640075524
464 411 323715 973352408
56 158 6327205 579218425
20 426 10016185 860896775
120 346 423445 227436825
411 226 7832972 506764373
159 59 235186 779179014
76 498 12517434 412470492
7 35 10608911 7010229
478 16 13588 20995366
27 278 13115076 66775498
4 207 31325 313952205
309 482 21601220 677846390
467 196 14642361 414975274
447 57 30707 697186391
326 79 19322854 699129811
440 389 29415 643520839
260 55 14288992 702643014
387 404 18364829 204989288
312 433 7872469 813440088
218 498 18668141 614671065
317 456 18698 124410172
396 240 775248 30746676
124 500 19692 911384872
206 197 409063 50178308
141 197 13144256 486239753
397 144 321650 275767219
83 39 254630 368844599
227 330 11438558 715906055
9 432 23487469 381386457
147 1 806697 732931952
211 491 104589 758574008
242 128 979513 243017610
420 116 704243 876456064
159 174 12898843 169221529
135 245 3626490 37382172
192 299 5483942 599215495
431 425 520107 280886764
403 439 519644 655308308
438 244 81051 723706731
352 157 840601 22611534
82 31 11381081 431603011
96 281 6170405 408848843
219 220 10841660 628419905
212 298 90270 461763902
261 381 4224286 832787563
20 465 19446697 169576436
490 337 325587 557814339
66 323 62624 538129119
93 44 5466104 685855774
359 299 35018 280138671
51 445 207645 592071803
497 336 4467 42911148
210 414 10843654 873103868
15 216 42090 836348499
410 194 11869504 498082232
478 261 12191053 766500689
376 477 15869718 376741906
163 167 10198837 475649266
265 388 13264238 886942956
483 293 104717 170848182
401 251 60679 994613603
120 287 8213934 725896858
263 403 1456761 825688532
14 37 19938874 84669253
14 406 13146654 387462288
372 338 19175848 875962414
190 235 7941370 679547522
472 24 17550715 323426864
443 374 14278512 188083625
291 136 70989 791472962
53 271 82666 41158339
230 396 13656301 539740471
188 340 341659 340177051
376 413 19875970 677492341
314 352 11672227 957377889
456 97 5672082 799877720
157 383 312638 243169555
206 99 82503 689339764
142 120 365623 528415209
210 414 9754 732226896
162 179 15344340 847723
399 475 345105 309304880
232 344 2835932 451778460
469 60 101933 482868539
273 5 16408 31427963
100 50 7115063 426938908
495 104 50639 411995728
466 149 16844982 850850440
66 168 11501577 452769593
163 80 414504 98904277
229 92 992124 628898905
194 6 904746 535422491
211 152 13526843 407352428
466 154 158334 736376199
398 300 3751 768893959
481 168 16114 931871071
48 185 350462 770588357
55 94 14711446 931753436
376 448 10545132 800769128
491 476 546953 842391905
90 283 32489 609095761
438 328 638485 648716307
187 495 37058 621274023
333 215 104929 133989456
1 55 35515 22340402
10 232 8336142 92340504
97 162 37295 612524059
489 460 97531 79410114
272 218 120909 676053226
292 490 26880112 462501621
116 343 67761 219822770
222 203 8847890 267246436
467 196 80465 609803965
472 68 24279 581870900
191 73 17424804 377323211
434 367 9893281 883556696
180 263 5618182 708854472
112 331 12045 809019120
76 21 34267 529328793
202 205 17686265 174277593
137 382 195412 598965079
182 81 143236 823397911
193 44 14019098 261527121
256 183 529287 740904420
254 155 18768557 166040245
20 426 14878 680752710
4 132 15918676 336740029
113 176 666123 404158497
328 438 47451 235189154
192 169 2042868 857638789
115 470 13217142 711990144
471 49 10998781 539926314
377 426 688394 474561600
293 123 7343476 751345889
443 234 6272961 584163263
91 279 45692 297162611
324 133 22901 605670887
310 158 65926 572405098
132 54 10510827 882883264
495 187 4824535 209634638
432 275 23952449 476473668
22 248 177401 43325586
476 49 676503 913652723
79 75 98456 631353882
107 343 731160 738034539
317 456 1978768 599614720
373 136 13389809 287330178
150 162 16715240 774278264
376 383 6950720 343205406
496 260 13159522 778906935
489 460 7407807 645231058
179 242 16906366 23629695
460 252 11904472 944349081
178 460 12711303 946881393
302 348 14286160 365161180
196 188 14319198 896949511
407 438 14110404 19141245
458 27 11856361 242379504
280 57 214 507806768
178 467 83932 615657675
129 91 9837749 44573125
331 498 199735 942725435
470 243 78110 358230134
322 447 643044 915811270
64 462 3853287 314819502
54 68 58105 981948020
454 10 20893030 165839659
244 177 4881 127211971
385 107 20947633 770940838
156 392 97586 473768955
375 278 7275442 838242503
126 467 4048961 185371097
171 77 99948 416025252
78 244 45489 669661051
420 285 12791896 360382783
207 454 24177952 522218081
138 361 245404 694663725
30 210 653556 408705033
279 337 858312 565003932
57 486 14710716 211529215
382 286 7417147 432861918
412 144 652826 996940278
7 115 84070 992792404
298 445 4804627 269763602
401 452 6452796 306163406
303 271 784702 896012505
473 457 18892765 828773533
289 391 95750 629653411
384 170 12267751 170058704
242 460 14096750 5572300
299 184 11551649 178244461
174 436 12286085 474449645
217 19 13054337 748044568
499 14 11459534 425515429
24 21 69190 502801726
388 296 3068845 699185475
313 418 781297 507234020
60 162 842139 276268656
444 235 9726697 713436355
466 154 31036 291472326
471 441 331408 116706698
323 278 425056 656738959
197 268 18438244 880499904
107 348 18615823 572049171
453 70 98240 67983768
130 343 8309723 608671885
416 199 809031 450003176
128 441 685592 165408696
83 161 10267487 400994109
129 429 21595986 490678611
369 405 11201918 112827208
163 317 914218 628769576
470 115 12892 93500952
462 334 73891 977331774
39 260 17327459 917296054
312 458 141151 345832883
205 78 80442 35353816
174 245 674109 806517029
415 428 48047 16835616
308 225 406199 33490839
152 105 991062 565169622
109 137 18016867 836264473
305 232 468 109961060
6 194 31017 705716966
357 410 9343326 72787918
444 470 20517 481662650
79 129 280074 598906401
201 190 9178749 99825856
139 24 69563 685484695
211 491 9324 5869741
313 454 20654019 313779212
249 352 8182810 125282850
108 93 16663503 650872286
270 359 10364167 45374908
32 458 11070934 268316955
238 151 73258 774782620
427 317 8166674 232348692
403 263 42851 107048787
192 93 809563 628864342
12 330 619991 547744786
341 59 815697 590525949
462 142 95562 666832239
208 90 72699 504304899
396 230 38632 710723801
345 484 903944 56564359
500 286 140831 170216702
443 345 1053852 101898483
486 203 24395 350696422
375 283 14087180 108301854
420 285 16099 607593158
418 202 15757693 138666409
237 74 15862581 742416924
471 49 47078 934212100
236 63 254240 776748487
372 160 450583 266426957
317 379 13480720 710949899
323 66 92351 459568975
370 196 11352361 933949638
379 390 1412374 226178261
49 470 11754548 322340605
470 33 21409550 566053554
232 13 39899 31374712
484 477 92319 527142113
80 204 5169120 549308873
400 175 21958734 256761000
328 387 4871848 205562231
131 461 23589051 696727686
382 359 80631 394541484
295 374 12882501 554979584
216 307 17197502 82353250
335 452 130197 216281337
305 491 13035858 620405097
203 294 36819 119884125
311 337 247621 432591982
299 192 82107 768498628
123 171 26252 881829396
154 164 10094855 300316632
379 480 2876613 514985476
239 339 6611124 747846798
409 348 661464 968198338
466 130 7446978 413986426
446 11 48951 192150687
11 401 26792 538479713
12 444 15269412 925607366
226 500 4246319 468454794
234 379 745744 616031844
195 124 13847004 994753986
244 101 4380066 312663785
375 135 6805661 84714041
357 46 9677986 18705846
367 137 1357655 947454895
350 78 10413140 744464936
240 63 473967 124752543
383 65 1539299 282250089
25 126 19308 491785470
467 402 9348415 316302791
463 469 4740688 230654491
83 70 59216 310773214
263 77 15679990 411404755
410 267 740756 512661323
391 60 12573727 737168332
208 34 15170057 701799581
397 144 96 942302820
354 101 5985192 866860534
477 384 7887154 115055482
395 22 9259397 449331448
376 383 47976 774905404
381 310 805984 19911579
123 293 67064 769786377
220 185 14244892 825049767
11 450 82242 566922376
113 217 20539065 362107838
41 201 17921037 148637626
326 128 8858283 859884987
23 309 10816941 525497643
219 90 825546 331579313
366 108 118773 434360199
271 51 12395625 386105991
468 50 27175 791226877
438 194 40573 744434127
354 101 20695 817181148
167 239 502049 434781674
169 499 979705 337558651
156 392 37470 871375960
53 85 57754 520582735
421 365 476782 229754925
12 372 20023104 782486080
444 499 84799 290513718
28 68 13433197 41926825
161 419 59296 531328276
393 450 48214 376963370
128 441 6037 930666415
283 270 47753 607856167
317 379 44644 318246056
313 235 13928767 823537589
299 192 70692 164239195
491 344 10975556 6524783
436 220 172183 150306202
342 392 889262 749433313
495 187 74731 386830612
229 1 49184 507457447
234 442 5289913 558537465
28 110 3883422 964606897
244 78 13979334 397797023
424 390 5747721 74359131
113 152 10609136 326809544
91 388 57335 255868656
481 391 12758668 847512990
131 31 14954182 243570895
137 413 4062242 143003586
389 246 7597419 429164594
398 300 90594 995088817
414 349 17435373 824691826
3 170 8920552 818952774
316 187 807180 481656976
370 434 733950 908592597
428 451 513223 690441840
158 124 19975 98350799
220 291 251584 640350698
12 386 405806 27765030
294 315 9902949 857335615
123 8 15465811 751572731
154 263 95564 945520314
237 18 11274500 820390202
349 413 21166950 329944538
193 71 739254 124481235
111 109 71264 197302691
193 401 8229597 420269719
175 400 64084 461199131
96 495 13811820 528681511
146 369 511202 932467413
496 123 197949 440509761
44 100 969049 335846457
112 118 91501 993116347
462 142 9357284 356447428
364 344 17045750 244166507
146 314 22543080 458194911
195 191 12892746 337192304
418 89 14389180 327967621
211 231 3796141 567652266
193 44 49672 428550660
294 58 13109399 626852815
250 34 53581 153645464
67 80 743942 846403536
22 110 6033691 634624095
309 283 12526259 364503568
3 318 18173832 787833893
224 438 23232184 132432815
217 386 19891 559343897
471 450 10463703 196850094
265 303 3843585 668705405
42 152 57575 574537592
272 112 17643471 401399540
31 368 60290 512710629
141 36 399741 622577673
247 279 945442 692168408
473 205 737929 73618799
323 180 6925333 678813416
268 129 83094 918234609
20 464 12017709 155532385
487 204 802166 851810163
357 489 3714900 745403658
336 372 626164 824628998
196 168 896473 679288790
338 486 7724334 775274859
315 250 22948320 585739473
8 307 163416 86147547
418 30 23808 55146570
477 284 7592957 985744105
474 234 14273384 728395360
338 230 345640 392924113
446 360 7094283 89842658
322 154 10734592 291850860
271 235 14279384 417787013
204 10 517660 739327076
371 346 94155 398129108
483 436 9194969 999111100
482 350 8027 587016921
411 414 559098 623332266
271 52 59166 570066801
397 389 63032 167743788
171 275 12111312 231622053
265 198 2926557 900255294
4 207 15199 583477432
323 258 8362145 54054880
283 90 11836215 368911102
198 265 65001 184254581
319 123 178294 144821957
161 194 761328 271513375
179 263 15899186 794634045
429 368 870683 207452208
476 319 695795 944865562
295 235 77863 866056347
17 101 686257 90114894
162 263 554858 767361710
151 391 942458 997068687
266 306 75192 10170495
126 346 10233079 244291433
63 91 8561892 973040510
198 91 67750 50189332
257 12 18052110 311597943
213 289 81891 124258139
62 61 14358 623688788
57 406 185481 413690392
281 190 4081632 101168735
351 288 12035505 601938701
254 260 432761 327172968
86 301 3259 623574495
35 259 732086 85854439
396 77 13387178 114905808
241 335 459632 224201002
216 119 7510383 900746220
103 494 20070104 684021817
353 325 65247 313320831
131 20 15952948 756362639
233 69 9772986 477136846
207 4 54360 243891936
163 167 46423 296109031
175 491 17122630 375028818
4 25 89726 550744778
222 262 13533322 760867262
227 65 92289 396493793
315 131 24576870 973767305
202 418 66354 85184257
356 334 3224 468922889
259 88 16085 565903252
90 283 10530 70946847
316 57 12210698 844942164
480 392 57905 657890664
128 395 807538 996725115
315 461 2215105 679678837
174 266 30896 584694439
309 314 23507231 661528954
387 197 17764554 29058262
201 358 15754743 863703569
10 95 17461862 786195677
243 297 14495792 952269485
197 457 181934 547367788
235 212 74809 679048525
5 132 922249 233676232
306 266 12728318 25080586
486 33 179075 803534604
196 317 17814135 965525802
412 73 18647179 501829479
473 44 16239067 922199249
325 393 10929210 84406954
489 315 78985 694212489
477 249 23927 500479033
118 310 215167 396499024
265 24 15158022 125752737
388 91 11444416 786913203
304 474 12792700 2289987
465 32 43585 476358697
108 322 15006778 511158292
60 440 11333436 842426246
118 372 17393071 426157523
350 301 19353523 654836855
486 203 19806666 848302287
319 39 9057194 610145447
210 98 9525313 687552895
2 435 1592311 595135963
367 244 3113735 57957855
141 187 654741 347849546
280 48 18351992 710889558
400 64 727560 711181034
38 293 193556 118524334
117 57 7742831 480641364
94 398 14345529 665718729
407 23 712823 187479230
499 335 104316 928918994
252 52 8823908 278818579
126 138 61811 719700723
325 95 25110 342248037
331 257 13251408 787808314
323 215 594249 233088173
84 226 14971248 769236921
107 217 18120096 656003523
25 29 342668 138526948
162 100 66207 50108265
152 371 75415 888803609
54 245 2278058 204622223
482 350 489390 759547927
187 269 19579474 122282975
479 190 2868527 200937158
430 55 1137912 956987801
430 98 8445 377251336
407 53 13850004 721344459
294 203 562134 655047381
91 279 12470089 502617371
3 24 37193 770736959
122 480 10503608 274005778
265 7 16647146 705393356
43 448 12003345 550253114
396 492 9925292 487388312
75 366 907940 141865390
359 299 13748394 470013850
455 105 9430395 954590142
284 435 11518871 208498691
271 57 48314 441562213
72 250 307347 233212818
17 281 11883944 5805173
141 71 20893041 937885619
462 385 636899 513480874
235 313 60811 895144935
101 69 214326 594869665
459 1 765221 230696445
70 83 233749 826978090
171 66 4998 898098570
141 465 65900 95756350
477 249 53683 88991332
45 277 663655 755752036
119 349 16108442 752079293
445 185 739173 642132484
107 329 365407 517781098
176 427 36584 927624122
467 3 8219544 487780849
245 54 78295 650296945
163 80 25043 12663345
23 63 8578644 139156144
112 118 69796 218870231
233 61 16863375 660433596
93 267 4515624 272970452
217 320 911183 555450338
244 177 95417 424220494
454 149 315239 300992673
56 163 320095 428277027
382 292 21973043 964295092
66 323 5117922 173605996
227 275 9928 979701122
216 118 31171 515750270
107 111 91127 538674132
288 177 11010077 669223130
140 386 47056 706523857
96 266 562207 271523665
250 255 355804 664281650
24 139 79958 226306481
260 51 5755833 244611715
233 419 11003713 486973592
326 366 24609961 233465096
109 418 13859625 359881688
95 240 9776654 594051631
4 150 12496746 403626922
324 133 8296437 557461472
210 454 13925999 882205994
198 437 3401914 324418734
15 404 81064 446152457
339 252 4883176 585247916
446 439 56657 456613804
221 256 2763307 396152195
68 28 57828 512641267
417 350 7464631 917607388
91 129 17465 424567167
327 249 14862152 422505760
188 35 9624831 684663943
248 464 16016821 191868115
479 248 810056 823547860
251 396 182299 302008262
92 266 11288452 212208563
206 347 6705549 48364638
193 71 36265 950072498
141 293 9112683 85861355
226 268 17994612 820654163
38 315 20757881 307522515
268 158 85317 167437358
472 68 9286978 666117168
468 388 7201341 567068868
121 143 259439 162481687
398 267 10042235 822500240
216 223 7619265 978866976
407 55 2747500 577995656
118 216 9464472 41118307
102 497 76161 886589728
42 453 78425 578957564
30 131 15197075 915888832
112 331 704034 275312568
351 107 12014907 608806198
75 79 6396831 520883707
187 22 21392911 975108909
33 337 4468747 61287424
139 258 704376 73238826
372 301 17198110 403637068
200 258 20062196 822316072
338 15 6266368 225261435
500 283 3791775 810444381
60 241 9106238 673810305
354 101 2725 28898665
374 380 455437 414885560
488 254 534530 532700169
242 61 273926 710002380
102 497 61779 506948799
118 196 12812585 900661324
131 388 113606 126486803
197 272 472898 199101534
438 25 26359 326076338
127 114 26116547 19581173
120 158 16820905 559906172
478 481 302151 612334280
436 163 15558757 98563090
314 309 19752 219968721
414 349 58164 608117588
430 98 891573 420477021
356 486 994560 916278986
440 244 642478 878221582
323 163 64522 370246373
115 7 11686210 244252365
338 486 86889 25554604
499 169 73436 656614520
260 113 68274 784448938
366 34 15301204 540188409
393 24 11732893 941185710
171 123 3081645 422573917
249 283 171418 401793499
368 369 21953822 661110144
91 235 15518412 351129503
306 493 662417 112758793
393 450 15815569 444660964
176 427 9638484 647312576
306 19 8235634 147829050
5 296 18931242 138948169
331 323 12009218 944663466
449 120 13769910 82844515
115 230 22854295 61561403
282 84 7141712 516371767
260 433 752262 563205491
188 338 14212223 591052893
453 499 6514846 287399302
247 309 5997763 55391464
111 53 62659 889793511
18 161 876944 403389184
346 126 51268 294890886
165 351 9737418 67845314
238 151 629918 666151297
197 208 16478510 702581642
28 63 5390269 188686243
214 492 499287 118528372
202 418 17356 962076108
25 51 2168136 317145386
266 339 1941186 541050706
461 27 349166 28573863
271 51 87904 626849116
402 176 704942 610107493
303 389 62890 928297376
493 378 7881674 335848147
387 99 17129899 702641180
283 32 71133 895404551
499 444 56097 556133271
260 461 38539 372615443
40 488 221360 41976071
439 285 13150305 343895043
456 475 43390 978229985
302 32 6688973 106462042
271 51 18589 147711845
292 368 43774 450970899
436 238 566966 226900502
30 418 81045 842767326
496 170 11572902 391878348
256 24 18674 806010162
244 177 79797 901727268
425 266 881840 201698864
25 132 4363851 573452132
181 240 166295 514966604
309 23 25484 841843467
279 422 18188511 967469642
31 102 5468728 746709759
409 55 12866928 234298375
331 112 62747 96157702
131 386 36884 209380206
249 477 7991607 145731705
387 430 16387470 58904016
113 157 4301 131737460
139 324 837096 633024839
25 438 89127 662112690
65 468 8034610 849144025
184 416 17290054 222735937
238 45 11020393 604647215
5 56 353458 349077195
129 44 25902 623857679
170 22 3816896 827794242
322 443 229709 447227778
111 107 10476659 920692241
325 353 3704362 410093684
299 192 86687 592192609
465 114 829780 148753143
284 192 93498 171814639
410 13 6494155 717173910
188 491 10467308 878446196
154 395 6118951 871535431
82 436 779461 742101327
326 220 9637 5003283
146 179 500491 821004668
304 191 14760447 944060564
246 151 934188 821753079
417 85 16128387 541392622
42 453 986725 797184873
358 388 2779605 425866560
92 119 495494 406898481
234 443 60606 678048721
67 157 45619 386796135
415 174 21937 578070069
163 323 93976 416034914
22 314 11490128 70022812
252 402 49252 728183757
263 162 30850 753808173
226 84 90756 771079935
52 152 11572724 214163924
454 207 7308 847097344
335 437 614028 453081571
412 499 76722 160259547
244 438 14054159 467904557
259 401 9195261 39468585
274 348 19028859 572224961
367 117 978779 924369310
271 127 16476141 549752938
32 17 66293 540763067
443 430 114892 251304070
379 493 771528 847634434
65 227 521706 34739122
361 63 26681 820332942
389 440 991707 514272001
413 305 970796 739292891
114 332 7210189 402868762
54 113 9446685 177663019
372 78 3311 680854122
369 179 1011698 889655031
330 472 462195 830863306
48 391 43373 660750919
64 186 20308243 915659759
353 325 67424 210516731
450 11 6770049 501113972
99 206 82042 926778800
263 162 90764 10551598
171 77 11181 693151117
380 469 8531749 309982745
381 485 15575901 522321956
99 77 10687435 822826567
72 286 8679924 169732615
172 335 28964 535741848
415 280 90893 890372315
495 367 185077 403372916
210 185 5727519 415255238
343 111 9745482 755575000
107 285 99145 731555683
31 456 4672695 110629998
416 219 9119715 860270025
180 135 55814 737775879
435 12 394052 259566501
377 314 5365627 397873152
324 142 2852948 919623570
71 480 17644618 614019431
360 270 6050428 596869859
477 466 13172738 555137549
261 153 320 105327018
352 65 386052 253088963
157 67 7863517 630363358
117 57 33170 694320607
366 476 15560537 420117185
252 31 754137 537177031
143 120 4200161 461825945
489 315 11298 830579027
202 319 17563 109829845
407 482 15698292 975764835
78 205 7194304 565264046
206 99 9947 47814986
163 306 26868 770628139
413 305 61773 185494667
444 499 7073686 303347187
244 390 438972 567892582
116 343 72711 758327080
111 53 50608 52473983
3 77 66505 205740142
145 130 7493457 590445832
490 480 9452683 856376631
69 351 615231 818665011
479 331 1645223 615330412
402 252 9231396 336871795
394 168 11971283 847958744
304 229 263122 690399710
492 400 22776602 357951617
409 348 661480 41360227
226 353 14843702 462620844
349 434 17336326 423791351
129 165 31391 265502297
371 152 47073 772556834
446 428 6333536 868067642
207 427 13965088 180980166
483 436 37275 192849211
126 138 537709 434708580
421 398 6250705 741860894
496 260 82321 161618612
221 156 16898885 462825584
355 450 16634 20951225
233 183 17216466 811514772
164 141 10782821 74703260
451 192 3783076 463155384
251 31 171264 879737152
497 336 15775370 644806838
2 266 17566315 372948743
56 5 29060 305491939
269 95 14267325 344652103
263 170 580849 592219593
275 52 9998860 343220398
270 283 516799 190777602
359 382 88310 409645773
132 321 425036 42980313
68 319 21213 302285478
456 317 18094 172725487
21 24 890709 17157197
98 430 86916 70049082
231 241 651948 117534952
177 335 73161 345114992
314 70 21815987 602239278
419 265 835790 751429193
88 259 10144152 181451295
299 192 23012 200425921
316 9 7839672 245663443
120 402 15109119 768714669
157 477 9231619 707522047
277 297 15086755 338653779
7 433 751593 154658779
250 244 4861226 320486619
465 141 55512 226457787
195 3 2373416 63250740
1 229 7871437 453420019
26 182 17067 416596262
221 49 14602326 716763883
154 466 56415 121133107
19 441 11485311 874883403
468 234 825668 807284433
144 395 53283 45354025
53 111 32020 706810556
415 164 422568 96427181
122 385 37669 781707529
388 493 6401447 391037462
450 377 4486079 831936724
213 289 21864 587770846
87 314 9893468 80897209
389 397 17047387 167425624
178 34 10673979 794676460
82 195 16906568 14602956
156 461 20980273 966987166
202 447 602257 390517556
271 303 60343 567150621
71 193 88622 888238022
400 195 20280884 360074983
398 411 878857 794255057
473 457 1654 195590367
28 326 846244 204659740
335 486 13104751 460226339
248 431 9566053 451372618
228 412 20613705 771784212
321 166 18327045 602933515
9 316 51072 99830536
115 158 4661751 246220823
179 86 60896 269910325
191 334 71102 67088291
50 324 340345 62398669
351 399 10296202 649657540
53 85 18891303 322374039
262 207 27648768 631775722
7 342 16104215 77014417
462 247 842207 913067290
495 104 33048 936506142
292 368 9627 538426433
202 104 12365387 462430046
146 252 14213546 714857266
448 336 75686 607721553
335 172 7310368 76222724
488 190 200002 20034101
186 80 908812 867291969
202 18 605572 817379086
295 349 42713 94336929
425 266 35209 12314819
385 122 16707148 743179971
435 250 2291492 115188586
495 332 985138 13208164
470 355 12342510 800562032
328 173 781863 988403346
102 497 12848734 546396117
378 96 39753 415002448
197 208 71708 97205594
248 386 19915148 640701238
492 350 354223 678512838
381 220 22661 776779485
325 95 89481 436805250
276 90 43606 321516029
466 154 43608 332330320
272 6 8942567 607568460
132 314 8755125 859038747
199 208 876089 911362633
399 96 15969766 749349616
390 89 734990 50585134
426 20 86543 816699298
163 152 10717693 969285025
229 276 521946 169246944
191 334 24012601 768389324
170 496 99797 240586240
288 408 123320 600858501
298 417 796735 8402605
200 426 563776 216917491
134 293 16409298 567517381
140 75 984972 163655787
360 407 170461 671462368
95 325 14223200 13071542
373 492 96328 838133598
220 381 86506 952825082
133 192 212844 617478756
319 62 68043 929136711
4 207 67233 464485399
299 263 64515 624549917
46 337 18253044 713181898
36 168 10491189 248948749
255 58 419846 633915445
46 124 9622849 674360879
162 383 3444994 340241543
43 12 949029 259113701
232 13 2390415 378611914
297 387 10197945 92314279
199 97 803087 593813508
179 66 10793838 334604120
94 498 20408 851946021
104 41 7405 966193370
137 203 12847543 904402140
160 459 66352 591578170
66 323 83675 171804260
287 310 498302 376794860
262 246 15306230 777655120
223 476 663904 627584688
297 396 950804 464490982
236 148 8617005 635223089
136 291 650500 927847689
350 21 13988843 621128449
360 396 7996628 93159392
53 271 13307059 276516010
341 233 12597740 789109172
327 61 1418227 649502965
401 251 73828 127963634
373 201 389294 493635550
18 237 72216 470681180
394 337 36724 695364376
315 489 18720280 81967319
338 18 10088685 689310248
210 98 90369 768920198
445 51 22181 161914163
270 105 15953646 706300585
174 245 71885 441558706
400 62 16292820 657910402
486 425 22263190 884805371
232 141 16032884 830223164
430 34 25161 841909368
319 62 10213990 520811754
231 191 13589198 129639038
435 250 18907 76732102
458 151 67319 327714780
44 189 43782 261431951
78 481 33162 588918415
292 35 5255820 274844197
292 293 20931516 941590690
234 367 2886053 138515621
440 64 6205858 869619653
41 104 728671 604017008
140 265 17301838 672077144
299 346 11316658 123410315
260 321 7675681 459715653
294 423 8160373 128273625
163 377 7111968 263340309
389 303 4451508 616983602
165 70 259839 773184436
259 295 811263 425811224
73 460 216938 958770798
194 438 16492569 358655594
206 99 225605 761745426
311 105 21693419 376191811
3 24 969336 692636831
30 418 10008710 237245785
205 294 9307560 300912987
295 32 15732078 333697962
165 138 13374681 727133430
223 212 10759851 829270492
207 197 20262795 234152112
90 174 791064 843526415
280 57 10417312 904036192
54 245 91907 897947145
1 66 9105692 598318908
469 65 5303111 746271098
207 212 23405053 659721301
204 81 538929 384980196
221 63 5208313 664128628
223 48 13156896 458601420
311 397 24148147 650429348
404 276 7143347 609996690
180 238 12403887 803516353
422 417 5971139 787981883
153 421 202660 710723437
105 480 16808462 987418435
446 11 14629369 381162241
347 81 17030206 829077611
236 294 120334 211204325
242 183 627009 805156598
384 366 10997056 231237587
77 263 23568 384096928
418 423 15539356 860102835
4 78 59949 758823486
455 273 17302929 250967518
349 216 16604167 281058794
459 42 12483809 393712885
166 293 660537 214795633
280 77 5482852 535343470
497 336 37775 71707171
347 261 975068 306196255
336 70 18870146 591650075
129 442 520913 335077848
109 388 20519013 12433834
239 427 615932 124061104
102 116 358100 376932366
224 490 365091 281896428
152 42 17320293 524498707
12 447 9728127 547720543
497 344 31938 65940346
268 313 15643882 325968630
392 156 962469 922042306
394 421 869235 663715617
367 136 10413926 192453436
499 169 80809 447651568
310 158 19597759 37500401
33 30 19946798 2989369
115 88 11953488 238160229
154 349 5447097 545343947
351 132 15498046 306025940
284 169 1949398 321481382
165 475 213688 528919294
450 368 5095538 175968866
369 70 215864 677361795
399 233 92008 806342307
141 465 85369 526466214
4 480 9480339 848827473
353 141 20428688 503042038
146 64 568382 81672829
208 204 27231 633639458
282 172 88310 749696951
458 151 38818 259736863
332 495 77217 129849862
17 2 12311658 843952498
40 488 70096 951433776
478 257 827021 850212732
431 231 10790142 978061723
307 448 12429432 931316323
371 478 6045 156516079
241 303 313321 414653672
269 443 12291320 936543044
15 398 564682 284048275
66 377 18070121 615937518
282 172 13211681 224694403
19 306 68557 229003696
34 126 72652 390700527
155 454 757982 407625348
420 402 2662404 953481315
250 34 9598558 14206175
346 323 4756810 313499262
68 315 18320463 404035544
392 54 14671321 188219108
275 64 741395 382689613
32 465 15116091 655939471
387 397 394316 985497733
373 492 12402217 381021248
227 65 521703 913930159
323 66 99040 944716069
212 220 32114 350262649
483 20 12432235 552525876
95 287 45668 227351702
382 255 599600 41372969
244 250 58085 954241382
338 15 12791 287258467
196 461 22406086 187081244
380 24 772180 393797108
406 181 7248977 191116237
183 282 5721784 278526582
274 297 6106968 421562163
212 235 19865320 723285492
313 374 968393 722111595
371 132 10890008 786773376
212 220 11497383 746470025
54 68 11986170 944759169
386 12 45507 262650103
491 242 12865750 527097658
323 169 779940 847324948
467 403 6524808 240565991
270 393 41738 558785745
69 99 816728 88188265
439 430 12960015 456774895
265 49 3767470 625944308
26 182 122175 828324491
439 449 964810 997795424
406 353 16370 647301331
211 337 14135547 395521789
65 383 38673 582823031
191 304 96483 881464084
430 98 40945 642442675
499 269 9677590 872947519
120 244 425032 797163589
74 492 21873866 264867021
499 40 10745597 110064932
472 64 3967817 390165141
475 337 4692947 293560943
185 333 8726381 21137688
53 456 4975598 12557356
492 74 88202 165788078
173 370 17431350 622373811
481 277 16900945 655724920
469 183 7211615 544355963
489 184 2690050 880424621
439 446 15499872 282659637
31 359 11744648 564477593
379 354 72686 907055724
399 333 9694091 139325782
77 329 16535822 291670662
438 25 897337 210746659
51 445 42859 865950135
336 497 85808 14716698
15 404 3623881 911885847
194 6 44446 646269132
153 221 14030620 620175988
92 466 11625043 679606821
488 486 23733276 81873256
94 87 950531 537659557
122 347 576736 200547390
351 378 927110 85211845
493 443 6298728 489137180
298 212 16926841 444789613
346 335 2892835 730912114
90 219 52394 11499330
343 116 7218578 774750671
395 144 10711245 613802711
17 108 15748979 787765025
54 349 10779171 965611952
370 468 8590431 893367351
235 217 21992108 417255007
66 391 4065796 385936425
471 90 52769 177362599
276 90 13068 822220028
185 474 618714 968711869
166 474 83664 371092009
12 169 9175479 131982485
301 86 716787 569513148
334 263 19894277 267977521
2 131 74601 743281079
317 28 692543 941759696
98 55 246328 469626093
352 224 15053890 627404685
96 378 12931171 890341768
482 199 244472 885862960
78 235 9047796 983369785
126 462 18801292 134520319
40 78 1527788 279388555
475 338 458348 691255865
206 249 758982 329816708
287 413 14310352 126704874
363 190 2614084 465085321
239 339 57686 14020210
268 429 118121 132682038
449 30 7790467 76975766
186 27 9023234 795601062
63 91 78059 311070669
311 87 20778005 303222289
216 300 1165930 441964595
116 154 818197 756363494
368 31 11263179 124069325
296 435 2906616 59741704
46 301 12987823 268478685
106 214 106214 702893773
150 364 658660 196075740
84 485 277797 576679031
234 442 43524 238712981
101 304 52870 601758260
192 282 2961416 491281447
337 268 24968550 962263308
240 322 7570987 217067820
12 257 8990 204963325
29 134 730794 849449840
325 95 34851 481392924
101 60 10982269 160533732
146 369 19450 575062104
220 381 34541 354086483
48 391 25893 701574794
387 155 22437674 190768427
1 267 794216 12441670
4 25 14698409 182409884
484 421 2762218 904572376
318 64 6971745 974792414
346 398 1350347 582655357
206 355 17982132 44630879
486 203 85526 817456852
117 394 9860519 954248200
490 224 27490 896186785
361 63 791898 910583091
393 247 11810242 265093694
260 113 741865 880941264
263 37 224383 118158579
82 482 18558695 154387933
360 271 372476 99498561
353 325 56621 783805857
316 248 22022642 155904831
75 395 93056 372060878
81 8 33293 520446843
423 390 415180 708170967
199 387 2162099 190462438
171 77 11082864 502422137
470 373 8227 651141129
71 176 12154539 789828051
70 212 831328 854458333
305 446 7401737 198835602
174 245 67479 226257530
443 52 80699 716542775
342 452 3943409 795009629
461 115 96531 349127263
270 393 5311695 278583490
325 110 309445 609551209
184 15 33991 99137975
241 53 88037 463979548
90 174 87690 899769227
187 497 13015119 491159322
306 493 14943 583226175
154 90 4237923 966228427
28 221 10598621 570938949
198 468 7377122 996776774
151 458 10967349 398318701
357 95 5522729 19914945
70 359 987718 756709865
46 252 547182 944048483
138 317 5735055 810779195
264 203 999109 725797550
189 44 212034 305850843
207 115 996921 549429943
324 156 4846499 490854039
95 159 2546223 79641614
494 446 17762923 388890910
439 474 5236692 983767550
447 343 9755220 305842544
403 206 13408408 531487887
40 170 3071443 687809100
208 144 570051 663281235
423 224 10032165 92950831
442 43 5953246 787709929
115 461 209536 216795817
243 140 7539134 754981229
476 353 14238168 980151111
284 278 95419 489541260
44 376 12839813 558324313
308 436 88608 65740199
222 24 690 868063029
275 227 12316273 86630660
299 351 11589078 122518287
183 454 17910052 757512662
78 4 15520881 112860433
91 388 1679 329896310
118 112 18630564 816667863
47 82 69498 539456661
304 148 314751 755114308
146 172 270983 969303469
291 31 11025379 660764923
472 68 61465 514516179
487 29 886856 675520734
476 362 275244 959034569
90 276 15027 504900058
446 282 11065470 780639007
178 467 689818 607689163
472 157 11681336 115208341
168 481 12246 868105452
395 75 20894851 993987616
180 264 4959907 420801958
200 325 5982491 631750253
328 132 5899698 785387462
304 306 74853 589493050
334 356 575258 956303817
192 187 7746 292118491
145 60 58591 911682572
289 391 10999689 586571643
281 84 4666522 537364854
96 165 15410953 578059409
260 113 78018 975755062
495 404 371309 812138617
192 187 12924452 352941951
151 238 65977 1413967
363 154 240403 779220790
262 30 18050341 148924864
40 245 8098084 693550291
116 305 73523 799636111
296 229 3023 101854490
495 404 2061 167484557
267 93 51063 481236911
213 478 13072519 849819910
249 362 6659594 166367580
358 228 317752 39992803
130 327 44678 640080442
87 473 6161946 825333026
231 357 845020 136192453
280 400 476013 649644377
297 362 10244847 198505805
162 460 12534725 22204728
470 243 15604210 762364451
424 370 141107 18172804
241 92 2552173 619889298
299 89 9294248 297042692
351 299 74540 402212552
328 56 4623977 818460800
300 485 13972754 525329016
16 250 16659360 293010142
180 135 965605 904265989
157 148 7269646 383315018
456 475 15620975 263794408
276 434 3237412 995482237
196 467 83359 114722743
248 320 21599525 382577400
283 309 49038 18359189
467 196 5039 516814049
482 121 15068977 150648865
45 296 114915 43753595
3 77 18831505 818921858
67 157 42582 749171665
176 435 20420262 790686380
260 248 891166 399018285
200 325 95917 763483526
386 354 55097 211532424
71 380 436557 368781570
283 32 93719 408860536
147 194 11141194 567978395
24 226 14099276 793971517
417 466 373274 613322680
83 103 925246 240072298
41 110 19444993 698058053
283 309 42888 938240331
180 455 309489 864359065
111 107 84670 740371251
353 29 516087 235751537
412 499 13595677 133548544
232 305 16426692 173761685
395 294 3803879 829951183
228 250 8125 981637255
135 108 20550720 338220427
263 37 87530 146482188
393 450 37276 532292390
217 64 6228996 318543978
85 472 34169 585559086
268 129 21477859 959387466
195 21 513373 515520003
109 111 5888 54556464
114 262 189276 867244935
99 47 294350 762771511
268 146 21476176 702350482
461 260 22529 53384453
308 219 11652933 193548376
472 85 132666 19233546
403 206 71524 514585144
78 88 362954 62942955
495 404 69539 520920966
282 112 8897432 492227701
162 100 10303143 598841141
102 54 7809201 932586549
82 47 51534 629205773
248 22 12751 773981821
54 96 869647 838938280
11 269 316671 416942855
191 463 876579 762867887
304 306 6734537 97301106
9 331 21757304 682308277
452 89 740215 109055391
449 121 12771835 445867852
115 88 21505 860497714
57 229 2706404 861916383
12 181 13548972 313560430
478 219 5039070 420759706
95 58 11455043 614178544
425 100 11657151 576733314
424 116 13415387 915562478
52 443 1043837 569977379
174 246 12023372 219323170
153 284 6090479 258473462
359 382 625595 862161014
316 263 23091 20438488
498 94 6476021 202718136
305 116 18809688 298466082
119 121 4059370 112485713
113 260 37162 131946836
477 384 76360 490130607
346 459 7979359 879937950
317 56 594118 368079302
240 459 204730 696315544
454 142 5812769 175865708
187 366 11756654 537164242
191 492 11310020 851839289
232 219 402171 135656874
311 467 18070573 789845551
199 175 2022383 326102777
145 60 13073 870423684
355 127 528672 785371042
16 478 620099 806366033
264 162 103421 938075904
370 47 17718 86146585
500 124 293661 438534639
430 98 78712 602409611
451 377 15472339 293491636
379 354 631726 74232674
224 75 477933 515334726
130 242 997696 442898993
371 480 15034103 574322334
419 168 12028378 883205294
144 395 7244 599464750
66 171 38004 349151985
404 387 27347 745735098
53 449 448865 621552020
52 271 92050 168529441
404 354 952202 589111981
308 436 983453 983178128
114 347 15230577 68132950
490 480 86783 631774763
217 386 773185 753603857
365 361 9888296 432591755
102 12 17722585 80965515
91 497 2740905 165016539
182 168 21388596 361997116
476 19 831643 489860616
289 213 11011371 266904312
327 24 2319281 690900166
329 475 16000931 829607849
194 88 16780712 456232049
279 397 23042209 698266143
142 173 16265175 376077215
325 193 10696851 765911652
450 432 979186 940463026
241 189 857979 759536620
267 444 532071 924160317
461 492 19821 271400727
470 115 73479 670218199
463 472 18610300 995589879
7 132 6565 429813321
323 352 1967521 390117648
346 379 124938 84832703
479 464 16826860 546686131
193 356 24599649 796855694
34 250 72169 431007634
112 260 2642376 25820019
497 336 34085 795867872
292 338 23267010 153932371
395 48 7204795 322556073
287 95 9310657 504551817
34 126 10033181 186583833
270 392 10002417 63412532
400 150 575467 768336093
410 13 26226 791763629
193 497 15707041 313802086
151 13 12265143 697164962
403 117 15952956 586320008
377 435 23301648 802433716
407 122 62258 383016092
388 242 18014229 862520492
495 187 84793 663211667
115 180 12523354 404291676
243 165 906332 249904331
86 179 4790511 554159502
129 165 468896 662104405
118 112 85928 300821842
449 329 10342581 132317483
21 76 13955160 442119881
90 276 9855113 354496922
416 355 227559 351144642
44 452 1659850 311513298
33 337 5351 506499304
13 180 491170 584555114
83 161 35437 741380905
84 369 17941635 752396042
342 354 424091 64841911
267 299 27715 265000782
230 346 4696993 772338322
409 273 900555 178228243
212 235 39371 540972863
68 198 510197 610456491
95 325 20355 352019203
405 416 18835961 957555089
361 169 5473102 273154386
66 296 10774696 919025033
264 317 2761928 138614480
202 393 1884462 73985077
472 435 1476219 481968552
177 227 6106945 88316714
430 34 68619 278348378
124 46 32608 705174412
73 191 10334 986768679
38 54 14423598 188237603
39 83 3480 232733882
203 455 4270272 813608615
78 4 8484 224965260
229 428 850312 975253837
287 357 6781859 87094299
102 379 12648943 608351537
348 409 2414 234668300
47 370 340119 756875766
373 3 44626 614478773
440 456 47804 467104486
168 114 12146693 754405345
323 163 9513198 901909446
479 112 941171 977905772
34 88 14990863 984646213
414 176 16769007 81493876
387 297 95433 978540274
72 273 991201 371272834
340 344 849909 805577069
242 274 8456196 417261346
162 270 12843987 854950506
64 231 8719346 977020303
238 213 324249 778897576
164 271 2278395 19716559
359 45 2081203 353020238
233 79 1399790 371322563
66 169 4337965 69879945
203 264 29273 436284664
306 136 9707546 467495277
34 497 524623 488031888
431 125 901154 784287894
289 188 787819 205798101
158 412 651511 920240965
376 25 197707 192944102
375 408 570856 196662368
461 107 13731587 558983008
60 162 30286 912661106
389 274 12941243 611339374
286 254 11560966 629763145
440 456 11521971 143599657
274 37 7673379 19444477
450 95 69964 606701339
100 376 13808880 119870191
47 82 7702858 282930923
315 106 53612 394334350
100 26 15761842 257602961
178 288 889221 976573725
466 417 59638 515784599
199 69 15903214 64613822
156 318 737683 159733342
392 446 201271 638759482
314 201 13853940 280834226
498 209 572882 824718927
264 62 256463 707044207
146 64 66771 860617819
249 95 134077 518092750
124 158 79224 944098953
405 369 77426 299621274
461 492 613649 747414512
445 358 17861775 244213226
38 15 754152 97762356
371 56 9614289 538551140
486 472 9464831 195851526
458 344 506403 689643071
14 232 18245275 542477345
329 107 31337 174862342
180 155 17463830 989300538
64 475 1768987 283790827
160 482 9469849 4814531
320 339 18473070 755879068
72 139 6971179 270461126
348 409 31489 289522165
81 228 19911456 744939438
366 376 23918432 678949259
340 289 446143 176171325
95 450 19109539 345306873
1 297 2696007 702656348
449 194 15783292 348799995
253 24 6892355 877312783
448 323 1098937 242644086
451 241 196532 623388680
256 295 11636220 744564053
294 196 13490969 43598370
141 465 10521511 409958342
316 263 18964066 900291017
10 398 16372762 708055898
343 444 940512 343161420
99 341 48403 414155394
87 403 182608 267896399
394 337 14255375 431925635
461 260 9972809 42175887
173 113 9089868 727275205
61 327 66297 401346119
41 257 19358468 983370067
380 158 14134755 672800363
350 482 67756 773160550
76 173 623269 864620574
228 50 5494535 446867835
465 141 32204 96994488
485 260 608873 589535918
495 359 351577 987340863
425 268 12064849 604965098
184 61 12768251 793156305
106 315 995956 916371246
313 374 23244 427581817
220 403 14169848 185142797
278 157 2383085 313795712
67 211 16139414 51137435
296 246 11439577 321245941
170 36 18482702 925114404
393 450 74940 800196640
386 217 72671 25630202
289 487 7198758 3880578
46 357 52041 273094477
413 166 9196237 473878037
43 90 46319 851570295
412 158 28609 1299576
59 370 557907 818282946
44 129 8570697 140749645
162 97 6351824 907222511
48 391 13467845 921084176
418 76 16041769 449417461
374 117 17905946 51067096
397 175 254577 465925355
285 107 11664255 388792445
177 335 2139806 321836288
18 184 283307 418882998
92 241 63745 74167340
153 136 5039552 346528156
160 482 95842 745792815
126 25 6922263 608695267
338 15 12449 135105688
281 48 32386 855273908
495 104 5153427 941271635
64 400 87241 607881861
259 88 10144138 121893800
281 477 13421557 377251009
387 155 56821 664425384
311 201 19302593 618280742
467 353 7994603 606323788
371 346 12032584 927337248
481 168 17079151 145818098
295 484 17111060 170714208
440 266 10963447 495643646
194 114 15680859 456884095
393 268 15628230 229707708
422 155 17189631 870523637
196 318 688142 81247076
420 254 116696 167902742
41 279 275640 277072097
288 206 12462604 861463527
311 14 575877 29225175
62 445 3185750 60084429
66 4 331975 747464279
289 340 70095 295036597
11 325 272576 5939293
451 55 3499142 999056985
152 1 5601716 925864784
163 209 10414061 52344811
23 66 440546 195477601
485 444 8140640 279576653
361 340 69276 395698638
80 289 34185 180343549
413 441 16267204 49260547
304 39 9083520 435552131
322 443 62378 193413023
189 241 14206 227700859
491 73 8446462 231172
144 362 16274721 9562333
291 136 650514 261154857
460 468 141065 39216875
393 303 418469 815401201
472 463 18610300 980642328
345 34 870350 782915459
299 267 4896744 788596948
474 29 259933 121536031
178 481 850473 115175046
132 310 17579019 31406312
467 297 273928 269437598
239 76 12373056 790645570
133 427 430765 321177015
20 302 11938835 818278742
172 335 96535 166094941
42 237 7317 765897812
171 66 6352 13116315
32 283 2939621 53095762
252 460 83042 197427405
26 371 11820385 480129012
459 160 6394573 262476258
228 315 22956483 583635172
473 196 22060540 191222406
406 353 38569 657891911
107 274 521 798481643
260 113 62620 24267366
409 348 31569 357665460
380 290 832380 524306085
160 488 852540 549623471
460 339 13021721 976974076
302 223 903820 133828036
322 373 10413700 917460117
322 325 12017545 670254877
249 138 11153852 370590409
266 92 25990 683513622
120 142 365643 630297911
46 252 73582 809681206
179 9 344252 410678334
151 202 745751 79991294
458 312 141162 417379050
474 380 10293109 155575567
405 370 672526 339970020
303 121 698348 923446941
195 110 10462388 240216458
444 299 5428824 131989319
444 470 947712 64656992
181 447 7094233 84296284
292 22 12009263 785582241
430 443 45634 222282520
360 261 1872234 147121157
177 244 55457 742631779
63 28 60986 410575154
406 403 37790 110194081
27 461 40879 19006679
270 213 8059156 502412593
479 67 9154688 366709345
356 172 5341793 21994531
212 404 2541936 731081224
210 1 157680 283777381
474 296 18030596 655531972
57 334 13140903 933463519
74 99 10799341 612302472
494 71 848568 470441211
207 4 19847315 651810343
335 195 11945556 73506633
480 371 72491 683084077
389 397 36189 755256613
102 497 21098 18782427
114 247 579244 717938830
244 410 9431063 436461933
108 405 17400790 782071637
422 174 410563 805885618
111 452 11930200 119482346
274 107 413020 974274852
117 374 61975 365816001
66 355 17643740 658753972
436 224 15403957 713928097
272 112 46607 754046065
350 78 57725 717426545
415 174 9321952 464799290
244 410 30867 452042853
248 464 11871 702996221
177 227 67211 890625290
196 461 160 607374206
323 382 7617 251918254
466 346 11506042 294702897
459 157 414431 72539314
171 77 93929 462945044
452 228 6783541 933724891
300 398 559172 329032378
409 273 25535 204097585
279 247 84588 706506808
19 296 11304633 983203422
212 74 288950 939483427
236 278 3730447 296620175
480 392 931534 942707022
292 368 597210 637258818
145 470 6612347 916141184
473 331 836205 223837374
282 459 814803 354073444
204 115 2805673 856466833
471 90 56537 105284306
99 292 19389591 163183937
41 150 486973 663453808
403 406 11607525 213247624
279 247 26220 911488178
407 122 3594476 933156821
480 379 61178 217520081
473 457 40724 383838751
212 123 9578426 690165859
168 488 18876161 453249023
16 413 18319588 586543002
53 407 54865 514396889
469 210 4584906 102895769
250 38 6681903 844226233
224 4 14808337 965881070
423 277 6879245 26106774
162 329 6846524 917629306
323 66 57541 617754095
198 91 8777 579901713
135 232 933620 438202378
289 80 7333790 912562533
373 3 9471750 687801481
80 67 1762 98239392
299 237 6156 147740681
174 266 172091 262222726
363 133 5968235 641058468
341 99 2008070 562967610
64 186 35194 715435126
263 145 1410069 124511046
145 281 202335 688174939
422 26 10247808 436625182
275 449 86736 680338768
304 440 4969687 26405427
15 184 7088800 888153309
371 152 783299 738753567
317 48 922266 562975968
266 425 98165 704003965
415 286 249533 539794462
220 326 16355504 232929410
151 69 4615423 388196683
407 489 576966 67946588
348 409 2039 836903600
166 474 16079100 706319155
296 435 27772 239283303
380 71 59850 742074288
35 61 12297226 951337325
354 386 4847723 878478965
50 128 13003379 263261940
467 126 18040 788885616
405 416 85072 613611678
234 261 6820927 326745609
454 207 24177934 896711956
140 386 10533339 548176718
212 257 17104311 53512100
121 303 68490 133427787
130 221 609335 328363745
353 226 27910 418895434
93 44 56712 190746719
349 208 124020 778523136
65 153 6502500 314125091
296 229 9540387 162190534
136 227 9222985 615344084
300 120 367720 674947070
47 35 17848294 709540999
99 74 80384 671837033
361 340 15016 132947241
43 90 16353921 65440919
253 396 866862 125426744
145 456 175461 520839234
193 71 58319 241603499
115 359 20589079 226696105
14 406 23317 422661176
236 256 5011833 499075993
206 409 12697041 239300994
127 355 81745 56241344
487 49 15285462 110318044
397 200 195179 936340420
444 411 11453190 802801798
66 171 508194 348245956
54 71 6831746 327375649
238 491 2635962 896273951
48 281 678690 998098036
369 405 7926 383285277
36 141 34121 822460643
114 204 23656918 600565730
