500 2000
16 264 6183882 584052261
198 335 799890 259366352
3 342 11854762 156450372
211 27 8726419 525877814
398 87 5900277 142912068
418 79 960498632 579773564
56 235 994708 632742547
443 134 272183 285834418
114 76 608697 56796116
324 265 71465 679625249
242 460 937596809 187215380
366 406 15420964 516421592
3 410 995031044 836791688
13 143 7733925 862968829
124 363 12289043 787790059
333 238 15760843 125201208
175 66 960552 55686125
258 493 9419526 946714795
489 150 971717116 468709131
175 126 904296067 344559630
145 493 12160071 696006076
352 488 932467107 656357027
434 332 189185 885540976
294 187 6195175 524270881
368 384 906018 135162646
370 359 519846 461478371
487 64 12505562 996731331
185 415 9601035 165036323
292 289 6862286 762755097
118 16 10778871 316862480
315 400 195912 610152581
204 314 958870362 537597749
59 457 4478732 133709089
331 206 5942426 368759408
272 217 297798 150037580
116 195 537876 393427779
120 358 9043397 480683067
402 213 910038134 290183540
164 233 5632829 304318048
477 300 944169158 997737435
291 472 544687 930680873
8 287 8372684 873251267
14 388 828946 80721870
112 160 905426150 623479916
203 294 522751 233473377
84 200 979697033 935973391
151 168 4131389 187504864
475 200 928661321 15205992
116 297 921165316 964117958
247 425 6020293 887861207
423 253 907212369 366316046
157 220 3545931 54632689
273 458 8173209 512611017
144 51 1907269 107778528
341 287 987216847 830458922
292 441 13217002 75197152
101 463 15568635 963137780
330 255 644867 168721880
423 137 26615 787564763
19 104 959546067 515158333
248 498 980982192 739200987
306 106 12327401 816472488
109 315 951448736 926781035
323 42 999066 44033134
21 56 959614475 421433588
346 93 954239204 105135283
414 333 576097 994008615
424 308 10166919 748117371
197 1 12958 956960903
449 166 5950541 109892707
323 238 923827413 865622085
43 220 830257 398529034
325 261 667487 300678606
289 122 7475273 738180919
287 402 790187 673524768
26 360 921975 542209820
481 184 953196968 110666804
321 109 1407124 349843359
343 27 845305 865779026
36 93 21360738 389139834
356 156 950872580 430557850
82 264 970337020 871876141
312 314 10897589 122029949
404 177 1355973 826445806
468 480 60118 142100270
197 163 992072782 76077173
496 147 5720216 243002512
216 110 8193888 332275317
354 29 922285966 892377442
302 67 806545 965474383
48 1 904754712 936009523
388 347 6532920 564799666
446 195 16695373 892769024
377 381 941301999 477450038
103 5 266562 590942858
315 443 922535833 125047003
224 282 13432414 943946925
335 265 980069356 144578132
121 464 933254669 16609273
200 91 8374720 81500212
353 163 6413955 737798527
421 2 6374611 28260269
40 204 983120 274895249
99 453 988063132 22346519
473 490 6542715 655917629
206 221 4726065 563327120
369 302 971665432 766442906
187 17 3834454 435975810
267 270 13498549 417946307
352 324 956711213 832330398
150 354 977611049 37877358
41 109 920971 550369898
263 165 329139 932304402
320 167 11211449 72658208
214 310 982069531 642143455
489 310 994535528 175582885
357 335 980292523 604859821
54 134 1710317 250625910
307 141 4410288 493623490
326 304 381888 807136597
327 68 4008017 795785822
358 292 12964180 386668183
126 257 4043278 929190958
327 26 4376199 228437619
161 470 986220785 335357480
305 349 9244973 868292542
205 495 971539983 894136023
460 323 6313643 833202231
218 457 2576013 391311850
140 211 16855601 996509270
11 272 230036 827419944
238 229 921250472 111663178
287 286 605443 88064323
402 252 12264160 488610436
392 46 17273259 208638604
294 481 7824327 596168847
224 57 15995328 862059729
327 155 6684386 244452177
131 276 3808340 656636858
353 58 8261462 752509490
402 266 11497208 766184642
142 336 6703834 882408527
176 217 941328 153029487
493 1 12244846 977392597
438 83 12743660 141529394
26 264 979985201 196796962
291 275 926599517 107870882
34 84 980800967 118750425
123 321 14713826 849265467
164 321 11513082 599371496
181 201 8083964 720261849
434 280 4791882 970867818
308 463 678895 396032356
87 404 274781 949025402
246 428 748277 261539027
179 300 8970651 219150705
488 100 14149316 399656451
263 227 927787225 998281342
276 90 27524 921066416
201 475 11425360 757751670
155 461 8847433 871572659
472 191 982835406 631707147
356 76 8992288 739159933
178 235 7046442 700302148
456 417 28403 232470101
60 48 13686703 772656383
367 64 11758565 271181822
49 27 12206341 119310629
183 198 6482985 958626318
475 213 560611 397014777
7 339 9259871 708961253
83 355 766722 795857912
321 287 3295730 185913513
18 381 993510242 522951195
56 132 3522654 193295139
196 37 957959 778051344
372 485 148990 711203478
271 404 25345 471195070
11 169 2776608 571662336
276 141 1124149 61040132
48 456 13292893 875826214
103 498 980435684 59589
388 143 16294777 564030626
410 346 708618 108573222
469 46 933278141 203213662
422 58 877797 951141896
256 248 929953260 566153808
363 186 18131063 545491285
188 382 9587202 354240791
20 141 900424003 222367772
346 148 7414785 902956278
485 46 16849786 155528211
219 303 3313758 418340407
246 317 917227958 114697299
257 1 2927277 772701216
12 246 980028365 892161055
78 13 12187463 671557280
280 217 906841131 829144010
47 295 288583 578064245
448 352 916805287 128583084
145 400 10382156 18238507
229 28 18131502 290375897
66 427 8824674 636469600
396 25 47850 201117647
170 174 505089 90931005
42 315 906319366 218217097
6 116 8686986 665919194
66 287 11287411 979482139
239 245 988734 832938661
202 347 7896148 274114830
391 105 9510494 137877990
138 440 6327193 151286946
18 257 8394968 51442895
251 184 17654902 794181730
370 97 900520625 3494778
257 432 5814921 403501007
210 46 925177699 365185607
245 235 952301379 370989662
383 8 174386 979279036
182 89 633352 986261651
302 19 10949730 1500742
195 148 11672247 662039261
334 51 801394 409547012
65 24 970380284 680770233
162 474 662387 542882548
402 488 11442811 806836735
122 417 968634052 724556133
155 265 911906341 818716205
434 147 931600760 284246547
107 36 932865906 804762857
281 190 16277994 585368295
419 10 14654568 852237947
36 8 14388143 989392429
152 280 10535648 697083697
413 388 3860573 64985111
280 308 8663174 610120164
445 478 907767820 112631712
394 475 915486030 657278296
493 129 906923909 732218280
398 45 900397721 274587307
435 178 10183627 64280397
119 402 183657 918667736
284 399 2913535 106941966
198 143 905926221 739703942
389 499 66637 934673374
378 376 314563 339530037
276 120 997392744 684509135
191 180 16538364 338048810
341 123 390912 114304484
247 218 971437535 234111186
245 286 11192780 831193308
292 484 260091 674516971
93 21 584536 608744100
358 385 14264438 766614542
27 296 7056753 502834619
438 356 896408 952817520
348 68 965911 923926235
411 214 692617 163876458
326 131 10022231 220139145
243 248 917773916 944382833
482 425 7309360 904331862
443 294 15592786 105031001
282 144 6417465 844214301
256 179 10141256 510599918
313 158 960694775 357709347
158 145 922093 360537421
322 449 2763008 702211492
79 171 5146737 913199295
428 442 6849119 156578591
407 425 4206125 826015716
32 425 286808 996979274
112 461 922893434 555554621
33 238 404442 593498132
60 454 3578234 789952083
310 383 10412544 601722171
16 258 6861323 152270571
365 156 9011860 170777486
362 338 4744633 459510505
461 148 5848849 476488692
435 287 381917 756423924
5 456 948362205 827788794
133 254 6094695 667058569
452 446 570500 887957516
379 392 976057 932337479
7 226 685252 406625397
336 22 10829952 280515784
357 173 13746286 229143316
336 43 977720545 743073743
42 225 6346807 242066752
320 476 7288147 821709928
316 348 3077225 864898007
39 159 9118242 738823920
289 464 902385009 540624456
298 287 13585433 313069958
56 310 817366 809653245
292 121 998137652 512902327
343 246 46457 312951990
86 141 776899 797384206
99 317 870385 864816329
322 127 914633856 987334708
298 144 408374 808812994
229 377 20996101 63645557
283 73 13494001 790353369
401 240 14963533 735681511
448 424 13832984 30303945
122 323 944507582 415027323
325 490 11029629 72687845
172 277 964078714 673701085
252 287 13054331 406991948
54 94 13909952 690590887
156 319 782465 632021239
62 75 13761217 114086239
457 210 4899998 614029462
44 109 928674187 445724334
485 257 11743055 455140748
174 402 10181674 115351365
87 413 6820554 81342295
207 484 907004860 701039008
68 164 3871706 761262185
333 29 944185081 590320791
61 348 7499670 575081948
420 110 942421729 217252142
230 52 15617477 985940701
279 178 9446333 39094933
337 173 19835141 578627880
128 46 18708050 883952621
11 261 10191171 434348930
207 293 908222776 171695004
118 160 131 723456508
362 185 945126090 336934344
176 425 7587798 140317133
135 315 11097629 506533284
477 243 20080383 751210570
388 144 913479353 23790430
363 473 934740 533807599
452 326 15904443 737189394
465 498 18046482 425139437
119 385 12547116 190368936
407 250 6062247 501173749
396 179 999187905 305478319
164 103 829557 78703653
32 55 908888874 832851907
264 307 4265330 422850846
86 312 2984179 675295585
478 318 4242723 172000216
53 9 337345 43898197
185 367 14325783 924694104
144 457 8195350 727358380
267 78 10617503 222262652
394 154 5280660 320263276
90 306 3697839 326285295
110 477 969505524 430786267
215 346 827680 57126147
127 375 10919762 302309225
350 128 20319155 219534568
473 306 4624850 402526467
189 244 3806375 863766358
403 465 946953120 159114271
106 440 967829241 461145893
130 379 908312876 983709890
440 447 993426508 128911536
395 133 10274059 34441487
218 24 818317 322194432
313 228 917532 360242101
323 292 816433 635803100
75 414 578724 898602804
162 256 5518694 918508636
21 252 16680421 203169442
431 172 948828 151460411
451 37 11009264 193482770
462 183 2187244 553861057
167 62 562748 397402966
390 140 962574352 864121927
401 328 12156698 602895175
56 254 11250943 519511730
380 37 777153 204442403
300 11 928009394 938525823
173 395 13073388 700539000
60 149 590798 992350783
451 262 966446211 937117919
344 284 235041 822780404
236 265 970036143 459920751
15 496 979731689 405458867
119 129 356100 424294099
132 33 15056068 842286702
282 346 8469548 36765470
451 390 611975 757836989
172 497 8139168 472443290
139 421 825519 434209190
380 278 10918287 858625749
13 154 9499199 786569629
127 165 5991111 239396914
211 37 934789482 815804543
79 338 18500564 767858087
481 176 4483118 334980186
271 401 8377190 808884259
20 406 9747539 345966751
312 413 10139750 190129974
371 96 7624287 585888257
65 236 2828331 282586205
309 404 8939470 436299752
194 129 9764820 584993754
106 59 570777 341041285
392 45 19626469 432950102
17 37 12556723 743590418
371 326 10080982 604624061
254 63 484495 617094175
192 108 959028062 104938726
271 173 15971089 911763074
135 278 12650016 227301887
286 240 948200175 995049342
241 471 10577785 136400716
316 491 245726 877135651
302 310 12841111 356149127
177 304 14838461 835195122
205 499 1600832 937425314
275 377 8558201 208211381
194 269 4094336 213892318
17 331 981182536 428994293
430 385 606786 616679104
240 105 962092498 911313419
250 447 9244123 328461063
341 88 948368651 331420208
293 321 150663 500834551
6 405 921983 813475587
37 270 901343160 524017652
496 308 902241466 646239264
258 142 849231 636359096
216 10 12705535 406420134
2 117 14901742 526955299
278 241 9753708 416336690
154 8 459998 985743746
175 15 6725258 742947239
493 57 16480590 263620623
129 297 657643 736378877
2 216 16503157 471894644
34 190 969776246 510334902
32 400 10062483 3446764
70 359 4265165 314636989
468 88 942671284 813098971
481 35 3451464 232638844
305 481 11543813 975727926
182 439 486489 92377996
18 450 930555199 490107065
121 318 12114702 728710098
374 34 10026532 187108883
346 61 948087764 37395328
92 230 949412305 642236012
206 241 919400689 785384458
141 417 938780558 842404660
160 358 12834245 463295321
497 288 910549252 73847430
352 95 4371494 460093495
335 83 928594234 128747434
320 462 4172171 672217790
459 214 973642962 794304019
235 468 11369779 426010918
295 176 5917830 295639484
434 262 873900 801570705
416 71 984124811 821140382
248 220 4235765 616998853
488 98 121175 927532783
163 311 759515 724604797
120 491 156815 435077052
300 285 5520140 523057259
409 399 408567 387394732
305 453 458008 223114234
202 15 94505 959284669
236 415 2827776 35806718
179 224 876632 525373256
257 150 10317872 726611578
46 224 947089756 752900407
58 440 608175 665293243
52 419 629623 742620716
36 433 17117018 584720506
177 141 7882316 948934571
282 347 5937036 707894079
404 380 523077 453516168
123 128 10844121 569042355
134 319 16658660 976551045
10 139 941502 764794606
205 391 990361872 464031811
384 246 3576284 817618005
172 128 9050132 814896329
474 135 10387835 573847212
32 106 7677637 172956062
367 265 988057990 979850480
49 452 211134 507249483
151 125 131809 651446136
307 457 2305245 305251139
386 107 4727641 849400782
397 394 11394213 979283452
369 220 4871692 657460742
123 275 2288233 693055383
471 234 17927788 133235350
388 107 5064724 935281017
295 173 17669262 320288220
129 139 48870 759858176
323 87 996544437 47185692
242 431 611283 670524408
432 479 923328660 731354519
45 180 745519 699123952
400 43 10673775 182635632
241 364 124450 605317405
19 59 519425 800064819
411 190 699199 987450209
253 491 1241946 660829877
233 482 185112 663717256
30 483 976351882 518761315
119 40 16718144 437165407
481 343 343140 739848980
439 140 8583153 453113027
286 434 9232455 520211664
249 97 10856063 777911112
243 14 10169370 51992984
128 388 11521102 250352192
177 246 991569047 106918365
425 220 990756 655846700
356 19 450895 427543359
9 127 974226325 795318680
100 7 15726279 561464630
304 442 10519945 598213804
158 177 9268771 948360944
401 330 432380 651608199
215 118 964955789 169986324
392 438 2173085 562565227
140 292 12343781 619590980
209 132 278049 437457907
302 354 14303417 605022156
108 383 938738087 323859644
298 380 700961 415040848
270 17 525443 411766491
305 399 11319528 950626238
96 193 984769284 384750846
457 453 988124481 192846886
376 313 990544688 955925448
354 244 4085515 222878069
316 408 6532539 514526172
96 260 13767359 309745353
465 496 488567 553090536
1 241 6433923 469030719
47 99 15774027 977610782
61 57 11761054 515484853
496 173 712979 33874437
332 176 6695204 648768937
423 466 948777978 76774497
84 6 4550155 930171471
226 16 936318694 596495370
414 136 10998565 184954932
119 68 958463215 444824383
55 387 391844 981160728
455 320 922140906 22846562
82 19 455370 821311590
57 153 9409537 62260684
253 359 4771692 320325191
246 80 926146463 550916392
232 294 4179761 464131563
446 221 11457571 750650442
293 234 812459 102750355
358 284 7254352 567101824
102 421 13792524 992584759
388 211 936398600 406525465
159 353 3636338 325001652
490 90 920912126 988175834
183 493 4854455 104788486
255 119 964751572 498090468
25 205 754194 420811406
169 46 17628710 961829758
118 416 10300063 371524235
51 437 955063260 518531509
364 27 7552526 632735175
280 474 393213 314432435
159 226 5886386 721272767
181 255 929122031 207129823
198 98 7797426 682136897
437 376 549200 614286409
110 177 9578385 575238491
157 223 11018060 548391276
383 357 7451453 406004015
230 259 16528658 816342920
111 362 15480 460483031
8 141 994152346 156656637
447 44 327590 408532180
420 13 979806872 609114431
278 20 6167615 763624745
62 397 639769 307608765
469 140 642232 62961464
372 429 13721020 411433450
19 190 16670976 196063061
199 58 11360060 165835389
391 298 11851933 518675628
481 491 2424207 829703825
10 191 11133635 6021636
98 283 11781961 674858826
192 420 898691 469861923
500 119 923046250 188932909
383 259 945565626 963703389
216 63 4372730 786112163
372 187 951223402 137827100
115 60 420458 649521960
327 340 414090 218132080
224 203 10971166 434628227
232 118 986991220 72337055
73 199 984218463 245222681
51 367 975400538 691866377
216 445 660667 306782344
69 467 404179 129910287
380 179 999650060 442363974
63 359 946436615 35656666
474 294 6504407 316900330
454 236 913348565 669790895
248 292 934623518 707507193
265 180 16708769 885544327
382 148 775521 299471413
373 198 6225446 658691551
148 226 10093420 58404594
90 187 200919 551479870
439 215 968353465 291291720
368 126 955813238 523518121
138 15 2440732 668793419
299 167 10164050 317743262
274 103 918250963 148950394
234 319 16028274 390776482
181 34 10021456 129651207
454 35 200622 533980781
203 49 11346857 613824475
314 29 630241 241165351
281 170 407884 249819541
152 213 598844 809598790
302 143 994103651 139423658
211 358 950309341 333788378
391 103 939842892 683416637
316 257 5815110 338124283
254 353 824564 410921570
477 338 720678 483549306
35 242 2170718 968155103
121 10 12647576 520174139
266 35 904459886 451452997
454 70 91259 474276287
119 261 357191 936604764
162 291 611114 821597734
497 353 12351159 350400027
410 344 2537513 431796318
182 318 982768858 79894180
334 421 11541765 546052205
466 109 4228306 428622724
466 33 5020284 350656969
259 373 13129201 483243830
247 369 642824 32917189
324 9 591264 759929460
359 46 925696067 684810855
217 422 3390053 43048093
359 213 11969088 543561717
186 430 18101202 512970644
270 250 925613009 783374088
222 387 8508397 28601177
277 324 11107474 379820227
148 76 927115275 273345159
16 62 938408466 562383982
325 147 470546 399220517
206 459 72582 123632345
489 440 904027797 614020216
406 328 486319 161879109
397 442 961879900 833389461
139 477 7443647 9464360
422 224 12348783 254746638
496 190 910365113 557438772
16 423 4880824 638942779
131 79 5121960 596460953
261 476 957209271 641544565
210 54 11939432 356426138
263 231 4869153 172185334
33 203 11718538 769412694
211 87 4645906 504621184
128 438 913265 879896153
452 148 11370227 569889206
200 217 971912601 340217692
421 449 11063289 705921469
100 52 480493 330070413
422 361 965301132 781213209
491 430 4771060 676688937
2 244 6100033 507430741
286 227 11145847 220378983
364 493 928315415 646464490
429 497 9217465 661896225
420 370 903308813 528104404
399 13 10292925 20600252
25 300 747307 836558128
462 4 914600166 384166367
253 24 655003 827611646
499 243 984308833 985136549
114 9 7249007 319185263
46 355 8580871 775922980
491 24 586923 775652012
313 334 6002151 624699441
262 222 911370994 907522968
366 77 929781633 865853112
349 45 14791280 64772982
184 364 13237987 583135672
350 279 18901103 359412302
143 273 14501314 830998796
413 168 943679885 340607423
284 245 972449586 658324413
309 156 8456853 618681636
253 450 2165795 87525246
195 183 955535161 568534371
397 342 1615728 158202173
208 67 983834687 354267732
35 426 7671336 254566704
298 308 12608036 165382950
259 102 909809705 153985009
488 136 141558 734986102
50 117 925651196 247521058
136 100 980755759 716269814
77 95 975022028 57570119
66 265 356025 85043872
395 296 6522514 492790957
452 432 9314360 617276190
332 462 8567441 766298897
481 14 698851 574803818
82 125 9165195 453181525
122 487 12111838 491703097
24 107 525816 457914472
136 485 918047971 763179778
25 84 3641036 988282322
414 319 937171669 119890753
92 367 936135110 628486329
464 228 913533001 684574544
312 230 966358817 57093419
56 68 985965259 562927760
318 214 6174044 673157223
153 310 9516575 17447587
245 11 6997176 70562696
91 65 550186 51841177
208 380 62731 566013658
200 243 925042617 556626677
448 291 13209489 298781680
321 396 10510339 795992854
380 81 8361261 338430591
386 39 2647259 356838025
347 375 1392740 461277452
381 333 915190484 499486737
364 232 922499704 898783093
490 172 9176506 588320304
208 189 934147501 818725900
499 396 798799 486369609
321 180 3695853 620410056
186 221 16289393 454919657
303 328 18441129 39960606
231 424 446620 117782024
228 371 957110365 797746638
217 162 989917121 735344092
423 230 6898510 925482115
103 375 7582920 332070848
92 133 828870 677908047
219 48 706945 350029105
390 304 11332422 519002894
243 392 911977 771436198
467 380 73216 230266141
351 265 327441 32130200
264 220 70720 68619827
306 353 3592778 765848815
413 47 8557903 147755462
495 409 950941007 771277943
210 391 7328325 873819030
316 269 2100613 519912270
413 77 956911120 987646126
74 316 5270319 195192612
157 427 967477679 850515947
113 28 493648 472516535
403 427 835651 940989482
170 231 931769462 796384040
474 324 6774518 77220777
51 252 10028518 78624711
354 403 975524755 377828785
10 345 952769188 984269868
443 390 15071409 831222779
179 67 991732572 618583824
127 94 900022271 32588616
381 138 919745913 933433906
408 295 13274777 435107902
90 461 987270319 171155097
19 6 8049989 706276239
91 487 5430183 772542647
187 447 2618655 260597592
164 431 457885 227494308
223 296 11025806 782412250
426 446 680467 53389394
181 132 4291089 49627955
324 490 10555332 212133337
196 220 918061616 348812123
472 156 2534326 414486465
256 313 964742565 299832307
54 101 871645 422427662
68 410 7028356 434068457
205 464 8334986 435181652
38 276 18374 780837638
7 189 961011372 331757845
392 290 926284481 194069943
68 486 7103391 796024
166 277 8724180 87951922
193 362 14571005 170325685
485 347 12717811 371347203
393 471 11101472 127991964
14 496 14517292 445044915
480 163 5976669 714015368
252 352 995324990 728490677
421 203 995914695 581989307
344 416 5657277 664861733
283 445 12421378 181386063
176 27 4985251 444395067
111 181 982288766 914565992
414 291 933007524 606878061
275 480 10298340 830060564
104 327 921767395 238989156
285 228 14638883 912757110
469 223 797468 842483632
13 448 6222855 454327017
148 224 921534648 988979028
96 438 533502 625493500
353 34 4885908 222881643
251 245 9850690 248496376
336 353 11579382 737043597
19 239 4416137 740115956
424 426 10819138 630798341
116 471 15735903 377814930
436 129 441567 430421163
342 167 413223 389274223
378 290 978347931 767912287
334 221 182828 136765032
211 400 979640 612605513
455 15 13808434 96936269
159 220 5347084 690767191
454 425 2392332 623973377
392 300 8713969 716466084
411 130 184363 764623710
396 11 918823817 570590206
304 193 12355694 626268733
468 437 5893706 850119843
231 179 12647546 527543043
23 394 974068831 384427021
309 167 11164275 339226014
165 202 3102428 886470050
401 470 7924372 361840952
43 65 522726 379945334
198 267 939847066 938770116
145 262 240716 130056834
75 157 988179646 249069852
268 444 276397 121428814
43 495 10943568 449910356
84 128 909797797 385143432
296 390 748325 375238978
95 477 952884896 34188683
2 321 874544 259990729
92 185 114502 771657267
197 244 947083709 719389625
60 293 14039782 155217473
168 273 6679334 645943492
171 69 953675141 509100313
266 192 14397245 886482818
274 88 937645656 426645559
386 181 766836 635140660
478 262 5097967 76847252
358 457 10057364 396553873
414 266 956291134 323350031
459 36 11870324 842284221
476 362 469117 364199447
470 457 7181620 928171755
348 4 527594 37699033
273 404 10233464 159768680
35 289 930819404 382319151
347 315 3301408 998447132
157 58 5517346 947953030
288 200 15344918 601234168
226 485 444551 357296841
191 294 912885648 871863229
307 78 355563 211550437
100 458 9485328 565334180
239 350 17356833 502137316
81 55 900924656 720653620
223 493 855694 900233183
400 292 993520209 526997760
59 349 988932248 496044035
172 317 906771524 981589444
122 405 5564622 208951592
327 379 7321040 581318995
399 470 8210732 230223428
362 126 19396654 677014192
23 499 4383911 54131694
401 103 3991232 413331010
259 406 903370 170911835
410 36 14580858 774148187
470 366 827150 278107340
99 420 856801 354396128
80 159 301474 378302200
74 3 8629456 239030750
325 469 2763812 853839704
259 488 989658396 202544565
231 500 6685622 483844481
384 171 126019 41361066
423 61 976882350 286051797
359 168 12104425 162319851
85 315 16262549 92134855
282 260 11107966 489251340
330 244 942079467 116998661
152 388 984776261 402288147
255 52 8778582 768620851
419 230 14987841 954644992
263 339 535092 701673648
445 80 2038645 272996573
55 250 999675889 788892836
125 127 839432 294664410
253 205 967437853 531145284
456 24 2944723 983516937
243 370 960052873 29238859
285 306 8869153 275721088
219 109 196453 707481523
22 224 944031546 510501692
96 4 922130573 504964498
26 21 908532171 555870893
439 304 9581176 16257674
275 367 9756713 203608726
459 444 922672572 7969588
401 88 8970674 20606496
1 335 107531 7729776
115 146 946066481 290322783
416 376 334349 228503003
416 275 953830410 403786394
330 315 10068896 466389069
499 315 931409872 182443207
285 478 5506818 613142833
249 471 11125108 622837983
338 87 965692675 731706522
420 337 18508120 300188674
119 365 942242763 190361885
459 73 958895904 985087388
325 495 931014949 128335636
403 380 11257391 320232033
155 254 3361717 676200980
478 421 4659597 66103725
424 154 927270074 156311253
248 104 879671 252548394
267 257 12555191 723573490
347 151 917736887 750996695
413 341 934305192 382531390
215 334 960443277 338925225
239 243 6153917 960713576
284 255 924584150 843610094
464 290 14999043 886285957
59 399 8027889 192324179
249 60 8049561 465039100
83 187 952981512 627352769
354 236 946128179 210233208
255 470 6847116 675773588
121 70 4867265 660896811
26 19 8300314 342063772
391 164 6483851 759413289
255 237 980320375 971961126
308 108 8284450 934654639
447 237 928533298 822877756
495 240 957560 579113273
171 217 6854461 130485602
440 97 8734807 667286401
146 80 985738649 227934140
312 468 4608997 783114564
366 384 53267 447347690
300 456 981493049 249192239
426 192 15260340 224441262
315 497 6979813 631225861
381 291 6607716 554769769
336 343 906913566 964896929
398 117 6912606 387343559
359 60 778177 674644533
270 22 395371 761532969
291 201 47642 386590040
16 283 11591751 990965289
390 373 9154457 641488168
330 266 6799301 95132076
399 289 589067 650827529
179 85 350979 810771326
185 169 918949047 590785181
357 60 313405 636506255
436 126 15884100 847901387
249 291 109718 495781964
195 361 16071318 316113410
369 227 240675 678652183
5 408 923880809 528782934
496 444 3305973 20523480
412 118 14378557 834838495
463 395 8878910 350486531
465 210 973732463 337352117
350 320 10201669 243624789
355 367 970889543 906650053
324 3 997423951 589876221
292 104 4232148 103107246
384 179 932145862 446374186
468 30 103755 990036300
180 477 287466 323496334
402 87 12892164 497776761
459 320 4242617 761791852
288 493 545556 731330732
392 499 8813338 470778810
350 186 593694 746880358
330 5 3825388 721348348
285 338 936696346 505915946
451 289 5464920 12623744
166 436 7271416 481700587
43 374 5917138 742262274
481 160 944031280 433222997
194 6 501995 898275556
327 476 11220956 69705386
371 58 959784 604955584
495 194 905275056 153691181
9 328 908914172 704227132
94 80 77441 652090345
139 191 10192140 612609950
215 152 4752444 65141535
201 264 4588445 861215695
174 301 204988 659187487
437 488 941226144 577900659
101 159 15005642 842352593
307 187 5707832 281208526
246 394 4736999 608902762
292 278 925457 212327821
178 183 913658463 405366004
63 142 5707472 363423592
403 378 956751178 557676354
215 355 553843 354350580
42 368 9952851 11452497
24 212 3553197 44822098
344 442 3370990 342277230
202 89 653767 757433329
454 225 979254478 110857513
261 269 926791259 438658791
227 121 959538288 85339816
318 319 920994821 936184501
199 233 14350107 515787071
143 229 388154 74651898
482 73 13303395 289358735
233 355 10879649 789819820
405 373 612294 511063493
24 131 963100 922623453
217 271 3278340 967218501
19 47 12585119 276053637
213 318 456483 680700642
292 156 978255858 469434382
367 415 7450030 806237831
65 269 927007180 565425222
110 495 966042694 278626747
456 275 724633 772110599
394 353 8395352 903206661
264 67 5361024 255020276
123 259 12128460 509295665
455 48 904697019 110607199
412 11 13810161 451025999
126 291 13105427 8821517
210 320 7028 296278088
381 460 949963561 576685189
170 46 972273948 753036000
419 322 924433195 785275543
365 424 54942 456993421
441 442 911234661 830665288
260 168 822816 296262251
347 83 12631940 525199280
448 67 934718950 434131965
448 268 867016 750544093
201 39 8430378 150934443
296 216 4266362 16232114
474 63 981329312 623983011
204 486 977519365 26179425
62 280 907215856 962573879
118 414 9113 620877888
16 492 10936323 839128347
249 162 954261573 501736936
24 20 577612 31474877
384 301 11045109 673299272
481 402 948676599 872211285
285 217 974338265 797102705
418 457 250175 184201117
324 398 290622 929446964
133 126 15799145 47787637
71 289 894745 496850568
466 103 9438955 238201461
226 327 928381122 67480260
473 159 752847 695753553
186 229 599196 290866074
493 321 939696409 983699349
354 165 10875439 664535038
318 129 457489 952327439
422 467 999843826 228286687
217 19 9215507 541582005
384 364 10237044 797770990
21 475 995361931 19628244
39 456 836680 810448773
335 42 686338 599774006
56 22 905515010 971923630
201 35 5089333 44223603
52 350 967430159 63390671
367 97 57626 453531763
276 312 996928780 697246089
493 29 14759789 175006608
62 199 739539 9512575
286 321 3901181 561568865
415 263 528279 157364494
491 10 8515731 146057899
73 150 13482065 538132048
207 400 150973 227432734
241 97 10308714 922353926
175 271 975609464 623232823
113 327 6291334 69938906
118 470 889455 210064351
361 445 213352 923050617
283 122 69852 336003925
79 196 918953888 137899824
21 331 15944784 848807215
431 120 1862803 692465491
309 228 13736760 578471484
200 295 12399653 74704549
9 433 922158706 468250508
399 248 5375787 891884965
176 140 13114454 367969281
344 299 936636916 136237285
355 486 908406305 273770942
375 191 975004621 889445105
154 443 987173748 294321944
403 355 10200419 174289571
323 242 968082939 984971173
374 256 952885938 589285375
66 244 11269478 477511856
423 92 6760312 320031957
60 343 670549 746103787
418 153 4911461 375774597
74 317 991846884 801281168
423 249 581008 339951121
478 165 4316717 54631961
445 1 957877435 107937873
221 424 42033 107342511
316 271 5535549 317260299
70 352 301503 317697778
225 339 4570254 825246616
189 478 578654 528784851
175 262 6636531 609302437
249 244 10612645 364180037
393 497 6795462 338953167
184 13 6813423 268791505
51 488 10843802 259473197
207 267 2681580 37655016
449 60 1253058 855562830
412 39 13625483 437031839
486 312 9375109 14640473
47 394 9978971 579569571
112 312 929500675 226145531
459 381 899040 977255459
262 422 4804145 123738724
148 237 969821726 449493573
198 195 995832747 464519926
240 403 914106425 361730462
432 2 12558888 690730429
123 6 533563 722396443
155 34 699635 476129847
417 419 9698853 159616479
124 167 13340767 635096996
250 193 330240 395698459
392 276 8392666 998504523
291 264 919754584 77784626
418 447 939388610 934539766
402 128 13748190 278929621
43 320 658200 356537894
468 381 8575257 41814355
101 175 10397327 118746007
407 392 7600984 64414058
208 160 5962399 381675776
111 370 15544569 620765317
288 449 13770669 339567264
352 150 5785378 292516922
156 155 518089 529001598
376 286 987042336 229188512
292 200 160203 901109738
70 459 958859 153486095
119 474 958331073 160663324
419 204 15878457 285535539
168 218 957578841 339134198
65 63 7302959 902254930
393 150 6059632 692625120
424 31 9398927 970613115
239 349 4732137 205874222
346 379 11049946 446014858
170 31 253347 948606462
334 145 964403546 899455719
478 320 17943 360749847
391 247 9690362 846689479
269 289 929808 795362616
39 282 161656 441701823
105 78 643053 536195095
375 467 690639 749335800
85 225 11759554 810220504
358 143 6890885 680731404
5 222 3646249 462008490
73 435 208559 499736042
162 203 991210566 269896950
49 299 10780931 815993381
267 21 18755004 160711230
247 263 991902226 360906464
219 354 70720 815155617
252 353 11778037 850870923
220 198 3009619 549919624
84 348 952185368 306490281
206 277 8840697 4329747
348 368 9348406 840674667
101 455 954898656 925814649
309 479 892050 476361226
138 320 4064052 444593424
444 46 337645 495408729
293 93 103502 150169024
128 302 13210338 477480364
205 460 800476 782801584
494 165 955419609 493577898
142 284 941028048 328447976
203 439 577899 181718004
456 265 430517 975243404
70 340 234969 687604113
395 29 924070537 850928763
269 218 449644 450766573
152 217 12945125 514686595
62 73 934232890 361542221
493 360 918111091 675324333
301 22 683136 76445256
307 248 100262 363908047
52 342 307581 194565641
311 345 915885069 589785957
81 199 908157916 580180794
327 489 965267274 387832790
50 378 568820 322602431
299 201 6736818 608779940
309 394 972598 323439012
237 374 14457216 198104865
329 159 7578252 469288742
180 408 17396793 521655158
398 308 10316052 690071786
363 230 8630915 753962355
102 115 3061648 438721962
389 198 4695342 893889774
123 459 911619344 377400042
310 79 6808668 269908259
453 256 966440386 736882537
478 434 4224050 260539261
460 293 10358116 558945843
240 46 926454103 93994975
367 500 8738187 302861008
88 84 7691965 260834322
183 404 951106516 74311716
301 198 6210121 197830260
276 185 5393178 532391322
44 341 9815856 932888700
267 237 921253836 251325548
253 80 5690414 942934944
428 120 2939680 979110169
63 74 980059175 207699376
70 441 948368085 1496185
35 279 7641139 972791535
282 492 748867 990070768
98 279 766187 40350405
455 477 962624 630848123
275 205 5334411 875593302
416 257 955457701 866275357
378 233 10717491 238864743
380 475 13741318 193769776
90 115 6576710 32491527
441 301 3705148 688185946
126 284 916019241 727495151
441 452 70543 234273597
3 265 816570 417920704
162 110 5770748 534503365
452 13 15987990 623811149
127 447 407827 268260440
178 394 130026 596363363
221 272 983538284 180178745
200 370 9461275 802168184
215 82 10531179 712711911
343 319 8819180 846852656
350 148 16225225 698326954
131 256 565400 543231486
117 81 6208263 317131750
479 454 989569638 30491238
439 239 978480776 539292410
291 317 11745595 4370105
158 189 6839425 312474524
459 446 953911935 990709607
32 338 920123430 863595645
177 410 9979106 977041848
448 476 178648 513326612
445 33 15674147 830323350
293 389 11225109 164251588
387 37 513959 215771122
264 255 2999323 972596698
196 118 978470277 436399864
18 322 2371547 868751166
398 489 9712316 274446953
159 400 13533594 944061846
387 188 855020 987813609
164 484 5585829 146816779
95 6 593158 995198579
279 7 8435553 71310755
377 54 54972 197961304
76 68 7030206 893848951
241 58 918627947 63841437
75 493 15096926 194572764
417 157 6508864 967228117
130 175 15757572 308653218
109 448 800013 637789411
184 237 181793 65849486
246 58 639909 864078967
299 108 382170 918715410
424 76 957202447 976232664
344 142 123962 278490472
134 36 255563 862929835
6 125 7316527 438351714
424 21 972601726 731760074
23 147 7146221 933854538
54 303 17581989 272562312
168 172 981899832 581408809
332 198 102786 887647733
158 473 9197265 573141758
315 54 796303 584094138
251 161 572071 211657635
280 146 280833 870430892
201 207 12996647 756598378
488 49 8350852 842109416
272 261 10421226 228281945
483 300 553487 851533931
239 24 4019881 157451754
179 395 11591777 106361734
470 384 773890 709238800
51 209 10895 58088061
485 469 13445434 322066347
278 94 994471573 894809669
279 40 17336642 153227825
286 226 988434184 37778607
25 120 913744598 579068680
107 432 1358266 387437732
473 397 15368430 162250667
137 254 1571303 912776158
331 57 11268429 989008467
97 279 13345827 648159527
139 366 13238354 651776263
69 376 11236991 516579215
54 282 940201090 103451447
110 462 9087962 126071693
380 354 15040253 521269104
473 478 988748773 934705276
458 158 683591 545602975
283 17 11798605 152308007
207 233 9356141 986551699
387 295 955480 727052147
240 468 17395326 703022072
85 211 17438119 513007662
85 435 323667 918244348
185 165 9401884 800941461
350 191 944741045 774587595
400 410 932439096 685348626
395 207 11326705 573848960
423 247 9159744 161043693
39 290 959067698 255939437
486 396 6360013 605268446
125 73 10498206 689021391
466 328 933200973 542332078
188 489 914164268 734243699
135 171 736200 714242556
155 411 974974141 188638805
63 117 9115073 718461175
460 232 231149 565999729
170 433 796633 389829687
360 470 9924526 943009054
56 463 11695489 441778043
132 322 5704577 259964872
379 469 14844912 741363241
33 359 14353457 502503930
34 8 999252683 773203268
9 382 6150720 550255672
63 43 920100482 112639614
290 47 465620 56263038
394 84 893723 93448764
47 25 984060359 951101776
306 209 11056809 738077969
479 428 7349958 542791121
279 257 12183273 752355881
213 242 9582759 391925924
326 147 3972041 11645599
271 80 10912126 626958643
61 393 567684 629882554
42 491 983847226 513569837
257 423 10274507 408471984
285 71 897712 131547435
466 213 95796 963534496
259 342 603587 748836874
364 455 16986234 227902995
425 344 624314 351273914
425 335 948907619 470373448
417 166 5673136 502378933
395 248 390073 604545062
55 82 993914087 409212082
116 85 17583554 54098688
165 108 542201 882099965
372 260 553319 886826705
26 110 161487 909522487
245 472 921043277 703346052
212 68 342699 586101773
99 129 972090 221081302
231 68 908604723 575655458
19 470 10145548 499310272
478 392 8700633 491750525
218 113 6312112 323114717
168 471 14401803 999057683
414 285 8533793 681267355
399 442 692485 173411519
149 429 4361675 756044313
415 142 2766932 632763357
156 488 944687 954428880
270 399 7076010 403806040
332 143 13015905 544046919
71 6 6420866 921984358
357 118 882524 886442620
436 430 12737975 852555790
312 389 949348625 867372202
337 279 16941615 624241951
371 491 434897 693029538
355 484 972897038 479584331
283 126 13851434 882119171
225 56 9293400 500507111
497 56 275645 459055555
329 145 55919 183225436
40 134 371584 916375429
485 163 1489903 329042875
483 239 7739914 868453299
422 463 8759254 900070113
333 217 961009228 52386542
86 90 319735 424548953
19 257 260814 613758387
329 380 7569678 124444873
70 263 685873 738868269
103 395 4469778 514883005
77 404 17191195 348452804
205 339 3034480 813421652
304 152 226016 438803896
391 389 7518560 988927663
197 320 999749508 466240688
151 466 10167929 33112068
12 97 10618664 62339902
498 298 721329 715471057
28 469 14308915 57262379
493 11 13940665 861653166
211 313 554774 104806851
377 174 946673709 663415731
398 203 8027736 606175237
14 321 14561868 423524124
366 108 7956760 103917866
364 375 10131437 93375812
305 167 456534 250000180
232 495 916564509 431319264
382 28 927239095 210017105
172 325 7625567 988095030
48 162 12701757 756370551
154 287 7912681 261382838
238 342 18304154 476524687
356 412 4671558 792321942
125 435 934390681 297138998
78 332 981152500 318685130
372 298 12640889 559630338
464 380 11998264 73815644
425 111 933687570 154609860
385 484 10889380 392416783
198 307 919916034 471773468
358 119 1717320 581875755
360 191 340823 103173498
212 19 5549219 130053690
474 28 9315293 296543658
277 226 455623 121000091
203 299 912579309 178662671
359 276 6961914 388372913
125 274 979156719 563305933
372 18 974022689 625136110
17 430 11809255 424389301
481 229 15155156 475475905
84 131 258677 503442848
431 86 940400991 936184752
297 166 7487479 264898402
438 391 980306577 617498246
474 38 464212 144641692
309 477 16709086 393055586
189 264 982065339 587431213
38 102 8843305 626949733
403 369 9153935 622558141
36 278 16352959 443756809
12 146 471803 330174622
409 325 7116393 997401138
236 3 924720987 379374031
23 92 9241927 214801701
390 173 994345343 366115822
430 217 864115 318016567
385 380 996969519 523152625
23 472 6264009 340549370
479 331 782342 914672881
138 429 10846815 175768357
130 448 820996 969248640
418 272 6203965 540805276
196 81 10096370 246916435
403 126 14433179 401174703
281 88 504913 100470640
363 9 906680229 719861272
361 306 5822500 167644879
215 225 986748389 394799654
407 199 11432012 405919193
280 88 2749169 970781069
334 351 3468421 345219716
229 240 319033 313779099
310 425 8765600 780342022
450 236 45630 890738028
11 103 5456785 633316191
81 86 534973 225472051
184 139 901897271 470173171
499 233 8237531 472308339
382 279 9313563 908996346
365 493 13617758 924286955
215 55 943997974 258140550
424 193 3303427 908035136
60 163 912373354 424582883
149 221 3512264 679621893
466 93 5381288 775895275
153 157 4802698 877981653
138 99 994405728 777001811
491 301 5434233 310319748
425 90 904741223 116443334
91 338 962629898 851669454
387 267 953300 733145218
301 12 373642 781460559
72 51 1493580 748617704
347 273 10339254 238096112
370 307 909440065 502685809
246 194 204857 937146665
340 37 6488917 522774535
333 475 13532671 444910402
15 345 928018679 420635260
146 274 996698 28201630
399 110 630345 169968941
209 172 6609183 122207859
274 117 8173858 753636624
223 378 13228110 253298036
32 332 3125803 317980271
54 401 957307290 800446713
325 463 342214 218404201
119 121 11301106 168161265
11 49 12659109 576940087
209 228 6107423 754718800
250 13 939922146 687095909
132 144 1618328 576659091
373 64 808566 642748151
190 186 2561011 710752728
270 392 932270913 839690943
273 427 711355 143206542
375 234 17605873 896536654
252 392 49266 362897668
440 227 394432 226193523
184 239 982297518 486648162
57 253 955101387 390933443
298 114 9240296 990573872
242 382 382399 226460822
122 336 22007 995357908
425 101 11821339 983525195
324 353 9726561 611040595
33 173 142404 117913041
233 111 15879677 195361906
135 429 49393 331606229
372 311 581390 751451742
118 383 8333978 608644123
458 362 14683676 438628367
391 200 10647395 133526355
143 278 17345871 409450835
151 280 135334 594635374
436 244 158238 641233632
471 367 326694 594405995
433 30 111098 273410005
75 494 918059162 126091918
298 177 131940 101516373
253 121 5373801 395694772
19 264 6297749 620692729
206 307 3869146 459710416
133 490 186409 540859751
213 428 11222208 310232527
247 278 9457694 880530437
416 113 11259392 73925739
145 445 969018315 177697367
403 297 11888496 511357983
471 102 12393770 280246741
332 3 5451793 95900622
407 500 597266 453033382
449 481 239375 453893129
7 328 17546626 411874340
225 425 5650362 624471656
164 189 4393081 202698291
310 191 11454461 20917906
498 102 8767087 567221580
12 353 999964931 266866932
58 121 2737190 749452935
9 20 4615554 148235652
335 302 966023131 58735589
367 57 418573 939746089
475 49 15469446 837567348
334 474 7056803 418358489
73 167 16222844 199470918
332 222 628929 522970570
333 316 4778462 257391793
67 299 977441396 233557724
207 152 16798937 419019118
185 123 12100333 65675261
347 470 915913307 162893057
148 217 971328838 822817494
429 151 10965791 708100729
471 352 6864071 52675453
499 138 471527 21359052
329 117 933922 861996693
102 75 857422 790607030
101 477 23289763 231596568
187 205 3047043 823829897
336 427 993374969 663604333
92 216 7881626 923627923
105 205 904007459 534598967
407 200 973953488 343281858
374 461 479484 918971681
313 34 16317615 405767374
112 11 601688 806184239
104 434 638447 580879677
70 24 148475 514782642
397 345 769340 643762104
445 384 13271819 994372354
487 147 806162 229209490
386 377 9090686 34988487
167 471 991480144 20494199
492 322 156557 370162499
54 45 22876163 9016927
102 469 14301181 538337087
315 55 989537 898493485
289 264 984589823 907709003
114 476 8680301 842450051
419 438 656804 931480861
25 394 4534736 764697372
451 450 949282588 190582122
426 30 765837 556158632
294 475 10417566 615354220
477 58 15602588 439924078
424 11 377864 506123036
132 290 3509821 270251555
498 414 7330938 372432882
57 427 11599348 149445850
438 214 18011726 134341769
172 92 10191831 840326302
473 37 12195202 553325565
77 225 14837606 885762310
181 449 184497 555253617
419 11 10691790 641986210
274 408 701318 720369709
69 281 11770971 168575490
39 112 4385888 702465277
200 48 15172930 408682088
466 447 11547014 379502174
226 6 998154526 864530252
306 37 12620998 849958884
142 205 260731 343588424
209 124 723330 824034626
491 158 3694456 336939184
441 391 949135631 694292263
221 307 6235347 690190233
442 157 56453 379695722
191 389 967602863 99211376
233 386 769832 209468164
267 314 9024948 667998974
223 155 13369130 990757796
294 435 9942632 662733676
144 354 972061122 765510116
29 94 9898032 396027281
494 35 747688 772503384
131 1 977099498 473133179
299 250 6096538 107691113
184 293 134127 500987901
492 326 13751050 713582497
218 141 902772 810867475
139 359 934829910 205605035
225 401 997314 637507953
230 185 23710 696785116
379 383 958294252 110036165
386 485 906636259 940684381
297 358 703590 899745828
290 253 8984097 416744617
386 495 17622468 727837402
28 355 11895455 527973922
451 104 6613088 340691148
432 251 7652006 342470248
406 467 14571430 784670586
140 287 123067 333090754
298 183 11149463 364828283
127 492 9519500 739202912
310 457 8370695 280505269
373 2 16589102 951912025
338 488 19018500 459177826
177 161 86247 631180154
491 109 10031713 994767248
11 162 7956274 807610663
288 12 977176630 920831676
500 482 961475990 480207818
346 183 593683 984664790
252 461 8458741 243612680
357 313 992831707 503049464
404 169 51473 546255058
112 487 11402095 384617241
197 245 747967 910681014
412 328 187877 150816533
9 223 13156892 962437514
343 456 276734 720636439
286 303 623272 433448195
412 159 15180966 973723882
170 426 1673575 389273809
352 255 973240 155101852
119 140 1096921 456837774
305 469 16854146 996720078
266 323 883116 960856742
32 344 337490 811236904
149 173 14023680 124942993
72 347 66718 311887635
447 339 6604887 559378990
29 405 534833 955326049
125 183 7471719 773460104
337 29 917709749 368795878
442 338 16184335 339453567
203 372 9265437 535956498
123 296 976883041 740060824
397 328 3609034 208502209
291 459 5708645 564537103
181 193 243466 293162186
462 210 4179173 724660928
67 489 553450 177041521
121 334 989823 938677718
189 269 990347714 607301341
128 195 15766158 619104758
204 54 355603 896949819
50 164 6975858 619139704
462 119 725105 952202271
486 389 973761695 408841292
65 114 211240 396325733
182 277 989580789 469538154
18 210 6554812 214697421
259 126 237567 852750206
296 282 923951659 342826656
9 329 6279323 213700341
48 316 11180822 482964512
108 71 4798211 823746212
38 59 980069336 371198384
339 129 918359181 599071919
61 301 10102408 801052985
4 198 354182 944238064
343 254 8123264 340184167
77 322 16188288 815184162
23 35 677661 46379891
151 416 956848344 710078767
315 195 783149 39721577
473 479 10069851 319630423
169 499 9168759 299310393
291 67 820230 781163679
89 472 6102078 940891102
131 217 5456979 747858719
398 443 10553705 171000681
149 393 758092 747948348
461 178 715058 833112669
296 276 698248 930801353
153 52 944529295 333755374
378 120 6489563 681979780
251 163 942814519 470592721
135 7 977467966 890909485
237 142 9612816 49676464
121 425 6871377 750166982
439 154 1692279 618618688
274 285 948042195 44468151
213 442 9695076 483584761
72 189 948819751 573658494
387 370 7292745 695891771
74 235 947384861 520885620
179 274 11974660 541386743
16 22 713967 44758619
448 93 352956 814111917
240 180 870455 598708572
174 331 9814809 735476735
185 380 13566683 181437555
458 233 901540101 221516943
88 303 13618453 176323047
256 398 5265799 232360522
490 372 497017 952379363
281 326 13387774 730122602
130 143 690102 624610844
470 9 4125909 675191666
74 162 447465 204799318
36 451 15666779 729140749
418 120 975145717 636506300
232 166 3366 555717216
283 457 924764101 395129979
464 367 582569 73845146
340 292 5047980 965353327
299 305 10620579 309433251
269 236 197204 432789971
407 104 3762837 90822981
352 349 262268 693732796
451 77 14606978 678160438
307 14 6399174 73003583
242 430 7088330 328113666
487 239 909168056 387633613
185 58 10219990 605427276
172 477 979759120 44418683
386 470 4289791 457869490
47 74 12301179 903813144
391 274 824100 999015855
82 413 901959538 170355203
472 299 958957280 218944659
188 215 12828613 433021653
69 273 10187769 547581591
19 113 772163 867606812
318 398 11133227 228383527
272 203 8486518 726479823
318 377 969282714 859798627
23 345 934721890 130167327
157 191 928530627 976992568
62 449 11889422 419279900
60 491 2751612 188072961
207 52 901238977 919135717
112 311 10597940 319902807
205 202 273886 949136321
341 34 10839309 844592994
201 254 806335 602275381
22 48 14242005 170696250
103 143 13246637 700399607
361 238 16291945 217799920
130 410 922771764 103747725
188 471 13888527 638723328
286 65 931880440 250270312
364 296 495773 63506419
307 446 946482435 986942316
82 367 910369 721723096
432 352 1282419 912320099
185 14 965334096 708022002
184 282 14778402 44882515
19 323 873543 321958948
384 349 6910044 769621301
165 307 3852714 292239812
223 109 325836 241714294
2 307 951813494 389543869
83 357 905766198 179135358
93 98 15395722 951347095
328 11 970055193 458434227
228 310 10169349 176464289
110 240 14243632 726914785
477 489 17959353 859604462
82 252 321149 162596471
142 88 6237878 837080614
51 150 805049 185762736
434 253 415833 450371722
197 477 15904174 858420792
13 304 465443 175470196
312 311 548044 23270797
221 440 956364 989464825
449 262 5195227 808201208
250 79 150183 581309404
27 386 918720718 590514555
33 8 11053249 406834719
12 1 908221066 690537445
222 315 9889740 45317320
483 226 9288533 739588680
297 165 8759572 749425365
297 351 11298732 61724657
291 392 10148767 304042996
330 110 5485246 934985331
386 265 2241096 417344748
413 53 282306 677709385
228 139 954741599 904167025
425 194 4978934 774406180
432 20 254840 232049240
489 306 540550 677614752
173 53 14469660 751025426
388 474 7866727 886700929
473 227 9073933 235935428
384 478 9350995 558560489
380 132 509006 751416629
117 160 7709862 493233858
325 239 9577533 848435956
337 459 10848133 324175845
27 420 959877861 500234261
473 190 16402449 513696785
362 349 926571344 909396479
486 60 554396 973593355
359 64 4544862 981926589
365 207 906650653 446093117
348 318 9640484 152501137
80 376 395865 956584811
105 203 941926613 417524342
485 121 11479371 286988843
161 273 10629526 189705621
411 206 12430053 481909782
154 89 572442 640846523
39 384 980943773 240108156
246 374 6061558 182554662
142 264 171773 313607961
491 33 10823701 694260435
52 189 11087222 49375209
436 139 955268102 438166181
470 472 10569933 13491590
173 354 382407 681264596
172 429 993505756 808131775
214 384 941802579 193130321
291 451 3814624 677045428
35 453 932866932 769537143
238 334 929692750 329051184
364 461 6999824 1303036
402 388 11304903 313003330
317 95 12702446 619318103
288 401 13020651 911446663
77 204 20492514 42011847
478 289 3714342 621950256
385 110 9381930 119022156
363 189 9119695 24306073
141 87 998638821 608754121
354 256 11240463 6733167
349 160 944833015 666619788
74 80 597724 205654489
382 23 3230758 840936881
472 457 6903704 311130534
293 210 945034255 551255978
88 73 12980206 210305919
427 487 10291120 216558900
171 177 8521805 791471379
398 407 902336336 457039819
235 231 766130 683301484
377 371 7830261 870081895
250 435 901250705 334137792
273 390 90242 227535312
127 312 654564 340605099
493 221 953741964 842799571
4 37 7822458 917522495
410 189 86001 501871999
473 458 9880840 686668335
332 457 497686 969299902
442 218 2660987 793822441
156 159 31880 365069385
435 266 920764550 632149171
176 40 8478742 332679376
153 90 85841 565339385
221 450 5056932 880062382
271 347 80476 223857749
161 315 3591660 741846685
122 112 709764 899637039
188 362 18366984 325646969
431 332 977285868 331395704
334 13 12871657 333713120
453 475 901008476 217049300
60 47 7238800 845636163
84 181 4656740 437599327
183 325 437480 492519594
207 232 11044385 988388190
477 469 5299536 907366271
66 31 979186711 270706059
300 450 3040723 389130826
276 3 988400638 871536981
304 206 965901740 470314333
495 7 995547118 25473892
497 339 7440736 884768120
411 77 89661 808206305
89 419 9318454 589370119
193 173 989759379 428724900
406 337 570892 171297921
265 18 37290 217460600
369 451 8128701 715911546
190 490 17421305 222905618
227 84 997900307 23376476
164 24 661192 579281954
153 287 8823113 987634081
407 242 323198 321501045
351 371 965148493 574055612
142 218 586006 384777959
305 275 912561138 205947564
310 490 13721631 128011040
101 330 11736823 855883807
52 91 944009885 875752895
328 1 7601065 147928644
473 216 323637 234990571
112 114 7778787 389536254
362 291 13857248 499836345
104 79 5868163 924672797
190 112 928452708 882443187
449 301 8097811 259212278
180 6 16661902 338967969
446 34 941436981 443413100
98 349 928512544 496864623
59 411 16491231 974869262
336 115 5095262 726428410
412 494 11032167 535305321
22 155 4761642 600631457
