2000 2000
52 1621 27528391 840191161
143 1971 801012712 704743226
1012 1518 96747667 806528647
395 1700 580612626 914669273
1262 1932 273758350 570657688
1966 905 815672997 64173362
1388 1844 293740343 606294154
231 1100 521446647 936629464
1620 560 737902219 809390719
766 1957 84276490 625672281
370 86 668145670 55140610
1325 671 634718257 783351304
892 1040 152861427 795788242
773 1167 399482187 326661027
1304 1342 903394756 158369855
83 714 888671048 922269221
231 430 564481875 674559288
576 1270 644676240 386720843
333 532 891769791 462178665
1284 1781 542612711 621425514
1264 1889 938468736 912916754
1401 876 930125290 320405681
1232 991 114593445 689832026
1649 1241 110115240 695544615
1059 1541 812655348 927455885
259 914 654569046 266693718
60 852 521778651 619583934
490 1135 857036370 827275042
668 142 397228363 181353109
221 94 744186941 361500977
1869 1621 742988451 281661153
125 1400 860884635 753029211
1907 1801 839659914 158386935
1614 1839 242085975 125385076
1664 1036 807884469 631767234
1972 1416 500481274 359422606
296 319 748143005 326526109
1453 1418 7715555 961802446
1088 1267 1266325 869935167
1047 1014 470578753 686284771
1484 1707 268947751 299664386
480 978 614591888 829517682
209 4 93051120 108561983
271 33 649118033 537717611
1166 1598 181633770 8714646
1877 1883 983883047 78164501
101 495 629877913 339992558
1218 1018 830082907 839105483
657 1065 353830467 702148672
406 1443 905290414 917452683
1845 503 198540250 595097615
1814 832 605978095 750020455
944 1855 73313752 271585091
971 887 841073157 503551679
1889 1549 248748458 656503747
325 946 11999123 712767224
195 1207 778850851 381951487
719 1486 239536709 657428086
201 207 122280614 924929164
1577 332 6727716 39236369
1110 1417 642610084 433851326
1384 184 186789236 880074789
395 1016 739426221 282637172
1636 1994 439513765 619228215
585 1795 357544919 936100731
417 1456 650564549 26317847
1450 548 899860415 652942225
1602 1269 201210470 611444442
1594 674 315565184 317698472
236 1078 796338706 238638022
264 918 293945978 899739013
354 668 624207898 437573361
1362 881 956127610 597716351
1254 888 28232670 897288854
371 772 755115163 970321222
475 919 55248732 491406460
746 1499 619473844 339630512
1605 1341 494828430 140324027
1529 1581 314377931 563474559
1154 1699 669048658 649122597
420 886 856548923 947787195
1225 142 667557788 287710839
1539 1051 888921424 228185343
334 934 544039871 935457392
1342 726 736144248 471057346
1713 1514 718649049 639810612
1606 1110 631883559 304041137
375 794 224439489 576865255
407 963 78582772 965519673
1793 1887 736484982 492627975
1323 734 853304029 385419179
1204 1985 960368679 324930801
1155 294 541003336 153080719
1946 206 108570111 357490297
1614 901 673910024 433356279
435 519 875507633 937747505
125 1236 779315734 247732155
991 615 546323797 402757450
590 1576 716578396 522740466
966 1496 98352074 691610963
1688 1405 868527691 38107732
409 334 51777246 391284166
1903 654 381959713 25780447
1542 952 834904005 369328195
107 390 145018315 5892285
1068 934 888485624 316017284
1580 1213 27533844 150372547
1279 1536 223044401 263294818
1225 1519 285351225 402663688
1733 109 69234440 610139638
885 1749 456738744 288498962
1252 1638 707153648 14694896
671 597 441060987 999052394
958 1133 359038876 434368506
899 1973 65877945 264118371
1989 1878 115460945 373766101
1744 551 820406051 681401883
1692 776 368512297 359340539
120 1858 711605729 23959573
412 886 379195084 942693391
173 898 55037352 732971355
1107 1717 846210757 412809535
181 650 264720336 965903398
906 761 127926240 682984857
371 1498 561892722 560699245
1772 1913 92857761 555573348
884 961 131336387 395583598
1711 1156 593654988 979451961
668 52 130539647 611418624
323 1217 556696639 243502044
613 278 345957782 376972910
67 1561 932228945 976315542
1262 36 941240530 517844831
1089 1372 934221696 567089120
320 456 298249858 391145588
760 919 521326466 651716934
932 1019 782000675 584505200
1836 1569 67008241 484194675
1823 1546 480822106 452480856
169 1997 644772328 999758344
1686 973 603826497 651477267
954 242 287560209 409760288
1586 1080 220190775 996234209
601 57 142920488 748870650
841 103 425345792 2794370
41 975 458156799 986469981
1199 919 51151337 114984268
820 1290 138277034 307833121
881 1447 614876218 800388650
319 364 833926733 133912352
1544 419 358564612 474057789
398 1564 743142251 961642093
1732 1683 572714080 864246766
182 402 838820088 698314592
1787 1222 231097566 912371866
1169 1955 901817669 891038732
1293 237 318818992 388430609
1945 534 807374293 312280040
731 267 388580123 767934757
1196 308 540073954 450402765
1206 1209 129512885 801234991
1222 1566 379446458 696087764
209 893 120475419 907763446
1293 1447 301054548 59868330
1969 1726 716401944 108936485
1394 209 785754879 37210833
453 171 61187215 976147564
1708 1765 990966033 922454862
1734 684 749537707 275177527
799 1071 901898949 961198190
266 974 118953501 906207653
1629 620 512812319 67130278
1489 410 94065931 950228472
271 296 497611912 243294750
1670 436 75210822 829325836
351 545 565806412 141627010
1990 1796 942572883 381189510
666 226 804890970 246758701
478 1227 489863172 264801923
423 738 871997031 785481536
746 1665 362610844 245156035
1919 1555 777254202 231243919
769 1851 514179295 123584854
1835 347 89029313 280291767
1901 204 856223374 418030100
1945 1902 769905568 625604925
311 1981 348706794 498958045
247 1907 75212792 797193054
1225 538 228592680 320778459
1356 121 702041880 214390940
78 578 396358319 919876723
412 1141 682040946 647264497
479 337 35097637 370362419
378 1127 587496203 912887713
1045 286 21131545 430481737
1805 718 19248033 564356325
814 1291 8238867 674173884
208 335 829646243 700137931
1504 229 130319375 66747550
1681 524 549090785 545605159
465 1493 271295834 36922178
460 1279 354124362 671365337
611 1492 215946871 172311159
1168 1533 200536266 236208498
624 454 42522103 500296037
1158 415 832707507 820390587
1445 197 479325856 439266142
168 883 650075681 276407721
196 834 810987701 937186110
349 1854 369992487 793552712
292 1073 655129651 819195123
1373 1646 820054804 996177062
1415 142 532259764 132755976
1790 1382 44629213 570416609
177 1149 309561052 899437469
1389 1102 366611778 122877376
1877 597 652551933 6825786
117 28 943244075 529393923
1980 1370 484102792 123962497
374 107 285400816 605969394
427 1494 899188110 280308197
793 707 254209043 464653773
1278 1980 203789178 751593424
474 366 436374100 566486736
79 558 721563564 410606849
681 999 833376620 745321877
292 1744 299474346 759413257
1963 229 315690520 622328441
711 1910 875857131 247430947
128 1514 459414170 129865921
195 769 44922908 723162441
889 402 262617764 411385661
1754 1595 756752744 455811327
1747 1451 397019074 249218620
246 810 174748113 890253697
1904 1141 423907482 701161536
1470 1937 439180126 936670433
1660 41 280121090 925509792
788 195 687466677 219977537
509 228 602964997 492034637
987 267 678149106 266064254
398 875 99506312 382116061
64 228 777562187 203962556
432 1294 338220764 962034543
1705 618 927085171 990936897
378 1236 498718432 91149462
1158 796 279498837 802034026
768 108 605647828 346069359
572 1992 586757767 998789155
120 15 42285985 108285983
1732 1681 389530588 281143475
1955 1473 266472202 803339388
948 1103 304280052 217926086
1232 531 399591973 873947010
940 287 493979946 446367542
1968 1869 498585475 644456523
1346 796 943880703 740043645
1405 856 225112954 781549477
909 745 592560923 618787312
289 1680 973816571 935885249
135 1373 548166196 13121750
1831 310 329498821 110744984
1064 47 657754803 587773040
766 560 84592661 934982194
1652 1414 861702092 298682913
1759 1084 556760651 753410166
683 1906 192976112 66672474
404 535 680471822 744167321
1371 1528 120549569 839176842
1069 1546 994614427 172060644
1235 799 644765386 259221777
1755 1942 643885084 104462184
1778 1678 277327154 31940625
1584 1945 669983172 906470288
1265 140 351799089 152941204
600 1515 635232402 785502489
1633 586 801433115 452981714
980 535 98494739 268846264
459 1547 857660000 632686315
463 1637 275214685 60181828
1890 444 356492163 534639467
149 589 477647366 947838032
470 467 217043731 351515945
575 1474 198650525 740792257
1841 417 892638759 285364301
761 1089 636871914 668830300
1556 1569 872933611 90541227
116 1745 560947967 911342208
1014 943 517921544 916503172
359 1111 237888157 254385332
1946 1181 377237288 203375071
581 333 34203706 282657667
59 282 468468029 710767565
535 1868 666434506 217871966
1828 1530 864440318 455192991
854 343 110482797 445185886
378 27 932023956 600454
1629 1582 320093144 597302806
1848 1258 515581340 203590930
1199 1588 974332853 217474205
774 496 762639490 593296199
458 1730 759648601 342980577
734 554 34513173 164487854
1728 1615 23171436 126516147
1322 618 941596904 774916054
847 947 480820489 17707009
924 1936 238276951 263784976
229 1507 218949018 89264694
138 96 127612610 975326804
412 650 901763824 114904765
941 1415 464661362 264972495
1194 428 357611378 241800098
741 601 483926573 350194995
263 1288 366528511 712794522
601 617 307492853 834431617
1301 592 805773273 521738468
480 140 978439641 892820765
1806 1484 197237607 847078613
978 56 518797482 565534201
963 1125 818934929 530585889
1627 1309 761657202 585580984
1528 972 366502955 926054737
882 827 746732302 71503559
291 865 254238959 368067865
806 1058 1071941 525085236
1751 1715 978764158 3599320
48 285 945238415 120116647
1893 1698 456178185 873903489
341 690 701596081 929773174
1127 1293 824108611 366441464
1400 1966 757914209 300374199
321 35 261438073 979833015
1636 1292 137569190 976329054
91 1102 914149899 971142644
539 815 811835883 274881956
1133 1471 236648531 907582328
652 1193 948351509 632863067
1827 1199 999891502 578353573
1237 1820 92238351 501324815
1165 246 336074866 256444427
1929 976 715903476 587215498
1654 184 594395509 608876215
1806 514 157037880 782568439
1287 249 998350550 457036389
1088 1404 701517665 426640286
103 69 48486860 921109891
1548 559 826446056 386220854
1036 1608 87545750 30123574
1128 1977 733413203 516700971
1612 1798 458082225 61401068
1671 921 456854877 818815165
381 1934 321898222 371572400
857 873 545809639 776359731
1426 490 35372569 591943139
1536 1504 174163551 789865007
205 759 377968945 694181768
673 624 459520819 758183883
1567 473 173951980 407442119
415 647 679161105 494688879
782 5 542577793 86799614
262 470 958523496 851037561
20 1999 83162749 237929243
1280 618 116196464 242336434
357 909 311811352 761681485
1542 12 140509253 2900169
1925 229 520289403 5398181
620 287 115464740 745892608
16 939 70627553 98198912
1479 148 957377565 168107247
1593 203 340452775 708263187
436 526 869425260 873244765
311 381 786526582 909572866
163 1147 229318338 871762597
1751 1217 440370095 96765343
1274 1736 738065396 413466586
583 958 455426907 11647800
335 706 439042065 693765883
37 1639 445175679 734008824
322 352 989713149 741034670
1984 1346 137773694 483188416
1292 493 575622433 155050617
762 1458 448233246 81158513
1675 188 984168345 167313510
1459 1487 706980849 663835078
780 940 332473116 234405566
1880 939 817589238 601271182
1131 1264 134595430 862500062
267 1009 957468369 134937958
1754 1438 940682738 407560589
1175 1052 31067607 695376407
1363 773 407696733 877461908
1943 956 955827654 737991532
1908 1620 174177683 560655207
1186 851 65938078 870102326
564 1845 698642025 304593821
302 338 479532712 910980454
1211 701 901023927 692366674
916 282 454354438 969062485
1978 1347 338635698 204846397
224 1786 196850205 645213050
1409 1698 975757348 94881658
245 1080 32794081 947980350
1340 811 336348769 403859522
1943 1135 735058252 276965191
359 934 696667224 615624554
752 938 523607191 817678559
1351 1536 46423735 663268976
947 1451 427090324 64521508
817 887 927890328 680351091
704 768 644890892 592999066
1829 590 237990501 19677433
1780 1275 79381430 873456177
903 1887 485554936 797301226
1859 1658 139502939 258185996
853 706 656087172 671047824
991 1128 143319733 737168599
1913 838 185689030 585788389
1852 1386 537546653 249000733
857 49 383220486 255346759
258 1359 708936562 496340269
629 1513 330385543 500067232
1051 131 702079467 529994212
1073 1789 937019185 389589281
1827 1431 605048975 642429758
1158 725 327509677 189016345
1840 150 213859429 637355225
1327 950 914215023 349616805
1241 1933 643501603 912055548
1868 1755 834823099 481143281
62 1872 258431346 32484698
193 753 318943974 387522843
518 758 160883906 986300375
1143 179 326155914 332597642
1522 94 266209718 506574161
1378 185 511141603 600340896
109 1522 539587996 731974864
1834 1090 623839035 13704735
1029 1009 159787951 168993573
1810 974 333079600 484243152
1129 1206 117610497 915906929
1589 68 635175182 160758365
1444 281 758613191 334361030
829 1629 567663291 299225126
53 977 713628693 826711905
1793 77 204957068 39546053
615 1930 810501975 694002998
369 820 474647112 31354930
1824 1668 886337458 689861136
1977 1209 627332040 790246580
1766 1682 875535316 998393585
144 1866 344553567 161194629
1800 867 419126179 160616293
1819 1835 684479201 822794884
1993 1485 607785349 999798723
83 1632 162435192 607688966
1801 1362 558471520 67543879
1798 1613 326128531 824947559
1907 1452 729581553 332898159
1126 1321 293341233 212299174
843 912 200064593 575694512
423 1418 176402146 286982757
1296 224 983129262 190993719
402 1865 732975682 332999481
1499 1330 710556852 697166843
1078 1102 379805031 94062413
99 1313 169930418 534141370
1971 1725 411021459 499676842
1933 391 862726150 715047042
1219 836 511608305 777655063
1013 426 712342724 103347350
307 210 854749509 297795979
1584 1949 836880943 314004946
1809 1658 342205694 209068143
1152 330 793503378 361570172
207 131 431304284 342187984
1860 1702 835040518 164769866
925 210 35312085 298636522
1856 683 362077368 552326102
200 314 107087078 353177116
657 1550 902822789 18514819
1696 1388 222468486 282494630
1828 201 340201267 180234602
470 1207 384136454 353516639
76 856 106648615 64731162
142 1086 646896944 840166264
1936 1254 585041425 283914971
963 1131 363658637 301404650
92 1254 897503679 575617180
1394 467 22681064 394941963
693 760 241340077 834507268
902 1127 47275315 326984857
502 1375 299186960 343369601
1399 1005 509448124 231606089
1243 1443 684853070 229168947
1512 854 451690725 464257360
293 1774 935165162 281163517
186 1956 335773931 607768200
1750 74 580958099 844385624
383 1149 219288453 904663115
704 733 715337821 738298998
1715 56 552676324 301593328
761 862 569471889 132992078
498 1643 566611299 5450902
1112 1546 112662629 177053476
1055 294 799258644 87706406
1069 1975 725904375 34682409
1124 306 981766539 66557923
1763 1851 942604406 412480106
308 921 354702454 435548592
980 1805 488354706 335110981
1030 803 173660907 565231492
974 130 392707207 448510556
112 1870 293826725 364088360
284 946 492238865 195627990
1281 257 59109975 323528561
1220 924 976028590 777419833
381 404 818671362 64140462
1144 1075 217716599 632999019
1312 478 905770812 303417953
118 1014 799910445 341726557
1133 288 115289858 40029592
82 1801 333226276 623973439
1001 1575 853960080 330520380
1959 746 887130505 810683685
508 1804 456601074 401222972
1305 952 613933494 691398201
429 1895 874952549 840627286
1612 441 40280015 954255251
1444 1011 726457921 405218749
685 1642 566974249 28515436
1904 1241 540517750 158709705
165 1959 806241309 454822466
884 1498 710313022 612594021
1835 718 323734772 719790746
1955 1841 556686419 595731403
295 429 322414282 564491872
1833 1848 658687232 11158899
1300 634 82683315 515353496
1613 376 860522834 13911714
1245 1993 787562540 737662178
1673 1662 734459376 858467555
65 1092 411748489 550127358
1102 484 499761373 314293855
387 517 550054935 878589425
1300 494 88638964 601744990
73 1276 952577489 799546436
1347 1370 449570612 730281849
380 590 873605383 54204228
1298 1139 208661487 207996329
1430 802 732994558 753223601
999 68 787543583 980783546
849 1252 251140274 8789911
1911 1109 852738432 917434721
80 1826 954345673 715547332
1534 1617 863918815 92991516
1685 1529 647261669 58036213
1367 1941 301683873 288923278
1367 309 389567636 963008806
821 59 228226363 888680779
1016 1918 955237702 215722847
732 1831 722001564 468900006
151 961 78746195 804722188
1249 886 574079516 213917516
1051 1642 275534773 423615231
1610 407 686103341 206742676
941 1235 260617680 897459933
115 1058 638435450 230609
10 1603 614691360 686697560
1818 653 435860569 691783174
472 78 409682431 48186343
448 1581 196180624 803378110
878 1794 983759205 14705906
1200 129 381382882 48181602
1584 724 506120843 645494697
1062 728 965978127 968437396
1197 1426 83430572 841017982
642 954 173074662 631536837
1154 361 250891410 216388552
625 141 810570652 343201767
1790 423 847513661 953208340
1608 926 504050339 522072732
1773 1677 859795886 969643797
922 535 788221795 528355952
318 97 979236244 320627266
664 1823 58699688 840371424
749 366 769231625 980170925
569 1086 519688855 475510420
1315 914 856778205 905452025
278 876 167123904 902939787
943 604 966493302 212609016
1760 1882 680879122 344878926
1658 156 158086311 839003964
1948 1159 852568352 858833967
1536 36 206404912 98302672
1064 770 868604676 66189932
1595 237 6050528 299834016
1300 1326 576757598 343661179
1967 1205 746321558 421121247
731 777 918068563 607230718
615 1396 3075808 107548327
1585 790 509933870 50452136
304 203 334872742 176468941
1043 75 347245855 79436123
1453 1140 99669677 800406676
726 246 200184656 179533651
254 1613 521937259 337931194
1327 1229 164709297 102258178
1840 1198 210469391 282069985
101 1062 468730651 166575766
1094 855 917967345 197625785
941 1558 61384627 941318767
1917 1871 91869899 23014386
1364 183 583740435 976256402
565 1179 363601702 141343941
1883 587 203461008 921173317
930 564 329982814 508282052
1094 1761 351514751 477555382
1309 1762 590331101 170527349
1412 1396 978581923 261972449
1094 1525 854098557 178764633
1450 504 976219011 429770000
982 1659 184547963 617881596
504 280 272568465 766778604
456 1615 165842351 184108032
1177 1902 666120065 443321501
124 410 477767313 109473368
1035 1088 309939680 965264156
1737 1583 346578 358733886
1174 1438 909967713 247788419
479 596 609544055 765849105
1280 1241 13089640 969492321
676 525 353648787 425052190
400 1158 129063461 97883176
1229 1874 809333807 531649806
1939 432 971055890 639236840
1778 1989 908770722 277629765
1457 1980 692460677 243762361
111 1286 933777292 680451735
727 351 531004427 247322269
630 524 4704639 922086905
1394 277 408359447 194225581
1698 1563 304395682 730378966
1935 1171 931588618 7414596
702 1807 47424014 210426640
1736 173 999157888 656192583
1705 1573 999623596 643784214
1164 603 777311694 219312610
1676 946 202345566 776766991
74 145 421478978 133882522
1305 718 838834722 580466664
755 1314 803059591 873109896
849 1388 423853152 627130948
1469 875 735758525 403572662
432 1991 32048823 184766027
581 918 24146713 185265660
839 892 475479312 919400713
733 713 18322740 555012899
246 1230 689070447 253407811
534 1537 997436897 633353827
286 350 361531332 339606066
561 517 372504718 902405298
1563 352 402269115 528140425
1892 35 344564892 834950786
822 714 126189677 140951196
623 27 503666358 92065850
130 1054 937899866 55454065
798 959 536877319 62554549
977 294 724093559 421335473
225 804 348414754 398305088
436 1625 867582794 610683911
1690 1161 212541123 548209542
1457 902 145221608 289663383
64 1986 165621055 878700411
1840 1119 61498144 360054972
1994 357 250926179 261043054
808 461 3615682 337544572
852 1052 199678570 544267610
752 1460 986146882 461153855
1273 936 912331603 765473853
53 499 984782463 968515261
1092 1023 529235475 735365979
320 1483 688438009 910135611
1786 1861 705371262 839471070
839 20 870705885 732969343
885 1649 363634002 583938250
844 1616 558356261 977710186
1378 75 816280214 38395508
118 1002 999469332 891917126
2000 1251 261883611 668589325
1448 977 319385043 481755687
1829 1371 679483652 143736953
1453 1799 295129642 42865913
406 1310 609954448 193816249
750 526 253917301 962876693
671 1256 510076037 779616020
313 697 769801560 401417765
777 1290 262828720 834138424
1090 1816 714935453 484568503
1671 1895 423988979 643720250
1910 1631 752806938 204595006
1377 1152 384679630 456864339
1341 1754 521307252 239020487
1218 1757 603916755 910692522
1368 1369 588550255 197484525
644 1288 221564968 341481620
189 1818 473584567 404606303
1018 1341 217710218 330573153
865 642 180718947 404446679
239 1038 566867571 648914670
1322 74 477424435 530399268
905 414 879034873 99082777
511 1969 321027162 841058997
259 1005 599500872 559754850
1673 1823 69358872 20231055
1634 1453 274190623 636749500
599 991 759692570 949575791
1656 1541 215276876 567972618
1540 27 499774140 125569246
1826 1452 261396133 806917830
772 1992 305747892 289023314
935 1658 297502750 241325963
1795 1421 650390054 78970662
817 1357 729295102 401411795
1175 1680 139036675 726360047
40 1507 406442033 711490251
378 99 478508517 66756283
892 941 419910725 502677249
27 29 785058488 338536634
1295 653 194703631 987458667
1035 1725 345532463 297172649
201 1120 892706229 289717408
1282 634 405579950 953753862
896 1642 5998739 670673449
912 1208 665754369 479486415
638 1778 17227186 653243986
978 560 18210586 989233914
1968 202 445425147 720176029
1562 616 694893 337312464
1352 1096 578223482 748721066
1385 1887 587612511 257937667
932 483 816922424 213612925
1298 1398 972460633 632622265
589 1727 836859555 40094633
329 1404 801988045 498673891
200 818 600965610 521220854
42 317 727415612 76325262
1898 1248 920668328 974533178
864 1875 868324525 653875883
467 1276 896610884 737016180
1482 878 376186336 419930751
793 156 587523855 982607910
922 618 725774579 170645108
1177 1448 185700338 596812279
43 227 904054019 110930635
1848 357 874478316 279433452
1842 1474 973360227 272324872
284 1100 23587935 705756318
895 1281 908414771 349219076
446 1432 67249010 95049843
267 567 396513785 35738602
416 596 879899870 39494476
1359 923 860551866 884825057
106 304 498207749 116702067
1339 1863 840184632 773734427
994 867 94608789 433800316
637 988 207860848 330118117
408 822 112909758 989477955
926 966 258838038 712843108
1248 549 141908572 175867501
1860 1970 128545908 969322750
1577 1596 812539245 139049194
1095 960 715319137 89462870
1907 602 70166173 443261120
332 1060 905946391 807966455
1208 1855 492185104 352085506
1474 705 815408446 204002108
807 1085 344689006 623204930
610 1234 687470233 503507182
538 518 691743997 441822675
1224 1303 727392331 862478008
679 25 263529448 724749369
722 401 453307267 798968040
985 1168 660382620 732257554
345 1645 81396843 410469154
140 1670 594499486 677433334
655 1308 73540260 832259116
1125 564 170990339 38924666
1733 129 427678453 331929720
1707 501 287299497 455228709
724 1102 843358145 647330547
667 1009 380308320 628239647
1853 1506 787043958 730235655
747 281 193670029 356198030
1964 1874 532105661 660403169
1724 1298 606990524 800201584
1174 1192 901746185 714911193
986 1250 274959970 193939934
428 1998 121489408 6827297
5 574 414999439 768356501
1885 885 801069241 405546757
276 42 328065070 421214597
382 248 809104020 816802337
222 1210 745130874 853998621
326 672 140654980 424765432
227 1528 762123943 704237774
1042 1223 508988700 37017131
259 578 82152359 546390686
296 1110 883766675 297385896
223 996 738011066 411175895
1684 1631 779894728 219625348
534 780 141727855 643162951
1376 56 222007350 914819864
1567 629 898502376 109990813
1271 1557 261120275 714451394
1145 843 550812615 633237935
1700 1984 176457092 182094616
1369 1634 713406373 833408873
625 248 280146682 559587524
462 1551 989259671 130122289
1685 1806 87475208 21674540
589 87 572723974 605451624
1779 1790 124421809 48246812
1613 41 527365146 27110451
171 1810 229776885 814246797
53 654 491542893 772310839
1082 1319 211995684 18651340
1317 1091 568100056 517995378
1225 801 928139000 631016442
1924 1630 507048887 148823207
711 120 215064337 378882227
1470 941 337123724 494292766
1856 531 178132346 816418919
280 1541 13679248 328545194
648 1555 646871346 836744284
1441 697 361288484 244763011
460 745 417488475 664731956
1529 1255 418317232 331831919
1228 395 26317068 122558588
843 1914 386207171 305918163
1436 1030 141658842 290384722
215 388 626149830 546563922
1410 1342 246419126 406905237
1680 1772 827744650 358406196
1546 1159 264840802 679069869
163 1008 21231905 717134319
1943 1139 633364195 763735109
556 1708 669844558 172996539
710 267 961558039 481140058
1060 1394 875648140 376968097
463 387 119712184 692795303
1334 1530 270847163 800198221
1957 1637 923624036 280122498
1314 564 35494716 615619689
975 1615 412139317 435173640
1887 483 33747176 965775874
1663 1322 44468594 197689465
349 1598 60941742 800885155
254 360 806985205 956116395
227 1198 213965151 417637379
1307 371 919686565 601451694
1919 839 142637404 916814179
649 528 802644416 906038227
1664 1045 678939420 829607880
1016 281 234304548 18463196
829 1166 42780553 360368714
1347 747 448387740 220289498
989 799 414932149 624448396
883 1740 499770954 693626334
849 1099 391550804 418039168
1990 1776 443058065 223292507
1211 622 392551447 366530438
773 1842 980641536 991020630
482 1686 162401046 181155713
1804 1423 710969646 983842693
112 1223 194504473 645279768
190 1817 636416815 682231646
1637 1663 131549559 156938532
1652 816 838313112 190899722
731 1763 196051242 35598852
1988 1504 889219674 788711605
1078 456 209936814 397536824
997 1809 592916551 16435125
750 449 308001002 930624549
1347 891 110011274 238937161
453 1971 147648751 505074332
866 416 56062897 596310585
524 1164 456474306 172874973
1480 1597 446976000 246155055
402 964 862410370 976565675
310 473 422266586 394238275
1510 1623 186637595 873094427
1281 699 388191031 759026546
1722 159 671257510 882641230
1263 1604 839126811 909096463
646 1627 625948324 490364504
1284 696 619129892 62719605
1804 1085 226763148 669697273
1498 652 407199617 214562048
340 1002 915010799 438150664
373 1471 427641142 419823586
1770 1767 964837996 41329360
1796 950 843803571 439331026
252 524 978701528 883655940
854 492 163688899 81413451
1105 1512 342667253 912064004
20 425 335709082 368099577
1095 66 34334215 846181520
1084 964 854134165 843080721
1092 1646 486361122 534524260
1842 626 985511424 462185721
1104 189 788353814 977201466
1124 56 832338896 917264217
1496 521 984832768 696162885
765 63 181352758 846287837
1708 1127 95120648 397185609
1839 911 178137500 963843688
1117 460 529814747 262367437
171 212 274252931 350765772
1021 1058 67010041 291203589
1361 1124 622912516 673655582
1150 315 376643281 526939120
1726 1981 31557663 928681196
893 1487 652584834 936023411
1135 947 183122333 269183536
719 1745 204851477 396414855
333 1101 29919935 455909218
437 1613 268144713 606672379
451 225 667973407 826971849
1120 1635 10941502 704496011
276 481 678744198 563880949
316 1979 157576375 875894406
464 1968 556560468 392363149
184 1783 606319546 520553615
1995 1568 118430229 891431565
1373 1770 432140600 695751572
1558 933 488284962 745960015
541 810 681721093 144354508
839 1618 3013611 96459777
969 427 219864723 980241370
1662 1984 73278644 802217002
1226 1532 343879245 463352161
1271 1524 543334143 313159414
1854 1068 552424641 597299727
491 1598 172057372 665857189
288 509 207440035 291209750
1869 1106 416179383 941393785
1227 528 593794514 944827342
1075 1007 405948364 682986648
1689 849 138049960 34125380
157 1623 432729224 955902205
1354 1588 327558646 71223798
1485 1933 428028814 510163405
324 873 717690869 780384671
1526 1137 286260747 369928398
1963 964 675987792 681477199
1771 1071 230175823 198485524
1162 493 453940622 423375789
702 1601 674518092 240378591
1631 794 375412501 812168512
1289 1488 924131544 9358724
1781 634 281622979 639041908
934 1585 149584395 379726213
1685 1457 901931636 418974506
1640 1780 347215931 652901292
86 1116 488689567 470734308
642 437 916222778 59493685
11 464 548937332 433861399
597 1232 743191499 746781122
325 1728 496360927 87858638
1212 183 263425364 892425058
892 1179 198916108 253510717
407 1245 40872825 168548704
188 419 484384243 954513610
1919 1220 770980639 771216866
727 1183 392663154 697149269
1987 1825 687464090 82074313
1104 487 816380459 794180018
1818 1557 979265153 795400024
1173 918 626710508 172523626
470 1643 984976900 463288927
69 1134 747328313 605129355
1347 267 573531050 783248344
715 465 175311821 486554527
134 472 513448220 135361993
1674 1832 869229894 893583493
461 1679 640891645 683333444
1682 719 994931034 603192475
1397 695 865498943 490250506
680 1479 683801031 648076951
1522 632 768056919 613161531
1275 1062 922612401 370320886
221 1072 397892208 950453328
1961 260 197126324 308083077
1457 1033 567274571 792197646
680 890 999290640 756594103
607 9 188559303 516218761
713 609 514623284 900571810
1180 894 555705453 752807882
478 709 190125588 871273047
1663 324 989056390 779935712
98 125 766620784 357014839
361 137 757209786 251155802
1227 763 785586149 13262130
343 1383 882195120 270023020
32 1834 782897245 530518252
113 109 745032039 152989709
1814 1790 983178905 669520507
1269 263 301227097 881201889
1086 1074 659538303 578442523
950 1939 278419522 625718087
6 184 629360535 594154899
290 59 190752412 915872138
1178 1269 171585207 121399114
921 1265 556314795 469664444
1376 170 9828918 806697603
210 1591 170064216 545614559
1475 1590 728638053 605374725
1266 142 724494364 779565129
1135 818 586940600 668430415
1412 63 762012042 127179426
614 645 726277558 905416945
486 229 823001524 339273682
1295 633 34344301 160743892
1853 1883 461812541 586625900
173 436 390876584 348109283
1119 194 302225051 281539640
1348 1949 110587551 706964025
344 566 662836391 220915174
1483 1424 145287539 235859692
1171 1801 904255548 690037567
511 166 984470062 325134212
1283 1394 22961453 4463345
388 1638 52269473 936172156
1487 1543 850012480 152042675
885 392 243948373 478982805
1650 799 479790057 567722880
799 1124 896063919 560144606
1896 1444 642175599 992160293
1141 1631 90646366 902158171
752 1863 981466953 701796186
897 676 304138077 45933035
977 1358 6305525 902208285
1304 1336 404243836 749038755
1890 18 929403906 986048012
1094 1447 56651860 846793563
792 284 343182060 897663304
34 1709 9896331 357907226
1788 872 740737512 692463970
385 668 789421356 212277119
1464 386 612888561 174031759
1338 929 259460371 828647418
149 1454 289857410 84277357
461 531 118232680 779666817
1537 416 720618342 132489217
198 640 883088724 681655745
296 1115 36757627 73804024
1826 1266 53701770 769558783
1802 1086 210355482 380838705
1699 1337 438976778 387929664
738 781 72949093 150082681
863 1675 229104418 446949111
1713 773 261550293 337685232
950 1340 945943621 886417409
253 1147 123101908 855967434
366 116 422040070 547037643
74 1382 851716368 282269381
113 1260 721996627 562127476
494 1933 145464411 113150611
649 1310 709735715 29967030
474 1077 953099505 105149888
346 1567 303442752 987513406
85 105 667092350 470351693
294 406 6705845 838204525
1060 152 758909112 415085992
1769 641 598951143 528139039
10 1950 849951239 455753686
49 546 81856753 710715239
984 1078 785193894 102669566
1796 1131 353500765 942740217
834 621 451069880 724853733
613 1501 749813801 696310782
1291 1430 871289239 771890480
1863 1818 342582975 980612468
92 946 301975183 602674076
1070 1582 60088963 861815356
1731 857 627876868 951661328
977 540 449552964 510406797
260 291 517118886 482296891
1610 398 573209141 896558680
1398 1323 896544286 569592825
494 1114 283727598 186977433
1532 57 450294146 446840422
821 1201 204100314 660912049
1841 1565 337316751 192657049
56 63 367592313 580791646
872 1017 656412213 972381352
203 72 547075559 786145812
1528 1968 630541761 891001794
260 1750 110703567 284808955
1105 1189 333959288 708483759
742 1192 853521793 770560379
1687 970 523592279 283360612
1527 1922 603362288 93092458
1480 1941 943240784 569720644
1468 986 719176650 423145616
1989 561 705700984 18421642
1692 122 385066622 76016611
1158 164 882862436 376317759
1201 1504 128126897 740463507
1416 1292 937484905 464957522
1850 356 47157313 23834984
1548 1339 364352213 995676887
1465 152 491746779 614091991
1801 1625 13759701 849978939
434 157 422235371 17364431
1799 1421 292774103 998758175
240 1342 453637401 397000727
1130 1336 87772535 418416520
1117 336 517289463 234783555
284 1098 309868278 762030043
1158 982 768539461 736348525
688 1123 848704 959860097
258 323 642123867 13367834
835 1550 663964877 216161750
182 1799 396713320 489531855
833 1663 598350968 209516080
563 41 393243644 726613126
858 400 654158492 133809398
1092 887 927080150 615672683
1736 1396 989552423 354577339
1478 544 747705539 388492413
995 26 330931922 969377343
1003 1293 256269927 694306727
384 1025 889972881 220719050
1904 1652 27653499 883483536
506 1471 786214362 618901441
374 452 708927278 648533694
644 261 293397012 961240859
1082 765 420133070 986070179
237 1815 276651010 987510355
1751 130 573677736 914966854
1519 1627 994153115 53732949
378 78 225044682 23496897
1939 1477 900661021 273032510
1774 217 829121379 240378243
1828 387 410771081 75378112
1847 1519 133061274 313343685
583 428 313278926 808919172
1903 1591 126745258 885498844
1559 1123 147413123 613702216
1330 1541 889208780 113726011
99 567 699768238 204932653
145 657 621516943 86316768
641 1924 464742411 870314700
374 1069 417912214 29953091
509 1398 587276631 318978417
1088 1686 227633246 125729201
1678 574 649417240 466356562
985 965 609536739 385606500
271 920 854646768 956211637
1125 1667 68669401 566264008
1314 30 681756784 696672810
1279 1863 616872344 573422329
1576 712 420435344 154779398
346 80 684878420 479122821
170 74 715465236 512293407
800 1918 977124720 853839787
621 684 732407608 501727098
89 1204 443551645 456828311
170 1482 509789083 983600154
1072 1559 581660389 38990388
1727 1709 930591508 388533460
1352 998 13490201 877453220
424 1040 847044216 408731043
545 1448 535716836 142463631
1161 1793 681259130 253533302
599 1316 799051994 292948383
1358 771 938452603 788577902
1904 957 656823647 769683939
332 1391 757034909 852207275
1525 1161 183533235 574632684
1660 1456 275517607 861559665
1655 1830 882281808 161125059
326 733 176843555 264302443
692 1336 704354387 944598564
1411 212 973610632 660779203
1569 167 150315034 148699236
1291 1460 21770671 871344512
1028 1063 805878161 381216042
849 1583 217622293 998783228
1124 648 410049560 804593140
432 1107 460025773 785543930
1973 1107 374352776 153662893
756 1321 599643976 705175014
915 961 361767514 547937290
267 1434 592357972 502829001
1559 203 687177168 662988248
1086 1514 442009956 797057637
560 324 205566553 473403023
1075 1393 967822661 873846613
1944 1719 622110085 761423115
1735 1162 876018531 934992540
298 435 651631581 255823889
1951 1546 415445854 869277556
396 1795 163575094 20644124
958 1813 298621740 928041078
450 554 988473537 797829064
522 1442 627152375 31886210
1237 59 689701539 796143911
1346 998 737718449 161422311
1817 1151 929074442 148746879
319 961 591534541 559457293
539 1319 753353917 163473579
1055 826 849326041 276532520
356 1133 541280597 261447017
607 144 658593400 540106276
1273 251 141961704 809675484
964 77 776499361 69653308
96 1785 336028990 393343448
1118 1769 421516336 138539210
217 1852 917532756 31024353
1244 1262 35311434 912029797
1677 373 665635645 56858856
1530 54 234635669 46248726
839 281 696873922 659056089
14 1920 762551065 401389856
521 948 759084031 681976691
1559 757 341677487 418992572
1782 1986 206327443 889488331
563 1788 235747455 218930190
1714 1641 435349792 148156916
737 382 532455970 317950422
650 281 658974985 432143112
830 339 603711666 62355359
1028 1988 509892431 240209328
1444 1124 996809717 227824961
1882 1704 198143811 615360933
66 1546 153391356 979352217
889 447 31319540 544084761
1810 135 861802700 467693452
107 1609 261212711 500742081
102 1992 541352181 900284973
547 931 129749023 828185725
1409 212 610423266 69715890
1399 853 995912895 329021367
358 1870 412941687 762571258
596 1498 445006472 889118599
1292 942 363154564 809080915
117 1515 699629081 383791460
1281 1297 17412908 228821810
1492 1532 236787038 595261409
1877 22 163045561 428651838
1746 320 423450843 325116483
1897 96 659309714 755055575
1355 1984 603138612 915756329
382 506 707299366 711050202
724 1913 542804253 249687338
1829 1232 940662507 718021525
1216 1874 596027689 671925415
365 1253 857111495 439377575
264 879 337434804 923037828
1100 1636 707237106 448464119
1727 221 184554293 807112093
268 817 277475066 433600910
1586 1818 247926989 403694651
1063 1620 874347224 201722025
1710 486 50961628 103273587
331 411 23708148 844409750
1448 752 174537247 433106420
911 1259 502488335 487582496
789 415 36105605 970425549
1039 1318 450935134 343900946
657 1501 55184628 761206209
1335 467 298116681 256944254
1122 553 366607814 606275985
1747 1036 716449432 208243206
263 1689 328224131 238311448
997 245 962486924 630943450
949 185 311746300 214668677
1605 517 321616544 741959290
1825 324 83202939 947565638
1135 849 298174547 537628565
1915 1423 145213730 491508075
1877 1099 70725766 650771738
1537 1438 249605294 481838686
252 1263 678296155 443463252
1781 365 496937768 377271763
1957 1090 78530527 158704945
651 611 767913166 915240525
355 82 267028826 395778195
1239 943 875742925 936431277
1816 1752 924877889 5193484
674 1598 564052354 32783834
1869 456 471093497 965709007
1423 1708 284075528 860628366
235 741 410438701 149022936
639 1187 541314498 726757632
260 205 168035819 25398531
166 433 184297569 401639421
1908 1167 600113996 973191300
1029 844 921005451 494300873
408 687 729049901 726155839
1647 1069 122208896 292921109
101 1504 981114375 194757763
1188 874 264494296 163782869
12 772 243889088 392006643
1755 547 307657475 822016924
1927 274 493684673 969135098
1472 733 290004808 347746818
1992 461 206300409 586223539
983 762 246563323 199747389
993 1346 174043603 216344604
62 335 715299029 34670098
420 225 334579729 458243804
1167 127 389622325 406902254
439 1575 18202536 21400942
1085 1482 34143216 70994462
1816 747 883096675 25206602
498 994 682000309 801978429
380 614 379286829 726213881
343 1034 377220851 643887551
1678 1803 853676796 978155255
64 750 697796422 523577930
1701 867 840859590 898157404
499 223 11325576 915006304
1507 1200 98475757 644382589
962 175 343693647 66887109
905 1731 912543053 412603514
1823 98 756882272 347015515
213 71 571503932 522652712
1368 497 789930875 659338134
1848 510 302432687 998795328
704 1983 283783517 866757472
718 475 778298862 536167973
1189 986 360528313 323382591
1713 295 974779079 16387326
1750 928 175779705 67002537
812 499 796908040 796131269
585 593 340177378 84824378
1941 1015 677313072 451826864
354 1379 79972570 915116759
155 978 146097788 439867712
1434 1534 445038076 316581291
1742 196 511338688 172702719
1880 1766 842251530 870950929
1977 822 418470357 751027382
1269 162 92652964 394580345
444 316 127633222 488980205
90 170 208634152 290988559
423 359 973208701 622276154
942 1723 323847743 246633347
856 894 958721292 201547779
1456 42 967292565 759278235
54 234 114636392 182327280
1331 853 6649364 495810310
1219 471 63976243 922715433
1003 801 908427874 207617660
1592 862 907157723 577941355
1884 798 522303444 540998688
948 1543 765557240 558270707
201 914 957117889 770275183
77 1466 666821317 144030959
1330 1391 590383531 141729277
1560 349 232639074 418624085
723 1518 683471251 819328134
775 1646 117593276 352106454
545 950 249685044 596835033
2000 829 472677277 682610395
787 1519 202565000 640346824
1386 759 785341682 801361904
1962 1784 525503132 643267154
1577 1743 833228597 900358770
1912 876 307780697 103752255
111 1851 213759365 412458040
562 454 441861778 855868433
1627 349 125737088 827470873
1190 765 369934284 605757073
982 1181 133933375 824516248
1257 948 344503664 977730824
100 447 99040968 691536025
1467 1846 963508455 728002567
1969 1853 133074563 31291979
815 1823 598260940 622436930
1552 1148 673626895 939107877
1450 88 317682652 771022173
1603 713 125174418 8638687
1166 1747 541683870 223949609
749 1527 590490477 181525198
608 1995 823003104 880588230
1160 303 41080573 112558304
1468 1356 52312624 312866390
1769 723 309447961 392196833
749 872 21680843 528372406
1792 1755 594082005 748259677
1077 187 255992989 157656585
1356 1278 563379901 657285472
1392 30 466336899 241214044
1919 571 99852191 393264209
779 267 178793333 716009152
1534 164 183468314 612323239
835 260 48938394 888904232
388 303 764740325 441397429
1407 927 955805146 29855219
928 1410 13294895 561167961
1244 756 877571122 910943888
1760 655 836603193 890422788
1902 1036 972263739 929099857
48 1587 507791466 655631593
1735 1448 185273767 551759482
1335 595 722982379 548107464
1816 189 213340627 716781267
953 1426 555261743 839313235
494 453 119781843 626270199
1200 1733 416056164 463375909
376 1022 192775128 409782657
856 1615 87856725 455602591
1591 703 802732427 958230931
585 1110 212964671 872907473
1184 233 955335133 652406037
757 1018 596226042 980784496
159 103 291079814 238266140
1106 705 96197252 805149297
1014 845 127985736 705948744
1053 1156 180758393 465700737
222 1672 610202590 532642421
711 1148 881460747 715245023
794 1402 540693165 87166332
280 1429 495000884 449839845
1642 413 734342749 782920279
470 1563 864926821 592040339
1978 503 188755751 63460824
1380 1915 181146466 992715597
1377 1541 301675495 50605462
114 593 762284915 991653057
20 1393 421230112 826573500
206 82 210156868 381967724
1660 1937 956086299 8371391
1200 1473 86574562 26145355
1520 662 337026809 658142216
1710 349 958779517 500765572
1710 1285 993163701 193131580
1874 553 672405846 397186252
1194 63 50234950 837811970
1131 1265 273446619 416986120
1501 375 535728380 162786370
1062 602 112704415 578427835
966 438 947494313 428810365
1803 736 147144998 807048145
330 74 490066599 597402886
1017 1007 659355774 783546004
1518 281 69692039 916363277
871 83 768008725 193933163
319 1039 499994663 763925121
202 1805 132827666 971011373
1681 1675 500295345 397544787
1576 663 349891276 692601074
1573 1335 784266656 39301984
1386 881 88518699 703381055
68 240 246319901 138982562
356 1262 4669219 229566519
193 439 525733532 982972324
1918 1060 695312033 928221442
1380 1288 327259370 898427991
444 1260 287765016 378666391
1467 1088 238237999 825428540
473 1521 61951204 64140880
167 1395 486211884 852176930
367 893 514230454 674549698
768 1935 433415939 780555247
1281 1175 444854982 486374460
204 1388 564257359 627697788
363 949 562289346 59998721
1934 1442 885176706 178448747
421 243 945655399 733680056
1237 384 804897754 819767175
1622 62 239586522 742110613
64 1132 578515694 626153200
1995 1509 278100448 39936376
162 1407 522937514 638433327
69 880 954618677 164361424
643 1402 112313648 751030588
1676 392 899457603 571915438
215 268 642060524 384024492
807 1951 381148171 228077649
855 1317 535092000 144588096
1671 509 598556390 803621027
1639 1065 335985906 153862864
237 220 488030943 63030627
175 388 356327170 487961677
1735 505 647904897 588751375
1563 1752 274967424 432745370
1448 1895 822157866 120754721
1235 1758 599557196 295316348
1700 576 244188750 395439848
1924 1758 947799269 824112507
1720 683 865027267 471316544
1399 1183 519534793 931831896
1250 1245 424571332 439586789
1561 1191 277311106 732977841
2 574 387750948 874652521
585 751 444259614 545968070
1632 1499 679885445 45803968
1872 1661 838025817 507879185
1492 698 137654231 337664481
132 22 898005315 182985738
1105 1146 231977872 157982964
1901 766 510866327 219873401
1430 1576 66223463 335915143
47 615 880052622 665523741
1554 1360 782585095 813487875
316 738 42918535 344703875
1970 426 266097220 35823426
116 1449 43205347 453371398
1340 1158 995991052 704890184
688 972 518135344 409054657
1658 430 912852941 140586977
1217 803 202304489 954689370
482 541 257191763 892557844
321 682 862211966 316354533
1462 980 45287444 795157378
1683 1277 126180321 238020231
1605 1955 332237131 256381246
1533 45 466376641 386064226
165 84 20967968 641943171
1257 271 53073583 194186671
1102 1974 781816456 427103073
1676 752 945997124 980615127
323 613 539889162 652497805
102 1717 516857589 37931543
1638 523 382462007 27062720
810 320 616124133 675972410
1786 1093 756191802 309347841
1191 384 391114927 19678406
1196 851 217197085 35152256
1550 1451 99931310 632716057
145 524 246987520 85783935
657 781 680941939 47079418
692 949 231791979 458039341
317 1154 533763004 172855421
1338 662 812356108 215239948
1014 1425 817062434 229626678
1379 820 381680163 43666544
726 346 398726783 123756648
1627 368 218903115 293859097
138 1787 968927961 779753124
190 1480 56327858 172677886
605 938 758548162 176888698
478 1018 615249293 95645306
1611 406 173160739 905223699
468 1841 470484553 4703994
1601 1986 489936413 885902040
218 201 489911737 420353823
871 386 759281855 275310166
984 1727 159915543 283292043
1990 894 578935027 510764298
451 222 650816425 750172577
1700 1292 268912946 65657737
506 719 674473106 512262985
1098 832 251143694 33316277
297 671 649898796 257961224
239 749 268809832 602003925
1844 1802 892907676 447590464
1224 274 781823154 785610340
666 401 367416816 904184563
557 361 299851211 145171524
1670 279 384455417 743395082
711 671 636672309 821565207
1669 473 629282119 241842325
598 1662 951647277 646138313
55 579 966313945 473729612
1611 1895 746677340 498274877
1123 1266 852856561 951691913
476 1469 230348695 282895763
365 1060 342050936 460794993
1682 1908 4598070 841617234
1788 1859 823383669 135594451
124 1178 603341041 926819488
793 1882 132594500 385277825
670 719 760912630 681992011
1461 127 907291992 958729985
1188 1099 232046433 591043665
367 583 952836618 395741380
857 1048 678325347 748091122
464 801 357846046 400148581
243 1238 557775891 239534310
463 449 690544284 841811986
830 1400 809851545 6813509
462 469 704251935 931144472
1835 77 467711671 321089833
1175 1777 135236313 985522803
846 1028 215649687 573668795
1931 235 64152077 811587422
1476 542 231017260 118228841
1941 692 281503384 52559255
1210 1553 784656980 164953687
1384 1342 288183118 652843090
49 661 695060954 445150937
1194 1518 594001996 690551322
1637 1497 956838132 501089887
596 566 999429727 293580502
877 167 973984649 433520086
327 499 158480804 52309627
538 409 839992178 53210316
322 482 94427531 52329164
505 1568 126057391 880737658
53 790 595648936 185066680
438 1559 254620307 997660211
295 42 119205016 647368300
1499 1596 749208806 552470725
903 1231 703698399 657276619
1286 1500 543122335 714536236
1310 1409 429963992 774216716
1623 1005 465500586 58448099
1040 1348 545805056 683968192
241 112 248983880 522172568
221 188 57718392 589057009
1668 1563 476415100 22553357
1646 1055 895947374 325670782
1911 1034 965441406 991791166
488 1651 646199181 989292954
1644 382 176195680 54713764
1337 622 245674295 687677572
999 308 661868856 767698127
1826 283 689625450 642846900
752 1871 718352142 941703600
1348 669 771925776 322091550
905 1572 53171259 909111398
578 504 796993376 787590981
1458 853 809659866 835424167
1864 1060 502651622 93058225
968 1994 611824405 881756672
462 47 236015693 83876791
962 1813 219984757 11490291
1227 588 539698851 814577891
1753 1199 555177394 69452
286 163 606539611 628186263
1441 520 679907242 278766252
1340 857 366636674 112355129
336 1928 30886541 31764668
433 370 959120756 590040622
887 931 663724887 729098098
1011 1413 583425025 120016987
987 1205 340200256 173694348
505 694 861343900 374053219
1837 1128 638619274 524322304
1072 974 126924456 127778768
1740 1443 542613747 926626322
1459 1299 304127182 657545413
1552 1998 397517514 653060409
1923 1610 712479368 716216654
751 1571 251775858 947075531
1020 1094 285693503 562591445
1902 489 93349628 62254384
1103 1777 879405634 378154391
606 1846 362828598 984093164
525 1832 337460223 758813301
314 866 543174948 559310865
1819 176 582550265 969392762
1134 1301 933662666 458418968
1908 313 767456701 157271827
644 1884 663300761 61583635
1090 1150 731272913 521275273
112 1811 694067546 588575678
1658 79 564484962 488671275
1246 1652 995675488 240328151
184 309 34180263 708230490
1137 1803 180443159 91170950
838 1653 95619781 173401511
1409 1484 944034696 303920161
906 860 170906884 874747487
1166 1874 507324755 447323822
34 1535 791936792 456111407
1602 1 283229909 881855137
1313 561 531977799 968512549
648 1295 351281879 635964677
820 671 52585509 464582558
1082 1775 269031216 962231067
1471 770 119995791 173601115
1688 1701 533655557 385145850
873 1240 886512531 74398969
1138 1283 934703565 746688979
141 931 998242952 79836187
1648 1707 25393694 808711109
839 1412 410700740 132743174
689 1962 932888912 612771337
636 1379 387401342 342758596
1712 897 237779860 772327953
728 522 679329890 329021269
1479 203 192730357 480826904
1050 1943 700662922 459553214
1859 500 893673330 15625915
1074 176 664979684 471296774
152 985 114610574 206955684
965 1243 575134147 889276957
79 1507 613432653 58455183
1463 325 8527966 84360516
880 1242 750248866 102995315
973 976 236892598 624540888
1498 30 785356293 789093405
684 1402 817199928 210247376
1625 1210 882748498 608233379
235 1849 938988995 405384651
562 1636 42394804 386779345
925 1186 487977016 980433430
1879 710 930886120 163811629
1241 1685 168277129 806180759
209 995 33702536 132332773
1591 1477 167551532 516964790
1940 892 301724442 228414792
1101 288 845749172 985152433
1124 1383 516924321 427231351
1973 1348 835464719 826727417
531 1648 436913689 581613068
1995 844 860211075 428058262
1978 865 288990263 853394648
917 232 107096147 744369744
223 807 172907775 585277319
329 440 341703 524316791
1939 855 770906215 389553226
1845 402 202300855 82153272
1189 781 414508411 101733903
530 1163 408996612 943077811
1743 47 546076973 197768973
141 1158 541277085 11191903
413 401 24355370 659485987
1489 772 426868009 783370860
1865 701 269354725 86247537
1134 675 437548360 738896878
1380 857 359927516 467666033
1078 1997 733870432 193912449
1648 126 129843899 663754517
546 855 233382385 736316361
903 281 971282670 367162882
971 778 638091038 627623944
1454 965 996406720 305954691
953 976 661090210 75005552
1526 1333 409736823 961214690
1189 1735 151137894 965408516
211 863 549827054 766600178
607 990 180434409 336546084
581 484 126869877 913898149
235 1376 279595620 411345379
1102 874 78457590 654717440
948 617 336356073 648340609
1279 454 920379147 463068887
173 697 89222117 595323358
510 833 435144822 288489386
1775 356 139895921 805126360
1037 278 63617792 231468600
1286 1467 326465468 976030108
1012 262 198948037 304390188
1054 683 149066002 72526613
1781 1953 889253587 309889359
1594 1989 202968215 39269723
1863 1820 135622877 776433819
487 1500 357187209 80120239
861 1960 749902382 17979290
1183 300 750592388 177859726
732 113 765053986 596789882
211 497 430467104 625932539
543 428 716270713 672122247
526 1043 666522762 803505238
322 17 985775001 453706032
1378 1267 28993709 663451589
1125 1725 44479553 637395059
1156 1355 965066598 371130543
842 1013 493581863 404716072
779 407 353002550 236977260
113 1640 769650315 626980722
1330 222 141098163 870072437
287 1178 840215011 269887133
1229 144 604934014 52368048
1843 465 284479179 185881587
1086 1869 862489085 695230353
1505 571 690284827 642982559
1174 929 219106300 815251192
1666 1493 533005100 846434260
353 1633 42718184 413740568
726 103 276845783 621591648
1287 993 756450422 933083280
889 1207 182453648 210760879
192 890 42429806 371407276
1154 1516 728002708 995285742
524 1996 595379145 845203283
1198 820 319925506 798321706
429 798 62509604 17033160
1852 1578 615191227 497698425
1967 1720 313103570 484230158
176 1299 26561325 487708816
276 955 447040043 293537283
248 1740 854727232 908942461
421 216 616966702 427342021
618 133 735966909 189630026
1141 958 584378621 226971976
1385 816 281162728 936722322
1613 411 867791265 607054428
1582 1326 652294425 535459315
839 1702 258057434 455351973
275 472 641910113 621298247
718 984 441292427 745911199
646 397 631859909 207154573
329 987 954721202 240512606
64 408 375505546 463540714
1364 1557 386041279 421996412
571 1097 480874872 323574039
369 941 810445201 718905543
671 310 203204832 704747929
1967 1441 505505524 868874695
1192 682 250636682 717881357
1912 1578 289203644 63812843
249 649 650135780 683080257
1485 1359 832637871 573583312
1506 604 645202397 820613160
1950 1825 615101856 377181738
1115 733 652554872 670668219
1181 26 667598899 847968034
573 757 793795352 134522589
1992 263 787568369 549971945
371 1084 723338769 733701230
122 998 755948863 308918964
278 1898 205719863 381037682
894 1160 999483370 469613770
1279 485 578455615 774131665
1300 1745 290979944 182079430
216 991 393262470 95323686
1325 1647 552343360 767181610
1009 1619 592324946 819976379
246 492 702144587 555976455
492 1272 517715647 987437508
1448 227 575153213 12844718
1151 78 551218431 689894556
483 1355 871690680 732684884
1100 936 798397413 862314526
905 349 275115646 944919740
1847 415 983658304 345847167
1792 1321 353266271 202272952
542 818 198060274 580162444
1799 1305 103311652 367240794
167 736 495721071 883431655
364 1275 72641036 800418472
547 45 678267580 554082256
159 1746 224894442 867792111
1560 625 567791103 541000304
873 1788 437385625 949950618
329 1787 469087392 320691513
260 692 88708669 177588642
1167 868 17368368 992674727
1667 546 741183483 951309538
1355 1734 296050523 543371789
290 812 170180895 387385131
166 1458 401068683 582365035
1598 390 350953293 670687982
1139 905 19051961 573302476
1476 1902 948632572 608265036
980 1501 340724580 539484252
1743 312 382667587 143791648
216 1360 905286864 534606343
1398 504 587250596 143902748
1551 1859 925815300 383127876
1147 1039 548417585 483014506
572 1311 76572202 337748187
1310 1662 207874271 350056385
1142 1998 877063493 16082428
482 1904 997005269 245969137
1068 875 810084204 666192743
131 1165 317813034 520430421
1486 1858 292895237 82735319
376 1375 759767408 643401928
232 1250 905153701 355697596
488 1233 932243185 360443497
1249 1687 253235982 167853498
1911 1744 45544237 866608141
1625 1376 895645261 326543473
1099 311 220598131 172446649
94 114 791117801 86803530
1107 1049 149143493 819378996
318 46 786689227 513006201
699 548 421046489 720687142
553 1903 914067564 21185273
744 775 258442944 699782855
800 90 430089590 442093393
1955 55 68178703 973507545
1627 153 130079548 104632903
119 99 97116335 361240590
1959 1565 124768875 355189971
577 139 308355300 78947856
1190 510 36452502 645404408
917 1427 635783858 267298072
352 1506 972289305 405840268
1049 371 942553125 298160832
594 1301 478699212 658438025
1805 603 454853450 957510278
736 1383 765076112 743385500
1702 130 352716324 696349635
1564 58 969241267 449817891
1352 25 150595248 523684598
900 44 627620637 213392657
1688 1079 904499028 292098810
344 1426 425219938 304006097
329 1340 265314208 481424766
235 181 706029968 420832081
1117 716 187121075 422639994
485 358 706384747 117189442
414 20 328204940 417334243
1545 1025 113748164 679238981
1147 50 255336249 9412504
1733 811 743728695 610322434
1949 981 553644084 528304584
975 182 898901828 784174319
1841 1120 806333866 984484801
112 1041 623411294 402313587
1397 1794 342279746 645949850
880 1543 931408584 25193837
1236 1997 143577289 581430458
461 257 788396022 375841015
771 642 73464193 430011187
1140 112 794302231 848004515
844 728 82699662 283591035
1569 39 178145263 796376825
1728 860 91487427 373669616
1139 740 542400770 474734725
1321 318 439951787 813022319
77 55 380802927 56124388
360 1986 720885782 837370474
1542 124 792486868 177462842
555 390 67188355 959996466
1207 1409 227747109 195129080
1165 102 653927629 45312303
1167 1221 636409947 886970313
524 380 200319710 172191191
1911 717 119071477 553280051
309 1007 694466761 700853697
1040 1615 248611822 866562486
1514 596 649946162 275637939
1172 1389 135169313 588233910
1046 141 466981351 403933248
1556 1254 482591112 94927736
424 373 180852195 444631642
25 1520 20873059 117999806
1100 80 405249350 349815330
899 1232 658551153 214823069
209 1588 626452826 34378489
1957 1864 326467740 113160311
756 737 889732592 593625588
1810 70 24340732 497189218
142 1321 39151911 225289742
630 1688 187974734 805026174
970 609 508038670 697162891
817 1841 701574400 429098936
1149 542 264963590 213531719
1281 526 276707010 326552101
1154 1729 989784306 927988357
1521 1345 38119225 616547960
480 634 264066247 406143692
801 565 344451636 617814831
1516 1107 797092236 469166498
1188 1093 801872284 289541788
1213 1691 235151015 674929306
155 1071 130592911 284052559
1310 1349 932525031 73285823
654 87 883468590 767200232
1665 1511 447256068 162678626
870 1163 898671130 750858573
1482 1463 468400636 15102287
1727 1730 923878672 127551620
1413 13 545121326 793528726
1864 1183 899826067 761354049
723 365 942372796 351762939
794 923 642168635 498363297
727 826 468724911 16640882
1054 1191 16512164 14376785
1193 1028 967839154 532867688
153 1045 413941309 170243225
457 780 502280593 865046218
1597 546 184467292 658548196
558 726 174121755 385900559
1206 1738 689204911 577298223
6 370 130090698 179304327
981 1809 601005525 715492024
574 201 504802439 937239440
1907 417 193793780 551882942
949 661 818019771 705649224
613 1315 103755411 826666720
128 528 129943766 793169158
110 1726 522404835 469029354
171 324 243364158 338502468
1566 706 26567288 542044998
762 98 792855866 86982868
303 603 651630435 803551075
1499 1526 981586075 195142838
36 1283 112335990 77311695
1531 1752 59069985 627499766
1190 115 54293061 734631941
1489 937 95392165 731154436
953 1101 590443157 470327874
1005 97 480976854 114561109
203 400 308001932 633335141
1923 471 851718877 869224168
575 1686 123032194 897971532
782 1684 18226148 371225546
