500 2000
67 268 13079038 924929310
123 306 82497 781650873
99 152 5596888 133903835
379 165 322358 220260956
188 168 8480265 848779253
316 369 258165 353719291
163 1 554992 928036744
195 318 273192 384627794
133 17 590225 415490123
498 290 272276 473106248
422 441 5277525 253469165
457 79 738131 960622491
328 220 6433918 698594077
125 494 11371259 507915532
391 396 3327739 634474749
480 257 641150 145562557
43 322 919342 359879747
307 95 9421076 143476455
241 199 11154139 991594145
189 438 8241028 202685372
237 157 737061 749173341
467 428 610351 650758294
289 479 431613 277490243
275 171 8814736 113427180
444 39 8183317 801325846
431 134 12243025 740914399
451 321 37491 762517699
148 167 7327170 64004230
405 384 4466824 608345579
433 254 904080 530760831
94 324 7973648 989521929
324 315 6739958 677128442
377 494 4701860 809917794
259 23 975066 540983014
186 187 142057 885181621
114 499 10848816 108084501
333 265 9184634 63955501
25 258 408768 571065637
199 449 16029050 473001540
415 361 10027778 458505063
22 181 864785 165140724
428 467 610351 237748182
186 154 10119324 83049267
277 289 9482660 851738185
479 154 881441 395299492
271 168 8374050 83003533
486 260 6019767 467921826
115 335 7570374 39196519
76 422 6602420 948844924
267 254 8184101 423638605
105 216 14216932 930741593
343 331 6958331 868541523
287 402 10461042 39014208
427 5 15111264 17679567
21 312 636969 586085964
339 216 3821857 67014178
279 431 12960952 723823912
339 287 8466432 724079802
376 201 312347 584715345
134 457 16347700 692575986
436 153 974991 876062081
349 399 17717118 801278923
208 419 217812 981618366
198 456 840561 399700602
275 195 3254598 501109148
400 396 455723 419292691
26 1 9363366 539064890
256 89 5790548 198903161
145 376 11916626 738299354
79 169 230109 498757834
123 290 13463606 15242069
380 378 8657121 178873879
398 168 10172466 765638880
139 275 10637910 272099584
478 106 564603 744479786
238 148 839204 467891952
349 53 14515774 551561222
65 407 6971587 613778653
74 162 9923383 580873894
377 310 8894084 158145639
378 87 9435013 950748461
77 126 4646812 71601971
405 475 5905244 57644793
351 250 537678 87709852
317 272 9309508 166869333
31 27 348853 141611926
238 234 4051207 586641121
329 458 257699 358745721
321 375 10916998 795002072
313 24 188714 119067093
434 229 213010 477227018
99 237 710582 801663949
499 93 8031653 416824002
60 469 377387 354342095
388 41 16086807 409393156
286 260 7529058 457886240
279 30 1541985 671622785
420 129 4900845 272031943
337 133 66929 804010595
418 131 13530238 244327795
336 353 9264898 839967471
9 486 75921 289287595
12 22 265262 234257366
251 119 7584691 290989549
344 297 437253 924972001
213 482 6472151 567188769
205 288 34251 490722547
94 476 6405518 425225426
145 284 842328 504944144
370 235 818135 359295246
499 51 231477 30178769
40 294 6347731 556534679
39 281 5150009 147177538
96 111 642789 884107914
40 380 972697 821317698
127 319 12222980 631827783
488 494 10261342 388644158
54 448 592540 823803425
263 183 577528 757642730
265 470 17921083 213917618
233 499 4413771 571195405
249 94 401069 629155186
265 7 718863 472463025
236 128 8041790 777157475
43 214 296647 784793793
228 171 11228060 550484011
395 353 13870369 454195745
346 223 6694069 766755007
269 189 202987 958767554
420 173 11088203 10192203
250 310 2120978 341183081
16 131 13699684 478506734
275 43 4926751 458986677
377 29 186333 379534196
257 83 13482759 656461296
315 77 553062 870541681
318 467 3513457 646736285
68 313 8777221 454565046
414 162 9205178 326169794
157 14 7150908 726449179
79 264 7140465 959854063
316 392 12691314 489942017
495 193 4208754 462943713
164 474 70182 2858460
472 141 11130786 183408434
72 399 6354527 886576581
461 347 6483569 567929135
245 376 934546 93308211
350 4 132224 754157542
489 470 126762 556188352
473 72 3803417 711993536
69 272 7341193 568114039
31 330 81965 70220564
287 381 276666 979710317
341 304 15863330 650189568
276 457 658067 78865084
487 418 6637672 53021233
106 45 14803022 457513201
364 350 429036 105868365
197 465 13586996 371693841
17 268 11092601 10538831
424 308 11759810 263100221
168 88 185217 993278980
277 459 7884930 242789936
67 297 10804015 689227867
167 480 311322 988288613
363 328 5340731 448766708
215 252 6967256 876106885
230 212 4863016 760320200
36 128 58424 687364677
380 169 12915705 278741377
49 373 8532644 176213053
41 140 511803 470278774
6 264 8450858 41377043
123 89 13915798 310551162
19 4 7829224 190214252
408 422 5875778 285963646
63 444 431274 641199788
92 337 4150667 672070049
301 363 9947204 469601539
126 317 10864472 931036844
466 236 11036398 135879455
259 188 13171432 780730189
126 112 5998066 643497456
301 170 6764467 520916039
467 428 610351 796501526
181 289 4524971 813629646
395 489 12953212 519632708
269 189 202987 562809527
47 140 452889 82311995
446 286 1871124 961166402
428 467 610351 245594805
415 277 9632366 20964559
330 31 81965 538836936
469 384 650828 74739454
68 292 9170578 459453686
436 153 974991 450447078
445 473 8997444 676173385
67 28 865754 592433738
106 280 9967329 409992920
83 323 11858276 307864686
18 181 3572107 8468256
3 147 80097 233976889
249 335 9665608 18498275
373 305 7295550 921636981
49 196 9316860 396817418
349 449 19223827 994895290
225 420 9708330 227173566
221 151 6906385 161548002
258 25 408768 987880641
37 270 10744904 104366052
409 266 847201 371305206
465 145 231515 30291326
43 416 1984897 521307281
463 8 467229 765235263
266 323 6899526 829177948
419 219 5912479 980980600
91 70 11910172 566242282
156 40 3462598 92331687
415 47 11881304 152160336
369 54 12307748 747837377
151 107 352925 385487613
85 43 7105695 189830342
209 421 10544727 298296499
319 45 468750 169322092
402 327 895635 32310168
183 224 975595 347270344
387 276 14582850 84498594
485 25 9722373 927135185
189 98 1250741 876920189
76 316 8704483 569318113
367 489 113317 178887467
430 477 14614454 427792438
399 349 17717118 855686027
481 203 14390218 836497699
259 343 10039130 145098646
34 137 911857 999377856
42 284 836897 220019206
301 313 4355186 558849771
215 403 7997257 977882493
474 440 8176846 90882894
208 419 217812 696111376
106 138 719138 718709890
355 484 8509423 555093165
182 464 16744918 623204420
111 250 7096456 185507902
210 57 439589 88983272
266 389 120555 695928949
5 360 81498 405944316
216 175 103289 106433538
196 36 7343489 33167239
119 452 8435736 751035623
392 448 717924 187022126
231 189 9702294 706124434
161 106 12776728 579871821
325 334 484043 919012806
369 206 8520708 888604351
71 383 8622967 232983750
139 37 13936099 452198869
498 288 5305303 602150396
281 455 6348271 693167800
205 318 8289558 80518085
136 263 6897363 630319359
477 366 952150 947254842
354 38 315564 906412656
260 166 464774 707813933
30 165 14154227 719888582
420 352 427129 649581250
238 463 7029656 729482968
147 216 6159205 493111552
218 229 9585354 779799786
141 130 581949 183449877
287 381 276666 445713340
66 178 7007205 923854572
277 378 11979749 624618712
390 321 6880518 821093470
139 251 4982132 794634588
273 246 6767620 764078325
354 92 5328901 452182222
369 460 238773 358384352
328 500 10074213 417363492
170 117 10764892 321646553
259 95 9716611 297221179
488 28 442586 88423820
401 295 3230134 879310495
285 311 900174 528201783
159 73 2228019 231827049
371 24 590879 887383714
130 284 9998329 410483004
310 124 13098194 405611107
351 406 6871499 744787442
151 108 4990790 368365983
262 64 353851 320680894
328 286 819073 320452772
188 35 11300001 248911906
233 84 9726716 658386575
49 332 13884441 235730611
351 381 338545 619567436
179 392 11233215 545943132
138 82 9864760 505839690
65 407 6971587 115069164
264 199 10616498 920691048
378 479 3785599 535075337
334 66 8781265 733567033
349 81 291392 500301049
191 226 51728 765541452
86 378 608223 48576471
268 188 947970 652475484
222 411 159740 505250928
141 130 581949 13030475
257 282 940449 218703324
436 351 3672071 532671209
209 317 707727 157982079
272 342 308771 659324772
469 60 377387 430395743
380 292 5519598 321863183
259 188 13171432 731129915
72 65 4093166 252526618
6 321 11237964 150097017
65 264 103295 288853657
328 418 10242359 449434772
53 270 8722870 587181058
461 104 319161 285226794
55 324 260998 464841015
59 494 656335 991007962
111 459 5684579 432258628
494 125 11371259 395425603
449 52 13038097 848522205
59 297 775832 347434946
80 92 795894 336034803
369 389 6679114 870877676
272 459 958527 42452087
65 443 5153997 76865989
61 115 11176143 38814876
210 312 4708888 120307678
37 293 474571 199262019
226 392 5192644 687135960
459 373 4057826 467775892
468 136 5396911 714018176
95 446 10926935 919174831
213 344 9431142 738146632
167 480 311322 793767652
182 54 619703 32114555
279 431 12960952 991182577
289 65 138695 465682357
98 301 11501487 738962052
144 75 3011014 843337760
366 295 7419695 851714862
34 62 9127673 874118074
160 457 9229978 117743501
91 432 779383 48179061
231 443 5218954 539167622
496 26 10719787 239230460
199 472 14542175 682607182
150 104 797516 532000439
418 265 15568894 213815234
257 460 9464767 882049138
245 344 9498029 659189731
395 416 3864613 934035659
497 32 12242981 725536272
323 303 817469 349171965
108 179 351835 110575641
488 405 8406695 232960581
419 208 217812 494846273
155 45 13992001 575583576
317 247 9330146 255378327
52 432 9889517 289908384
482 181 9092723 748545669
196 297 9049987 684945175
81 311 14713907 551180046
98 26 1617669 306882293
105 497 6341506 940091616
463 90 916049 39527310
240 204 676847 34254627
276 220 78554 316667426
201 376 312347 122735445
142 194 2915664 671016462
378 167 10907161 712277547
302 201 14307698 844465819
392 58 10862701 426989201
251 499 5588180 732840639
163 121 200703 134486242
32 370 5029196 926072057
5 236 10069698 748216729
71 399 98435 946485252
363 450 12437306 566198784
114 174 699339 294018619
492 256 4838795 416445396
111 273 286098 498362460
259 23 975066 228805724
136 468 5396911 821557359
234 22 10506159 365924832
400 493 10586230 410926749
323 303 817469 6722878
362 346 896632 227175423
386 291 625681 331139105
278 304 15331657 243164992
40 51 2886988 356085083
487 455 298342 472331776
481 309 13401329 635662773
461 89 6794902 833260989
14 73 587415 505227335
306 7 19387822 833132913
294 40 6347731 484579467
95 259 9716611 328036683
499 398 9279931 779824474
453 348 650879 934594765
427 176 10178673 289771569
357 347 359713 801821014
107 357 6313857 735702624
151 302 10388169 473816634
396 310 9568270 227901379
227 461 752354 877624879
40 241 7428390 577880465
330 328 6666406 932995311
250 351 537678 537319640
17 133 590225 803770234
183 136 6319815 649322753
224 95 418276 532662142
293 187 10958341 856524816
112 139 11394801 113017853
21 380 45683 585352644
382 352 4981434 166446275
79 250 15231715 41514657
92 451 7193743 469661960
84 345 15605028 20605300
116 181 11684771 193116171
331 430 12593011 217292430
323 303 817469 602320739
159 167 10021686 583441169
85 198 6631514 775387361
478 379 9390094 950009143
168 171 8988151 509394059
418 391 7607180 322724057
270 214 827746 212301154
438 132 969767 443001502
136 322 5767048 92717377
30 103 13151181 956524748
315 200 236115 126125004
408 251 257760 811316138
308 424 11759810 290646971
67 64 15165498 327131672
129 338 740564 913030051
465 145 231515 328010011
453 348 650879 218292086
33 125 7185759 376445653
13 448 98599 78879355
324 182 11405346 36233013
462 383 3162484 426388842
298 409 314707 41610194
91 252 10055235 268275130
393 125 623805 248019994
193 177 773817 231687159
355 24 2746402 15791783
381 196 329811 518858003
458 243 5300233 260708235
80 229 5621420 991751707
440 474 8176846 619854680
206 435 834131 7033110
233 471 2548197 116658947
392 448 717924 529580392
131 490 12483681 468457879
254 433 904080 876394047
167 155 192389 683007504
416 287 147810 424748709
42 479 8620040 956411901
444 297 9140692 20878095
171 350 15139755 610250887
242 151 8733409 648150649
378 348 6426449 619598160
231 303 61764 553949461
480 436 780946 498882197
232 418 6608305 695379943
280 347 8419167 961176687
310 90 11886353 332273356
231 293 6047921 681544868
264 159 2226491 203891162
71 124 261191 955968193
181 317 847225 107965385
465 60 7565547 226991123
119 394 8351384 202872481
232 461 7052167 482973951
271 218 11879157 574656539
422 349 12550315 79412839
465 60 7565547 141587226
7 349 322027 414876080
351 381 338545 550069770
380 293 3476135 954109775
337 308 8985814 924331038
52 256 5481392 303668090
274 235 6640987 691280444
479 95 8239052 550101222
314 346 675316 631322535
476 84 4812 468108493
350 91 2279920 403898944
306 45 267098 429483775
258 375 12273056 958374336
141 472 11130786 29398404
98 391 6804813 512032605
136 322 5767048 821243968
47 341 956513 636659541
12 48 5968436 192670280
332 372 7310257 702306850
478 106 564603 589120839
43 107 3829195 703174478
357 90 11036725 699485832
203 310 11818211 487741789
257 185 9445085 200473884
187 11 7814367 39956679
347 460 707004 767738089
406 19 612415 735251365
140 41 511803 26870893
488 405 8406695 118308577
305 373 7295546 478538589
320 69 250737 842800246
313 452 6938188 358386558
194 142 2915664 735280652
282 323 10984934 345991001
86 18 334490 711902408
267 192 3205397 82832152
176 194 742711 830800172
253 367 603030 805195560
5 427 15111264 164090092
188 91 974672 123077219
265 7 718863 317931657
17 473 689193 371150482
91 118 56074 410431566
443 335 1873191 574856717
9 322 8311728 340858099
331 396 8366910 828398580
495 138 6496141 865713669
129 176 984200 197654451
4 17 11317633 527394104
297 78 5768563 770836358
57 269 6863666 599853172
367 489 113317 31968776
200 19 1781584 153138075
316 6 6347609 141286903
161 254 14491734 461959336
192 176 767336 310983001
96 390 5357361 441050376
183 263 577528 827832772
90 35 11894358 457627193
260 154 7593775 950882489
83 450 14141114 886307097
69 218 129431 348777317
452 425 1086090 555869211
201 302 14307698 156547952
117 76 8871717 465648593
5 115 865603 832804187
309 184 914557 764592601
209 321 431987 923967207
12 99 7615597 13029704
279 211 392078 109553036
333 265 9184634 765640762
489 470 126762 655697858
142 144 573359 437390722
383 44 594578 653972396
91 299 7525497 27545781
40 288 10893659 655592974
247 163 7018516 151495936
286 435 10262234 678630433
162 130 833948 936037103
170 106 585036 976774861
58 52 51973 135208633
360 393 13317070 805169995
259 377 8784645 440737901
4 259 14344448 236299288
266 317 11982825 859680530
36 422 686675 367870400
331 343 6958331 141604238
429 113 861066 194591954
201 433 807034 623056159
480 420 7408522 266962080
292 68 9170578 158191152
378 188 13759317 134984760
436 153 974991 799200171
321 6 11237964 621746689
59 36 930699 340964672
282 168 7673946 491220664
156 425 3285128 466912923
150 99 319028 916847894
441 422 5277525 848467346
205 288 34251 245038981
284 283 925117 382833396
413 296 114441 14772902
136 468 5396911 791873746
488 28 442586 118076040
111 250 7096456 469839176
190 438 273496 920330157
152 371 6171327 827531225
193 397 5573635 848069624
205 288 34251 362840542
261 334 7265237 329671822
44 358 6820974 194438771
202 438 2431341 634106277
424 314 10156539 58221821
303 483 8474311 769082508
131 109 12956939 506991173
5 366 5502113 212467759
75 405 7126491 432190238
314 86 9731902 63953102
496 482 6735292 986979835
432 74 12127359 190714608
72 163 10940288 589909806
197 51 9242594 714713450
12 206 12977817 510914623
205 435 10820217 306207373
293 455 304465 159612471
473 264 186451 948349097
6 436 11139113 371457745
29 377 186333 401688695
361 25 670440 777881346
272 69 7341193 628144239
272 246 6107094 947547127
431 69 830286 530536521
253 17 5178248 224549249
27 228 6629449 65860723
208 18 511388 946390128
407 333 5067032 224232539
232 461 7052167 521817598
80 256 854727 730178687
252 12 11621838 159089365
281 380 3746618 586772214
273 407 38892 881718112
266 317 11982825 74823919
485 314 4072482 546357400
422 430 10272877 81778912
254 231 11054729 693791218
120 260 8027390 689531738
476 84 4812 338340351
163 417 9428407 634995010
424 234 8286829 5963063
304 63 11856937 435198122
377 397 8159694 279774118
250 111 7096456 189094831
414 160 3784711 610619209
290 261 970232 37605931
270 207 3446458 788637426
22 302 357494 873626297
380 422 1712659 296299549
41 388 16086807 674277681
411 271 15980626 255981551
307 42 9802062 23920086
53 65 601240 948876850
60 124 8545995 663137000
91 134 272641 971098738
285 476 5576352 737083148
305 82 3763852 208793888
457 38 13245738 802570200
124 219 9110854 544374957
463 238 7029656 179317272
370 214 11758244 867848611
329 252 7249390 340836902
384 155 5108216 670659068
240 260 6713845 454661449
41 402 14144946 969331811
119 371 717956 710924339
318 77 884772 414296695
241 437 5423178 197060499
80 142 31361 932155532
333 407 5067032 613575422
462 143 5825404 107271077
326 387 13561224 241874970
455 119 9225405 674324211
141 413 4214185 491651208
491 136 8480901 316670261
227 361 5594415 513752528
322 33 11433071 92385700
124 308 13469815 633250491
139 90 1583769 935274696
136 169 12919139 717255699
252 102 138716 332602266
363 95 10223843 810129480
44 358 6820974 60003669
129 401 3799620 914579252
324 307 7488596 393757623
449 332 500573 150008849
66 422 6767362 377412640
479 451 3871112 182958563
297 196 9049987 166695524
99 114 8142982 253870714
327 61 12032901 70155348
260 337 5820243 592712136
429 196 4891640 327549943
286 248 572168 417026211
2 22 10646674 652273019
275 448 8418767 858191610
218 257 10085637 380129607
444 397 89885 675790816
431 69 830286 71236171
254 165 10218100 408350212
82 346 379497 944797622
265 196 13564867 36422595
247 172 36398 975346780
7 203 16474702 649750826
299 91 7525497 441596057
172 226 8530873 739773573
484 269 11672812 782293586
286 328 819071 834802182
455 442 285344 234658558
95 307 9421076 487058411
40 288 10893659 613034812
472 189 963743 195297066
311 444 8619715 94526987
423 108 6490002 607407363
497 102 8311553 951805667
372 332 7310257 557793429
373 342 3408074 681091369
262 288 15714920 925292599
479 252 7255348 16561649
288 262 15714920 522389520
92 80 795894 26777588
169 380 12915705 475588051
445 334 5243002 175049993
292 129 49037 140093943
480 436 780946 793289548
499 482 98695 367648608
146 107 3354997 708361217
255 499 4100959 990649315
100 49 13530951 95370836
492 113 587006 605148236
107 421 4531571 423271481
51 144 2544291 382927764
198 342 457627 279444369
307 417 249471 844403143
428 151 2046459 223885118
229 92 6417325 443182557
264 199 10616498 193584699
305 373 7295550 779032589
451 280 3993307 121810990
452 49 241283 533291664
267 434 7693721 859963846
414 162 9205178 930646430
173 300 10854379 324208135
388 32 16901583 630572461
437 263 7850258 767510973
199 170 859943 84916994
410 38 2490269 422078115
128 236 8041790 530944218
381 11 81055 792562282
313 472 9705996 228847696
365 406 9389115 600794464
195 176 827614 645211416
438 87 5402934 886602480
217 452 8235034 168700510
461 212 11887031 118811264
305 460 182165 36112129
234 272 515359 177464009
241 9 632524 502182194
255 30 13468088 337387291
345 465 14867911 404846562
419 379 10411785 573755267
89 461 6794902 991025664
323 243 7956049 616069829
495 338 21165 396479669
347 97 6723309 938376930
286 341 13936457 566999495
327 61 12032901 443502424
125 454 7552903 241450212
495 280 7682196 405859138
141 20 364045 164183681
48 286 606341 707076395
448 406 6155723 656533311
295 442 7608599 331167386
13 66 12489789 991929553
251 427 5382952 805684085
291 134 243040 829275083
438 250 7171128 651952726
361 321 276862 732661994
21 467 5377710 446122450
194 176 742711 179859910
331 47 10559955 674982204
92 337 4150667 724210902
246 464 12821880 948090735
270 207 3446458 86373156
95 409 9066133 459464853
371 411 11626461 135410184
187 144 6312208 574475177
411 298 13454044 90603181
386 327 14679070 265400375
497 311 9051970 594793854
410 32 13457522 423719633
455 18 10316013 306601432
477 344 11222301 711603598
335 447 8761812 467561436
69 272 7341193 777926823
443 202 5147346 739654088
244 98 239238 701494325
499 93 8031653 778802906
294 295 653392 688999799
256 104 2969071 225695357
355 217 7078681 645265881
320 61 623483 899862361
227 461 752354 244242722
187 144 6312208 298913166
294 40 6347731 954557784
63 245 7807261 153150524
32 33 775861 574505540
277 109 8039291 674598946
90 489 532593 271987578
277 459 7884930 183576655
211 430 889691 989619957
237 418 4646844 952622735
344 6 309222 56056010
8 57 5369163 523577682
211 315 11751076 310134800
364 7 734661 394267952
320 468 9381662 797052703
450 363 12437306 962183829
135 247 6881116 928654640
139 131 959911 822871882
335 146 242064 527165490
251 119 7584691 584071067
422 475 552911 554746199
301 170 6764467 558133450
93 412 11491249 735675027
306 336 10660075 870941111
154 186 10119324 789023425
167 327 11660155 432886948
173 457 9665442 110890178
200 315 236115 198356369
253 491 15575982 290733793
478 105 647209 559674957
421 354 657753 881556662
16 176 2961896 881156202
350 171 15139755 80984782
163 162 7230406 635662410
423 473 369421 613171471
460 11 8013197 269068174
60 462 835496 61246488
248 313 6698518 481629060
126 335 877744 555667051
400 67 10863058 816897595
473 423 369421 968806408
270 469 4115233 780100695
268 493 12802183 582142562
476 259 5009796 679454425
397 152 74044 998915006
323 38 8140254 265894138
74 157 5325501 226335134
203 474 10427763 917860041
163 183 7721691 979052093
404 74 1166833 816001983
66 428 8052663 473955633
442 455 285332 599282172
360 187 10299933 145440874
435 393 11934421 614994429
435 165 250411 101764017
14 361 63853 218440852
476 457 2002438 393337796
451 454 5049900 456514365
189 149 10646468 690974184
360 364 14348146 146059526
395 496 8930782 263291240
49 442 7259701 220913120
316 6 6347609 167611612
236 128 8041790 179480757
250 111 7096456 631639384
286 346 8416098 232078717
82 397 8072456 41625326
227 396 3266024 851991648
461 232 7052167 671826655
476 259 5009796 844230109
384 498 4502502 435950299
323 42 450400 75444040
127 280 7856030 262071958
1 428 171850 100772830
368 305 497210 649448990
476 84 4812 153474942
61 134 12286975 978957746
346 202 4077963 494017855
324 404 4655501 296773661
467 275 14336 623378467
435 223 5421628 617721755
189 149 10646468 946663209
272 317 9309508 654400660
102 55 549024 792390275
30 83 769724 425210134
202 322 8503197 900410131
211 262 4501667 830915588
484 194 4110206 46566924
318 205 8289558 389117388
11 333 6020690 637335741
48 176 7237140 329544134
61 40 4165547 125058632
271 105 530767 161006570
394 405 8792637 353467436
459 375 924728 459057317
494 159 9438468 500760339
441 62 755336 808769717
118 206 8236600 779351904
228 218 876610 538762430
483 442 10600703 597703853
329 148 6398865 965459039
395 257 246405 32119285
119 313 1497533 434148859
158 230 15747 999434313
239 461 9016290 698923997
186 349 5246950 588449876
389 381 10056351 609883119
309 194 7879755 577784245
107 43 3829195 418169169
430 477 14614454 196704647
262 319 22880 730642853
132 261 6189018 71158399
305 184 919996 329567546
483 52 742337 291698004
36 202 670902 758864235
287 33 10891069 205733615
354 370 12099518 587535718
347 404 915703 623113236
87 254 8868538 175912383
463 107 7040545 956160965
55 201 8497289 681871706
356 154 13223043 202964241
270 366 5108485 638766482
475 408 5322867 996479109
82 382 5752237 77401906
329 148 6398865 586970883
327 61 12032901 736790381
393 360 13317070 599192589
395 480 887540 638767990
214 38 25710 539501890
267 97 186466 58103997
383 130 5833560 326424171
436 129 6824047 987030672
419 115 10274580 999611513
377 260 594784 954743029
226 120 311276 263645520
34 137 911857 784574044
58 109 6372136 526199286
2 22 10646674 582164204
260 380 690732 764818898
463 45 4428338 274912843
456 155 7653134 271404157
489 130 11373304 373722638
473 318 6054787 602607275
262 380 11057934 128102571
324 380 285029 919640320
257 333 7472290 830872893
451 473 3011057 976028882
232 461 7052167 808865614
36 172 233061 564461538
311 251 304471 276964435
285 404 10050496 637270487
450 389 738374 728078632
448 256 8988079 754063918
155 7 13288738 199170188
368 453 12709521 815209544
346 404 5948229 345324430
467 471 663386 702356710
59 359 390204 280382812
57 331 6179118 277441224
299 136 272354 638471360
100 237 8845737 868770597
137 331 8553376 214117055
15 129 10486542 700416108
349 18 15607587 641057456
282 294 7529173 783930897
385 103 685083 153527540
434 286 344796 827914315
473 9 91594 714448410
109 273 452411 20300234
196 79 14685316 819786592
74 11 8971343 943383474
112 261 245116 319337544
99 210 683696 473397513
412 158 13461561 854928709
448 392 717924 94151562
280 347 8419167 493949075
304 63 11856937 655358963
190 84 9574804 431091700
357 107 6313857 866351957
378 210 5998262 908598261
83 476 335204 339122137
409 298 314707 430836481
31 209 6794027 126176118
340 121 10671241 342058376
310 396 9568270 509934519
251 311 304471 13735512
235 109 11109069 390991400
267 192 3205397 573362841
388 492 10391520 235788125
191 93 2716651 604509035
399 301 11194654 449337249
290 359 8229139 159326448
210 73 6974382 822988684
323 282 10984934 646210202
74 221 11513844 669880334
80 44 450766 705034817
486 251 325761 948328500
139 131 959911 407621459
139 275 10637910 530646964
21 467 5377710 415780803
71 491 15277700 615291386
76 442 10096220 908188714
408 374 4747357 280448901
4 447 74510 898282890
237 469 617035 759695738
308 424 11759810 315438368
408 130 8351652 942899182
462 97 556123 116615631
134 294 6245949 646474950
71 124 261191 837441529
96 107 2933114 508902908
355 495 6887858 296595771
203 474 10427763 49600835
93 236 764791 235911804
492 113 587006 429372686
8 419 603238 217444507
252 218 955439 180171002
464 309 12969214 711960959
107 313 877384 368286649
243 288 9046178 970468027
11 187 7814367 718658489
389 407 9336708 806326982
54 448 592540 578410427
239 103 11603202 187134185
420 371 930192 125816081
228 412 327154 132978296
193 497 5763024 948023110
475 92 389110 365308726
382 176 637694 334850570
434 229 213010 497228306
312 108 3391194 426852322
280 163 8119136 246616464
83 257 13482759 508599687
150 104 797516 634515920
100 289 6174562 836350834
269 189 202987 399286447
155 456 7653134 336647649
398 391 6590722 108852051
259 59 9079698 833634667
356 289 11909980 764548356
364 388 344722 445477504
202 349 13907874 247038367
459 277 7884930 385033421
493 384 6142670 66906466
304 63 11856937 908403091
490 112 128955 785227376
311 444 8619715 56110017
251 427 5382952 75480617
144 51 2544291 342393519
41 402 14144946 70501880
19 128 7602591 855469954
219 127 2214874 372865367
92 406 5303050 81056286
332 372 7310257 562379136
233 20 4559802 413620489
78 318 7249859 899171943
69 409 406188 205135119
248 53 1995646 518539683
172 247 36398 691146015
303 483 8474311 21808708
17 140 10161050 677770224
321 288 13362142 997128067
412 182 14513298 632280708
114 499 10848816 590988088
198 183 7411456 978781685
56 227 5640785 881212340
182 54 619703 643900550
453 292 12646233 186539334
203 308 353312 237331062
242 461 5255670 949623672
274 242 959038 992669574
371 226 6718066 97307025
266 190 4956073 356830569
228 389 2380001 338973819
297 67 10804015 123573846
111 250 7096456 510635394
266 322 10754462 566073616
354 273 5878076 496049974
205 288 34251 841492702
152 310 660325 983152661
287 402 10461042 56124958
132 457 12278312 458733701
125 33 7185759 170163480
373 305 7295546 776935903
269 235 584591 240144534
78 318 7249859 492613178
11 2 6968684 220695358
476 362 11849356 703700465
44 351 5378399 401413480
158 400 12484009 732472723
303 231 61764 663882691
329 447 9667882 610538481
16 131 13699684 592161847
405 75 7126491 882077026
49 65 8074571 191711234
5 132 9749786 24272964
480 352 7835662 419108932
335 342 368466 714290929
398 148 9729801 56259745
411 222 159740 850259454
65 440 631320 663542388
140 17 10161050 29016297
93 341 13207575 2886399
125 495 10672732 472798932
235 269 584591 104418841
482 56 845555 622000307
425 156 3285128 299439740
166 249 9245192 292141207
189 463 1758770 279864446
246 154 9976424 549715225
165 435 250411 693990023
3 104 786555 7123336
271 105 530767 719501978
6 24 7847765 583102547
455 281 6348271 280532433
153 297 11367631 315090555
237 59 3642493 141560695
183 132 8636121 405930523
396 315 8414663 878277105
141 496 919638 909205658
482 475 424377 192058258
178 134 7155392 789998797
14 73 587415 521620178
214 112 433209 18015066
256 336 333479 342566055
425 303 34690 199457597
438 123 11260223 866968304
195 307 7823661 434662660
452 120 9718655 921257721
172 430 11192608 536538511
412 19 10287234 855466173
424 307 699907 416264966
469 107 999828 627489223
175 249 988632 958707412
128 297 1764967 236670748
458 324 6042946 838544873
93 194 4924688 347235109
29 147 6227568 486906062
219 429 689516 301312703
436 153 974986 526213075
87 438 5402934 736388223
480 352 7835662 814810668
267 261 653694 523904381
251 139 4982132 854781830
405 76 144274 366286485
246 154 9976424 363541130
318 77 884772 638959139
400 158 12484009 130389898
401 268 5769770 917981826
318 473 6054787 738039844
245 315 249415 568387738
103 439 8841013 194896481
70 422 4231331 880239177
212 4 833495 331680494
67 221 539730 320465845
71 170 13760852 936376328
400 158 12484009 645346007
218 394 108477 595313192
78 318 7249859 541174271
462 404 7082881 135722008
406 472 11431671 639239821
298 411 13454044 142133284
126 104 6342748 942406866
320 173 11515468 198112447
199 170 859943 539642848
444 381 420518 836790696
254 165 10218100 718086347
58 38 357236 292555405
442 68 764024 697236015
202 322 8503197 547237786
44 358 6820974 329264735
98 235 463174 621081916
358 425 9510239 911249585
438 211 9351124 725776608
323 3 6823686 492012806
146 335 242064 945361417
23 240 10373468 234304840
73 84 306964 506314233
406 92 5303050 313743306
17 140 10161050 684598636
407 65 6971587 664537354
70 487 215371 118407095
234 405 3169519 770945206
232 78 611215 170924837
481 283 14541110 994157073
257 58 2312918 482311306
473 358 2983400 615209862
473 163 7136885 528036765
142 144 573359 873131673
91 299 7525497 753420082
327 333 10404745 856785833
461 347 6483569 705798135
398 148 9729801 857499285
367 31 8138529 232785600
432 439 11646738 37172083
12 262 99788 172302491
158 10 4704261 410212749
443 33 8077169 42400872
72 23 490759 205500267
15 367 662328 518380031
447 467 9391002 106099025
372 332 7310257 394207500
234 176 590876 430742794
215 241 7495299 927998553
12 438 10319239 760761749
342 373 3408074 380732734
475 438 520847 91507073
326 489 763476 861382258
385 181 11244200 212731974
27 311 5399065 124306986
452 414 8314161 196254327
60 93 5041943 746098553
420 140 9965837 853041383
425 156 3285128 733461022
485 126 7217535 541851013
329 206 697971 760185656
456 155 7653134 674815849
93 191 2716651 798529524
489 12 5285585 391457600
296 403 8215126 861847421
106 354 8142399 576013097
497 19 322244 22250958
209 8 684707 762532854
391 418 7607180 810767016
319 463 3959621 328474583
425 165 9163436 684897618
80 44 450766 977399534
424 393 607031 999855997
92 229 6417325 816649493
239 37 857376 140931474
165 30 14154227 818258074
28 67 865754 193659586
288 205 34251 132770639
320 243 8377323 823160852
179 441 5921539 14097990
105 81 5013746 553225501
374 25 410485 758640477
75 190 426931 132225549
487 48 10317996 625972680
141 217 127948 462610234
290 123 13463606 456404804
315 245 249415 850010590
315 200 236115 166439471
475 422 552911 174348846
50 157 171725 83133699
419 208 217812 722746746
418 308 7620675 298263115
58 109 6372136 129522630
197 252 10311522 905967389
200 138 5323344 86867257
19 137 9040477 256813622
235 63 12189232 528743655
468 136 5396911 182013967
422 441 5277525 682228625
233 93 6313035 313176036
204 138 6180183 669837276
1 163 555005 777286706
379 64 14838341 100895702
479 396 61993 101653220
20 233 4559802 930356547
265 470 17921083 431380198
482 499 98695 63523696
265 196 13564867 491460040
499 251 5588180 449261155
199 318 4375250 230775664
113 492 587006 509280638
438 273 5614161 508714494
30 186 13696197 573158522
71 279 5127626 289873607
1 428 171850 902461103
249 379 12086375 535765138
381 164 215848 27004763
115 63 767723 329483109
217 211 11149129 393478890
311 251 304471 811073753
173 420 11088203 200454186
335 447 8761812 650582676
151 428 2046459 649271017
418 446 11294398 110648196
109 273 452411 373839822
407 65 6971587 376246406
208 18 511388 188296927
439 213 8683345 602957536
341 470 16159129 578370485
445 334 5243002 775737762
383 215 5004128 899594770
294 265 10135753 357496834
435 206 834131 918797121
442 483 10600703 614790003
216 175 103289 822574971
110 239 16508485 390340261
38 192 4563102 141406206
422 76 6602420 372035013
246 88 5849116 380105275
214 47 4299018 265811959
224 124 12249241 397853115
485 126 7217535 55758304
463 90 916049 99518410
80 160 6400902 480647030
391 135 939534 270597202
210 99 683696 649341619
272 223 2306250 849456574
169 380 12915705 957447322
491 134 955129 435842100
126 9 7706786 24112128
237 469 617035 665449253
192 44 3359689 201424087
285 302 6681671 411718741
88 434 7823810 834689545
46 485 9199993 690767224
23 446 235277 102810316
344 297 437253 643156632
395 496 8930782 965337274
207 218 10774357 579854532
212 373 9879395 943863496
104 17 583283 231740025
242 461 5255670 802955721
266 409 847201 820842656
66 396 720581 865361347
356 366 13711972 539906914
427 248 4788071 732662690
471 467 663386 395650134
225 46 993741 28790734
94 285 829181 214671678
228 480 10321069 588117560
40 288 10893659 983981851
356 289 11909980 740342249
183 361 12023277 928374064
434 229 213010 605845803
151 302 10388169 120177884
98 459 11417905 472932661
282 294 7529173 165650762
272 69 7341193 220278092
95 363 10223843 912955301
58 98 11786200 305217467
70 376 10727604 514036584
418 274 10451474 616997194
343 95 322494 426033303
439 477 10474501 58754677
213 314 8890546 51940013
76 283 10999693 487002967
289 500 8006745 138203712
116 62 480929 585433212
494 54 12737548 822530070
409 1 8269013 599608302
112 465 10042431 756955141
318 223 99193 409093058
304 345 395338 159970190
276 83 1009183 691385421
351 250 537678 510810551
284 238 6528833 845766389
443 307 6906339 409626485
273 109 452411 470275146
75 127 6467656 67232252
254 165 10218100 895832921
60 469 377387 608343950
183 180 48599 144065027
362 476 11849356 909770781
318 467 3513457 101725854
408 175 3681267 882254863
282 388 14599340 703950447
348 263 15358543 472782976
129 256 3980534 552876518
469 107 999828 961502803
482 182 10955000 609385869
9 322 8311728 892915603
476 84 4812 600465113
2 190 319207 389032224
151 220 10548682 385762317
161 282 13666238 921690560
259 48 54451 82284412
93 259 11473570 535226328
143 65 606149 162820521
410 290 4113115 416751655
56 482 845555 116311095
417 200 10020260 253398677
289 356 11909980 779929601
471 467 663386 828780862
305 373 7295550 357820584
447 430 17080436 709607418
195 275 3254598 44936928
291 226 3903785 917384593
489 398 412324 642075747
491 136 8480901 474242299
476 222 879813 874321805
298 412 2054070 615869503
284 238 6528833 439371217
270 37 10744904 238934494
258 484 12651083 129549888
203 14 12685450 789587075
80 237 287209 796304630
239 24 9552973 154012177
423 372 841209 331392047
89 351 8215 186964666
88 309 7985282 61729205
484 486 8488977 432795548
173 197 131673 235720684
385 62 40387 993136178
410 229 11703346 310689810
263 406 8481896 235996014
66 178 7007205 279613503
78 318 7249859 544024982
362 476 11849356 46220029
20 16 533180 363404430
378 480 11218492 18248629
107 43 3829195 190255455
491 136 8480901 566766634
134 291 243040 53539139
417 200 10020260 714672012
248 453 6222389 641103582
52 53 8330052 377941870
159 282 11914600 195524719
146 337 6947483 878337902
2 231 3095623 354365778
150 99 319028 38663910
459 119 5769134 228248603
118 478 253422 124933569
491 71 15277700 822659200
207 410 154137 92979819
55 201 8497289 163715908
465 145 231515 512860506
146 26 9760970 101142246
488 184 10330609 182037339
348 222 914866 936520144
149 140 4340071 361633208
293 380 3476135 263829693
281 383 356520 132395836
294 265 10135753 569025719
278 68 356580 716452258
264 104 1458909 962251511
173 467 9584232 473515732
212 230 4863016 632960661
182 464 16744918 651372014
313 301 4355186 946875239
372 332 7310257 575620801
261 483 1855569 882525420
193 467 50161 668206019
43 72 11104187 822677869
390 157 70289 439419973
187 240 5672696 27834826
103 19 3655196 525466415
455 293 304465 878346841
223 244 10792347 931199128
490 158 9618093 724698813
494 59 656335 489665608
428 131 12193837 743477379
230 356 359546 20063395
210 123 9240294 762512902
237 80 287209 696895094
93 499 8031653 572164994
301 363 9947204 622186436
393 365 5418539 494232238
32 197 7570038 733208192
48 402 499749 527104026
246 88 5849116 647068851
350 204 8615045 245166191
395 70 11231497 76301584
6 316 6347609 815132352
258 484 12651083 635929607
445 171 11998147 206974095
285 94 829181 64797352
217 10 488716 576518214
222 411 159740 38769400
443 202 5147346 117204767
291 299 8041180 97219610
494 59 656335 335811182
438 132 969767 439811648
375 223 4189493 708620989
134 131 15915576 15863527
301 296 113308 431491739
58 466 10052287 933858085
420 404 9457022 442080001
446 111 10554768 184917376
8 26 924626 454777706
397 82 8072456 836049054
53 65 601240 991057681
120 500 796018 709265460
237 469 617035 771516571
489 204 10156675 869257360
481 449 579960 393434428
54 182 619703 455882135
417 200 10020260 592396754
267 261 653694 305058345
410 210 7763361 831617003
269 422 8476104 743051608
175 321 6555338 598020573
466 70 614188 696888965
453 292 12646233 953896840
199 264 10616498 608940616
95 469 3662371 305875032
341 158 15177854 337395411
248 252 7499938 266426273
396 160 2216017 157050809
495 267 4183974 218299355
111 150 4936807 993699062
219 419 5912479 954419079
344 484 10077460 672351048
282 161 13666238 852383918
308 389 163758 672979463
373 342 3408074 316776595
200 417 10020260 344033774
170 140 12232286 744175678
214 95 374878 848722354
325 380 923038 399687098
49 373 8532644 994270677
321 347 10410430 976219180
497 32 12242981 620590091
345 188 562552 649031404
211 476 44992 317740538
275 144 3606346 154219228
188 259 13171432 370011463
221 407 8518777 700721429
254 165 10218100 803678756
33 171 212214 726742243
183 194 6281531 448574866
157 92 1820175 932016949
212 230 4863016 442095025
493 250 930771 635487836
110 404 14891492 408561352
422 485 676800 555845330
408 374 4747357 778954954
154 491 12828405 951036833
371 407 308372 412298123
500 186 799509 226238188
331 430 12593011 134538369
189 438 8241028 99939435
69 450 2112301 30423832
461 391 814036 715516196
171 445 11998147 853267534
330 107 545970 254520892
369 389 6679114 346241446
136 326 10271208 721662878
496 395 8930782 40612263
219 210 2953543 720455795
293 56 5335793 937052408
176 192 767336 10622948
333 498 6106507 250892781
356 154 13223043 935175962
285 244 6001260 95539341
34 244 6323731 762379023
200 19 1781584 67197239
99 323 4920579 369921372
74 404 1166833 304603877
31 330 81965 934090856
197 469 7632892 437324615
440 338 7599819 557954066
204 350 8615045 815722466
183 361 12023277 186036228
223 318 99193 186539156
196 468 118710 760828796
125 494 11371259 567442931
487 455 298342 361964470
143 409 8782238 89159612
147 222 7232402 593346712
108 423 6490002 604461064
95 241 8103106 190907277
438 202 2431341 972086859
73 262 4144903 398286438
475 468 6222597 698853766
323 418 436856 159563768
198 342 457627 196770759
318 467 3513457 215067019
127 75 6467656 833449019
169 490 13884024 942148702
103 439 8841013 125728371
403 418 8972523 509569142
71 497 12444983 775425218
133 393 4628406 581070923
142 144 573359 316828762
227 85 5862 962797783
130 141 581949 64965043
383 56 3500275 803092101
151 178 295207 207973693
119 394 8351384 689787310
408 475 5322867 116137171
393 360 13317070 152747569
452 35 9998529 160029725
381 368 7252746 4640481
346 223 6694069 539057142
46 143 4294338 442667623
221 151 6906385 603461196
251 311 304471 595490920
234 161 9336524 853774816
43 167 680854 148625124
441 215 419186 565408847
467 313 205816 556450647
354 370 12099518 602287302
210 494 5693112 552167569
71 353 499069 866045355
208 472 3076311 686355898
406 351 6871499 138723309
219 127 2214874 953485615
494 393 10747438 299631159
246 397 323067 922827440
66 13 12489789 86882330
183 462 3843377 5987660
60 469 377387 521231843
200 19 1781584 490673233
401 76 92512 449698463
418 105 11744120 266465151
204 373 563100 354543946
443 295 325009 269020323
273 102 6778065 85323445
45 263 15168371 552663555
231 439 653502 661820975
69 450 2112301 63582153
181 482 9092723 417286399
409 143 8782238 468965616
382 168 3238117 163929898
204 161 10175625 339571096
47 140 452889 364524254
89 374 12079565 955038560
410 488 406579 595121485
2 75 746124 297541257
173 46 386126 310603690
178 66 7007205 413856917
136 299 272354 209849679
335 443 1873191 879999351
363 274 139846 844028654
15 137 5321869 847450143
26 189 366906 143380073
491 140 13749117 828691989
500 236 792853 111214181
180 237 5721883 638424633
429 499 4244084 615431364
378 277 11979749 968254222
283 412 8932864 173888378
339 408 37284 171974146
448 406 6155723 748139699
50 468 5659157 120055008
462 203 8101474 859677530
405 217 641900 416208032
377 241 7171182 945828430
130 162 833948 963150450
341 158 15177854 919492223
469 60 377387 498559340
275 367 9700036 884238723
379 478 9390094 399739769
249 83 7141779 871367662
6 436 11139113 441772130
263 348 15358543 746469987
206 435 834131 294912049
32 33 775861 221138266
475 324 874731 812006964
296 342 620039 237872288
178 319 10713824 958768369
311 81 14713907 884927922
123 306 82497 812390269
391 372 3616285 949591577
374 338 11010072 587524420
15 367 662328 838788052
112 126 5998066 853793015
445 43 10099022 258029257
305 368 497210 13679134
402 121 10120458 466868516
391 372 3616285 466042402
486 414 603117 176729693
276 387 14582850 365171325
461 204 5430620 875277877
285 225 706786 768441276
487 409 148514 132944188
297 214 8322876 789869755
219 402 7441784 974024045
389 308 163758 520121631
135 247 6881116 975230541
488 28 442586 743499644
323 83 11858276 98777087
248 240 8165458 163019104
259 343 10039130 689384467
270 276 13389689 60968586
245 376 934546 516385435
458 279 11446131 17133726
83 220 930621 345867220
28 117 763317 603683794
159 358 943345 366876208
320 283 8109267 805381706
20 500 195609 798901122
3 292 5501326 44412065
148 86 7862071 40592890
97 124 9937608 564926109
310 396 9568270 314510870
227 230 10921071 642153092
383 265 12254563 159628098
496 395 8930782 20822452
21 82 582519 399544377
437 92 516354 917695896
39 337 393372 860063294
452 439 336122 666798515
132 261 6189018 286371689
292 129 49037 852992697
413 234 1558628 363304513
45 106 14803022 914420644
127 319 12222980 232409304
134 178 7155392 508947114
307 38 9071918 395331785
9 290 7387624 223836310
176 443 89725 568899522
301 39 7463690 771448562
422 380 1712659 301225220
51 179 442382 860571607
206 12 12977817 938004154
237 395 6080923 672079401
443 231 5218954 828128724
7 85 13107669 187077776
174 22 93305 12101051
181 22 864785 57899828
263 348 15358543 772589847
291 13 472330 177516229
237 104 1827135 65708881
447 491 845403 452174269
66 157 5479262 482389263
438 368 957837 139410742
358 338 9662144 41092347
285 479 2557955 705309433
275 144 3606346 608983927
220 276 78554 661977483
328 330 6666406 173731086
262 100 419789 340843230
82 346 379497 738738970
74 347 251149 903178654
75 182 11751891 499460907
415 47 11881304 83415729
175 321 6555338 948958608
349 53 14515774 957952334
320 426 8172649 778644484
486 137 940998 677911564
189 438 8241028 92154302
260 380 690732 838651744
80 185 5886652 175708986
183 136 6319815 431964450
280 493 10190745 636618198
293 161 12429301 840092633
126 164 6612767 1075562
11 25 11403387 979508858
29 443 5298434 510434501
321 6 11237964 335541582
301 43 6215071 165952634
348 57 9520418 64368587
404 123 14520149 207325929
275 467 14336 795506915
96 135 8449857 15471788
430 477 14614453 676478273
303 323 817469 512281286
241 122 5957364 747645848
395 257 246405 808987389
419 414 482984 328469358
3 151 4583493 710032628
272 163 4856100 919848850
195 275 3254598 846627626
38 149 468258 386939138
435 206 834131 209721906
238 383 273402 481374531
46 143 4294338 566974544
177 267 4107713 75271003
445 453 15656425 211815202
89 374 12079565 999323770
112 164 614698 517354912
191 367 12623359 817164311
121 163 200703 714137051
391 418 7607180 374755072
407 243 163809 806106169
251 72 3961698 220700656
460 213 8205836 631918225
482 156 905757 951504949
10 300 667826 494405670
84 42 11968641 358000630
94 324 7973648 697221082
170 301 6764467 83245808
204 194 687250 765372721
368 305 497210 648455939
416 272 5698112 540281733
70 325 4011740 311753691
88 309 7985282 882785901
192 176 767336 108149157
487 255 114856 614476559
53 270 8722870 629739557
9 426 350165 40769062
131 18 5259391 556550172
246 273 6767620 855476866
251 499 5588180 488666228
58 392 10862701 422600710
489 367 113317 715443025
401 295 3230134 141010138
415 446 10325321 505499119
480 436 780946 975112200
158 341 15177854 356029228
293 447 14370795 743022871
318 78 7249859 602879173
42 479 8620040 262283208
460 78 664379 640169079
458 324 6042946 744256692
216 421 12023229 975210769
448 256 8988079 874913424
152 99 5596888 514402384
446 303 10040088 645956562
345 55 10904708 123040734
486 109 7340643 167956863
100 362 13382033 105843830
365 137 961043 573243933
483 132 8044600 230461101
152 277 1396190 724292576
441 318 297196 273529876
154 479 881441 511101897
243 271 9232257 437969978
196 120 7917572 278061737
236 185 327859 347359147
455 119 9225405 444276695
45 110 720923 846887375
340 445 535437 550483007
387 376 348444 15961578
493 477 257860 817195037
327 141 10697210 399445375
49 196 9316860 235460009
374 427 893366 264621693
145 40 6999867 354542372
286 260 7529058 368627660
59 359 390204 527213127
449 349 19223827 887885829
250 195 5871234 870444532
57 152 6720193 660361916
234 22 10506159 780971684
197 233 9434311 99580669
216 175 103289 844295533
258 211 2087245 103363051
441 10 50013 67586700
367 471 10349105 417120733
167 35 672583 127993545
258 25 408768 794657891
403 449 6490107 765117549
208 18 511388 179647319
484 19 389505 769727380
284 101 197155 169977883
186 233 5554921 881928157
415 82 417582 389235416
63 277 800972 785683005
77 406 379987 510402015
211 464 328494 892415135
233 240 4237853 156870037
251 201 9482200 921475778
245 376 934546 259991690
227 280 3326257 72206220
218 8 9207561 980423576
439 213 8683345 117598972
488 420 8177735 76077231
391 98 6804813 873080153
361 325 9905041 96685361
213 130 74538 152197696
243 271 9232257 813573892
75 287 7271998 288000948
170 256 7612405 766037238
30 491 16405270 133121327
90 491 14327028 489798147
153 309 12231933 295843443
408 374 4747357 202154202
107 233 801604 370415637
213 291 4012657 227649964
160 363 169237 129108643
469 107 999828 318108815
420 404 9457022 165110588
153 140 801362 333189947
152 401 7567275 210363714
121 232 9143822 413972772
257 460 9464767 929306089
314 424 10156539 482941661
259 351 10077612 466933765
339 201 9777233 210258057
136 313 141133 559557273
395 496 8930782 657652259
106 186 607222 903545884
435 155 8571372 306634191
301 170 6764467 310141256
274 154 963514 604100025
247 5 9768247 289924604
7 364 734661 463415141
473 358 2983400 26166698
102 165 8893183 154505054
358 492 9779832 979426921
70 395 11231497 79737886
444 323 8932404 131496698
481 181 922570 877181892
455 119 9225405 607190796
355 451 11539985 233641241
478 118 253422 638894803
402 454 797200 799806520
113 458 586150 998368307
107 330 545970 962023692
456 155 7653134 823932701
443 219 205383 255343248
459 358 10002146 437462968
253 440 5410157 699880117
44 80 450766 455548150
180 440 9742551 404064447
446 290 10843976 127662972
265 196 13564867 977332986
428 6 8475244 985787645
171 159 960677 601544465
427 122 191725 338064611
202 49 2644325 12037497
380 260 690732 204503098
392 120 4881371 430541563
459 111 5684579 193246709
308 436 11892529 385933137
410 290 4113115 226309236
315 74 8981465 33769204
363 450 12437306 281030814
260 324 405718 935433977
85 198 6631514 497413436
122 12 5559863 63121630
182 412 14513298 521994770
259 59 9079698 425462291
396 466 9786448 292486170
432 36 10250740 729487910
140 47 452889 648741852
323 42 450400 463712225
118 103 4931879 897419505
22 174 93305 774120990
18 208 511388 127483825
313 88 208355 529191290
106 170 585036 547698863
347 357 359713 981743675
282 288 514029 907136177
280 440 61217 372085822
363 161 946821 270699328
490 447 10444169 89617154
344 354 9101392 34491097
323 303 817469 243028686
79 250 15231715 528239075
368 415 3684222 183824230
414 248 334019 855585905
2 11 6968684 773198996
47 220 16782398 284100913
15 129 10486542 292965676
419 414 482984 644485662
95 259 9716611 12904464
464 211 328494 229131248
311 403 428328 845510365
95 68 10562373 221815696
24 87 726908 948475799
330 60 76478 41755611
90 139 1583769 278693114
332 12 3133151 605166721
438 211 9351124 267794237
56 404 5050680 460732932
136 183 6319815 446646361
8 159 183197 908359998
389 221 12679919 70927810
464 309 12969214 645837666
72 399 6354527 102550921
333 14 10040460 992363988
36 303 680735 251012949
407 221 8518777 732512671
158 271 378639 521437282
75 186 7971705 9767517
307 372 831431 728616693
65 219 4948627 969492164
292 144 3779534 850954004
499 114 10848816 228984613
447 127 6696498 899345700
154 267 7413610 677344826
419 208 217812 212242541
317 445 12246722 24750222
337 308 8985814 381067163
449 349 19223827 335558982
330 219 488380 878000076
28 483 2792649 605866288
454 49 11364924 988049870
413 296 114441 595936174
436 129 6824047 342663108
443 307 6906339 706296655
266 98 13132653 559822315
201 302 14307698 280430110
69 431 830286 464582642
259 171 3797089 373555335
293 445 359777 342506006
168 390 3695168 39122022
432 221 12475512 961078193
2 22 10646674 627568880
448 392 717924 174502132
59 491 11629834 338162157
315 175 11409442 46524694
460 264 6916329 123638815
89 123 13915798 158116786
292 68 9170578 128932349
1 331 862991 125457589
460 369 238773 750442895
352 355 798189 391109134
139 470 924409 178060809
462 201 5730421 521951667
318 467 3513457 944572962
462 183 3843377 495093040
127 318 818957 74210210
259 132 8400029 389917674
30 145 14757619 505887366
399 32 103554 336832030
16 470 11815374 268140745
62 64 12787527 304786725
169 473 7184140 363649821
74 11 8971343 830066988
123 404 14520157 616637321
495 338 21165 404870416
333 195 944620 707561211
66 157 5479262 527122635
224 28 822257 63271884
324 404 4655501 556108190
199 70 12481059 394762841
