1800 1865
1748 256 369238085 550209340
481 1512 33666276 338328726
1102 1723 867120735 819520708
550 1547 936916170 799295607
707 35 440301803 661031508
1782 1002 82336796 821582110
410 682 26424887 964115776
30 394 213727088 109187344
226 522 0 20937581
1554 1745 516864205 166899466
53 1340 300189530 967079356
832 515 809059191 646459790
1161 1175 16248045 313607949
17 407 964756068 75195106
1461 1433 357941654 703433086
1087 879 215379286 423761473
542 938 845456786 369542312
446 258 105428024 791099663
153 1679 581173349 190564413
1590 1275 384256454 431107604
1332 1345 981171180 225514418
594 544 601495294 699628621
951 1367 73433674 462430380
899 1439 641075128 951186852
1376 1590 635437903 309834692
276 1727 477255961 486322935
1014 574 762882720 132718224
1095 109 195685720 952709795
1214 1210 273353260 617306175
1217 41 410818163 520803071
979 513 193780753 44201106
105 1253 0 165731403
489 193 890835008 329314620
60 1797 230025525 517552388
885 1186 45795750 736141214
1536 1459 394682085 253632470
467 393 660475748 127979352
1486 271 48000081 389193729
626 789 68921567 174659016
1146 1470 0 723063808
503 1063 864332898 224101844
867 873 465779859 823100381
1468 78 581163602 708853088
1624 971 11143378 436895803
576 364 327217643 944698675
365 28 138274432 28376257
1384 411 505611907 222555556
1265 646 0 750468463
628 1133 582392119 515590856
973 1155 103817239 460686337
1583 1734 700422159 791973695
523 1760 733729018 456814836
50 503 645844656 666594500
626 487 363279544 494736901
1760 1555 758157026 449011708
1308 485 251693398 905535942
283 1337 600594680 146002476
1205 679 707472718 566361362
784 603 898770100 429049908
491 1220 607499873 73465845
539 977 325869344 57408139
696 505 994532016 346682939
679 182 675344994 679350902
19 873 796040255 856770779
916 1153 851425667 829902157
290 265 973315516 79376429
823 1725 0 874616329
659 568 361221070 969411316
522 209 189069960 52839592
244 473 110593704 126604051
1567 1450 383404122 791847764
615 1241 408071195 985011251
1398 421 783292308 927029698
24 183 280943526 834992577
562 830 719886651 479686941
322 321 300472527 276628095
1487 601 380211500 352546755
267 488 680398792 902258042
1412 1566 395457133 368497496
953 1424 727886354 362463434
430 855 914435101 292287902
338 288 763745685 799356500
1649 1037 864567469 800909903
1769 1691 0 483929553
301 1282 255057678 202945128
385 671 852457730 170252205
1406 1097 88702853 734625193
345 824 125241481 588046121
1730 781 0 85619550
1437 675 75746396 411328903
634 1197 573941063 906621518
869 815 300106726 613032838
23 1678 718803909 664064827
188 362 152149227 87893157
1212 884 808085369 569076369
980 35 581915419 403932894
950 409 106643501 250367419
1334 926 897059323 38304851
359 559 684402821 248284129
1793 1740 451720815 242703229
514 643 468199895 261160968
1007 1730 513494658 413392835
114 185 962946710 83521406
151 593 188338134 984447358
939 827 503187876 266113024
961 392 653015784 263271340
1393 839 0 435759919
417 256 283162639 928422965
121 238 322560727 44651380
1746 1607 87689499 529884298
76 1290 363974555 250552159
818 1451 186135941 361147247
1297 824 119138800 340417553
606 968 125334854 145717488
1717 1116 78914327 605450703
111 142 148899553 765458182
360 145 388646954 903479724
192 428 508979007 606164577
367 348 179546840 555399723
420 145 114372998 846572258
697 510 768220956 160199320
169 1541 328274086 708706552
7 396 317814173 955783211
463 1579 866223580 289214819
1370 376 390297023 32104146
641 1158 132057955 900837848
1483 1517 696138635 501093992
1305 587 537276723 459457832
1253 569 374102837 381139173
373 303 252006733 868168703
671 408 495580256 280915645
1551 1011 636449046 583301794
975 1542 449754042 403612079
132 514 821976654 289457210
266 941 420521937 154247428
722 757 819156632 200322294
1410 125 862099333 687730276
134 1034 413443637 242461390
1661 1722 79004371 612836824
481 1410 514860654 126993335
1546 1209 529273501 612833005
157 1157 305882031 948504492
1766 799 790320651 989755287
1650 333 470587359 364273587
1341 355 708032566 524189610
312 195 998911607 287983090
1484 1426 426699026 465235420
797 119 402216974 625154600
738 432 391397484 641955456
353 670 135840537 718040833
352 1054 395262840 468545752
1307 569 695403778 388390798
1658 688 916526102 391739644
1708 448 838740528 247746961
1350 1614 75469488 749238420
738 1055 887595063 242568182
1035 493 493008221 478648832
1141 1218 116294734 616596493
1115 882 626843212 259214099
1035 1571 929744751 286882766
1144 349 663807400 843477468
904 636 926684504 866399630
1270 781 0 884613395
808 1416 320881466 447695721
1174 805 83182219 800035777
477 1003 61908993 258123168
1701 1279 538826706 35514959
1444 1221 18896455 499148414
625 470 293737721 862300966
149 1741 212578373 112119807
1333 1691 0 589485374
1077 1179 207672246 14479571
1765 659 337021917 749056087
1513 1285 231409721 446729341
638 1275 814902731 610345860
1705 1167 806580343 437560245
820 472 885020611 134111480
1014 1711 302134749 509172941
423 559 99658409 92475911
1349 32 542616546 273066443
239 34 753897204 449653240
1137 520 76030624 867080021
1734 1177 926508544 762855981
269 1757 0 176080130
392 337 896987512 100303812
251 668 975804704 251405641
415 648 285714622 118315288
168 660 213036529 464113832
1579 1715 316309927 623862530
1081 1094 797003794 653471101
817 1785 628658189 376166231
440 1119 675811919 670002868
334 229 230285216 560798374
863 1625 842410908 932692926
1220 942 191865190 269871617
160 527 236776792 516999
1667 1721 344454372 910334504
404 219 676663203 24521367
1777 872 669753085 874032886
464 735 402558205 632223536
726 1266 410900595 100420759
1767 1467 694036747 817613400
247 1034 397972321 495442219
1360 931 792208746 895613654
1357 475 695071521 270038342
837 1522 597704090 937907551
1167 1250 258729588 719075866
612 490 808371707 440972428
941 1417 378631349 685550288
107 623 278201282 94768778
1107 519 878617770 874607276
466 601 257679289 351309682
948 729 9985324 923982036
625 1402 907888855 735994114
1705 413 900842407 656691626
512 226 743141074 370677158
436 927 252926810 309670878
1717 1673 108380575 588629604
1286 1508 630393709 537326118
100 317 529773081 762540614
588 58 938450387 482239484
823 1114 328536695 37765962
1418 852 735156297 807136292
1446 1014 980898014 86735167
1387 88 727995898 193546254
924 38 84088873 741503030
1156 438 827054986 216730733
1302 560 370583013 904993926
690 649 798136443 918615582
1325 1380 309047679 52101410
685 1206 49157674 51156140
770 1397 186028404 523834401
897 1068 996397230 958540383
885 101 897830610 845335649
1198 216 501330366 694672067
1029 1566 431913069 532090925
325 282 664887528 359563857
906 220 146206231 971826556
504 1335 977390254 869686793
327 1454 545626319 536831357
277 163 767193967 332628610
798 656 571387142 939760566
891 896 486029090 369523082
1158 1182 725652320 280641478
1722 345 633701284 663061945
641 104 790660321 773277527
121 1515 426162654 84955626
214 556 463387821 875080775
1111 1799 502707051 489611861
1795 521 712497646 686164040
933 1269 385977146 274231284
1446 694 212168785 80649799
658 984 460699288 557145781
1052 629 680782152 927191804
293 668 880250705 931499964
1657 1510 983623395 853977521
1055 1588 827922426 114779471
1032 537 858180423 226591077
1417 1059 740355815 203507945
1763 870 144000775 862914850
1644 17 213073895 974797638
467 159 475920925 362477808
1272 607 860718021 645157085
360 640 678723217 894086095
890 1057 260883619 925402141
401 1754 601664681 619750968
783 1080 195744264 758274725
702 901 0 38834408
543 1265 621064668 152581453
542 207 951110257 158257741
373 1012 332451390 119816969
1597 620 91344977 206926002
1092 449 985545976 679140081
1786 844 339039296 943071491
1132 656 401621795 555067105
1641 385 29226305 213008857
750 1335 758819626 648125220
400 1577 67727511 590735825
930 454 662812887 24124786
1800 1342 259109084 215004148
629 386 642016941 135950796
136 1351 344956565 573962011
723 1079 856917312 231039999
636 150 688163527 579934465
1019 1509 915024889 201793399
671 254 228214302 733827910
1595 790 50053248 927440093
1054 882 832389199 54758816
161 979 215033924 166729925
835 932 481353267 438280822
847 1156 770214789 895145594
342 154 637165535 171974813
516 1211 377471890 558648654
591 852 591194232 526382763
302 236 910686974 642466208
847 857 346357846 579781681
1516 138 556058389 371512863
1170 1021 579039807 690036629
1053 104 238899427 91130517
1578 1355 618782211 655147418
629 427 584655875 277422605
257 767 286272483 502512962
456 957 513098585 99788152
733 1392 141337185 491000787
1023 677 479236839 468219450
779 328 572048948 568723763
489 503 870327468 159764072
809 1779 545033755 381103198
1155 515 371190632 918817414
139 197 298935687 708175199
47 946 128710846 771675378
1069 86 115603899 93633009
1400 970 338277089 989616853
1377 193 170204848 877594599
1385 1722 401337979 565365891
589 1468 210721632 617993126
1069 434 182567635 252346206
155 644 7412694 58011000
1740 608 550347668 255495120
507 1306 75960245 818526018
1265 350 517353047 300194445
11 1024 17648566 508732138
993 806 78838080 405234639
1114 1748 332216521 770835906
241 27 777692812 109427330
550 1399 767230358 867300420
963 105 591881652 666519628
1500 653 17472519 894505628
47 1764 436443950 55908762
1547 494 24322781 265425390
315 802 592708545 620838478
1253 287 984179968 271432029
958 375 79127343 22867874
1165 836 673115466 131552404
588 1407 195952123 145781394
955 1030 778944503 768005721
1418 1455 749239483 137051468
546 1375 876338448 520839628
136 67 162961162 175057104
535 1056 526854993 692992248
368 1141 801095974 561631025
37 1182 335550450 736231200
768 1253 71744552 541622354
540 1047 323782437 471667709
459 866 135606615 248149060
885 1534 939679018 35371130
430 842 711444777 247319411
365 12 206377477 741771634
1156 1543 441585315 370210789
1709 1548 307374066 70844675
333 624 805402422 497877289
1159 425 560029300 142276192
1772 107 73867003 63709138
1153 851 884337246 432742186
933 666 277469113 937220042
337 323 365642074 758466855
678 1170 580595077 599245011
1183 1511 432132273 949348123
1770 713 283347393 982293936
1468 553 942978277 355262315
209 927 234365194 581296316
201 218 710424305 496533800
977 583 120472527 485140327
474 512 158384542 571698632
1569 1609 698479151 401768924
1003 1108 638709381 325825221
725 1075 26189294 906635086
99 1699 746439034 201826168
1441 741 797521519 648887737
1201 312 475190757 469310608
862 661 287362673 846514501
1119 674 545900198 48169951
1567 283 101471844 909742430
1257 668 253107690 351087922
91 421 989467940 285592475
1472 1176 226666658 398163757
283 299 0 470001626
532 167 625412647 955198144
63 1518 116027654 474689340
743 89 33514646 635471477
596 611 383161035 145976891
1463 528 889313413 182465782
1465 1462 366810397 569299381
1636 917 195461715 934209640
1353 548 338104241 875417442
832 966 912041313 381800255
1129 844 140810475 85501540
1664 375 544280682 612066001
858 1165 624117977 694908108
1588 1482 455334264 195292824
1090 1553 924962510 421657527
310 204 901338508 458832601
1758 1784 194474075 70293558
278 411 32134324 484446560
1427 181 992955920 983066271
1800 257 4415174 166946325
166 831 799728350 101376531
1086 701 794088253 385049618
724 116 303484921 523108505
445 701 184661020 880055480
899 1793 738519603 797756112
1610 1510 308170903 661993182
1766 1239 134614301 720328409
679 1429 893027285 6073733
702 1311 63794491 206961624
1448 1381 514506550 257743395
1475 699 571436222 237622133
1592 628 909338574 368902142
70 962 678894611 857459804
181 920 337532808 245759631
939 388 901503595 435163115
1082 1120 471270029 817112483
846 804 148565446 806860001
199 82 270773689 43945358
939 1360 354876601 56896981
170 1058 473089472 240119423
1088 1068 634744797 120824994
709 1704 0 936976277
1101 1490 888563835 294990181
1648 426 146790386 503776571
331 1156 401210706 894109896
257 718 549259946 323160936
361 1642 610572172 47618415
721 57 657748685 869141323
1042 515 550967345 4003190
298 227 9748807 240094427
1315 556 297008652 628279209
863 574 0 157754075
1196 1652 78652924 969477137
864 1080 282501546 479331194
1221 1003 678398837 500676207
400 688 446733301 380911616
224 1580 396590577 156284009
263 973 23552767 497455884
1161 1334 783830312 238747088
1499 758 793952481 866698008
1558 1579 369049124 60794074
744 1038 362696619 822825547
463 1480 293165301 388061249
1405 664 215627107 897562003
91 340 973854249 889362906
1257 29 280601096 952432044
396 956 968197102 180270187
1033 1592 0 851617718
137 786 486455016 905383764
1120 1150 75452887 644731047
746 314 693883905 109319634
911 1208 385922491 972749058
918 547 5891419 201489689
787 1326 0 707953272
887 970 548287342 799462511
1081 652 382101663 294803873
1568 200 309664883 315329212
671 580 522298743 423499257
83 1368 447004255 540706750
1634 1403 593980834 732391978
1333 142 151147348 585813742
921 83 393937930 264160817
1589 12 665807088 505207548
1296 1327 820021796 66251291
126 496 48617979 280107491
1313 297 146830465 85007208
1775 446 817154262 501091044
1211 686 532771872 328698414
206 1135 976953689 705177865
41 821 669352245 587675139
1022 1400 439576402 507936353
1036 951 349735942 282909651
1636 1791 603863898 941589163
1774 645 904716710 902870579
1263 1606 631013266 708034667
1420 1189 907091937 215020921
46 363 267390733 386855899
228 988 87100476 50957470
1168 950 590024632 164537151
672 76 517687175 146094017
1741 1698 891117734 677906925
1308 285 697549592 194034246
1719 614 686909931 450749427
70 192 647155847 697903580
916 1620 587622041 270019052
1280 1354 559138273 427804806
976 63 251121519 844216386
938 1176 388202336 699481587
1445 1110 745084288 764824144
918 1024 644803634 977706353
1680 776 915788725 875326331
1000 434 225646322 7708746
1197 811 898954307 123924626
506 112 377052390 781859652
589 1278 763759260 661892622
20 540 941722621 128464532
1586 1027 507804903 751530046
1348 934 884417352 904057227
1419 350 665160235 898106906
1100 491 651643158 678032688
611 1783 167005088 570680435
1271 1237 981284774 188356251
125 637 454674749 152361408
755 1351 357960680 944000802
820 124 938188845 292035953
264 1290 656851352 292002290
1151 1456 562373028 190001569
1520 868 395219679 458396806
466 1304 754553271 146362498
976 1088 820103292 263157764
626 8 392566285 413776069
1058 1268 826131025 401984842
354 120 669512343 648290327
757 1137 0 273997008
597 1248 509096920 500459499
860 841 663333628 961137982
1615 1700 341063316 879451471
1201 1256 874712668 226280441
1292 267 983690651 728305193
1396 1701 14458378 842218373
880 1446 485764642 648226179
1791 740 996107383 667544317
873 639 689014267 428501668
175 929 839663320 417275712
1471 704 760208326 907566148
866 127 511591158 617312332
1772 1171 295001695 309882965
778 779 15136746 134070818
1410 1260 955865635 340947592
249 1334 767569129 708435267
265 1782 251414389 375423423
1381 923 47080590 481475492
1535 10 979893840 700807265
532 556 982343008 508160706
1502 130 449610399 725970576
461 784 291511813 408895364
337 1089 104106979 81003906
1681 1096 186233413 872958966
528 1340 632747697 266113122
982 1099 905361029 18277098
943 1295 499683358 651958422
1272 1226 471066658 580397078
1268 314 414431272 893475128
806 244 269295979 57050790
1076 46 355947571 414635358
1585 1067 931745173 692799274
1022 1461 968787946 677077117
1664 720 691638180 419342058
492 158 557774822 711380240
64 782 908270187 470006613
1327 1232 885716949 620998962
241 141 270850061 678905917
1466 695 296432676 812073336
1800 899 773985238 195016872
450 1603 415952152 112015333
718 766 678626061 345135699
323 1336 115186431 891311654
1262 1313 129696682 785978004
218 330 34426944 548413598
1284 1318 590963351 274634152
227 1049 775798629 416895425
210 1445 841832353 218312454
1035 801 0 991958121
484 1143 264239863 727965207
570 123 889791650 683088964
791 391 650279240 998724876
816 763 411749511 32288347
1566 923 223068997 697612509
1327 414 798039752 991226901
1109 1414 357747966 408665134
1041 496 329186337 930090790
666 526 0 402030293
1016 30 350585190 329842913
1095 878 777712013 671001122
446 1473 808793249 336048778
1684 711 314086167 278177116
733 111 291623907 779445990
853 1648 934602815 586470575
1456 586 8566192 630632968
758 1418 96246554 990288260
1447 300 0 913264072
196 1311 157981708 260801032
43 1761 390715150 573634154
963 560 672021903 221817649
801 303 992023581 101054007
1600 1355 877934860 258832719
593 554 68221917 36675784
1050 157 0 829483254
1489 628 880412932 443481332
1374 947 145349665 260384521
738 1287 264945450 580031967
56 1472 0 742931051
601 609 687821781 58878439
636 922 297549914 297562354
916 1345 476711929 40007579
1727 1139 955985123 154328527
1115 1363 617729702 39780585
207 1601 480288667 171025296
22 346 702321507 153338915
1051 506 502917208 503011346
719 1626 157385369 866978331
1148 1511 120036524 82500824
38 1466 65196704 747078548
769 1674 793332328 95211030
587 1672 270705723 585671470
813 1477 201996481 89146429
273 1550 181401939 56474206
288 1586 149385832 67591567
243 719 324582129 14657588
391 1163 704917035 2778853
1088 333 927659079 158747734
1323 42 218788512 965769207
1627 968 923913119 376496214
784 1624 863263289 478875559
1233 1282 860628846 378602870
1769 1525 0 775565855
761 607 406574701 361393264
806 232 581229099 898463041
1517 369 718304877 21390043
1491 158 345699396 232063480
947 1181 524750128 78915766
352 661 718069537 884519949
374 1452 522953327 398439067
1076 1712 2983799 723751128
1227 1015 76596171 12374246
1647 1282 578870620 762239903
1452 906 905460795 130593853
1085 846 162351236 915952617
1770 910 253459550 333307840
908 350 635448971 677262233
1664 1570 829239226 497498869
770 783 351188774 565441274
241 663 171884637 769137555
642 131 364644194 824924421
205 71 520442154 676961687
872 1079 192429542 235529014
545 1307 883631298 75623716
304 1045 576176878 49629961
1652 1549 294455759 809125103
775 1087 372124983 8364042
3 107 778998549 895141353
319 60 615633954 186128416
646 344 682981891 442639765
548 108 803719466 144274343
1639 327 278702362 73746096
640 1445 820144540 964009440
10 925 79238916 121535906
1635 1322 667266670 567496739
320 1286 919113327 396331390
412 1128 293312883 106319211
404 1550 828688062 584145964
106 306 153492927 918978376
561 388 315653996 549878240
1186 143 375062107 364300331
91 1596 297119985 994956996
222 1679 943453532 57918979
539 1131 720264457 72146477
456 428 160807784 563411124
623 557 876953082 687247113
1216 882 178443365 421967440
772 982 62060204 170071771
145 1379 196857722 350415226
70 1662 875830920 694634066
113 45 3754855 613611373
689 587 963148525 974721419
976 121 134547158 604342166
1389 162 721941320 7404342
88 1368 643602825 613275154
311 692 685733191 979890843
1362 1587 668202366 986625097
200 1349 199359293 326706789
1288 387 103412287 510342396
1590 211 591276026 195625635
173 1651 551932305 840272014
1116 1518 614851809 840361465
902 1 816335960 663581365
1228 603 0 62618341
210 1301 475822028 974862106
514 423 72754078 690565189
606 1344 41180907 367236763
594 555 357097711 989623838
1728 118 178127251 539061574
1529 936 379301400 162446156
1248 1521 731163881 464497959
773 1633 547150775 106564913
1323 847 323456704 674398827
1240 1761 281507762 600796406
855 696 317916761 413222429
193 1253 880173953 330950138
502 1297 8775738 184847959
1076 1521 906667180 571765059
171 872 863325715 200136406
654 173 747587602 856521660
1018 52 947240148 801497198
60 1202 645138437 389150903
230 335 324466406 210034539
1742 1727 817204524 57418745
330 647 259707603 809133090
1040 1561 139900463 350581020
19 1024 457857151 495537868
903 1032 682523681 517193768
1188 908 878032788 70775228
1136 1607 468391945 744251247
722 1270 0 148279116
453 1220 385716405 26829128
1048 715 191216110 828806975
828 1229 177136309 695201956
1244 1402 48430498 9562187
1583 336 0 135568857
1637 1740 366145232 332233398
1026 681 539181392 126970316
1090 1236 718458531 751440951
337 187 268104624 568495649
62 1485 178792046 828115822
1259 307 34530882 87122867
14 153 600061277 539875662
1734 419 63832553 846623598
239 170 997058054 303815887
605 150 762514299 144887723
325 246 878035832 394902319
1497 129 870708557 370104875
1292 424 436154086 600510328
570 1752 515265556 801997936
618 677 537274492 647231774
567 341 551078186 971112599
669 133 46126937 442859698
1383 760 201263650 630117780
21 1123 664314331 405279732
670 1350 726213363 350903342
876 412 286093459 822132212
566 535 194472015 304406497
1621 1432 770891511 138619766
1426 1090 29903230 255354040
1730 1334 434370317 390100027
1730 346 0 89507037
815 929 377915927 292522389
336 1413 780662418 896682379
346 105 0 538675085
1401 558 785114519 306956106
1298 374 777392981 775801956
1211 1237 534526479 650228560
123 84 276664625 728160936
1064 670 137844065 466446609
441 776 0 218381762
1556 755 164059628 781235161
521 99 869649928 813119629
260 1046 810580730 854820403
1251 582 977023979 250575286
139 495 634926808 229737846
1060 1727 986876923 663373568
457 828 936369421 186717007
244 594 546936406 552791672
891 451 856549673 776683950
296 1533 41456656 611562889
631 73 331533968 431534170
125 146 53713668 151990123
98 1757 652700361 677709817
320 1256 972404058 337244819
1724 473 143926173 124482214
95 489 774969745 989856187
716 1519 440277482 172573547
1540 1329 182878685 509344828
950 1691 560787649 407917593
1127 1761 269179955 623002466
1462 1283 479766502 971894042
373 960 846775382 210705842
687 1730 213623238 14387466
281 133 256874220 74475735
956 1020 289138525 185237650
984 116 998992602 681735356
560 1261 24176520 182234951
33 344 230463074 472964484
1126 886 245592197 657607396
1599 1132 711226713 347237227
1539 1256 564521810 182235837
1270 398 877204669 681399341
138 219 303651291 692254038
1597 1132 330617503 976804054
1402 682 619560579 850945335
1326 868 264515305 378900578
308 13 54853482 684606565
1290 1112 988547385 26757153
41 69 672424626 275131137
1118 833 93363277 344763590
1680 1751 313247492 18484373
592 558 458075156 146095613
1595 1386 659731894 823644299
1255 1071 916475837 347571271
1523 805 745420238 938401258
994 1465 89386823 699484945
987 331 678587603 629678386
477 1371 998238966 828984000
1741 104 775229177 230414303
170 1469 884915866 603287995
1628 1648 226026390 20091912
276 672 219083984 148874396
775 1317 209979108 751732608
1799 125 456071627 296041305
831 1113 0 928063338
198 701 709000825 277923286
982 48 907609376 887402568
796 1138 490581181 3548421
698 459 666586951 91404156
110 816 111022317 838572970
207 693 166545711 866463455
1149 136 802454051 326377073
1460 1114 629963970 746973397
447 1659 457299112 622903633
616 754 937680806 89384311
1029 1142 904125817 801959347
26 806 377984413 159661461
56 825 555961008 114375673
1591 209 235452173 605881390
1700 147 50835930 710201851
1679 234 691325833 310440687
378 1382 838833457 9321563
459 250 567751019 580654418
1474 1005 726230765 463550929
1235 744 174347525 581355316
10 736 341249765 266501905
75 849 819071663 844900918
928 787 751809850 943686864
783 6 414113015 798485838
538 1581 65192132 533631989
1420 803 624502675 445293106
606 657 396694479 91764340
665 69 744917729 447826500
853 974 283391672 231151363
1172 379 0 214293793
1006 177 644289196 4520663
681 1404 700708238 553086928
1050 1076 316762752 385857829
1673 1297 717318386 339113530
1629 208 487756714 968618434
292 770 412495518 666674952
1070 915 197987278 95345448
32 1184 877028049 92627107
1011 1408 457739951 551052208
212 1262 0 510200348
795 1314 693207759 514323356
611 1193 482962504 879713457
602 1748 432925077 681701847
1112 802 908977553 775257917
1571 839 727947269 557040220
1738 240 779280237 769993980
87 927 401963033 573436175
310 1441 442970731 841436481
1618 670 670546669 926646535
610 1088 378447822 544893078
1193 385 425821615 626639774
906 903 725102791 794482506
1157 1204 122457216 713805492
291 1069 135435906 212849648
311 998 44130359 269017955
1561 782 613210083 495911778
783 275 470574357 152137271
1716 1482 491916250 576702846
780 545 614685193 660544689
948 137 201696046 858719611
1795 1559 257893047 364174916
1043 1655 724772870 393573264
555 578 65472949 191762826
1689 1192 883885613 66666121
1009 897 17463996 394661048
871 1638 446591901 763115796
427 727 640018158 93031505
79 458 967010041 284342710
178 1737 10066142 988262645
1034 932 64759579 566460771
677 1211 754376986 417314593
1467 696 669168011 448953108
589 986 821445879 588430484
689 1399 398891320 962066517
329 1414 83617313 258613822
1494 1498 823224064 920163367
263 214 77127754 769747755
1537 457 511923025 547751190
1181 1580 547571986 742115282
1233 1067 26723631 212273065
1630 1613 826743137 687522175
843 1751 464065006 913018205
1066 120 429568044 98555797
297 445 367883418 884144032
622 1575 377426864 923804069
1473 1560 930041874 724057234
122 630 484648691 834273367
943 1577 674907359 66233627
219 455 873186108 375315089
1074 407 366738606 267362619
1599 152 0 295661582
331 313 891552579 209802764
70 501 97875491 933548767
259 742 489274687 60588453
378 613 982687494 331889604
237 441 915940833 761707157
1231 1190 230555598 792763970
1696 187 410078588 188944573
99 489 428594763 220707907
1328 1780 961059330 386097251
887 1513 274953449 743476594
752 253 72838611 3557876
722 1754 0 56015779
1038 924 629803814 734580586
524 812 788061535 130534323
296 187 921235078 588131046
1581 942 466965921 151673378
454 833 415269567 542220749
627 434 380866914 631718334
379 457 929922276 353693252
1599 1576 633575225 798940849
1147 739 734164585 127998387
109 565 791823922 361132050
1163 908 93832309 965539205
1311 941 934573453 733956051
377 1421 678561013 317799240
1106 312 562598697 113923599
1594 1722 986463017 495751917
31 1544 560339531 546531368
1012 1350 339882746 105766456
1071 237 667577482 865746037
696 295 660678014 39270703
575 503 181823663 235330815
1547 1584 141750576 575998974
95 18 863141007 798641996
442 870 398058966 819930777
10 225 265649749 911462427
710 74 947321314 451352466
1259 611 75673806 694298296
380 1265 731966138 786481531
549 1126 305158260 51272025
381 1798 543726167 978093550
405 715 963540783 973944795
586 684 916259898 658111401
1122 738 926989550 30242170
907 203 545016220 983556667
1088 652 415087255 98175406
1404 1715 411611380 470084401
429 1434 792681308 783675796
1557 1443 157962502 44897210
1249 1658 696677607 703021961
1449 255 97920918 886180063
284 840 553584266 349591311
1194 438 204429105 527933859
1061 512 123328921 826572536
895 1154 552803589 897260582
928 552 958446456 701169286
1320 574 0 764792611
1780 1763 928641354 501511719
604 33 730001654 445191696
1353 1378 427010001 563619672
1152 1034 0 824358237
588 1492 684832183 102349625
308 286 591848323 457568750
1029 1257 0 725785558
1760 314 149621965 61763801
1044 1328 317422045 874238632
488 349 110886393 191070925
643 536 278075905 598634013
773 1479 0 756517814
658 1615 363800474 948644160
1299 758 968350911 150331811
68 1442 206637219 652645533
900 998 225716995 288331441
1730 4 804953288 366143691
1400 1315 4845115 79442348
226 1125 0 948871185
1637 96 599651193 908596356
1539 1796 423095306 929385187
991 1143 42859564 250052417
187 1035 289093896 650484533
956 506 529625828 688939012
1031 656 721167502 185996196
1303 831 259592848 658954679
1618 369 466062693 745705200
1485 1689 781741478 359927379
1674 1749 200113203 64452046
791 947 858844474 978606062
1241 1765 68610756 962834251
241 1500 361701458 746751168
1378 1258 575688544 893820779
1669 1065 191777505 72843559
91 120 0 231051347
1126 436 441910340 723831462
440 218 241788033 31008618
935 1170 745889077 33573817
962 1735 0 511916257
1185 1529 121070828 915574481
55 1086 423155707 891524687
997 570 756430999 220675466
574 107 917132497 916208255
316 749 255807368 656032499
1084 184 594292148 454985522
247 599 432138796 4704322
719 846 544452681 130802272
357 727 466988334 46835013
1286 1352 207492062 76105212
98 800 529232760 52998075
707 1233 290087007 882491218
1493 1496 620535145 698293023
846 1406 639917065 789104158
1697 1477 901375603 288497182
1117 468 396759147 594494123
890 54 549295158 884782320
1382 1755 814905935 612635236
814 1273 653585379 214986027
1610 230 874986611 892220163
990 794 321110204 67669366
1373 1257 568159191 207604519
350 612 908083552 683558428
457 1793 587906551 495258744
1312 149 184654466 749457520
181 705 203979878 475247356
1465 285 596542055 805600124
249 1265 691479393 477593345
63 1204 192971012 613235240
913 667 24840138 635372554
451 1510 665974281 789655614
357 807 397228626 596573910
351 1231 466396306 573659370
1209 1763 1342263 581487918
846 1288 596133640 637441538
1133 1165 524128700 389066312
1415 414 125998424 223406516
1430 937 537633462 781928031
28 1290 79355568 233461473
736 665 531175371 298883575
1167 1490 518086114 258454244
1683 181 996007684 230489158
129 23 631124978 875431207
323 1210 920216486 919538272
537 382 467895969 498650420
1352 593 642760370 847274095
847 1760 0 821143327
487 1488 333278301 338569956
1038 967 78557574 668743632
1111 1739 918807424 393278428
1098 1663 489746947 690764502
1333 907 554301520 214488681
55 164 337438131 634788216
1506 35 649065198 750071210
707 893 156848037 91362117
837 40 528871520 379481366
708 429 917225778 946688292
988 122 918439926 173056121
1520 991 481830659 491207138
1671 895 676432763 873786674
1745 759 764241253 431238032
863 1525 0 131402372
97 633 676436644 887687453
1384 1216 449277158 614021727
1310 1660 750916180 538481076
916 1682 504237249 698990100
1472 889 181525117 241069081
1776 115 786443720 246159787
889 1381 803647392 340959325
1292 405 597527264 203224486
861 2 154490857 941811040
490 541 0 837288411
1015 1120 267179868 985048832
606 268 766444161 864338730
486 1568 659406282 140128615
616 223 773356806 128313078
644 800 653040370 972221214
1196 1064 853469440 281108966
582 1640 253898475 505018884
601 955 248154511 640049960
156 1218 138624610 36846826
94 120 146905432 716822866
16 851 971067177 362323797
1691 1573 932776026 284067222
262 1680 288186389 260306993
1306 1228 180374862 543510086
1249 983 312679475 4587257
1531 1454 325695702 218901200
190 273 25956132 304799334
283 946 0 806270336
1329 1373 224310798 129457550
1680 61 964930808 926231109
1153 1731 31128877 726147426
1404 579 511096542 809921295
1232 1638 513525932 519252987
1095 732 676305874 349865382
1183 793 543417074 701409402
1750 191 517484057 533143865
179 1490 887337263 350479234
1355 1369 307511662 7211275
1203 1123 549693875 748358606
711 1318 175329782 548165083
1433 476 106023451 984598973
1643 1665 143102071 74978226
292 1105 163308048 634554517
830 9 390930652 264473940
1490 402 503088415 707378412
788 453 313764440 99310343
7 1423 165271177 328925193
567 1272 923453233 636542458
1173 888 78707352 423087957
1562 1394 788262048 286325540
459 1243 68997942 716519536
302 1330 887973752 868227367
1018 835 105974362 162261120
729 1242 225808991 185269032
973 103 217632481 268365982
1669 1557 15719235 569321848
816 1083 988099946 423018162
1248 1545 0 499406457
1538 816 993342363 332202227
1470 527 199846264 339075448
577 192 338841733 235734610
510 739 749494035 587074849
1632 394 234244945 692889963
858 1713 746999792 587550258
255 1421 826429984 866542454
267 1436 650227288 397200977
1593 1781 130558992 214562775
750 694 638435550 643087562
1205 1631 832007243 785752876
317 1446 249665688 368583627
1602 1707 817311092 149234631
575 582 489795881 245520452
1223 1041 842312368 41576474
931 1449 635950184 354737530
27 717 25639084 253148273
55 51 837204709 970086982
1163 1364 427717275 101966117
1457 695 340686808 399655820
462 1158 920658189 639908558
782 1666 837331170 305174582
1530 1078 961920354 616398930
1569 985 474098739 856677321
1560 180 636922883 449392193
803 187 745409236 775707047
1619 1537 814818014 405857526
326 1549 267973199 108384227
1297 1237 829974273 560222949
416 264 269262854 799219214
465 198 786925712 97510171
1482 1402 824370705 588728875
413 574 925274875 487660455
1102 1205 976976346 713766949
1124 195 634651626 482866058
558 1408 986424044 269943200
1008 1028 63601494 128613649
338 332 676732503 738382592
998 1380 203700896 814384345
1108 967 0 13752212
1602 1180 98027647 193512423
972 15 274874662 373939097
1735 136 808452868 889299443
1126 215 934982558 527522812
1776 1403 761079456 577641532
1455 800 16481451 339700471
1799 590 427427686 9096745
1539 1133 324375598 813390789
1799 1594 924506738 109184904
743 748 819882100 271033740
1498 604 244709170 732448690
305 1217 421041748 17244929
1054 1719 911056371 244949682
1010 906 815933898 915237787
334 1653 344458944 802789407
136 860 90736273 396839179
956 810 851822636 640295566
475 30 842749919 128805387
1428 1096 829822951 757723768
886 1207 600398033 17140402
524 1392 833809332 346133046
207 252 161159472 435632900
1080 1476 248159397 497803665
863 13 865321476 725583252
598 1074 752292970 588985072
249 442 595542275 585553164
1550 225 569693429 965822633
757 189 982014280 211678303
603 1146 517567319 415674317
1215 12 517245480 247760176
892 95 818454770 584317736
874 1637 193817217 387915952
48 137 231875163 813376475
730 540 362147996 77547497
1231 1358 505105226 99875562
667 1231 78094955 483495537
437 1648 632518971 239683465
1710 5 412788269 77616461
338 1230 778596651 633253385
526 463 539880381 176141426
633 1748 322065258 15066703
1164 1360 923805383 338847523
280 70 145205787 380930147
128 699 869293355 598835626
263 1507 471176020 389439567
1070 1502 758069500 13499692
36 14 507586036 761849908
434 299 788617615 281986029
172 1651 8347910 301889009
1391 372 493412040 666572425
855 1486 971046139 367025509
1134 124 199907982 527418952
733 1119 282132002 283246056
1458 583 888097104 497089038
970 849 677828719 745631692
1184 184 581700523 955272608
1022 853 503364396 81372796
1575 1196 409833851 928377272
1709 603 152124826 479236684
1659 92 594904876 266482586
722 1400 918262027 108938417
281 764 119727364 203271500
766 981 14639146 126919293
1108 39 999079524 418702550
61 469 220050993 595846310
1729 1532 522688742 736593059
1504 998 513813777 551279383
619 1373 805245165 929832182
1337 1135 470683854 301046520
412 478 13887552 536824639
38 585 756236324 421728898
605 1796 311145055 944241800
1078 333 620246035 49025585
473 270 805125387 561770112
819 389 565588734 54992451
832 1316 543286278 903124864
1240 1593 549690106 869240616
265 1509 177337781 790972158
408 289 176986250 6874271
1352 969 808694840 296036875
639 703 324016822 541751874
1130 1650 881353508 483800551
314 93 182869587 149248170
1718 1620 705646945 383068913
700 887 85444312 632493612
1552 47 969102756 547956116
1264 1663 643453603 736805112
210 1428 212717736 571996761
1126 564 618867058 638804962
474 923 729866662 170955255
436 600 997002489 432029757
1216 261 868996554 594093010
1786 1445 239132507 393580245
1390 1495 478216958 989532210
1141 349 413597897 164678151
1007 285 997494148 68142937
45 543 493455413 733383473
889 963 61337058 972101088
1768 19 234631518 673711948
1439 89 839629045 136750585
148 842 561287428 456182173
1294 1188 682408206 292805981
1392 235 254782176 704447736
354 1617 35789608 99493665
1449 699 742591356 133832362
1056 202 928791755 829910856
1226 1291 815323528 991793100
1351 1324 670474524 287013960
1724 1414 103961858 713929535
875 189 418652471 716871677
480 474 290287949 558606868
1221 1273 470355779 730873175
1039 1376 272826764 707098578
1300 1798 963784936 297206612
853 663 82357922 433239159
1230 111 798112430 55854083
1622 39 818257369 3631468
405 531 704662641 845809853
1560 1593 960570145 767700030
1314 666 387702672 316131957
1189 199 444474713 771639047
1089 965 527608237 661291996
1526 786 400964851 930935437
356 1753 474416271 725873654
159 1779 786321933 814460477
1258 488 0 476255019
81 1549 644181710 759744514
178 1006 982523146 354122132
1545 1635 263910400 525404852
1217 1152 511349022 776925935
141 49 428477968 565378588
1237 1393 484928557 993850743
162 851 142730277 840755896
1395 1216 86403031 145572228
165 783 605940608 362225539
65 1238 20094461 361743846
829 1768 679029044 750922156
947 1249 394571649 750353930
1319 884 172105123 878998047
1741 116 193534384 656274481
1769 1189 328566665 545579465
777 1422 787827320 138438528
1526 498 805533791 740061051
1361 243 76883580 317767883
230 64 591685831 133955299
1762 858 807429773 648313512
361 167 399608750 416339141
1252 1074 138342489 117594317
400 1789 287526016 841083702
467 691 482715611 268226684
1394 1221 552262888 669521418
22 1217 157084354 164046857
1103 459 172235772 864306604
1204 1565 977745579 609851642
300 661 621912437 682734337
1372 1404 720888757 341404598
650 1135 976842038 941929692
584 1446 188419614 600523253
1137 1238 158310958 983580772
85 1115 600658860 715587421
519 1340 971852967 955765042
479 1038 729614246 499419711
63 838 935879529 170646174
153 1548 537533504 937887329
378 194 149792368 756691773
994 1569 669634593 559501263
792 1379 196050932 418098738
1754 92 359029424 275259985
706 680 586356562 411776728
991 1195 940873966 520751915
1670 344 173749170 822410718
1543 1523 417226125 85652420
46 1098 473637598 511904813
77 25 488792066 9346310
1021 946 110567781 706386114
192 682 921028095 431359209
595 470 300071006 844786569
838 262 911345835 16116434
596 91 102853793 366072203
970 634 500628020 805178045
856 681 118669019 478871758
32 901 460544268 729952096
1464 74 233484818 149534820
1096 464 228249926 51944579
193 1333 880173953 928898345
857 1356 650574104 50012268
1136 1377 215597189 312666670
1348 877 754170349 54540726
660 667 605055393 946513749
1245 115 669399693 555127469
1073 1527 468593280 140236924
568 1192 801548903 640986996
697 705 153833454 28548463
403 1511 649036694 924514661
1271 1189 81802 963337141
864 927 291032940 953627625
793 1522 892374074 559050309
1056 1612 530481280 204618931
649 400 297581482 914915056
1579 444 440090195 124333969
178 799 280442769 943925482
390 433 612303941 69100785
569 24 78857766 918736997
1068 765 664059876 919498760
602 1430 921755798 593593484
372 264 807047941 231266422
324 1437 744219765 404495996
1072 165 507348238 344758266
383 1570 321124550 283425429
749 468 825937066 656159395
1365 142 100506285 661264248
443 1250 576286660 991937712
1579 1601 950588468 53667839
347 398 500689487 636819017
581 718 717801582 228636086
255 1300 969244113 148408633
1732 1658 848578668 502963965
1432 253 277219113 778536474
1634 1254 0 995975359
168 1310 78017752 284574335
67 356 295154162 626727358
360 277 246978043 546110031
267 1558 335202006 521384596
34 1784 548953671 413555887
664 1032 287144457 418436716
1331 636 850695358 537297333
613 626 205151539 90569692
358 636 848022608 203508785
864 760 925938628 888563390
1693 505 505707525 371941441
880 745 617634059 96869944
750 191 813032772 210444633
1212 866 473136644 526698425
833 1701 909591780 641871302
1696 1062 209182628 51904369
106 515 441538089 743507064
1208 360 758789786 863607090
274 984 862084165 814934979
899 1744 896253332 834283816
321 399 840808262 78824250
389 1536 120872232 454373797
486 1395 0 915688644
1773 1601 192051924 23132992
114 1142 431331946 73352873
530 704 735105232 638052415
347 1588 101610547 903438368
851 324 39216505 291603763
1153 344 850129090 747958811
1726 612 759871041 513858916
1789 483 759516402 986158558
442 1453 290643561 401075367
1219 452 736387754 628686592
986 1720 353137573 172265482
233 1741 231262085 667494600
1619 396 268043201 32534965
1474 1313 360087909 976594722
420 250 161380435 568344035
995 29 351023445 958147057
568 1280 653447156 670137336
1646 522 542386481 941721461
1282 1472 0 943934281
1359 1746 165125847 387126043
370 655 193115670 949003037
798 1203 838788830 942354340
1022 266 101503055 989614656
2 243 765470589 105729537
1398 1145 396561191 243537154
54 1163 978909234 95523958
527 1293 312510375 994075761
931 66 214536238 843086547
1225 502 394050497 955670651
1654 156 740658543 986245242
343 419 418894714 387315331
302 1185 348542983 641883206
1761 472 0 433881265
502 669 72515506 576771213
167 1688 428140216 548870102
692 417 837228090 531736858
973 683 458437777 832314301
1738 1421 480847942 693653104
127 1479 116554288 532887206
1604 177 389978224 777241006
1613 326 584743578 323982410
1761 1617 443856129 915999913
1561 387 945757382 190235599
862 905 372767259 331709645
1203 863 291874943 511342236
225 1564 261201524 266397359
1576 429 522820197 501701203
1368 608 652153781 763187680
989 1195 211356793 720816760
1721 1374 772689494 797547299
1255 503 887274098 263935429
262 1305 532000418 569043450
434 1037 180288968 928130619
1441 901 552030513 258722198
1431 1173 855145792 266123190
1459 872 29760178 243785640
273 1645 409191913 800913786
590 1276 253774266 666707685
256 1432 602066365 49965343
518 499 815816703 87856007
244 771 688115507 6469445
1178 753 312878955 719097914
558 859 485153197 785334269
1791 1446 630825526 514057347
1200 168 739053742 933441378
995 534 945053711 687246723
1572 572 246670550 401830141
541 1678 451113079 803817274
546 1794 961238748 831035366
1664 860 915409410 798284160
376 1690 358030461 417340257
1590 973 205562838 686146444
1465 1665 126807551 587378333
822 1279 284113730 275654599
1095 617 700927067 22411227
659 1318 716619286 267556249
174 1785 621159348 438029764
945 413 618519035 826206150
1002 1392 422258540 480675203
976 390 277324591 174304311
663 448 606985272 379058753
1339 639 352475672 264218998
1103 1401 712384848 21009404
1471 942 89339034 587360225
1328 65 531474574 246124651
573 1433 386530338 705337306
1527 39 415267043 794359558
848 1697 297791653 689674480
325 883 667719158 135618269
529 1736 84381912 191653232
42 572 855510676 199825416
291 403 509455104 18942055
1116 188 877443991 670876832
673 817 920582058 763308189
1121 1752 827227578 287481638
774 1333 479789104 210085404
80 1082 548737226 834660820
1183 541 934852646 793180345
1674 988 498489183 287887689
1623 1541 870625596 868582380
37 1328 0 468090450
1788 460 919219152 79396778
1553 774 82752631 180134115
311 734 301096691 766724248
1212 1525 489032351 936144527
912 774 746608779 452677240
107 1704 431329062 740252700
77 647 31594651 162007185
1781 57 182950992 687319604
192 435 359884739 210060707
949 1617 503576298 358629653
1148 1416 618467260 684356596
1586 959 357420609 771792274
1228 230 445768427 620535308
1068 529 536220585 1693047
1347 1600 562309933 819855047
831 1663 528840441 948659638
409 1505 889689798 360107116
1493 640 726540795 228128928
36 1203 494825523 679611854
894 1246 629103077 200006429
1203 371 18813719 403493151
1624 551 806872600 364468704
1754 948 293505710 11505582
328 855 653040997 698782106
852 1289 779670075 662981222
519 1587 34018128 314280935
59 860 420365096 763349909
622 1227 0 132657888
1471 1781 685838516 225749352
1790 766 180735760 774491403
320 878 870597640 413747343
691 100 328126210 88651961
1202 1222 764959766 258045187
1676 161 736170255 543799822
202 1623 699405996 844253958
627 709 824433379 160405130
785 1038 69624371 906659988
482 252 653633558 140976491
1590 1041 462245763 738100703
932 846 327322371 984627900
996 1419 554072289 340821723
574 676 150597703 354889219
1539 527 448470975 551746480
684 1774 757485307 581880834
208 1228 246774896 760266106
328 888 133064256 854855036
642 1624 317195415 673338706
336 9 957135980 189102186
782 566 724714560 90446887
238 450 58475280 568177690
525 972 383802142 264790776
333 1675 806911053 671955648
1625 765 290279094 301751641
552 1474 160087220 925621113
1651 1293 359366267 808475198
1263 957 101467408 219132239
942 1215 671777876 853955422
1277 1736 157032873 418990799
716 990 904172556 972401485
854 1025 773210635 366395054
205 118 547188235 368554661
144 1754 109472809 995266853
1691 1356 427382818 718720952
1633 1303 552869286 830739085
1661 1235 479246382 323921050
1178 1340 447938002 237704769
756 1201 720117729 396298451
1555 1117 886085877 729527475
1213 501 71312104 974255151
1785 497 327045695 125422385
1506 1134 156127004 227669299
1120 1789 685532725 880039311
278 1247 493050486 493939018
681 591 450026013 765114086
732 1734 476224652 798771827
1303 90 715267965 112813291
253 213 878967298 869191052
1254 1102 324790783 394182620
1032 422 142623602 319196392
31 795 165897897 729505553
1014 1742 101943536 298140994
979 277 846868216 413952717
231 798 156836179 924532736
1698 706 608459303 402065359
341 513 122886129 873779465
328 1669 970235711 91367994
1542 1046 418171589 304497159
1043 663 183513531 791971417
1111 751 933065212 521385892
448 865 150659924 485599507
1295 518 33152244 613732150
999 963 25261627 341441581
1614 102 137754399 44346370
1074 647 140067794 758303178
1747 818 955269013 109377736
1323 976 318508075 916120623
46 1503 255638323 450238154
1669 909 260951393 540912212
631 527 863690476 703469540
219 1017 622593526 46958976
984 1370 805613682 7665156
1463 466 403365679 864863307
291 525 808829329 142776105
1687 446 44453074 358351284
612 968 249431263 373706158
221 296 327669112 462938399
431 1334 976332579 492667013
601 712 6784816 155187735
70 1547 179925059 440305064
285 1172 691585221 806369855
1204 425 487381293 513254059
293 1501 174605335 770338351
1088 487 380637692 534519525
1346 746 64130863 626523265
1685 71 333269844 455983416
92 881 517121548 237399188
1158 1605 238632372 630282858
517 1210 129403049 173891231
5 584 133252141 981662803
1519 1744 314158873 881215045
1060 1224 937570848 661560654
230 640 480527068 224233407
1387 731 408155271 961836020
1440 580 157202387 607747214
1419 1714 834499949 146707400
420 394 508881338 404953790
225 55 669800537 131981460
139 533 104993730 284868178
936 1179 243969930 833437241
1460 1140 311898110 808863509
1374 68 980947371 381361295
245 686 424043400 57229620
150 1318 241498984 852051367
1417 56 420262802 708850164
241 1099 804000704 502369231
1082 119 808311983 655781324
872 1656 285158904 67290228
1224 898 639636506 853607341
1269 1768 56403017 206254948
635 395 423726042 161427271
1267 596 522469209 650199436
826 1619 409534033 499855820
1456 314 429508331 872277174
1303 929 855798101 410190811
72 1486 701548009 681537048
364 146 810719989 383731815
1104 725 593345725 488920157
1091 287 735252495 528254756
1047 216 320838134 224624541
357 1183 332116389 146963337
395 1384 212957982 868253832
1017 242 936445224 76759010
1008 65 639126346 727256828
1748 1728 606139706 221032519
1444 828 0 716283279
58 1452 37927843 629781669
279 202 624731942 724537149
1003 1369 163955966 14907555
1309 141 435291614 981375525
648 17 839876417 710458432
84 458 413121120 361582192
229 1668 624637412 648421952
596 1524 530044763 208225561
1635 948 915388661 919013071
86 1734 817204003 979427852
243 315 0 353090838
750 1771 692324829 191979104
613 1320 468009514 193305678
571 1705 924874950 198471505
1407 458 390176726 366335656
543 384 452854361 165577140
1116 762 319184498 635198333
1132 1733 447447543 105786836
1366 1090 893005560 529480929
1337 378 961492373 350181685
39 421 709937508 382465030
1206 493 143581878 386049131
697 1481 562212940 91977450
1176 891 0 29307973
981 1300 494190257 507495321
992 751 229130209 509199079
212 548 983832303 450546388
478 726 332759494 42888753
956 1725 165098652 963208264
304 1542 737031027 902965095
359 153 903164645 143645697
1191 964 349346340 480722844
1392 222 420159945 243070100
1691 251 944750810 902210147
1754 1320 0 311545880
1046 1253 272556243 335863406
197 1136 579850392 164078712
1438 670 605521168 812824914
1386 1213 804335375 553209567
1489 500 417152119 748389010
652 1600 935625003 546811187
1720 152 926306815 80594222
914 352 22326039 520125641
246 568 731509802 485043687
395 1756 435210185 4101099
1013 673 469163244 439844311
177 535 47370320 204432466
1234 1653 550702496 541921265
822 292 343778620 465266184
1563 50 56937254 31711138
780 1043 373654563 272414528
267 445 75625707 27731504
1624 201 0 877164543
857 1424 104103566 654510622
272 1668 914542671 73671959
1788 1706 228081698 781043040
1375 1588 426572981 863056642
1388 1399 882289977 405468685
598 1274 868295932 36597868
1724 737 474466007 194511446
511 1676 578592479 422472727
1421 1154 966606683 397848834
1129 1281 477599790 209614985
1258 1686 403861215 504265909
673 1441 299452117 480835929
21 1536 107049983 16728860
1403 741 367119992 972990330
1516 944 905942368 515275047
315 1367 454035338 572837103
140 1063 14684276 596687760
1702 1484 325683346 625028860
1528 623 325781824 668847519
984 1788 829029604 514919113
1491 560 893853043 367964869
940 1219 990297511 707599482
1133 342 687855407 123493093
947 625 626350362 789853526
117 781 419167225 406339143
489 1346 973288988 18988063
217 1406 495746156 780562240
138 1187 872971358 150861638
1202 1788 891260630 514432306
1644 1787 595510100 744660144
775 603 710434130 147717122
621 1197 360088500 889686858
459 1113 329754961 123321632
626 1310 386885158 902090975
880 863 967932209 126265372
308 328 430565674 457378955
1555 1050 347535962 733812198
1447 254 8056575 11430857
1162 1477 394491968 633899465
406 999 547424762 539310113
352 165 163215865 338270427
176 499 927184279 290070197
574 1608 157740927 100057411
862 309 224533143 244330446
1536 877 180207592 451498345
1392 1514 602333654 768905169
366 1675 632509037 971647453
484 145 180270366 167440502
521 850 229793766 561797264
294 851 454977859 440734865
1280 1598 141337932 50692795
570 798 690115765 823619780
1180 1665 510841190 600537994
1129 1004 212868770 537855891
947 1478 263999918 685058043
1336 1428 0 541654154
263 1548 123631783 884677381
1706 910 576183690 342545377
217 1778 282228952 130046394
471 1012 449028473 194371672
1093 436 307622737 724511390
605 1409 773688150 202038164
911 919 157039869 776934261
988 1348 487967314 658916089
1113 770 680379002 971633873
117 14 24977394 286693759
32 104 881192819 781297846
1495 381 819554778 768543283
134 1125 996123684 513187204
1703 109 625707788 511699807
1454 1452 733405164 25897479
171 508 43271364 509074403
1155 915 363362956 689945985
1489 834 301137212 776931450
832 452 98082464 524192874
513 479 543639861 296947900
421 1544 150079562 599476794
1759 1227 25212600 663029609
1375 725 359901862 650021785
933 1341 211735356 199010126
1159 367 668304342 353206016
8 754 60379047 583458162
444 1694 212616963 127995904
1411 1621 987603959 327488376
1338 1625 595783390 36944950
1188 710 902643489 365532451
528 149 211137729 203542104
1148 563 155640423 551450614
1388 836 0 337445625
935 917 485422309 718504288
1213 728 970209294 252984955
1636 101 73327389 674678548
1521 404 123989472 223272898
952 101 392372675 766027883
1791 417 506287289 395889751
235 298 590584125 456673840
879 707 843968409 80079637
1329 471 0 832256071
1021 1729 598913985 950500550
1207 1422 423923389 324868021
628 269 580269884 725254625
1321 50 410755359 501996833
415 1033 783799758 670047831
1631 122 5356457 918071006
1435 1750 38608085 14904305
1425 569 64002588 31637614
396 1176 763625240 229337990
1560 1582 802238730 115970020
1637 1166 448689734 405371296
1173 544 731795064 329387640
217 714 452281970 560316737
1087 1191 846121316 472382464
1646 510 674365176 456990007
824 1138 820245580 915371031
343 954 950173132 919295578
1470 991 608052974 373376015
1743 1739 323339789 386279316
954 449 179286913 50379500
945 1575 217516563 796788629
439 1500 334227029 92823894
1374 818 180460813 555585572
1608 978 346373523 866904478
1025 1052 692476736 783210997
339 1630 356449751 755284729
927 442 0 622806320
656 1692 994272638 934846278
1150 509 611089724 901330376
1015 651 143129718 791292960
120 742 815880190 396167061
1258 1001 630473925 961832042
655 798 731130212 363136742
733 412 244011933 866079370
977 702 741457875 152485682
1792 976 84073016 466236474
1258 709 188599249 223579167
375 1549 806246989 258400237
1246 973 885274215 451779666
1253 1616 194238045 172005524
1136 186 174834324 400080608
830 840 292308491 25607800
418 203 108780777 522130342
16 99 854944362 505272161
127 1160 907878292 60312154
833 248 781958358 846717459
845 1060 953934480 320292457
698 1199 941854839 394697198
597 44 818582136 101554555
902 1680 119746638 301823633
399 1769 70328069 490832564
1615 1661 449375323 245350823
1234 1290 969855968 430906014
1611 1567 248780489 651001562
589 479 781182523 739049302
58 1169 70720132 385534483
843 1162 996800762 821561284
549 318 537445923 355397389
336 1370 941738244 63785301
878 135 391440047 917992889
1677 1386 412720618 86045751
732 1343 124370462 617195596
444 662 604985725 882135496
540 1598 309618348 112484558
747 1463 831877578 944446884
1327 1518 561780704 414902260
419 1185 41272579 614765448
1695 945 127754370 938434468
397 1668 662991036 360015676
347 597 36179392 438226804
632 1003 603177711 90234134
252 110 962034686 576349703
1745 709 537086027 511636002
1574 1531 744874156 474882126
