70 1910
5 37 577368065 142737335
38 30 437297136 745968614
13 10 824515977 426280794
43 64 571916362 919685749
47 36 449662332 924685092
39 47 514107067 542034470
30 64 568823337 97958007
37 41 555040023 486769820
25 42 537835326 856669461
44 17 610073966 109824929
51 21 749019573 510644460
59 36 752621356 215015326
21 4 682963880 109038199
37 21 867328808 604368044
23 63 522559439 2136998
33 9 324568070 904391737
61 29 640631872 598716628
5 9 15104391 855401007
68 7 331570269 263465239
50 46 314050791 191614685
70 56 750784259 152516045
6 29 342250681 441405765
28 56 529218682 971189706
61 9 22761756 530371181
4 67 207607525 189651558
27 24 876336114 663226258
40 28 461327614 506559034
39 33 232057368 844973954
28 52 745765802 99169244
6 53 97138274 791895753
38 60 409986763 690587690
38 67 0 284220936
26 49 904526454 499216759
70 16 769250381 489001945
5 3 762925265 370032729
55 12 617075335 702646196
31 17 670468211 874418937
45 49 921348364 884876446
60 42 255035464 59587506
61 36 53577409 497889294
11 8 944041039 406917176
5 10 958714518 351563394
8 54 284578583 273788596
16 35 588017808 176486900
14 15 728890683 203191317
68 66 227223821 559425304
28 63 980945058 625678408
52 48 542392301 251295328
5 70 122603397 136248655
54 26 589676354 297655439
30 37 66166392 309403521
27 31 738440313 23389145
59 57 566606751 752594803
15 50 44606641 49954537
52 12 717206327 609707795
23 4 190536049 683058460
43 46 874931873 878862001
32 20 408513874 457326921
40 54 52260362 713227018
62 64 970549972 12946184
68 52 193125294 285939991
33 47 538267426 62214157
19 5 431117810 280697938
69 19 445156759 546801304
24 43 385735101 452496155
58 49 287064999 199748383
16 55 564636035 710834416
4 7 382407248 66918426
69 2 714497516 711082553
42 9 979837613 475032274
38 50 834610033 704860006
8 65 338700404 673126175
53 10 64073292 894565492
27 4 289710267 555424667
59 42 449792693 475626298
66 18 721133384 491012685
21 38 274126888 817038118
14 58 539361742 366835554
6 14 304393021 454432474
27 48 69304677 762702687
22 17 671077197 16839028
61 57 584404702 446173900
33 8 743250353 130927281
9 30 465912556 625675175
53 43 749143141 529865898
47 64 592195311 11103959
10 58 150575624 608487640
58 27 824650901 499222086
55 3 5067486 971104600
43 55 40808100 624642503
34 29 221835881 508569879
19 25 789498466 59542589
24 14 632244731 435099703
30 47 127589962 586074962
5 30 603093032 944475902
35 59 831060983 448251213
69 4 2507201 393435998
52 34 555917738 103809308
68 32 88666331 734071124
59 7 306898986 902548860
47 64 910627505 583196040
39 8 907548080 194373919
53 21 861650383 161948811
15 10 60610390 62321114
59 68 37374211 126864781
70 60 56870615 528268707
16 47 485739825 58404783
67 39 127073296 210095386
2 70 136337774 324375665
61 37 754564198 902136977
54 38 724135817 793500670
61 33 896265596 993553836
35 54 955651825 119592994
17 62 725998309 80918656
17 34 970467878 863508409
30 54 165006240 321057984
49 66 136466987 685864135
21 18 454691722 839441509
21 42 310093662 849780958
51 42 188820306 31818418
9 31 54391315 53791815
34 14 678717787 483297011
38 4 875647014 924924138
15 23 871576450 879126138
50 59 718933347 769793660
40 5 740423430 166327053
21 70 557152360 612825990
59 2 865909762 819858019
17 33 585546791 70382545
58 10 235842963 742037873
29 6 447388802 496464623
6 14 808399315 955929544
59 29 442298330 530333070
32 43 812793997 550827819
66 32 457027365 267604372
66 58 91065887 288609247
23 63 728186683 573042444
34 45 490080883 767313177
68 31 355643074 216642305
20 50 270393334 482240319
46 16 198252651 966660693
18 9 845400305 780576305
31 18 609112776 51818984
41 19 144127814 136843585
40 64 548172436 461408330
19 24 366778459 510868158
2 38 718482146 781324128
20 26 326208488 329903471
54 13 757043369 780767908
57 43 862463334 559051180
63 70 710650265 920717115
50 30 975321296 977642371
58 60 496954284 611654374
32 65 247376805 759201833
16 50 343724802 178825295
19 1 319378832 768644041
10 37 542717283 787464926
43 17 161585231 922282031
9 18 350819413 510376673
68 7 740584036 380412477
55 5 583185313 536869688
62 5 320437223 708449229
58 32 696756184 5954104
28 11 883973665 658837305
6 30 700117987 653650284
64 40 253392007 744132811
17 63 875016767 502903418
45 27 749928995 420744221
42 47 776899317 923740707
6 32 53950080 791374563
42 48 272473441 453460018
68 9 494725786 427753534
11 59 424368671 14603048
51 25 213366845 425181906
3 34 731404911 789166700
6 14 600373727 567339021
57 56 11342688 398593130
33 56 753551634 660761068
4 22 260776611 987098937
62 14 876969266 528935577
61 62 329317595 340406775
67 13 434155647 603926953
41 54 904825260 557762261
22 9 256672678 892705770
31 57 729282176 987439426
13 5 653525105 903425636
70 52 417422284 883332936
41 28 851153770 778401472
57 4 122026548 536613428
39 37 534346512 410689761
18 21 359074837 893639288
62 40 435540622 758163816
20 44 0 425247487
26 43 891660128 840042607
67 49 179329132 524180643
1 39 310433170 288426335
55 41 140587561 912069472
63 8 860005172 459039844
22 45 173287379 957100705
50 26 34998751 867662120
34 17 984630322 841816768
18 57 901907979 964316042
43 66 475933107 330248664
47 45 243147742 550325275
32 35 56957266 276728078
68 13 643831897 22666662
28 4 660410121 781198854
61 25 2074656 853721945
6 14 967411048 290841007
44 14 320472907 410882791
65 56 288059603 564520541
3 20 801037364 148339938
7 47 915719698 935983665
25 66 444240903 821647962
11 8 591270948 669823053
35 59 16512465 179397220
15 56 604852088 820267976
61 3 53625092 460733545
34 30 218686726 373648962
14 41 566169601 759974836
6 12 861078499 392909783
62 64 718166362 462450915
19 3 382881353 295373659
42 33 300172531 496688394
3 44 766528227 680416317
20 12 369631284 712362399
16 11 244051167 630422402
50 35 962253962 281897188
41 47 268576249 808583438
33 47 878252576 868015406
37 66 454446847 255115735
60 12 884986951 268714466
70 60 481480323 136759750
19 55 223599861 427621576
28 62 96247757 235978429
20 70 596714507 12547638
46 8 556808908 485064830
15 23 918650460 824619648
63 58 785778868 504098781
8 58 73269013 438650151
24 70 724659693 354804034
36 67 906938333 715439414
43 55 65045573 8380695
41 17 756620762 455637567
51 65 205907588 614057968
33 68 894561864 443262945
17 19 643339950 805977674
26 31 212549053 743265036
14 45 926303213 671514457
50 8 531205344 75204521
54 68 97443964 953264640
12 57 73250298 465130614
63 68 677792224 924259857
46 70 215830702 337365402
13 31 687196192 242349176
1 15 439352630 728513783
21 48 741742190 814642568
20 4 45720207 45537473
16 38 64458933 568441090
63 52 674504166 312102522
68 65 64381378 502757953
58 48 643611141 209903816
70 50 357836832 941438178
58 54 602324334 528737126
50 39 89261093 621649580
4 52 866238250 16565123
42 22 847936078 271128828
33 21 189529972 269808269
58 45 921271915 717472246
33 50 483608145 874774655
53 7 879644023 372731146
66 39 428575694 526619045
30 10 648868829 1146984
29 68 70134753 988471290
38 55 685692920 177618460
32 12 981139751 158413611
69 40 220484523 993725765
23 1 729560821 942981887
61 37 158622941 353955575
35 12 321910746 929619690
9 25 907897575 569316772
16 27 230005412 954741081
28 17 341880595 184917873
13 24 469546158 770338584
44 21 121209909 769963360
49 22 766543909 681673023
70 53 937659631 978061391
42 5 937098914 214864130
6 34 520566176 972397331
53 2 436994820 89244362
21 9 368343695 606918351
20 30 293340243 217402800
2 45 387164190 138111641
11 54 912688786 906042003
22 47 38455298 969745127
57 2 644687133 505575461
43 12 142552949 591485946
6 67 759426323 694224472
43 49 157971289 765609940
29 59 990140930 969669069
2 62 456571861 393141984
2 58 959339932 741917752
26 67 287033969 673865866
44 27 451959539 661918974
53 11 477107909 573699600
29 42 57517294 640510657
7 29 864522420 465735557
41 68 197247791 201126085
32 39 883736614 938333615
31 10 293879514 873013936
58 24 744371601 73488856
53 70 232126646 475205854
24 28 210968169 286297020
37 6 523646239 143141753
63 1 30737176 965241493
6 46 158192344 490915357
57 39 0 445752038
30 23 670211876 572470412
57 20 492639479 715242304
41 43 707654196 976777138
70 61 829182723 148562329
13 20 323195960 374385042
65 40 762325632 903397307
23 13 390911705 171189662
36 46 216936731 737227571
57 24 213389841 928483204
21 70 961959068 859463872
39 13 717153172 124541373
53 19 184477503 739554358
37 9 264264705 684830244
27 46 163683448 662845034
7 51 726529916 655307744
37 20 916961330 784486043
42 6 359764289 104151337
8 11 781674377 983414057
40 11 730248168 790043285
56 7 442725843 280179395
6 24 818014631 244873996
70 18 321680433 321911064
64 53 861215976 447555668
39 20 758134162 713917839
3 22 909960826 287363582
4 42 332911859 466255091
51 8 542124544 301601605
23 52 55371764 100400991
32 45 415865796 43227878
50 44 248583979 916510673
36 30 471823874 309917959
7 38 250506749 948094989
15 31 7712836 102829486
8 1 875570716 645727343
54 63 87860377 188008692
26 28 984129760 876830171
68 24 379668484 321533826
5 19 300079021 55552323
25 58 79530356 673795587
67 2 397289899 238973038
6 51 935072693 240228868
8 49 948424423 177213876
12 43 225033262 302453969
62 51 639940803 864764469
3 58 231349219 48320840
37 67 94621258 252567183
57 25 34232292 596195877
26 58 376340285 692049822
32 51 266695640 83639086
40 26 713540290 947130992
61 66 757620650 318158082
60 2 386040495 233533772
45 56 616024511 67614825
47 32 203151548 162500574
54 50 187975186 648903673
68 5 763750368 526798728
14 52 49893676 412554043
18 21 565921144 657474519
28 53 991179609 397010072
69 38 494101822 162547074
66 16 735019989 758295460
56 21 506048116 801106666
17 55 89512754 142195938
25 66 69253605 156475354
35 54 543879777 829808011
38 14 618595677 345750577
37 6 365561443 910729328
49 51 538466045 436812155
37 56 70250416 233360951
65 60 820888759 136230282
19 45 456136010 938111943
37 40 371394682 744083533
38 46 183439637 568851995
18 66 594287853 685823306
43 17 188067751 771420561
60 17 945159903 577971775
66 52 471311440 258486545
13 8 742212989 892956302
31 12 462460110 310249611
18 25 992885789 132331919
52 32 454277631 888484774
58 42 16511651 363024996
7 64 13828232 937628715
7 30 159155997 434633023
1 65 712129244 871312515
8 54 868552369 467348783
8 40 57786923 273904801
32 17 53054151 110369419
61 16 356828122 144695113
14 4 427569690 331532104
27 59 665811829 610649827
23 51 195516950 467873092
53 21 226163691 807595434
15 1 414934163 574994451
37 34 776410484 410157805
2 11 973583765 159432207
67 52 605317622 517051494
1 50 454499372 947289719
21 4 957632655 847385088
55 16 202206906 479170623
66 31 553853597 795598438
8 65 365208225 482410931
13 47 390908821 291885496
4 14 586440403 504706468
36 24 284328419 78345691
26 3 17880937 849021402
13 29 822752447 43297816
52 60 269630457 2913330
33 49 366736468 452004369
56 69 781081214 134332803
52 54 440447467 925963110
35 37 856009597 250380606
25 8 570798856 145112
22 31 768495777 822518647
50 19 157231556 687073655
27 68 608012335 410400892
62 48 478673586 649690620
11 8 584840912 989536461
29 12 683527043 265318273
33 58 657495088 793635282
54 7 158512007 137835755
9 32 184103652 88276677
22 61 687778910 640044626
8 34 875974254 141071547
5 4 303712846 469434787
16 37 671639436 583668801
67 44 784725723 244389888
3 56 908403030 681782788
35 69 553072925 794323580
23 59 439907085 302089570
18 31 940941623 575301515
1 41 694824554 581936314
21 68 784545723 825427411
43 60 550541105 676425425
70 1 951312219 638660973
21 10 999570677 38529318
13 17 347638491 188859094
26 44 534811388 871298048
54 12 420191344 671135475
58 1 191768514 342491845
15 52 185060902 421068809
11 46 145687538 963337904
20 58 159435059 483036374
37 16 475877210 24709048
55 16 257762843 654347232
30 6 430250676 822407868
60 58 446000096 532637847
65 44 918076932 205449590
11 20 866625627 710197799
69 57 594931955 876344804
16 66 514217721 996519977
33 48 119621689 79994902
23 9 168522271 280984607
43 15 791145346 119262800
14 42 104419017 425907889
17 25 803291922 838273164
66 4 137912748 155003514
9 19 170778004 473202371
69 6 140247719 47169650
43 17 700203992 556287773
22 12 371693294 242213160
70 60 355168236 954131865
19 32 395326946 616972846
3 30 630308099 985549912
41 13 588099081 216580249
3 49 426171521 443763850
66 20 113402078 431242028
14 35 574867719 477501669
38 66 203554674 528581099
45 50 278390406 95531542
16 51 871459773 542632659
8 32 18518400 832180628
53 8 686197158 634709351
52 27 345688001 460921897
66 56 123619669 20775508
31 59 977770682 970613082
60 34 16208419 957857669
58 44 486747341 690198907
17 56 171639567 168540639
32 61 648826985 666211965
14 7 628425508 768775262
68 7 430616917 986099982
54 19 632261365 823131988
8 11 962849859 186594063
68 48 914733408 697325804
36 65 84178564 608764053
46 47 629546427 626483983
63 54 446789222 679205462
41 42 809650518 909281844
5 25 155924558 997834675
55 69 363336750 321335193
53 12 465427099 943719749
2 14 565044754 486924678
38 2 967286756 747211970
53 52 67124915 417429684
58 40 302003984 373056017
13 68 251653623 479635691
63 11 227879850 937806681
67 50 341593029 685578909
61 24 400996783 871037678
36 42 233980803 2949627
45 50 519935622 34136485
62 32 935089464 606070667
13 6 774083716 320751344
63 57 670839649 202402914
14 3 263876995 825481919
6 59 504184724 773657023
25 70 855708981 71003675
40 66 183036816 343384767
11 35 85858384 928940317
50 34 60476982 109492093
57 56 534067411 599601766
3 54 977223174 85921967
26 11 966428996 448535386
54 20 643677663 574829326
58 4 904840422 872598603
38 5 556630495 883647350
68 59 449822674 101066523
4 40 121446106 306426314
57 65 105401168 421190296
6 34 691365164 727787845
43 55 721422883 720729996
63 48 181970224 337627634
54 44 206152128 635954580
16 5 172836463 82678527
7 33 906713510 401026083
22 34 601967505 176087546
6 52 687727306 982135429
20 53 564516352 161976517
66 57 804165967 368332050
33 44 945361065 921875259
19 9 840146642 877195365
69 59 192888472 109943082
12 32 485820310 354357754
63 49 530845725 177216580
69 53 993221294 612819423
34 30 323420053 642588268
47 32 877008005 543786923
8 41 361139476 84730988
33 6 323172432 64331235
52 35 862611174 631037414
57 63 191556681 246431008
16 52 919357893 14187610
26 53 733858633 431660412
17 50 917999225 222658968
3 68 257684799 924254428
45 53 771721121 561711533
44 36 905614777 31156848
36 28 724111382 683625235
2 54 998036907 410906127
31 61 405244121 18501669
64 70 613366152 783198870
42 12 931266679 845648140
53 56 837668463 391056470
10 43 563655989 358478517
5 40 592440889 132394010
7 55 813975965 573479184
31 43 860527596 394952387
66 68 572869689 333090450
12 63 78467871 977174001
53 47 105626375 947970840
5 28 53028847 924387228
8 16 994142680 800154224
8 52 505762623 563600159
10 69 170272035 790206712
19 67 285647965 514749478
49 32 355016737 951048942
40 68 664989046 537785916
35 13 138273453 245569319
47 28 985623911 790074708
16 50 385094303 877898374
18 46 575615605 969786390
61 7 356063282 117604255
21 18 297298210 883916586
53 5 823454954 320959251
70 46 716404809 68028910
48 33 901866046 238247078
12 39 499301843 374119910
9 20 417059032 172166738
65 11 919740482 616632501
4 5 575724025 877851360
48 42 74808534 138497719
58 43 683790860 529315890
40 28 144388391 687822784
41 70 749127433 493369286
33 58 503340779 776030166
67 39 866216706 123602884
2 28 974144017 185096635
23 15 922157395 330612052
13 25 743099144 829543038
3 15 249759565 518307125
41 12 2630791 828348876
51 6 416793849 260374366
15 60 917629526 124217016
57 28 337778359 850140204
19 23 4283903 904522238
35 66 695968731 554316497
67 46 943291664 269540174
47 9 561432907 571571269
30 50 171273708 358978277
26 11 216922334 499191956
55 65 57490768 849713779
34 51 988300481 756551160
48 67 476107948 152837304
38 15 344950278 349228364
58 36 552889825 21726572
6 57 710051084 645805166
25 29 383312506 122940799
36 50 470782053 544331055
63 19 47331036 334985745
17 51 969396304 481220346
14 59 290995324 744545027
55 22 312170997 452776925
16 29 380719951 317603215
65 21 761596686 961085647
17 60 975098011 623984669
17 5 153528455 38740759
18 61 926451112 273502446
47 13 841442776 877102016
42 32 36733879 269335649
52 25 434156351 402631264
68 10 641761918 388021845
50 55 874303376 400600589
17 4 215608577 553683554
55 42 936473016 553811618
8 31 144674068 840803125
36 61 685503791 630867296
52 27 150372315 747737764
13 68 148844619 400626814
65 58 937464461 549110961
26 23 259005284 368926082
35 25 776508404 987022430
44 60 35278505 145118622
1 39 144792156 961067354
42 10 217772739 195355309
69 7 764397782 210977928
56 39 198872390 237787677
43 27 876852270 928237574
6 40 630490247 972784412
9 44 52251978 14655132
18 23 593507111 68450030
23 30 359132762 993147129
70 48 594326296 525708896
54 23 88184148 341656268
25 64 544292494 83198459
23 2 518942479 225663136
28 37 357863944 88420773
18 7 154079420 569464272
61 11 202133070 726303070
46 37 910299064 352034400
29 10 710217510 216610880
65 34 101325072 415362887
37 43 381968005 736174553
63 14 769867084 191053240
44 14 601034919 736867300
1 49 818017875 303510805
9 66 732080606 172949044
4 53 534939763 453879189
42 45 650269611 478986037
66 20 260543319 210520241
8 30 267236419 276312185
68 15 804262674 938934471
47 8 832931551 621747211
23 62 927397090 255215350
19 41 657741188 771288668
58 19 651750391 561977207
23 66 61218957 30840640
4 49 822048654 289583014
13 67 285091112 129446231
29 34 224119063 779961387
32 46 494761606 85742313
28 56 151680548 8229178
47 49 846584820 169833901
47 62 714963303 870903248
58 69 292327984 596200979
22 30 358075704 874051949
28 18 492831780 527339000
57 70 688263822 644286712
21 31 428821513 305294722
10 25 919012369 183984163
51 7 101805987 545726738
35 21 773950871 174264039
39 36 150517681 287748215
19 8 893208947 850950816
42 7 171568364 812187622
46 53 799595210 655780531
18 59 618718633 781463643
38 22 206929464 720599333
65 2 196656837 104807493
35 33 295375855 245185919
45 17 177487004 905876421
23 47 267143731 890995548
23 63 894002325 888042258
56 39 638290500 682885192
51 4 978772625 30747229
46 49 102801477 884622064
4 39 284504372 21329106
65 17 749093343 642314764
67 41 313706434 105137813
13 19 681396196 942802680
62 14 670775189 345841927
42 12 284049893 682910855
43 23 642262491 745924556
8 31 111649188 599504050
57 63 745671137 670654667
5 10 525756599 437042759
49 20 680399271 360731755
23 63 890670373 375878718
42 13 579303665 779868787
62 38 608977960 856083955
17 26 177373247 246757298
40 9 523242919 34018048
32 31 611221402 999463129
62 24 631145931 566376242
21 20 431877013 337723302
68 41 204603135 469155468
67 7 754332582 445054662
55 27 194722659 108874765
16 3 125908906 407164506
11 22 681980694 121655446
11 14 829879810 242477957
34 26 426071779 356065969
53 54 291801159 425743363
56 38 679337245 404063576
36 34 833744602 751897124
53 34 338718018 489137866
60 20 205716799 179345080
47 38 924206746 254910635
55 8 513875195 634787138
22 42 201933756 64699400
3 29 480657318 37150407
16 38 549796588 332027571
38 69 474877791 310279353
53 39 475888610 296464098
67 12 68676889 733060082
39 30 190085825 7310010
24 52 516576396 88387966
29 24 142066896 290184393
33 49 498749427 914125984
6 21 248856681 883484967
30 41 105502212 298489937
41 12 805103207 647430396
24 3 852032734 125534230
54 27 547662922 631536819
39 55 312127800 40423058
32 70 93955792 709074212
20 30 358434668 106022752
21 35 954059253 830331171
30 10 943488479 112230642
57 66 992598138 614404222
56 39 35037179 846917622
22 41 48826481 307841705
37 30 77803770 79498185
54 22 624859098 513586290
7 2 229457676 234009125
60 64 904954059 994723710
39 48 884281471 379333097
16 17 229194288 680691417
11 6 47735670 151477949
3 58 568055369 380719006
21 37 486337756 361333596
47 8 256661798 193000879
13 53 660157587 656422120
46 25 912910773 236749101
14 44 130176641 304319841
34 46 765816226 49791844
6 55 348693981 463884574
64 11 155120045 843276105
8 70 395099217 722909594
55 23 811249553 568565574
27 50 72894746 9645076
65 32 255389131 913002075
32 9 615356260 482043748
16 65 200697256 94195324
51 52 15325545 916882542
8 15 823831857 485390660
5 18 632455281 566800667
57 58 991455529 701891712
55 35 600795119 985012657
19 46 488113396 229746541
35 12 373947700 120899523
5 23 122185288 595229592
28 21 833542036 483182582
42 61 0 970346755
26 47 550523876 707743714
18 51 50293034 696950806
54 50 501683354 24941981
50 63 551092273 724698369
32 7 477508018 559321471
23 69 620625723 977322745
58 15 654107883 211665223
47 34 50164207 913158754
6 36 335445685 448427428
32 26 183844067 218623772
62 3 103106773 783720959
35 16 976368248 772176433
45 44 651515778 14761285
3 37 801565372 997189593
47 20 351106069 991547681
63 5 156325824 546404681
23 60 578127585 717338278
60 57 835010817 454632976
34 13 608475071 409500962
46 66 579069686 930418246
61 41 393893683 102744520
29 27 456372640 289003894
20 21 815766161 605309326
33 19 930539135 741841308
24 5 295960780 735435773
31 50 621002654 695966601
18 1 219964041 309670926
45 4 600132737 657961863
31 44 85915831 965616837
70 5 141602642 815066919
56 57 373171121 441550517
31 3 204568143 75873217
8 4 806522495 204817994
56 62 173289199 840054668
69 36 229353950 684536431
70 40 417775036 634695915
26 3 63837646 605744755
30 16 235297913 481842969
50 44 575508784 711502108
65 28 353537403 255555695
28 34 216620885 156936294
17 60 12547760 344300258
49 3 137092123 901599206
21 4 59603560 383868922
61 67 303867939 375152855
28 67 961803448 240156122
9 41 915247641 116849789
50 27 102829775 182100612
54 39 622960205 112621770
30 5 321871098 693241833
44 58 1588630 574604253
2 4 215280524 131855506
56 54 391013486 502256071
53 47 589863228 649900890
69 19 927602128 551590156
65 7 862623508 468752870
7 64 765698558 966102247
33 35 768592385 393185345
50 18 579214591 663196390
35 27 186665414 339738502
21 35 881509798 463852661
38 36 767692403 800773163
56 12 540750801 585298072
50 34 979046483 334139767
13 56 934835646 265093280
67 48 910136980 762842106
26 56 384618541 670617159
26 42 104881440 498360001
51 21 712181532 715556622
58 5 755649641 635568320
55 43 421792699 821269212
58 17 164962336 147631886
28 53 917318787 737964288
10 24 222057914 448593486
46 47 427660217 290441279
42 11 94776509 250149964
3 57 22308366 422527152
32 64 170723114 204208555
26 39 981913828 304932690
70 51 351085994 603958259
64 13 137825374 953695302
21 29 681788242 576057603
7 46 153216999 459948639
33 68 761873934 303371222
58 57 155284208 434430373
2 67 688645314 52021776
28 20 843252886 817495910
35 57 164400087 440635938
46 47 505275969 265857818
35 42 138527195 882038064
29 17 533872425 886105053
41 28 614198030 931871236
43 29 285706414 241309768
31 32 543106391 107158823
27 31 820646141 624550307
15 30 925995196 480868937
30 55 438608244 544195891
62 39 485040450 18602458
25 60 131454633 353512594
46 55 434576792 564868764
31 49 374681674 722484047
49 60 189348951 755348123
57 26 835140866 957780192
47 50 238098179 873887645
26 30 370421722 645023008
15 37 210443113 257227695
8 22 682492902 919419998
69 41 15096040 272709084
69 50 190780691 368813043
29 54 258435760 306274467
32 70 927016194 965640704
47 64 356155217 331530821
39 6 726680711 942517625
56 6 714920038 146485259
54 64 712711354 498043362
49 7 183288737 380626502
27 52 796014603 906863468
31 69 657166953 158027143
1 40 562162913 118910903
28 3 849797715 33405097
37 52 550699723 985555431
56 8 77266852 689832652
43 33 43412096 694726421
51 32 989331620 159007722
32 18 376578030 494519074
42 19 930727441 838319938
62 60 96732471 72835602
52 36 956130808 188646741
24 63 68535138 577012946
22 69 366577644 594360982
26 21 24456219 115689899
8 54 256492394 132246343
40 33 825545799 409621229
10 70 920778714 403415419
42 2 0 289348948
10 17 937318233 333305567
8 21 455684103 669919586
20 69 775287494 18240087
50 1 951894079 270361961
35 46 235542603 992343210
27 2 956474216 150869743
1 30 377304666 565401108
7 30 231401655 928133474
46 38 564070951 78316253
47 6 68565940 89020189
31 1 246407264 422197202
16 65 16790684 854141692
59 26 336772334 849245508
42 67 32059839 970803269
48 20 909400778 959957794
50 2 763884684 800386987
26 32 730621457 625775724
40 5 390352548 150116542
60 62 623385382 977643597
64 36 161209253 259600448
58 36 162691340 25254733
57 59 767852071 870684241
4 63 610367210 927900084
57 28 917547050 379417097
43 24 880412829 531579861
49 48 931182951 167666333
68 21 588687819 798419457
53 32 860993808 772922498
43 12 572779946 260540473
37 50 773089568 782821965
33 57 474830757 958190511
27 1 472514913 216975853
58 35 180859463 324609009
36 54 568910465 88117115
40 62 138486671 940178599
2 5 537310992 160237519
56 43 324854636 395117469
2 34 473288806 708114885
35 5 529493138 430532023
58 65 113647769 663325590
2 29 589049104 322313007
57 39 216812018 174478433
39 64 998897820 409288312
6 19 4575271 589230958
70 46 198705837 314641084
14 63 458267882 6856975
37 4 947850339 250462876
63 23 61366809 385874656
1 6 152512961 534637684
3 37 494703490 386368857
69 63 676805636 269944947
13 37 973938101 321683706
26 33 863996791 843197999
69 1 516129785 286312234
58 28 765400601 901788276
29 56 703842841 452706890
28 23 644920159 67611781
5 41 676715681 1223857
43 32 976022192 507165677
61 49 394233183 569590586
63 6 195493280 220198270
52 69 135319166 141220429
41 31 568131140 395076419
53 69 875360591 905185760
36 43 418524025 392258417
20 18 335229778 995601941
25 18 697111675 122894023
29 15 208242856 663521600
69 57 148072215 944500073
9 58 697692807 863443986
54 18 820559210 445038461
8 61 305826613 865630993
56 16 69310534 644936245
2 67 597477448 892679848
45 18 762702718 797918297
66 67 346562894 23036413
45 14 381201665 584977423
18 60 410127952 154999644
54 69 430451553 118842520
54 20 59920507 714733439
45 9 591702275 521635648
8 57 560783566 752240509
43 67 825930591 608825007
58 39 976579312 908173585
63 15 417168757 463545158
38 69 835518949 324112577
12 66 621910543 859870896
50 42 35047527 86223123
65 4 807964489 514640613
22 49 5082642 875770891
26 40 283962305 534024391
51 32 490488163 325244649
30 58 31275487 38036806
52 59 969672377 507982523
41 25 362423915 252688862
3 47 561713505 392283983
18 51 159423948 341674128
42 22 765049259 152948329
39 49 461783088 319680506
45 12 601342234 957745201
70 12 979170635 517036549
65 49 829744915 681441363
47 41 265283391 767055073
1 33 798491372 899759814
4 34 532934593 694616072
42 48 605125671 209329355
7 69 951749875 300334768
6 24 524087542 619084325
21 16 402347931 140697704
39 15 941929399 564971668
4 55 437026804 716877133
34 42 365854967 271207209
37 14 941581592 703689027
27 16 762941050 826283618
56 43 126898874 234364055
5 46 282880602 27238456
40 4 396481693 633744408
16 13 75997694 374013752
49 8 719827606 491633986
30 47 343702629 42378621
16 28 960817751 326249523
16 44 976581875 749778693
30 40 172851845 712993442
40 7 953775550 558636555
31 51 74478658 267957810
32 28 250031277 21622669
17 62 540417491 977779105
26 32 102818395 310837954
15 57 845469001 7571841
57 55 977653635 397921282
39 9 342317139 51169351
56 45 863825596 291048220
40 38 888402563 673015612
29 43 651271265 132688007
35 56 587123353 184077717
9 45 423864218 814518375
11 37 681205547 402868081
8 28 43779832 570000295
15 19 334911375 413631346
59 18 948357409 957133292
61 44 59012018 727046408
13 31 296950873 706925572
13 52 435329850 858031782
37 32 552795464 652633904
8 16 377154724 331278087
30 69 920429888 854974209
14 30 971486547 549785654
13 53 416357740 460077490
70 27 115461136 608890994
17 19 998671474 928918768
9 6 465479466 921299015
23 49 95803322 100412565
29 48 539091548 966086428
61 14 666140904 793700558
21 63 660073760 680511728
70 27 716200558 393784621
52 20 9129935 323982895
53 7 934317865 899615117
3 47 102878668 553081262
68 32 944313510 316058763
15 68 370752800 339343330
34 28 673535143 309168517
64 52 559795389 514270101
11 56 332463052 378088591
10 8 879386773 216435998
34 7 638973982 503924408
31 51 238647633 402366765
64 55 884562754 924201107
36 19 148019978 279972814
69 65 751579030 937938367
36 47 12821796 792707380
1 41 777555980 368185535
61 48 919729635 341525201
26 51 851975328 45013869
20 41 123431098 227169625
41 65 728745585 395116912
12 25 376406830 96451384
3 28 417973860 546718626
56 66 566072015 559222655
26 27 633890346 499086074
11 69 997977808 867860966
10 61 936927136 64561510
39 68 27864545 849417942
6 12 706064546 759098130
69 11 114661064 996571905
58 31 590312376 24824621
61 39 281755544 491566789
27 4 211102425 604455592
63 16 809589914 142116362
43 27 316937769 589539047
22 1 440765946 926548281
27 65 334899231 920902550
12 59 675753378 254723120
9 7 184611496 405160082
53 36 625950462 667679634
28 19 893241019 407840230
26 7 120421505 790807031
8 70 346340897 466846586
18 53 540462168 16534843
28 63 707107651 813587459
63 42 598437692 913309775
47 25 841516164 633062414
40 50 269720602 505113672
60 23 702920565 15267080
66 62 183533443 979462731
33 38 0 518435382
36 40 736421939 318470531
58 10 453595526 950821168
62 27 470876535 600738903
55 65 958282522 241913259
13 48 450168646 63145251
61 64 642886966 106005624
50 4 843883505 535952384
22 45 577976703 199987599
34 44 608188675 992593113
45 53 480109434 955978615
28 51 728223591 731670708
25 57 149085747 241706211
18 16 14280184 275918888
52 43 154890754 256224223
62 36 352665185 272486086
10 58 987552968 662505869
57 31 519700825 353849978
49 9 309997097 132255290
7 44 678891579 324067327
29 6 692998971 824172299
68 46 598297716 273723345
68 57 23327415 3745890
67 68 948174039 562672641
10 7 860843094 37295565
44 25 814060029 937940010
52 15 973904324 367148787
7 32 57418317 233813682
46 52 190003500 617361930
9 65 985839929 906596195
52 15 850129088 254822179
52 8 356663303 117652685
13 4 644407382 813570304
40 67 631416747 413989115
46 69 709869446 267941725
2 15 512169553 153191379
16 36 482162214 152104568
17 23 249233581 273645769
24 63 49626330 514664185
9 59 292525063 630332769
17 13 493248270 278854361
44 35 848512554 620147423
56 15 735668191 525662769
57 39 818204929 474554597
24 23 114996398 836613600
65 9 191919645 77250426
57 3 579732521 712965603
2 60 642923281 165213353
32 63 885042399 133965467
3 7 372023633 47051091
47 7 38994211 184254561
49 48 266355207 687284557
18 21 303289666 243886154
26 21 632787361 929301834
21 70 358981097 965421364
7 39 381997312 113060257
56 60 441339783 886640211
49 68 220012802 51619842
30 4 320100081 183348217
35 66 21750413 675893323
68 64 650971834 308135764
66 23 285090481 608081857
64 15 938206128 415361030
59 2 267144854 471021104
62 12 366264124 774301947
5 29 117611752 167570866
5 41 17794923 731632178
31 53 201288891 983820860
3 65 432547342 526486300
1 7 136378756 790470574
28 14 760609594 784852776
1 2 45884836 522416779
40 51 796257542 966019171
40 34 579393526 421124606
12 66 562900219 89653946
68 42 733537924 420711581
3 38 478165253 966262449
10 64 17758624 4780633
43 28 180250992 765264068
63 26 215410940 683081287
40 9 2929191 707808167
23 20 47979009 510817524
68 25 149292057 670093482
53 68 786433519 353487720
70 48 110062539 653386512
31 39 207133617 583049215
11 52 58865111 204638179
62 37 862970855 606140993
16 22 442528902 220125685
62 45 146829084 199435711
44 23 18306359 787696887
42 14 55642952 744786747
17 70 264452632 997131795
51 36 888483958 788718443
45 56 925937906 334734704
29 36 272629265 254391219
12 23 933250191 202812306
32 11 888511334 759061445
57 30 6237359 710513511
41 55 195997889 340139836
55 48 978630774 612235124
19 6 498166328 651698717
37 2 615734457 660177089
51 53 381175466 392302581
29 44 275886443 526610256
31 30 135799782 894260645
44 16 155422054 293478126
4 63 681101296 382017266
27 16 698616142 303641817
2 25 247866353 870124357
35 47 513906499 294065991
36 28 290712733 869430510
48 27 663167655 403977722
60 22 375675060 144167195
20 18 245685037 368763191
50 20 505423984 282383309
22 25 882087141 411228785
22 36 189901555 221114369
34 7 254641 752013344
24 36 956772164 167326439
1 33 840857788 334852732
51 32 917486708 482668761
21 7 928161671 282462449
16 55 623396912 472373908
5 29 848532460 246395989
26 64 926983044 588602051
12 19 755351514 696996631
48 61 858334822 437172213
64 12 986743356 738629555
25 36 792007561 769590153
23 49 982542986 146558932
46 63 375881027 719588055
53 67 723144885 717600365
46 67 353130407 72192680
65 35 617498540 606378198
36 10 555479037 777123551
20 25 658985458 873977471
11 34 503655346 375963124
47 4 405843547 193185172
15 58 796608636 481654004
56 4 261397315 777438662
31 70 86511199 600182886
10 46 628021806 996289172
55 6 9719254 71985833
18 49 575702163 65420807
20 51 405375972 938543611
31 12 870055217 598675693
1 25 0 415906743
25 43 938563033 360517814
28 25 593618990 392337542
28 44 374667473 269592146
31 18 88249909 55362390
60 37 107643892 801329223
61 18 998782753 600505961
53 49 741289483 907051455
45 42 314081494 693813216
53 10 373556562 632684883
10 34 135819100 536240641
45 40 710029611 189953431
38 57 812053722 257118565
23 45 644730192 785443541
19 49 943132312 370589683
34 22 419971726 682738274
56 38 682254087 625751372
45 59 693611909 260507792
57 2 890417176 88921986
25 43 928157780 276368328
45 16 352335217 368805335
57 58 23126697 760610858
57 15 759261589 405853007
44 14 244403913 367103849
22 25 436687045 233274427
1 15 564077311 932580385
32 62 301859150 364505834
32 37 93198733 525993780
55 19 349948498 359331812
22 53 544053517 929827748
10 48 294139482 486080805
44 61 552501029 202122927
58 12 352114086 549970658
52 37 342492978 79335315
42 57 129598277 775604324
51 28 162213340 210868308
11 2 90858739 713898532
66 54 530111497 523995536
48 49 571332943 373323089
28 63 771152114 40771539
31 25 448288030 877929117
31 59 843633578 684542354
14 65 747253224 106586761
69 24 347944265 246860313
33 66 793718209 313577815
64 37 557827115 285211472
61 41 653217407 555791642
46 67 23835593 806722735
42 15 563013361 359895172
17 41 549824886 936128734
29 56 673808060 165953053
24 23 302460913 738098044
38 33 556480870 233627379
22 67 340205820 253800476
34 46 217883030 895105466
41 42 96483111 762238105
63 9 8344180 671630629
47 51 256364670 669152649
21 4 615305408 810025636
63 14 518029906 13356805
27 19 165542551 279614524
31 67 398844636 656166733
34 38 438870508 399853408
65 62 342899446 312366885
45 37 93349728 892268586
33 51 726600203 293566187
15 34 859653743 95302324
65 57 165358353 813952398
61 66 15240329 110442287
41 46 831831129 508125599
27 6 79236574 532266115
61 25 358538819 622987789
2 54 343218287 639248603
9 18 261458173 223614741
51 27 651578022 327119111
51 31 483764655 103755908
15 56 148132398 860130998
25 60 339919226 702340148
33 54 706945962 613757324
13 8 985752690 827445667
65 42 142897888 495159846
39 14 83299009 548306014
43 61 249847257 450018951
23 53 23137698 24957282
3 14 87050468 258229525
67 70 77254273 212444090
51 17 54848792 262151388
46 68 473057567 173077929
14 64 413361677 670746958
45 11 659959169 192344627
39 10 478520119 685324406
50 32 354160573 329841196
30 14 916503323 628944412
69 55 523384312 224309288
57 6 266735135 661776337
38 11 170670893 989313591
69 68 664560699 514307272
54 25 362886732 649523609
6 18 442608789 789488751
58 19 524137512 28660580
46 13 395371924 291034811
42 13 706349841 808539536
27 14 154372923 17257777
12 32 988866051 212976588
32 43 765265651 104859204
26 41 525269705 931697126
63 36 999404107 797705265
26 3 280119775 515270017
42 48 431693936 248584545
12 53 846070292 181935224
4 18 638439088 547443920
23 52 19281583 968186105
30 18 0 188962992
6 21 50992066 404532560
68 19 973644938 102834685
46 33 594423066 962124563
47 14 922802944 905402096
25 10 475570310 560515690
6 58 180434738 51365875
42 53 211310502 99221351
67 60 113967805 446443080
6 34 972303244 951577817
67 53 103746516 85355451
10 63 76848912 764259548
68 41 23145626 546790791
34 42 862641528 189984738
43 42 402368867 405964438
53 68 108042452 238553111
27 44 435789564 754206917
9 40 343494777 700442134
42 51 998504980 311333584
10 65 148111839 303274803
13 36 155610048 619809550
54 37 848320368 390479881
56 11 318289925 398072436
48 67 714650323 309993666
59 52 825246410 244393000
15 25 970627191 19303394
47 54 160909979 159227698
16 22 235478114 189035176
59 11 609881412 66327374
69 16 496715081 438722178
14 23 271063207 618639626
26 62 911118860 893479771
38 23 912811842 416130485
29 56 896429633 493322701
14 41 574461067 187798669
23 22 341781946 808496053
62 15 279284145 906600142
69 64 847388229 269190990
2 64 291521367 141802395
55 39 795984825 120308922
69 39 812867337 441014410
39 50 969548091 757954313
51 32 838467767 588463410
30 31 688714353 521309492
6 44 387077573 167657769
47 24 635946131 929725104
62 30 613967189 536459006
16 29 831818886 12046233
42 63 513916208 614415797
31 35 504434299 340515314
38 29 873811970 996801758
31 34 977555731 921554505
4 25 203352708 332736468
32 64 97481087 492245531
3 36 722686768 759955718
27 39 415485307 800135076
64 45 337651538 68976805
1 48 974859736 147241965
35 57 750056660 750477113
44 2 16773751 149758267
12 11 75659954 520884007
46 69 482889410 374672461
43 65 795518131 709243210
8 19 271618420 882675896
8 46 624729455 364622201
64 35 465762792 66758699
51 50 471759081 685231150
68 60 644799112 746814680
59 5 46235148 737788857
51 43 19213314 681198407
43 22 358260526 538786028
36 46 478524571 96972109
54 12 433847136 359067470
45 58 366376046 842408637
16 60 526946596 398339881
42 44 714104348 439470676
56 34 863217551 724072529
27 64 465302971 192244387
60 41 101478828 348956115
61 9 21554441 207875667
45 13 283161241 280188873
16 50 248373191 234465350
62 9 794261631 518585117
20 28 28636471 29465496
18 41 918772764 618477712
22 23 279544999 416401014
68 59 266438181 479162692
8 61 719848875 49852398
30 35 844778743 50478989
14 40 695844946 167346564
42 32 424404722 161202599
28 59 862540811 908614614
30 24 442783658 795164419
27 15 414092992 26006639
53 58 550504401 442967681
33 61 411809916 300837830
29 56 467142190 903607291
57 37 0 312383206
25 39 605615133 867110930
41 26 2449803 389428253
25 26 446812047 566373891
1 56 234086883 37176255
30 16 683388432 641736885
61 24 950961380 617281338
3 37 450767727 60270035
56 33 969869662 182036805
52 19 758909332 229506050
7 65 88695048 552710347
3 44 97828398 144132275
38 20 496386523 947490666
41 27 469852371 898858375
62 3 451971649 13079978
65 5 18256954 570178971
11 58 358144210 32143507
51 58 753910020 479108185
38 70 210615195 658660175
9 22 912714197 298792685
50 40 553215586 562622158
14 20 895864748 185222400
42 49 845225838 135472449
47 31 587162923 689428458
69 35 686063473 828844477
2 17 752326489 706935076
31 28 275523770 951458189
18 32 338603385 937880879
65 39 646058764 784312836
8 31 219791652 451954180
8 7 714919031 550470929
6 64 815840059 281980276
54 11 539211191 201442612
7 41 884514258 638838454
19 28 866352104 639882507
36 12 73574050 725986984
3 6 395578946 250471226
35 41 216105992 96543144
63 45 691942313 46172207
1 7 235751838 483749675
23 13 25210875 981722232
18 29 815098298 711213412
66 20 783624687 793297359
32 8 591815626 208502857
35 41 405383544 795193170
3 62 413335556 264428656
61 25 243032647 936692575
64 34 651091786 379058444
15 38 662990578 494876770
22 39 275053246 278917895
39 53 317671547 633006065
47 39 802357950 332758416
38 12 163318681 850519002
43 53 254590187 28824863
4 16 87510377 158187503
10 62 49616222 445933248
24 28 303747605 895023185
60 47 152743169 394678471
13 66 494165890 596874671
63 36 678343392 170254291
18 23 916469683 535003896
69 59 841257147 167681272
4 26 433691887 593634845
39 25 150945056 737234594
33 45 629308148 105249754
41 65 432808358 490582535
25 37 447817259 454796157
63 5 25913348 712046769
60 62 91081663 700771057
18 10 330332170 942641286
13 68 506018811 783084788
53 24 477178338 248041282
69 60 918192276 611472885
1 59 659517674 500271750
44 36 80756824 529252058
67 4 984020790 177262187
32 21 957453468 89167804
37 22 829600046 8421153
46 68 2130567 540097615
14 70 495129427 260947187
55 27 123796884 806055164
29 7 325610813 500408516
42 67 99396819 518144375
41 2 34211431 116326786
36 43 216093690 16355440
2 38 659020710 298844727
68 33 860247951 905152154
3 69 953836731 359125843
45 32 544737158 870238626
67 36 146592888 729767416
68 61 306906456 576019069
62 11 701692506 692169448
67 66 315480585 517047905
36 14 601062577 427072169
59 64 786488856 759339915
20 2 857086874 600451509
54 60 939653511 993456036
32 8 150201292 91925632
12 41 106824351 580570058
68 42 349697289 76852224
2 48 489948754 981575626
55 3 749131316 839947709
35 1 210661284 495982972
56 26 544243059 124050789
23 16 291060028 461414201
32 2 738413664 508959211
9 60 776423091 626771141
55 34 867668210 861869411
7 39 18455161 891667256
35 45 936620799 160723928
7 44 408496496 676392954
55 24 318691013 232999104
2 61 662633088 709582776
40 50 377041993 65305880
35 32 809816099 656665482
25 34 439619253 645313673
41 19 495387639 157649591
11 56 219979041 319922000
16 37 851230329 555547410
39 63 417624176 215033806
11 47 406037649 138717390
48 61 644473177 319611593
56 62 581850440 800549667
28 32 615438211 299749251
67 59 11172327 467608870
15 20 67075699 705040242
17 40 118468549 898706929
49 24 145083599 841890635
55 59 117746373 51584982
26 10 631097388 205513245
36 59 680288874 863600471
24 28 220983980 240528992
28 61 595634635 603543151
8 51 482172850 593643878
41 70 923241159 979166115
32 21 954407746 604083448
59 51 522809745 779275578
16 67 489247259 502401980
20 19 725252045 313021412
9 28 920559682 755319309
53 54 980267648 214042530
3 9 600412660 958879483
25 12 239614509 695733621
42 46 331445135 358509548
46 52 127001501 392812295
14 58 722630735 676971261
51 5 231636661 10313320
33 27 15011705 950585816
69 10 89581030 802793913
3 57 525298068 559455463
46 5 533491014 82584142
15 20 63479728 442417605
63 20 172366366 828942670
16 32 379535249 217143020
31 56 867603226 604009119
13 6 734995161 948825979
32 13 403291138 163376016
42 15 607799472 360999965
19 8 420307123 233985197
64 59 314387902 210885476
4 6 514403762 406649899
42 29 223272057 48803275
55 42 637069082 80657891
23 25 198713339 27405673
39 66 931870257 766427562
25 21 836118311 43077420
32 14 620236456 918501084
2 67 684617889 411616278
66 6 240138314 63181537
21 19 397231715 986580718
13 53 237463086 385844998
19 62 433481599 482472721
30 35 2942486 182635339
61 46 222004430 887891610
60 13 193181285 606672264
36 34 960738944 823754170
55 52 782262011 96093236
67 36 813765694 198093207
21 29 799851871 561411154
48 4 190820308 900020824
59 45 193899941 547942151
60 49 80487705 514791993
64 10 102224760 698444957
17 10 874717961 193010370
38 46 31210863 921901528
40 65 691975672 234961805
61 39 856614464 30122067
18 65 856819102 306786784
24 61 826751817 178377566
43 65 606429452 635886626
8 28 255123968 14937406
53 15 474621459 263317661
11 36 681460074 79002641
40 26 808531391 918513658
58 22 972352601 851421818
59 60 824750074 685703700
34 7 739683326 375470781
16 58 893816360 284320193
4 39 330145885 651926818
67 45 524869804 485530492
29 31 708362379 273879588
38 8 758018538 343107372
43 16 66949977 145743737
16 54 785708427 181311404
12 34 741052750 134104475
15 38 864560360 536294816
24 12 241344164 904371506
3 62 859982722 827939846
20 27 836125742 725485621
34 2 992935970 826054881
33 42 119144571 367107387
22 58 428236024 324871933
40 29 964010676 643869190
4 70 177759931 949441011
64 68 454726648 517503251
20 21 505104815 526213606
2 27 593737361 815527475
68 3 836193999 155580418
12 31 730410522 596770565
56 16 537629901 972670381
32 7 459859864 449808345
51 14 438120828 78689657
6 42 646395561 253752294
4 18 324477749 45163714
30 43 77836582 135543550
68 42 598955688 200039908
24 40 589286606 523421469
4 3 686062977 839195342
68 65 106363966 6878873
49 47 480495320 636569238
58 2 995919516 161597473
69 20 121149052 592084011
61 53 264636424 238439611
60 33 745688097 866229966
41 26 773762699 122786095
40 17 829095526 645396692
28 11 364290774 166453547
34 41 403920513 138767280
35 34 224312055 869499063
25 60 158436231 256965352
49 22 700036263 51500798
27 54 746858063 121809104
50 41 398196423 516038733
37 39 597256517 817821196
61 27 582703325 424179353
70 16 495815965 35095376
62 18 986876723 269620085
18 32 339457738 399919562
26 29 538769861 249841497
67 62 769621270 223481138
30 35 477583859 542376566
60 20 266959026 749724036
9 1 921530090 579555666
39 70 609090487 745110204
3 56 914646920 78858545
9 49 481102733 150569165
68 42 296528236 261448011
69 30 330943249 279730281
57 11 64025252 437405757
62 35 146631262 232501939
57 34 313888130 22005393
52 50 578342089 305297783
58 33 184156771 948260800
19 31 224802649 312581399
69 17 631154469 375234161
14 63 27576240 667798854
66 60 864914547 501600188
52 65 675357731 254738985
35 59 190475142 352398133
7 41 563108689 744577681
10 15 857566293 36891671
49 66 775017703 923810881
60 19 629287397 849071360
3 30 320141057 354889521
7 53 487873512 2811892
25 49 110562963 218372295
63 41 305796284 615412930
24 60 457252686 220775606
17 56 963354873 410686209
64 54 597824779 113705547
12 34 115062732 928866713
54 27 457496878 519490097
21 4 117559120 357140948
35 55 173726535 125201017
40 62 881577584 19814028
52 22 132478649 364873835
1 33 30509654 775433917
37 70 221217152 425718280
11 39 695905866 876112751
53 36 972534773 16744822
58 11 684231225 245958731
8 9 290470446 862007136
16 51 243274055 377103838
6 14 239760166 951480055
64 14 860213009 295008877
40 5 479898414 331863056
11 33 52710064 693178292
43 5 701127264 855434012
12 29 46548116 348119117
24 38 388580077 305019420
14 64 490917644 430914776
32 58 342566654 966596076
27 25 790686697 564764984
51 56 146979913 67323453
59 1 509362801 448235174
4 50 665949679 609568875
67 52 846672240 226805344
52 16 5864052 439065607
23 51 679200999 420087854
58 1 860203121 485559331
25 44 544907777 693473939
7 11 832668829 41027626
50 32 237075582 662879459
52 58 435463319 206979873
46 22 604597179 315587790
33 14 860755960 935750118
7 14 424995040 480287127
48 25 728779960 875317823
12 35 784627717 476743790
7 48 674240657 633347894
45 49 660209542 981371447
33 19 318559820 306405802
52 61 246519190 505336964
12 44 995744274 529971352
36 65 328387203 642878865
41 47 2916741 865956318
6 16 683200486 880931815
23 62 252646426 931776303
40 69 143665305 536814084
35 11 921748560 134873413
51 29 876813341 864352280
33 57 253177432 16255641
36 16 444251823 836357312
49 54 288879629 965646456
52 48 579411419 240335394
9 52 432471214 522213323
42 10 564042042 759531243
24 66 482354957 57910622
30 38 588053771 98697256
24 11 93433762 717152235
7 15 99273259 843097547
53 7 0 620158245
47 14 712239625 84166123
49 14 887501928 4039569
5 21 200883991 243593414
58 59 737538203 921368362
15 46 62190880 644547643
36 68 650507538 390899543
70 27 466306170 139019697
17 45 337901755 177047767
33 65 171968534 726540453
68 31 484911292 252973819
35 63 253548051 423565838
59 19 402601998 232659273
8 32 344500724 544451361
31 3 459946582 779959262
36 55 144410099 731094816
16 32 372047520 732270810
14 10 764038100 627646849
46 69 909430176 869604385
18 20 541057126 241980783
39 54 198316081 717218421
15 25 954146091 614964736
4 57 788677044 721827714
68 63 645617313 531002236
46 25 365288428 542444183
59 21 789977310 233106740
19 64 30296188 670598520
53 60 17650397 30441731
54 60 108121270 836050147
50 70 433146649 359203281
9 67 40618798 989629934
3 46 611787969 945407959
42 15 778532244 687414569
39 43 411409299 850271817
53 1 76122953 738698853
44 68 57659485 603102304
42 31 213466918 880613401
30 33 595196181 842102873
61 42 541227985 623888509
60 49 340005759 438104400
9 19 222223832 699765399
3 33 601240167 687906525
26 46 372349713 330160526
12 51 481542278 273489887
14 29 618695913 987394436
2 6 512814334 536898883
49 24 598274987 712821527
67 18 490755246 28765940
67 32 821323777 94604525
54 60 930209191 690634250
63 2 230359040 97374256
14 51 26030034 814646526
34 45 825492389 772608099
24 18 702645533 368071562
29 39 740115524 90616494
57 56 216886792 814713660
39 20 505271414 16174740
19 40 330084766 159574445
1 17 89427157 194885963
64 12 347089879 344427446
17 57 343756107 694841107
58 38 320972846 333470741
38 59 162137007 583477672
2 7 599658723 439311589
37 48 483016567 341682944
27 38 853042802 464277904
30 13 435823870 592629977
22 38 430820182 35069085
15 17 472103 866927297
38 25 272025411 9459401
54 69 875677357 608285204
43 23 928662858 337949651
