2000 2000
819 1723 0 52761058
263 1295 0 768170607
1994 1015 0 896384292
1015 1994 0 792791705
1723 819 0 379042787
1839 1796 0 488330192
737 472 0 215791466
538 482 0 932893216
1301 883 0 459444778
1228 1540 0 980744049
714 922 0 937772310
1343 252 0 636891446
737 472 0 882168104
1723 419 0 340715815
1298 1015 0 26722166
1543 447 0 952906332
538 482 0 926070424
1256 533 0 215413344
922 714 0 884995243
1150 485 0 371285659
447 1543 0 85482101
1926 176 0 782558245
187 947 0 374477825
419 819 0 782327148
1753 747 0 929310941
1547 109 0 787334597
1480 620 0 113815910
1090 11 0 869817773
1540 1228 0 789603820
348 1829 0 192474214
1474 634 0 592158902
1297 539 0 426159106
139 604 0 761916002
921 1175 0 27743874
1485 586 0 387503066
978 452 0 273685124
626 345 0 918413302
1306 350 0 812401283
922 714 0 964445019
647 538 0 435396695
1994 1015 0 930304411
922 714 0 629324777
1763 233 0 784894397
1005 822 0 980236836
938 1351 0 245553376
263 1295 0 743239893
583 1312 0 646489283
517 904 0 595598709
125 682 0 62565554
1637 1152 0 419059188
1182 1890 0 89415715
957 461 0 954632235
1062 593 0 673616849
737 472 0 800141641
237 1882 0 119407852
348 829 0 470680536
546 1376 0 823552572
430 790 0 355144001
1128 1681 0 615972048
921 1175 0 655828091
133 1926 0 454368079
604 139 0 911128948
1763 233 0 449779207
1480 620 0 267323448
1077 1282 0 829490793
1150 485 0 215715054
374 1250 0 570579556
521 39 0 830718099
345 626 0 502659139
839 1716 0 106735116
176 133 0 225776438
1128 1681 0 509818297
1588 755 0 918996579
747 1753 0 122702071
1544 615 0 327325620
758 621 0 271894648
1182 1890 0 944319690
604 139 0 677856660
11 1090 0 381936029
1014 229 0 883180990
229 1014 0 429070918
1250 374 0 135576655
683 1674 0 255707149
1480 620 0 773737105
1723 419 0 968412683
1074 1696 0 460432140
1468 1209 0 161184280
1532 1129 0 890351301
889 339 0 197435856
829 348 0 612385334
1298 1015 0 622399728
647 538 0 339116724
714 922 0 205218952
904 517 0 931804602
1074 1696 0 481183657
1373 179 0 97185382
1376 546 0 771761414
1906 1176 0 209634527
536 1582 0 18675952
461 957 0 337031434
1062 593 0 329377988
1361 1904 0 911351293
1201 1060 0 862254561
1312 583 0 817139551
1098 1448 0 333099958
1778 565 0 284702924
565 1778 0 791300397
419 1723 0 258142332
1376 546 0 203399114
737 472 0 167621329
1242 66 0 413592816
1306 350 0 413751589
405 785 0 919207432
947 187 0 850016509
1716 839 0 518786167
1175 921 0 212813039
714 922 0 615235565
1480 620 0 651766508
1128 1681 0 281065507
1302 113 0 453983803
687 575 0 845929230
1926 176 0 632172447
1723 819 0 833777576
1298 1994 0 75287337
1343 252 0 978140687
1559 255 0 645330037
1628 1524 0 721264063
255 1559 0 772564316
1282 1077 0 827508491
1723 819 0 507257298
647 538 0 922811876
1882 237 0 427314263
842 1875 0 255747918
822 1005 0 632474226
461 957 0 654459557
1474 634 0 486492182
1347 67 0 73123322
1681 1128 0 941360095
1994 1015 0 522292025
1351 938 0 818660668
1302 113 0 430404643
839 1716 0 980456825
583 1312 0 409185880
583 1312 0 662133566
819 1723 0 492118110
1875 842 0 60592755
1128 1681 0 517436865
538 482 0 503837700
1306 350 0 57808201
640 590 0 408361646
1418 1740 0 748239878
1557 1477 0 55921333
621 758 0 670400659
1763 233 0 896188716
1273 1407 0 688182269
1201 1060 0 120686243
829 1829 0 927822384
1074 1696 0 184687786
1763 233 0 731941433
758 621 0 565995939
714 922 0 565405832
179 1373 0 507069109
39 521 0 137336057
546 1376 0 494769559
957 461 0 922241419
1696 1074 0 526195684
593 1062 0 732501335
187 947 0 250665264
1295 263 0 239189924
770 316 0 273809479
1067 1315 0 301239572
1543 447 0 923400210
437 1424 0 762267550
1182 1890 0 123085111
1273 1407 0 352382129
819 1723 0 502807970
1282 1077 0 916623000
1343 252 0 763659582
1981 828 0 618582478
430 790 0 504089709
1182 1890 0 864889063
1582 536 0 185020087
1882 237 0 115255112
1418 1740 0 751133100
256 385 0 713762790
482 647 0 768654579
1723 819 0 920643004
1250 374 0 66211010
633 994 0 455318630
1347 67 0 724907923
1005 822 0 624994471
957 461 0 854976593
1628 1524 0 236172444
470 1857 0 786507619
1376 546 0 303586580
1763 233 0 407330501
1926 133 0 167389434
1524 1628 0 842474454
1544 1179 0 924046488
482 647 0 875977731
1015 1994 0 146540846
1036 1022 0 640930345
1740 1418 0 756309360
1295 263 0 798784624
345 626 0 892857417
1875 842 0 25180068
682 125 0 584729651
1347 67 0 241511436
179 1373 0 734323396
737 472 0 31756690
1015 1298 0 32968638
715 1834 0 475508989
1273 1407 0 932388962
538 482 0 848522852
626 345 0 300384963
1540 1228 0 740424520
1158 654 0 626285935
1282 1077 0 767620305
1298 1015 0 252512215
1559 255 0 304877253
829 348 0 156865485
626 345 0 778375333
1829 348 0 691161347
1524 1628 0 261308349
125 682 0 176442547
1098 1448 0 23224947
176 1926 0 636384801
1873 1535 0 718966012
1637 1152 0 11782400
1753 747 0 405827994
1060 1201 0 357505258
1373 179 0 996294115
994 633 0 75340186
1282 1077 0 856561303
482 647 0 181126787
1473 879 0 262626307
1857 470 0 729358552
546 1376 0 796975027
1926 133 0 293166904
1298 1015 0 992484794
113 1302 0 511282170
1209 1468 0 215726477
113 1302 0 763362604
829 348 0 272339260
539 1297 0 620423076
176 133 0 116621111
1256 533 0 786456423
1179 615 0 536846310
1128 1681 0 792224653
1302 113 0 987117688
1674 683 0 835439000
482 647 0 963326939
1179 1544 0 150227071
1829 829 0 808348818
1306 350 0 853080842
237 1882 0 711475487
583 1312 0 593364244
405 785 0 256369994
785 405 0 291972793
1407 1273 0 5010698
533 1256 0 250303837
604 139 0 150010187
419 1723 0 324416036
482 538 0 346957379
687 575 0 306866160
66 1242 0 875945681
430 790 0 976689842
1681 1128 0 506715849
829 348 0 494439125
1535 1873 0 297206021
1250 374 0 102967930
1295 263 0 859608121
256 385 0 845527639
1315 1067 0 436855828
715 1834 0 641386171
348 829 0 501357342
1857 470 0 942685594
1904 1361 0 836879150
405 785 0 701425793
384 919 0 672436560
1351 938 0 273902295
500 1942 0 395884532
1535 1873 0 658646758
1347 67 0 909943574
348 829 0 571887923
1981 828 0 981583412
229 1014 0 322622173
1994 1298 0 234991951
921 1175 0 656115726
1696 1074 0 887015457
1763 233 0 463484589
755 1588 0 368806533
1128 1681 0 947544745
546 1376 0 947894488
437 1424 0 209604850
1716 839 0 584833359
1637 1152 0 206880032
1361 1904 0 562144004
1829 348 0 326808181
1532 1129 0 786226825
447 1543 0 414981194
1557 1477 0 993703499
921 1175 0 958477841
615 1179 0 910908983
1273 1407 0 834913433
994 633 0 230174137
683 1674 0 130749566
1302 113 0 31753647
1242 66 0 18321319
747 1753 0 682330237
819 419 0 496167604
715 1834 0 796877716
470 1857 0 152372964
1829 829 0 419003032
419 1723 0 81094230
1448 1098 0 716484575
883 1301 0 306628965
39 521 0 777889060
176 1926 0 280869252
1015 1994 0 105263758
437 1424 0 656420666
1524 1628 0 13953131
470 1857 0 349806854
538 647 0 859303693
1005 822 0 669586396
714 922 0 282248375
39 521 0 55739085
1524 1628 0 478982416
1077 1282 0 252868971
538 482 0 751996925
538 482 0 872033624
452 978 0 505712991
66 1242 0 436496140
1954 531 0 800912868
109 1547 0 419674009
430 790 0 397471637
1242 66 0 947644500
350 1306 0 32178490
755 1588 0 694747810
1906 1176 0 920560787
1015 1298 0 402831507
437 1424 0 206195803
1557 1477 0 264856766
1544 615 0 486783071
176 1926 0 311611678
1763 233 0 276054749
447 1543 0 179940661
1129 1532 0 151035817
593 1062 0 376159704
179 1373 0 190927105
683 1674 0 826349297
715 1834 0 652606608
647 482 0 540211428
229 1014 0 262101313
615 1179 0 266526715
1077 1282 0 147347881
1179 615 0 172596086
1179 1544 0 519026845
683 1674 0 262536097
229 1014 0 109714976
575 687 0 414814519
1544 1179 0 187521086
39 521 0 750623374
1373 179 0 423934118
1407 1273 0 504396294
339 889 0 963233679
419 819 0 51446258
1544 615 0 913184684
263 1295 0 11380945
66 1242 0 385947168
1361 1904 0 483749181
1036 1022 0 626290727
1201 1060 0 127974573
565 1778 0 139997977
615 1544 0 146331992
538 482 0 45561238
1829 829 0 354028736
1857 470 0 851956978
904 517 0 35997551
1128 1681 0 98477379
1890 1182 0 801420999
348 1829 0 807387311
1015 1994 0 796051335
1250 374 0 699653669
452 978 0 940073441
1544 1179 0 107294379
470 1857 0 347479726
634 1474 0 176742251
819 419 0 70781152
1302 113 0 104096019
1468 1209 0 266834583
819 1723 0 975985676
1407 1273 0 972396652
1723 419 0 500540226
125 682 0 324769750
593 1062 0 112187398
822 1005 0 252048553
647 482 0 941650957
531 1954 0 918643620
1890 1182 0 37107383
640 590 0 615537876
634 1474 0 367568251
1533 888 0 91757990
1942 500 0 786190400
1926 133 0 928277525
1628 1524 0 311361677
1882 237 0 660248842
1559 255 0 359228446
770 316 0 901525329
1175 921 0 941609746
829 348 0 727787920
633 994 0 505940617
419 1723 0 112754230
1829 348 0 456033286
842 1875 0 216982340
405 785 0 380125412
1060 1201 0 692680685
770 316 0 553277016
1696 1074 0 804433014
374 1250 0 678777698
1179 1544 0 379878662
904 517 0 440405756
447 1543 0 676655464
339 889 0 411973923
1015 1994 0 123709949
1753 747 0 905794049
593 1062 0 663316669
1873 1535 0 53994949
888 1533 0 243238873
1074 1696 0 238133680
1015 1994 0 927354135
1448 1098 0 812166265
687 575 0 274181450
536 1582 0 421811926
1926 176 0 441733808
461 957 0 503404860
1485 586 0 644311119
1890 1182 0 922307613
1175 921 0 649525615
649 698 0 800267295
682 125 0 637721511
11 1090 0 953059749
1532 1129 0 671913719
447 1543 0 408294335
539 1297 0 177660793
1834 715 0 876458476
1312 583 0 300117494
921 1175 0 833361492
384 919 0 111207783
66 1242 0 352127615
714 922 0 796629401
1077 1282 0 154070764
1753 747 0 741899975
1077 1282 0 46584885
1242 66 0 642866947
626 345 0 234945957
1152 1637 0 670687873
187 947 0 763640839
533 1256 0 18412593
640 590 0 724150253
698 649 0 885071971
125 682 0 368892102
1407 1273 0 745625470
500 1942 0 196689576
1480 620 0 142231324
1128 1681 0 642457635
482 538 0 484465126
1582 536 0 746764663
233 1763 0 433493811
1022 1036 0 706950110
1994 1015 0 922457832
1532 1129 0 13820909
1361 1904 0 1408403
1994 1015 0 836757827
1077 1282 0 979214732
829 1829 0 501088164
1829 348 0 771209289
1448 1098 0 452184763
1588 755 0 373132022
634 1474 0 444274367
1857 470 0 439579248
1839 1796 0 684902927
1036 1022 0 707956229
1242 66 0 249756469
1906 1176 0 382740476
682 125 0 190945325
616 1322 0 735194076
1485 586 0 178008047
1315 1067 0 883607832
521 39 0 737740818
1716 839 0 895174622
828 1981 0 435570782
179 1373 0 228057087
1312 583 0 193543713
615 1544 0 508406838
1834 715 0 797665440
546 1376 0 245385466
1906 1176 0 844836763
1763 233 0 246202525
1343 252 0 308606420
1994 1298 0 555012871
1942 500 0 228189499
39 521 0 808289640
536 1582 0 861800227
1477 1557 0 860637466
348 1829 0 681744220
1005 822 0 271719952
229 1014 0 159938273
889 339 0 18078074
233 1763 0 682259313
1834 715 0 595600457
785 405 0 4576991
125 682 0 933152295
615 1544 0 915945725
139 604 0 527045805
822 1005 0 150160110
447 1543 0 829725884
1129 1532 0 218992787
1829 829 0 150146167
1407 1273 0 249066733
1038 1321 0 105323154
633 994 0 776061523
1176 1906 0 75246440
1351 938 0 235390664
737 472 0 154037315
437 1424 0 229202946
447 1543 0 943016361
1301 883 0 230953091
1582 536 0 923462210
687 575 0 99277728
500 1942 0 574575812
419 1723 0 445336070
842 1875 0 472904932
1696 1074 0 356318586
1474 634 0 241926172
770 316 0 967214311
263 1295 0 265035949
1347 67 0 826058418
1532 1129 0 517257793
1347 67 0 747754969
1778 565 0 259304352
879 1473 0 680333197
521 39 0 874290651
1474 634 0 581709445
1474 634 0 506319034
1321 1038 0 478942310
1129 1532 0 193607420
1637 1152 0 66462364
113 1302 0 28703362
1150 485 0 3014483
1875 842 0 134612428
1480 620 0 822150168
1796 1839 0 99066606
531 1954 0 818767387
590 640 0 314832250
1062 593 0 365994924
1674 683 0 149325060
1468 1209 0 339186
1038 1321 0 833295158
139 604 0 131998838
565 1778 0 650274794
500 1942 0 503500375
615 1179 0 270987842
1038 1321 0 68430108
1124 1594 0 665811730
1179 615 0 888743360
1740 1418 0 539286208
1175 921 0 684876083
1723 419 0 89757889
1015 1298 0 794954920
187 947 0 595654918
565 1778 0 765509878
1753 747 0 187214677
904 517 0 328565930
374 1250 0 822126769
1696 1074 0 965435079
698 649 0 45815213
179 1373 0 804077136
1547 109 0 717254743
647 482 0 947388014
430 790 0 841934410
1005 822 0 333695702
904 517 0 678224747
1873 1535 0 359457544
1557 1477 0 159234354
1882 237 0 977819948
1306 350 0 493397958
176 1926 0 558033782
758 621 0 484489905
1282 1077 0 654600987
1250 374 0 324402146
1351 938 0 786967477
405 785 0 974539893
405 785 0 996689530
1418 1740 0 451452905
1038 1321 0 800275730
66 1242 0 114710877
649 698 0 823322165
626 345 0 142134152
517 904 0 558704566
1179 615 0 296575145
590 640 0 864435238
828 1981 0 594420348
538 647 0 151133105
1994 1298 0 617580027
176 133 0 970523823
1062 593 0 900764880
921 1175 0 523911984
1302 113 0 780557194
819 419 0 30027317
1418 1740 0 157848844
1315 1067 0 830654860
822 1005 0 836718007
500 1942 0 805776446
1942 500 0 401337144
1904 1361 0 204339801
1829 348 0 664157490
1723 419 0 284098433
615 1179 0 370522718
1176 1906 0 307886350
536 1582 0 88200552
1315 1067 0 507714821
1005 822 0 575198204
1256 533 0 298671585
1418 1740 0 808637453
1882 237 0 730788174
790 430 0 973053558
1228 1540 0 900569029
39 521 0 454589175
385 256 0 28009794
785 405 0 791743380
1158 654 0 853219702
1588 755 0 856209007
1535 1873 0 430412250
485 1150 0 191230928
472 737 0 841444165
634 1474 0 373646549
1077 1282 0 26468593
1424 437 0 926193778
1077 1282 0 236985211
947 187 0 401281539
1407 1273 0 726350295
348 1829 0 332183702
482 647 0 145574469
1179 1544 0 701193386
1637 1152 0 577359023
921 1175 0 295765329
39 521 0 502365697
590 640 0 513241498
1175 921 0 991955836
634 1474 0 55431833
1295 263 0 158895057
1128 1681 0 179131555
1637 1152 0 986599875
828 1981 0 210302172
1594 1124 0 644714229
1038 1321 0 592747054
1829 829 0 57877149
1418 1740 0 599697751
1347 67 0 557921991
1015 1994 0 105197287
546 1376 0 212780654
1681 1128 0 886057890
1904 1361 0 984224188
922 714 0 3631787
1175 921 0 254818985
919 384 0 789412117
654 1158 0 368319663
1295 263 0 674774528
1594 1124 0 255510074
1176 1906 0 228009419
430 790 0 523468790
1256 533 0 3264274
1547 109 0 653691049
485 1150 0 646417271
533 1256 0 774623442
345 626 0 318655783
1485 586 0 535882744
385 256 0 856396539
879 1473 0 566823546
1182 1890 0 428199158
1036 1022 0 487943086
682 125 0 972728641
1468 1209 0 852003582
1022 1036 0 776510762
1297 539 0 985645526
647 538 0 793248107
1077 1282 0 701757043
649 698 0 859248950
1098 1448 0 537918747
1547 109 0 420068078
1060 1201 0 654484883
1480 620 0 58814064
316 770 0 317031502
1926 176 0 906176543
255 1559 0 606698116
683 1674 0 250490314
316 770 0 954573037
1322 616 0 101527177
1242 66 0 894455583
1060 1201 0 231729768
947 187 0 936583535
39 521 0 977482953
405 785 0 618411625
1485 586 0 677982034
758 621 0 532495474
1376 546 0 542929305
1074 1696 0 689575176
405 785 0 639137295
405 785 0 912929864
714 922 0 804210096
256 385 0 75939786
921 1175 0 235341539
1256 533 0 915607084
1839 1796 0 795641404
904 517 0 773481231
374 1250 0 732826935
430 790 0 902024660
1557 1477 0 242771824
919 384 0 842446413
419 819 0 104396208
822 1005 0 890509673
1158 654 0 528429361
947 187 0 701931669
978 452 0 73867889
1544 615 0 466455650
1306 350 0 503556907
1124 1594 0 106436642
590 640 0 289002521
187 947 0 736660035
1954 531 0 507265401
482 647 0 586429148
533 1256 0 481247029
1544 615 0 237838784
1942 500 0 889422609
1014 229 0 38282371
1723 419 0 456991230
737 472 0 585402175
133 1926 0 280736480
994 633 0 894087933
647 538 0 767000187
1474 634 0 793123619
1175 921 0 481817846
1994 1298 0 687166430
1098 1448 0 728485419
1543 447 0 462206849
1312 583 0 614835462
1778 565 0 123215097
1015 1298 0 853458601
419 1723 0 983992274
654 1158 0 126704534
626 345 0 325099949
714 922 0 752069487
1424 437 0 521159755
348 829 0 81790158
1176 1906 0 876272038
1981 828 0 219291465
620 1480 0 416790647
649 698 0 323675410
1981 828 0 711810649
1361 1904 0 745835354
698 649 0 326159717
647 538 0 447043872
1681 1128 0 50372010
1829 829 0 529837741
1524 1628 0 199270868
593 1062 0 327369256
39 521 0 653925802
583 1312 0 221602467
687 575 0 618916208
626 345 0 192734618
919 384 0 11221604
698 649 0 620856761
714 922 0 449441790
1250 374 0 971820860
66 1242 0 510555236
586 1485 0 127185738
39 521 0 448310929
1015 1994 0 863470002
698 649 0 562054368
1067 1315 0 595232125
1298 1994 0 313020694
1373 179 0 236784101
957 461 0 808231927
348 829 0 651138266
842 1875 0 743137521
1306 350 0 337594429
1256 533 0 179488415
1158 654 0 936086189
1302 113 0 663364629
430 790 0 432553391
620 1480 0 958792902
1547 109 0 646845357
1873 1535 0 77929475
889 339 0 727174361
1343 252 0 199309675
1424 437 0 450371558
640 590 0 210688948
616 1322 0 610700304
1904 1361 0 870012226
482 538 0 355475519
531 1954 0 754092322
1295 263 0 301736510
1373 179 0 101568398
39 521 0 709409918
1098 1448 0 634394467
447 1543 0 126756652
1343 252 0 762009734
819 1723 0 464355495
109 1547 0 51121623
1890 1182 0 868009036
1628 1524 0 433301864
255 1559 0 84398461
938 1351 0 66564579
1994 1015 0 496309229
538 482 0 465824898
1753 747 0 931803836
947 187 0 100969131
1060 1201 0 984839005
255 1559 0 860466547
546 1376 0 271640547
758 621 0 787973272
109 1547 0 178938926
819 419 0 717787486
1480 620 0 916727633
1588 755 0 254183182
1696 1074 0 220271480
604 139 0 772248385
770 316 0 933080183
1477 1557 0 950110439
819 1723 0 485999279
1306 350 0 228528815
1533 888 0 89419136
67 1347 0 13341794
1282 1077 0 924820458
139 604 0 109772367
1981 828 0 810907704
687 575 0 525692194
1361 1904 0 647575517
938 1351 0 982491522
1468 1209 0 412141388
1473 879 0 807170890
1242 66 0 570194852
1882 237 0 700037843
938 1351 0 774034907
921 1175 0 886944084
1022 1036 0 205540819
1834 715 0 422842185
1473 879 0 74402201
1448 1098 0 7279218
994 633 0 490214370
1904 1361 0 567977883
536 1582 0 786275575
1543 447 0 909412270
790 430 0 447217147
1424 437 0 507447865
1014 229 0 841308015
1994 1015 0 486625061
922 714 0 746027611
348 829 0 703260335
1175 921 0 497618949
1637 1152 0 867881477
1152 1637 0 802408782
586 1485 0 674469669
348 829 0 889099257
1209 1468 0 664406351
1904 1361 0 495376089
133 1926 0 409051163
649 698 0 942443870
437 1424 0 473233839
437 1424 0 24093031
1582 536 0 139077502
1926 133 0 74835927
1373 179 0 389695833
1022 1036 0 85954815
1306 350 0 146996242
461 957 0 100892072
263 1295 0 605709357
1582 536 0 907129092
819 419 0 950577328
176 1926 0 622127205
179 1373 0 915535842
647 482 0 391822823
1723 419 0 795642122
533 1256 0 660995461
647 538 0 911800651
1090 11 0 198311623
1540 1228 0 315799174
109 1547 0 311650742
1256 533 0 264572798
755 1588 0 996064282
1674 683 0 488818873
233 1763 0 387063831
316 770 0 742943090
348 829 0 624614992
822 1005 0 937223722
1301 883 0 489582792
482 647 0 829397593
593 1062 0 619652435
938 1351 0 750134475
687 575 0 48665314
1062 593 0 513354430
1473 879 0 997811411
1740 1418 0 779008098
1716 839 0 206767327
593 1062 0 683632342
113 1302 0 752028955
176 133 0 703434737
682 125 0 773283319
687 575 0 649010945
1351 938 0 323456327
1540 1228 0 598904010
978 452 0 999039109
1474 634 0 928377121
889 339 0 443087402
828 1981 0 113110460
621 758 0 117155865
1533 888 0 499006234
1201 1060 0 877459085
1716 839 0 121757015
1474 634 0 906956162
485 1150 0 117807732
1540 1228 0 381584303
586 1485 0 632835680
1067 1315 0 903061825
255 1559 0 192824018
647 482 0 767982210
1588 755 0 28264259
620 1480 0 602474028
994 633 0 466793086
1424 437 0 250979461
430 790 0 643125532
1407 1273 0 433284866
1321 1038 0 365709541
879 1473 0 422829958
233 1763 0 782518780
839 1716 0 651519137
66 1242 0 172859842
1179 1544 0 984350110
1067 1315 0 26745972
113 1302 0 479760833
1060 1201 0 592495284
1696 1074 0 859447279
1074 1696 0 897714082
109 1547 0 256436535
1796 1839 0 544928352
125 682 0 508368526
1077 1282 0 620261608
1152 1637 0 61008762
1295 263 0 412185223
430 790 0 344786924
575 687 0 179349901
384 919 0 45906260
405 785 0 137849536
385 256 0 468843534
842 1875 0 133726546
1209 1468 0 820639255
919 384 0 520977385
879 1473 0 236349811
538 482 0 27033124
256 385 0 424913797
1796 1839 0 95353482
604 139 0 493084500
1067 1315 0 477192076
888 1533 0 165979451
1740 1418 0 118280766
1696 1074 0 606405699
626 345 0 4790132
1778 565 0 654466025
1637 1152 0 894464704
546 1376 0 357236447
179 1373 0 553118904
888 1533 0 504280344
1098 1448 0 414924311
1361 1904 0 285252211
682 125 0 327485792
1295 263 0 424905693
419 1723 0 918833413
1014 229 0 155178392
1544 1179 0 853969762
978 452 0 41303314
1201 1060 0 393584949
1273 1407 0 926423740
1829 348 0 640074864
889 339 0 363675793
1297 539 0 620922422
419 819 0 799450858
1674 683 0 332589490
176 1926 0 453736169
176 133 0 847205966
233 1763 0 222018987
531 1954 0 235352535
1315 1067 0 771116427
66 1242 0 619282846
1468 1209 0 435569412
1594 1124 0 418826313
1209 1468 0 860717486
1474 634 0 957678075
1074 1696 0 475678124
1942 500 0 809025934
237 1882 0 131744184
1448 1098 0 369336448
647 482 0 510034702
1256 533 0 499503393
626 345 0 195947554
256 385 0 114979457
1480 620 0 271795379
1926 176 0 413693556
590 640 0 134326487
470 1857 0 267243496
1424 437 0 450845417
621 758 0 579207058
590 640 0 781701036
621 758 0 172535568
1559 255 0 548245935
1124 1594 0 461149676
1839 1796 0 58427595
1321 1038 0 701477448
252 1343 0 390146904
1532 1129 0 293717584
233 1763 0 723505523
1022 1036 0 725250609
1468 1209 0 331334983
1361 1904 0 42081421
1533 888 0 389543290
1312 583 0 523832234
1926 133 0 248975663
1036 1022 0 437336183
1407 1273 0 664204351
447 1543 0 892825565
1347 67 0 831531738
1176 1906 0 206251811
1022 1036 0 717981051
819 1723 0 944379726
615 1179 0 894086249
133 1926 0 57973729
1038 1321 0 927226398
1778 565 0 116549707
1128 1681 0 949743173
1829 829 0 819058610
1906 1176 0 467851883
1150 485 0 173138358
1473 879 0 216693465
879 1473 0 443095526
1535 1873 0 819006730
879 1473 0 201302933
11 1090 0 767244889
1361 1904 0 66376976
1306 350 0 189738652
1829 348 0 671123257
938 1351 0 371913343
339 889 0 836235915
1628 1524 0 713150275
1942 500 0 795632685
616 1322 0 119788835
538 482 0 768695667
889 339 0 200134832
1347 67 0 891507829
615 1544 0 162263933
1376 546 0 375816673
1543 447 0 737448461
1582 536 0 571725279
620 1480 0 607724112
1022 1036 0 504856664
842 1875 0 258505330
1175 921 0 686741788
256 385 0 161208810
1376 546 0 445315816
785 405 0 323506618
640 590 0 318691270
1954 531 0 102358073
957 461 0 375294792
1839 1796 0 155322882
1074 1696 0 812049886
1282 1077 0 803835613
978 452 0 13070021
586 1485 0 12189165
1312 583 0 410655099
1015 1994 0 756958033
978 452 0 168796373
1256 533 0 473624333
758 621 0 170024658
889 339 0 152950279
1723 419 0 656712813
39 521 0 304352562
919 384 0 999670571
348 829 0 592417603
1468 1209 0 287414338
938 1351 0 647420675
539 1297 0 720934174
1681 1128 0 995171232
1543 447 0 571089997
616 1322 0 8210746
1036 1022 0 909485272
888 1533 0 408462368
978 452 0 830464125
1150 485 0 302160739
1282 1077 0 420735677
1182 1890 0 656861842
626 345 0 90851859
615 1179 0 24241862
256 385 0 779654656
1074 1696 0 310485602
1282 1077 0 946396872
1875 842 0 506832574
255 1559 0 361507204
472 737 0 846174740
255 1559 0 191975823
633 994 0 527501773
649 698 0 834304128
1994 1015 0 516352228
633 994 0 578254214
1753 747 0 306538915
1674 683 0 363117252
819 1723 0 683718974
1361 1904 0 500817693
879 1473 0 805639412
889 339 0 890376473
1723 819 0 75591105
470 1857 0 75406798
698 649 0 729936959
536 1582 0 564165069
1322 616 0 386902178
1090 11 0 954170673
978 452 0 903191058
590 640 0 70832771
538 482 0 468411391
604 139 0 231124359
1418 1740 0 377527048
187 947 0 871480908
1477 1557 0 73488874
1158 654 0 380610113
179 1373 0 848813051
1994 1015 0 632350490
634 1474 0 990148447
1524 1628 0 860381757
1857 470 0 314001792
1477 1557 0 873304234
1857 470 0 337244017
1906 1176 0 351865005
1994 1298 0 329756024
538 647 0 530465669
1301 883 0 475283629
1302 113 0 391749359
715 1834 0 236804316
593 1062 0 389634929
1485 586 0 130274670
472 737 0 854032471
1005 822 0 169952274
1535 1873 0 293563301
1176 1906 0 586201884
348 829 0 806126142
1753 747 0 536074839
1890 1182 0 554747876
256 385 0 922016960
978 452 0 148265408
179 1373 0 612345901
1588 755 0 222010397
647 482 0 354052931
1753 747 0 757829150
1373 179 0 599224176
687 575 0 858528587
316 770 0 244242250
1124 1594 0 730449807
1740 1418 0 132070097
1778 565 0 463350419
1351 938 0 72721580
994 633 0 188034535
1637 1152 0 917731889
682 125 0 94033042
517 904 0 941297032
1418 1740 0 740893221
1473 879 0 250890365
715 1834 0 979641205
1954 531 0 947643610
698 649 0 699448735
1302 113 0 565291220
133 1926 0 829902176
482 647 0 434822722
1753 747 0 60257109
430 790 0 641687496
647 538 0 369601498
1179 1544 0 233581059
978 452 0 182457122
179 1373 0 170984301
1477 1557 0 264166944
500 1942 0 511630305
1532 1129 0 179704784
714 922 0 307618286
1829 348 0 936660980
133 1926 0 56997413
1038 1321 0 111692213
133 1926 0 824995624
586 1485 0 668428171
1343 252 0 11862714
1559 255 0 74712674
1723 819 0 962964120
470 1857 0 469604931
1588 755 0 105997477
922 714 0 432608597
1347 67 0 922263091
994 633 0 870266818
1158 654 0 841579315
1926 133 0 361075602
1994 1015 0 181703258
470 1857 0 399935277
345 626 0 526941039
255 1559 0 374429027
1005 822 0 998475603
616 1322 0 217283949
1796 1839 0 670670115
1250 374 0 862284359
419 1723 0 263468426
1994 1298 0 189657282
546 1376 0 786150492
485 1150 0 799451324
1361 1904 0 645255719
714 922 0 587973036
715 1834 0 822399532
715 1834 0 558963753
1480 620 0 678013967
747 1753 0 209305166
237 1882 0 890428923
430 790 0 854136536
1890 1182 0 303935298
452 978 0 957909737
139 604 0 697975474
538 482 0 138824917
1994 1015 0 357220023
1306 350 0 870239997
1544 1179 0 606784491
482 538 0 908520224
1301 883 0 357852735
316 770 0 857424228
1448 1098 0 60329863
1544 1179 0 336231547
1942 500 0 702131183
822 1005 0 645658356
1857 470 0 354628868
1256 533 0 977736132
758 621 0 87086641
1297 539 0 878838823
1628 1524 0 939009540
615 1179 0 851629025
842 1875 0 279482091
1696 1074 0 412511270
1778 565 0 38950044
1312 583 0 508656749
938 1351 0 84426079
698 649 0 320393144
470 1857 0 43016194
1716 839 0 435776800
1176 1906 0 927043303
374 1250 0 317946923
533 1256 0 334304710
978 452 0 996256529
1904 1361 0 38628372
263 1295 0 793670082
994 633 0 470244329
747 1753 0 36291507
829 348 0 207573888
345 626 0 189876987
1723 419 0 493356094
1176 1906 0 849507674
461 957 0 415538306
575 687 0 361076282
1209 1468 0 199715831
1637 1152 0 728934357
187 947 0 279679002
1175 921 0 886922279
575 687 0 471015432
384 919 0 208067396
575 687 0 257352615
1829 829 0 69851838
919 384 0 541517011
1301 883 0 790560690
461 957 0 127350764
1014 229 0 120183424
586 1485 0 733663766
957 461 0 649897867
1681 1128 0 453121091
345 626 0 78121529
1036 1022 0 575260048
1723 419 0 285634145
1834 715 0 820310884
1753 747 0 992462709
452 978 0 562234550
539 1297 0 51275428
1312 583 0 188162221
1857 470 0 804168453
1637 1152 0 40527198
316 770 0 546778831
1179 615 0 392930281
1373 179 0 970978149
133 176 0 466406374
649 698 0 909969799
538 647 0 550448907
822 1005 0 953396903
647 482 0 447754586
634 1474 0 661338060
345 626 0 115115825
785 405 0 255646870
1418 1740 0 814338024
1098 1448 0 379326140
1182 1890 0 455443982
1547 109 0 16545629
67 1347 0 174902517
1796 1839 0 816361307
1176 1906 0 473790191
615 1544 0 966494721
374 1250 0 14897485
109 1547 0 263550183
1474 634 0 982627639
889 339 0 360933437
1209 1468 0 964798538
1158 654 0 877558634
385 256 0 783156354
339 889 0 316119086
1158 654 0 906195639
1067 1315 0 656519468
978 452 0 544793068
1582 536 0 81816364
179 1373 0 142036312
538 482 0 513421108
1857 470 0 968629342
1347 67 0 899889244
1060 1201 0 106269470
533 1256 0 482739093
1015 1994 0 718914248
819 1723 0 14575455
1256 533 0 584051064
1273 1407 0 803790020
957 461 0 490887222
1297 539 0 369595860
1535 1873 0 202168764
500 1942 0 352489910
1060 1201 0 107200482
1477 1557 0 565670105
1904 1361 0 851643062
133 176 0 882202890
1834 715 0 716791600
904 517 0 187087632
256 385 0 94422408
229 1014 0 117822976
1179 615 0 43215888
615 1179 0 329018871
1312 583 0 674511841
919 384 0 502736757
176 133 0 245299525
1839 1796 0 246140127
1282 1077 0 235007568
770 316 0 108704047
179 1373 0 649770703
482 647 0 491787410
500 1942 0 92168342
1067 1315 0 639532842
919 384 0 794070380
176 133 0 944905812
1904 1361 0 680004657
626 345 0 525627290
1480 620 0 657262396
1209 1468 0 639815519
1594 1124 0 960124686
1256 533 0 337887491
1418 1740 0 825898851
1424 437 0 195763284
640 590 0 308482604
1129 1532 0 388956082
237 1882 0 255930067
1152 1637 0 721135719
586 1485 0 739378087
339 889 0 688765197
1540 1228 0 540016706
1418 1740 0 510757605
889 339 0 386838598
1322 616 0 309434870
109 1547 0 862822867
1544 1179 0 700641198
1301 883 0 441722666
1418 1740 0 157234724
1038 1321 0 939328988
1297 539 0 219556391
133 1926 0 254504220
1158 654 0 659395946
1321 1038 0 95857682
1882 237 0 15507765
485 1150 0 136927030
654 1158 0 252019969
1298 1994 0 880940907
842 1875 0 402058420
1315 1067 0 214216118
715 1834 0 582830020
1954 531 0 991237847
133 1926 0 180093123
957 461 0 612015840
133 1926 0 913956438
978 452 0 296572974
1015 1298 0 714260668
654 1158 0 699825390
1796 1839 0 484699053
374 1250 0 957076125
1098 1448 0 481707035
1060 1201 0 310551497
1485 586 0 325338243
1994 1015 0 773752193
828 1981 0 820755033
1060 1201 0 182754753
1301 883 0 649402750
1485 586 0 299362539
1723 419 0 674307014
1015 1298 0 585937256
626 345 0 957758768
125 682 0 73520114
1926 176 0 649953252
1873 1535 0 467041729
1182 1890 0 4459984
125 682 0 54907148
176 1926 0 600373211
822 1005 0 877534535
1038 1321 0 107391098
1062 593 0 5236831
1477 1557 0 102702637
922 714 0 63628618
1250 374 0 240403849
500 1942 0 82915838
1473 879 0 501784303
405 785 0 32695129
1524 1628 0 864149111
698 649 0 387156877
758 621 0 210554480
1473 879 0 858273170
1273 1407 0 219308350
621 758 0 274443772
1301 883 0 404767115
1182 1890 0 585024685
350 1306 0 790551314
133 176 0 379951741
1674 683 0 725531942
1036 1022 0 149677385
620 1480 0 213199494
790 430 0 341785369
747 1753 0 549901327
586 1485 0 535403941
470 1857 0 361314080
1298 1994 0 844615419
133 1926 0 561603693
575 687 0 604906520
839 1716 0 432449998
1067 1315 0 476917095
755 1588 0 844033539
839 1716 0 374269441
1152 1637 0 306591858
1547 109 0 489984443
1532 1129 0 474923151
1473 879 0 997162406
1022 1036 0 162016410
1347 67 0 622474066
176 1926 0 262536027
1473 879 0 828430021
345 626 0 691323510
1005 822 0 144198339
647 482 0 835705441
839 1716 0 523545839
957 461 0 23281845
698 649 0 235949873
1740 1418 0 476389447
533 1256 0 926594481
133 176 0 575945227
647 482 0 595335523
1723 819 0 278101543
1778 565 0 272786295
1014 229 0 259284832
1005 822 0 252259698
485 1150 0 967750880
1315 1067 0 865508570
1926 133 0 223430622
1942 500 0 179099170
39 521 0 979270812
521 39 0 82532898
452 978 0 880625676
339 889 0 840509005
348 1829 0 822199813
839 1716 0 630786491
922 714 0 918215453
482 538 0 766927598
1306 350 0 439355270
139 604 0 877421176
957 461 0 819642969
790 430 0 726056982
1875 842 0 520950947
1014 229 0 808291221
1306 350 0 820598949
521 39 0 593072353
1090 11 0 255117136
770 316 0 879031388
1582 536 0 218786131
1361 1904 0 409555204
565 1778 0 610072315
405 785 0 271405083
904 517 0 891947000
1723 419 0 526321475
1124 1594 0 57969873
1376 546 0 325796182
176 1926 0 461328332
1242 66 0 602705269
187 947 0 132298510
1763 233 0 966857635
1474 634 0 957611888
590 640 0 407500850
1005 822 0 494228098
1890 1182 0 338853661
1282 1077 0 164772086
461 957 0 296996926
546 1376 0 261482821
500 1942 0 189820316
1298 1015 0 953009506
176 133 0 695262781
374 1250 0 59373342
109 1547 0 962565269
1036 1022 0 845475006
1407 1273 0 925604088
1839 1796 0 919279854
531 1954 0 168387185
1906 1176 0 119982995
255 1559 0 176419730
1942 500 0 129196912
1312 583 0 547568225
517 904 0 211388150
1273 1407 0 302802941
533 1256 0 358073460
419 1723 0 991521772
790 430 0 103016080
1015 1994 0 534555792
1297 539 0 994587952
565 1778 0 679137682
125 682 0 36825074
790 430 0 109264914
1209 1468 0 75721342
1740 1418 0 708207826
482 647 0 15186810
1077 1282 0 640678776
1022 1036 0 913816506
1015 1298 0 758205943
1834 715 0 347217837
1302 113 0 457405484
626 345 0 87632235
531 1954 0 434929689
179 1373 0 81876184
1839 1796 0 595824713
575 687 0 855891461
252 1343 0 387985160
586 1485 0 184839395
430 790 0 197314833
1906 1176 0 805188504
187 947 0 933777593
1015 1994 0 721561670
819 1723 0 587598994
482 647 0 272909989
737 472 0 512487736
187 947 0 871200960
470 1857 0 424065234
1015 1298 0 99643019
819 419 0 552056421
790 430 0 295137551
1343 252 0 472586833
1468 1209 0 677258116
339 889 0 422364742
1532 1129 0 91223047
1179 615 0 483406405
1480 620 0 740818429
1796 1839 0 104872328
1543 447 0 473499627
1890 1182 0 640848196
1060 1201 0 614959384
482 647 0 110973709
348 829 0 822252675
1295 263 0 446504899
626 345 0 648268805
1209 1468 0 307263495
1298 1994 0 66139729
1179 1544 0 125513396
621 758 0 411592865
1485 586 0 328211222
1557 1477 0 756230418
1637 1152 0 276363485
994 633 0 10339225
1150 485 0 32626831
539 1297 0 558119898
1175 921 0 495517927
1533 888 0 991431998
1588 755 0 229106586
1295 263 0 971423800
1124 1594 0 526419489
790 430 0 41170480
1090 11 0 795425197
531 1954 0 387265631
616 1322 0 519380009
1015 1298 0 903897991
1448 1098 0 241770946
842 1875 0 598968680
109 1547 0 588072986
583 1312 0 570651665
785 405 0 579796238
1448 1098 0 484051366
461 957 0 991751768
1740 1418 0 10614074
1543 447 0 398546391
1994 1298 0 339872506
737 472 0 225243212
1022 1036 0 521600034
888 1533 0 967865108
1321 1038 0 422834905
452 978 0 2087288
1994 1015 0 127727596
682 125 0 399525489
176 1926 0 252272373
350 1306 0 147655289
682 125 0 842859792
621 758 0 877268934
1124 1594 0 693033701
715 1834 0 426035823
715 1834 0 481274110
1067 1315 0 665946835
1067 1315 0 661606845
1681 1128 0 102781944
1696 1074 0 234962784
828 1981 0 207847907
546 1376 0 144628798
539 1297 0 604789012
1315 1067 0 571764463
538 647 0 280827689
384 919 0 116389552
1256 533 0 458255062
1723 419 0 215821044
1038 1321 0 658462068
11 1090 0 874229336
1994 1015 0 571990210
919 384 0 276785999
755 1588 0 284601171
1994 1298 0 569320731
828 1981 0 368537269
133 1926 0 550232419
1298 1015 0 507090329
888 1533 0 728875009
470 1857 0 660561609
1282 1077 0 752912608
819 419 0 419606560
1716 839 0 728372502
517 904 0 882107822
828 1981 0 884854739
1312 583 0 715129351
374 1250 0 778163090
1098 1448 0 351287475
586 1485 0 386675314
1015 1994 0 613112227
1480 620 0 157649202
649 698 0 639770059
1036 1022 0 359633189
1796 1839 0 488837819
682 125 0 929982086
109 1547 0 239214235
500 1942 0 444954475
385 256 0 730682076
714 922 0 332688712
339 889 0 434676829
1418 1740 0 944577817
1242 66 0 225943903
822 1005 0 241977933
1559 255 0 782131655
1559 255 0 381811939
66 1242 0 122313231
252 1343 0 145356303
626 345 0 452015433
1361 1904 0 274566086
919 384 0 415292068
139 604 0 560324670
698 649 0 993427640
1778 565 0 234692353
461 957 0 315733924
1376 546 0 185113067
620 1480 0 529675774
1036 1022 0 437335589
538 647 0 746748381
1322 616 0 357644116
938 1351 0 722662717
1098 1448 0 3376374
1347 67 0 124408989
1298 1015 0 420680227
647 538 0 359014056
1544 1179 0 88285316
1954 531 0 680626043
536 1582 0 922186237
1681 1128 0 461011030
233 1763 0 823118762
1942 500 0 397108455
1485 586 0 919871875
485 1150 0 855847199
1723 819 0 985029741
1315 1067 0 964943928
715 1834 0 6161071
586 1485 0 883772069
1014 229 0 104675747
1077 1282 0 601051086
1242 66 0 97545750
698 649 0 489389983
879 1473 0 80197391
66 1242 0 934453921
1158 654 0 171352030
176 133 0 980083937
683 1674 0 282322169
472 737 0 759204841
978 452 0 633181865
604 139 0 484432797
1273 1407 0 297667651
1036 1022 0 569239201
1228 1540 0 115141966
1036 1022 0 639002653
1906 1176 0 642932317
109 1547 0 934658919
1753 747 0 64568853
1875 842 0 618042402
485 1150 0 932751545
133 176 0 993397361
1926 133 0 544473725
533 1256 0 461509075
1312 583 0 54320288
109 1547 0 24423481
1778 565 0 239267009
839 1716 0 289717603
758 621 0 190596186
1829 829 0 426757536
919 384 0 644526381
626 345 0 758836094
1532 1129 0 954842424
647 538 0 412138384
1594 1124 0 677131512
1129 1532 0 409716186
957 461 0 212750967
575 687 0 289139452
938 1351 0 154215343
1533 888 0 29540798
1282 1077 0 817114110
1301 883 0 86092377
500 1942 0 446170118
437 1424 0 116657721
430 790 0 768961247
1062 593 0 249787219
1637 1152 0 452723091
785 405 0 29087725
1302 113 0 756711379
1315 1067 0 577618360
1674 683 0 62954242
1014 229 0 305272744
1873 1535 0 458944622
586 1485 0 664524279
1829 829 0 178569371
1090 11 0 818384810
921 1175 0 553154568
539 1297 0 26944655
683 1674 0 866359770
485 1150 0 373474006
229 1014 0 778695969
430 790 0 617718368
957 461 0 696202995
1315 1067 0 797312816
1321 1038 0 578481010
640 590 0 796681695
1544 1179 0 444152834
345 626 0 976378647
1540 1228 0 128751083
430 790 0 123786631
1994 1015 0 549245074
67 1347 0 577733564
889 339 0 494820276
565 1778 0 314165498
633 994 0 790121600
255 1559 0 844921134
384 919 0 772969561
485 1150 0 145843107
1250 374 0 593740855
1150 485 0 668945811
66 1242 0 64562493
176 133 0 923580691
593 1062 0 925239650
252 1343 0 958608432
1875 842 0 537670080
1062 593 0 141867535
755 1588 0 391665407
1637 1152 0 597938304
1480 620 0 148462160
889 339 0 122122235
1273 1407 0 130541830
714 922 0 800451731
1418 1740 0 339730518
1637 1152 0 423359789
1857 470 0 386010841
472 737 0 396165710
437 1424 0 103364047
1873 1535 0 546152223
133 176 0 616511929
1298 1015 0 864783258
374 1250 0 380646508
1448 1098 0 773922607
531 1954 0 56263097
1242 66 0 826626822
1557 1477 0 979749506
485 1150 0 799236338
615 1179 0 234948245
755 1588 0 922710312
755 1588 0 286076713
517 904 0 645931181
1315 1067 0 485300860
1322 616 0 942377373
839 1716 0 967872341
1150 485 0 983576951
1547 109 0 636748176
1297 539 0 286868479
1124 1594 0 974811833
620 1480 0 263832787
252 1343 0 298846500
1015 1994 0 72982310
419 819 0 232664859
1315 1067 0 200020339
904 517 0 632470863
1301 883 0 769843908
66 1242 0 435012825
531 1954 0 618524511
957 461 0 878719223
1904 1361 0 364227979
345 626 0 19888002
1315 1067 0 585606928
255 1559 0 178541127
1298 1994 0 427853095
919 384 0 31064596
533 1256 0 473972979
842 1875 0 776255298
1543 447 0 702630253
1158 654 0 56011225
819 419 0 567908984
1376 546 0 931729259
470 1857 0 719616690
1298 1015 0 308093495
828 1981 0 440356565
133 176 0 625887203
1298 1015 0 986077375
139 604 0 893608632
485 1150 0 267977351
938 1351 0 533020913
1302 113 0 410050199
39 521 0 863620157
634 1474 0 304017366
649 698 0 557354787
785 405 0 973991159
1857 470 0 130411614
1074 1696 0 640507224
654 1158 0 451019845
1904 1361 0 387323353
1015 1994 0 314067429
1543 447 0 622458783
1015 1298 0 836772708
1176 1906 0 67254823
785 405 0 290201321
1179 615 0 451889071
1942 500 0 252969727
348 1829 0 640240084
715 1834 0 551914941
616 1322 0 790524920
339 889 0 618055804
447 1543 0 225022953
586 1485 0 236821863
1942 500 0 755304821
1716 839 0 193406073
1524 1628 0 355130971
133 176 0 656011988
1544 1179 0 443136627
113 1302 0 938836114
1994 1015 0 417286496
1407 1273 0 591119678
350 1306 0 643667865
176 133 0 140858194
1582 536 0 174963656
179 1373 0 533776472
255 1559 0 79034871
1282 1077 0 495140491
647 482 0 777411178
879 1473 0 258841294
1124 1594 0 198867105
957 461 0 365345786
229 1014 0 957872430
1175 921 0 354319399
919 384 0 746075450
1150 485 0 454364042
1179 1544 0 228213695
889 339 0 906133970
819 419 0 86202502
904 517 0 390154755
263 1295 0 81333459
1373 179 0 77739273
1312 583 0 229228031
339 889 0 203445554
1904 1361 0 207392191
822 1005 0 40082173
1343 252 0 867305166
384 919 0 986669314
1038 1321 0 15509742
615 1544 0 479391626
1298 1994 0 916934187
1875 842 0 403787983
517 904 0 155874437
1298 1994 0 802807258
176 133 0 316137032
1036 1022 0 961942629
647 482 0 1365059
1176 1906 0 275225960
687 575 0 419136060
590 640 0 431215093
1418 1740 0 734670577
1474 634 0 284067573
133 176 0 657164274
1250 374 0 121840737
1302 113 0 555786910
229 1014 0 239437209
1175 921 0 322635506
1875 842 0 854869418
237 1882 0 235290424
1875 842 0 359346976
1158 654 0 98070777
1954 531 0 393805717
829 348 0 91847125
1158 654 0 876418890
1857 470 0 362601671
1022 1036 0 798975484
1322 616 0 892215555
374 1250 0 769193291
1176 1906 0 390749301
1128 1681 0 351878076
842 1875 0 313900590
1014 229 0 59652601
1347 67 0 12076918
1343 252 0 897536341
1474 634 0 861163841
1361 1904 0 116616247
640 590 0 378658441
770 316 0 438255664
1306 350 0 653263996
1582 536 0 695349365
405 785 0 202661836
682 125 0 620669331
1796 1839 0 583973794
1158 654 0 724412088
187 947 0 20795082
647 538 0 50827731
1763 233 0 849342198
430 790 0 839816083
1201 1060 0 636986787
1062 593 0 573356027
1857 470 0 317668026
1373 179 0 263316302
1716 839 0 458280439
485 1150 0 496344649
1473 879 0 566727272
1716 839 0 812417824
1077 1282 0 942080731
1926 176 0 760019586
1942 500 0 395810334
405 785 0 50385854
1077 1282 0 903172775
1544 615 0 517451277
978 452 0 795911173
1250 374 0 469721023
419 819 0 735628079
1038 1321 0 919400889
921 1175 0 816306410
419 819 0 56278520
252 1343 0 720047717
405 785 0 204675486
1347 67 0 352012123
339 889 0 383214467
687 575 0 341765226
590 640 0 601830740
1942 500 0 894064595
1473 879 0 21788971
1716 839 0 691737584
1242 66 0 746335236
1696 1074 0 72503527
620 1480 0 15112750
1295 263 0 192073429
1716 839 0 667355552
1176 1906 0 343972498
839 1716 0 510426670
1077 1282 0 37846661
133 1926 0 525583030
1306 350 0 905558963
1201 1060 0 770086279
1994 1015 0 445053174
11 1090 0 827490278
1981 828 0 548073792
938 1351 0 980976825
1022 1036 0 551129103
647 538 0 221336396
