70 2000
30 35 489864129 12394080
67 62 568862962 569059096
42 7 955349373 262904612
17 8 952222812 850593582
65 40 98655646 732692491
26 59 810840307 243017274
57 2 334604370 626990482
18 61 165018491 628962627
70 36 942113486 770334757
60 33 485487642 421995022
64 45 210126254 507991281
44 2 441181455 958591055
27 40 105638866 452988591
26 36 92082022 735596564
52 38 804601800 568653573
9 52 39632830 593492663
7 52 706326199 760004392
20 22 739103937 469020430
64 37 930030821 618938173
21 24 9096729 992302215
5 39 212679872 998045917
50 27 201154186 139184628
6 31 479000258 282605660
35 2 904404862 856364661
39 25 284377554 514747393
42 61 742858207 536978677
68 65 492740864 46756883
14 63 529724925 305480752
44 20 979184677 30106730
61 35 712042008 605740024
68 4 300926625 426861306
5 29 263947556 115881809
39 20 688051648 49923785
66 3 111230259 695231604
17 12 41954558 112818564
13 37 969659669 957436921
32 29 830010472 530444156
12 65 779330708 124533753
49 47 441281352 921842570
4 32 50896820 227323318
14 11 43869612 641635023
38 17 805067116 667680290
43 51 432607189 272059653
36 15 255815118 950085657
67 42 382935416 635719727
11 15 798381509 376778872
63 52 557694773 654195540
22 39 833746096 307549629
11 16 771225911 385920694
18 48 244931710 127694196
15 1 559345415 630248359
62 69 276658775 168313257
68 12 432502994 884905882
65 52 478828814 302549842
3 14 194552061 586268204
38 54 457830763 474484506
14 15 270453929 368030537
65 9 128477394 464617426
56 1 200960040 318278744
5 65 332042733 223384363
53 13 243203208 281339848
30 57 7231809 115976655
17 3 941709888 934722691
19 26 9187206 236037569
47 6 618082295 591072883
5 17 538925844 503139254
25 66 622077105 151467393
30 56 555085647 500232643
61 24 794695421 104791770
51 42 369373163 427039378
49 61 440597586 542462961
30 10 382398026 860502920
41 48 256524276 109175312
58 69 240057953 161822721
14 44 455084433 139210512
66 4 677148717 310639804
60 44 169598291 197287890
67 44 724621538 610589469
7 49 242815916 737171139
27 13 318323102 500662887
40 57 665119384 719877718
49 30 423144453 606067435
13 42 10228163 85187663
54 7 278600433 909029123
67 16 892460033 169797241
61 13 766623103 217548565
57 10 164023307 916445084
51 44 15083959 509591625
7 3 718492909 652462274
11 13 95713151 817373916
66 42 409960081 254429499
23 32 18046122 109952576
1 70 652547092 960071759
11 19 35113072 391657064
48 30 701361845 778798156
55 69 789255064 129779225
58 52 257889952 992892481
58 24 42694698 981758273
27 41 715897122 564596291
20 19 461735029 245283808
30 3 507418942 27494223
8 70 428300546 607249506
30 14 349695228 724018195
54 16 665399753 143592654
50 62 487171115 262646490
62 42 854436598 694844699
40 54 277170362 185221533
63 61 32903524 159906072
64 33 141928587 322472326
12 3 107583418 864940224
21 14 515188621 944721451
28 65 224630600 810143891
7 27 819221808 594097306
51 22 139259961 642076224
58 15 806956756 878771049
51 20 676790748 747460412
54 37 912118041 24501670
20 61 624194671 336276153
15 29 32460753 232402061
25 54 827468535 965637753
64 24 330043508 310435728
10 40 478463873 306912485
33 27 157759616 345425326
7 68 369941131 571404164
26 46 904620406 997837775
57 69 528506776 589868994
45 70 745506215 127733253
26 55 490129012 711756369
19 2 793748275 171595574
45 4 602800775 60102667
19 28 937149057 463196322
34 49 14841428 483931386
11 69 8013421 175623
51 13 623524310 704359038
10 26 633382529 86132356
49 58 136644990 144356412
58 39 876259769 390518768
47 68 717926008 485412311
69 50 453227052 838899555
16 3 579140401 615118442
27 60 277501280 821828893
62 48 832956920 54089696
31 15 936799253 439878465
62 6 198810533 124343459
55 70 596138846 807151420
48 16 572735530 990658750
62 56 650607375 115132316
41 50 382653893 75124315
10 1 166062140 237121076
37 68 684594937 805421189
31 26 406106847 8371028
35 8 809515796 595298803
52 18 223516245 938053678
33 30 812948116 869378956
32 56 582167867 785234193
31 59 889862360 829717631
41 47 503458649 995643900
40 37 962443361 717302736
23 64 359812206 411659152
16 59 815836598 141515216
14 38 522323239 974775649
60 41 921620918 386553358
60 66 262556659 972804179
33 6 933467333 192024722
10 68 199400397 678248298
59 43 305674053 453349695
3 23 565498972 964635807
15 62 972508723 736161516
67 61 132576484 339049591
29 65 287433776 651694590
49 27 633479923 516286695
62 60 437055202 166076959
69 1 502493842 887974991
20 64 694915010 986420374
54 1 35547528 632846291
24 6 300726677 419220906
42 21 508086646 642833585
36 51 528612175 515513149
31 70 929547070 393024630
40 15 557772952 501831636
70 5 182176763 838258292
53 17 186948776 297741738
22 49 504331361 797214229
1 29 424417772 470977302
30 7 219012953 821379003
60 45 462141207 428713512
17 63 675101934 673570656
20 54 836170561 304311906
33 43 50633941 708162657
40 32 309347609 595701348
29 63 241460373 40823888
30 40 930585491 440242660
43 40 928030333 919600783
63 10 64373816 278549760
3 9 411740721 302267989
67 22 581519707 988093669
20 53 957275526 143786297
20 63 696658411 618622673
11 38 706591208 965123163
70 35 558048826 272624071
66 63 257346532 22876825
12 34 840719442 16715423
69 2 907047351 2852758
32 59 229243959 628444231
39 14 98470996 188107154
3 34 727424945 812070609
8 24 294874902 995765217
61 58 465985055 645285724
26 13 431060787 104267423
65 47 73236584 691973897
38 35 475444054 2278360
39 49 131549985 999347341
30 26 135915460 112234238
46 36 612247554 427099625
6 45 398004523 564328383
1 43 65905041 153564834
60 26 344342350 926349400
49 16 749995814 450634741
19 69 116635053 235193535
41 36 75565090 746902080
43 63 537708439 77086712
67 17 5967915 145878019
51 30 88558884 963668833
45 59 151580298 71299754
58 19 118987873 408490487
13 1 234697223 619685910
34 50 794994628 448862572
42 37 514244944 100407205
2 47 342924563 714876598
57 47 712168762 43147123
19 10 593534098 935789089
27 8 585125571 895216229
14 68 752805970 502194939
22 60 966113577 613389520
59 44 795500697 756116905
64 32 828967800 953867605
64 70 692784637 770256802
51 68 20759790 257774164
24 54 275263468 643101388
61 56 799147910 179378223
65 67 348991827 352257322
20 69 887765524 127660522
28 29 947339012 969238611
32 53 302870558 462634497
23 34 142542691 322616463
32 49 714783500 937832307
28 4 739993759 389268545
35 49 211267898 320537431
8 53 787435589 536494943
37 6 694380945 733145911
41 15 816067596 513841890
15 4 740438981 580214928
53 1 16742030 642878181
19 37 609977311 871762918
17 13 810488133 242501117
35 56 936878718 5323134
1 48 865483247 161894849
47 15 584463171 152721243
43 42 660956621 389290825
30 67 737677835 416454784
5 26 646814204 244123949
61 1 311055945 635317753
7 5 765714818 413837939
5 56 976857982 925899728
44 40 123477151 891684215
13 29 607340637 578544950
65 24 469056961 528203968
17 47 685563532 864149317
26 28 724409965 752681625
48 17 122725523 730882066
7 28 413405175 704863727
44 5 466165836 560883729
50 68 649875034 476245043
40 35 971732416 66414373
5 51 479743186 484111043
17 15 526520820 802350222
44 34 109234421 91269305
30 36 583758088 627045680
5 46 213262410 32127302
54 51 974896199 773608424
13 4 530837052 840049966
65 15 908204237 99351623
50 28 988073123 505754117
1 23 718345532 140385016
47 59 84920029 734897999
33 44 815826261 864884398
52 48 504023067 528350169
50 11 225762354 564190387
8 34 800585905 542360762
30 16 285667704 26608926
64 27 457400270 455151284
28 59 333675937 331063436
10 7 709507520 48286158
26 43 564922575 752032884
14 33 872853920 327539984
18 13 989246555 812201577
63 64 649710583 492527334
47 44 51686073 248278660
24 48 50799536 265827871
8 62 91598702 974665209
8 22 221159244 603617710
1 8 346897113 403577542
54 59 58408045 825771888
70 60 695664549 552175979
36 61 843413532 855532100
1 6 815092733 225650833
46 2 952311778 189869237
24 51 458906254 779512615
48 49 421582169 90159221
14 24 659135772 149402269
66 31 978334937 856133668
65 32 589426588 800173179
34 66 795694511 771632573
53 62 149170587 750372815
55 6 812452344 730053198
20 12 539922999 637220579
7 64 694567378 847344239
1 14 906673302 790450871
60 64 721460988 77161042
54 22 608948195 684546403
14 12 48368889 852188019
68 59 928135448 834213239
51 69 114126373 940473286
6 58 213954758 367775008
37 56 226251126 969909644
53 25 304166673 68027190
55 7 766069470 942597003
34 43 979592474 846258532
31 33 377579128 454364092
28 62 173752687 779898685
25 3 676759051 75694045
1 31 916277360 839349331
23 9 628617916 813920993
29 19 939671928 195164337
27 48 243233254 629613137
51 17 991124622 697349801
8 49 879395967 139043038
43 67 518170597 693054775
7 25 58221734 756024820
9 21 178388009 640092773
19 38 35455268 302581952
14 51 205929441 840090874
39 12 217115685 988238221
42 44 923005382 21671472
62 21 185673136 233475173
13 62 590748987 192733320
5 8 724546906 562831633
47 60 835499844 383931679
1 33 285942620 754008355
42 17 621349772 561337615
67 10 436794141 154602751
50 65 396654283 60270981
14 40 984639089 85427350
20 16 585649890 477721448
70 46 553921871 247648365
40 20 233808536 945619662
41 7 746066376 643394334
10 44 855337339 767238119
3 69 256197382 29941702
23 7 413456116 77649673
6 29 157480853 312572896
18 68 291267036 465518502
4 5 818087461 518254371
38 64 350373878 76429189
40 59 821590307 660162425
70 40 801891457 578770596
55 15 478051508 430783440
55 13 374967261 528002534
35 10 908184614 581404726
51 7 828772189 531501505
19 12 38478537 887486500
37 69 840248163 336603777
38 12 102097331 375083210
53 63 944819362 969611152
66 57 508569431 623795504
43 12 581293769 311898641
70 59 401370326 456360764
67 35 730620967 797368758
1 25 231010575 319746286
66 23 329032867 250388914
22 23 414652750 559209490
1 20 280896740 447160581
16 64 324417066 751430783
12 11 61653904 117790282
67 70 245831583 558835287
49 13 584229081 144606686
29 10 588272973 877772131
3 21 365593576 599514284
37 12 578036773 752130378
20 8 340092568 407985716
21 18 548697980 821895327
51 56 757646924 913628180
52 66 689694775 724654010
39 11 693770508 324671768
45 11 933118524 680219389
49 53 292629790 215885587
55 43 16989896 83491188
28 42 900313027 440074267
52 56 694091560 622336376
57 44 799092425 24333076
22 18 173279476 105504018
35 23 456499178 905032720
56 2 169933744 644453217
35 54 185030205 691931473
50 51 115825513 25970871
1 52 613437169 897975060
60 51 829973296 866062535
37 61 290677085 358461837
20 42 250363323 505652604
19 35 623096957 578331535
18 3 363369819 501839203
6 57 463172273 391854716
2 5 960333762 79920316
67 53 22626511 65531329
57 63 743524390 756189663
42 46 362601366 898256119
57 34 588036383 576569051
39 56 496066048 337362935
3 6 17657167 73831406
53 12 823466925 953676635
69 45 828893935 19930196
18 30 503096087 450005481
45 53 664037772 96681162
48 11 974948163 41577156
70 12 43002351 106585286
53 68 845667409 334750180
50 6 65381229 845470053
20 23 973365703 624389954
38 43 770710351 249407288
29 51 861115974 856907155
29 38 643941667 548425307
50 29 740359749 219151447
28 51 223494052 418867689
13 12 683041261 914230354
51 47 317511907 208400634
18 36 486568766 186136501
57 21 937853432 134696844
9 37 436047065 686726072
69 32 412656305 743513158
59 33 480414853 879646398
70 58 492045653 737778796
39 59 646528954 592530152
64 26 583934502 519540385
23 48 141536947 720539554
7 15 163889028 214711304
19 3 351929259 760408806
57 33 80420097 804677805
10 27 426476673 359086091
61 48 107262223 982739215
31 13 313073466 229334363
62 33 28646113 815893725
13 3 911325734 402325650
68 36 392761856 481936829
48 5 131040785 792316118
3 55 823587268 261464059
24 17 654600031 609100474
5 64 536110657 517952997
47 45 458455929 848343245
35 4 831955728 526933981
39 24 743128969 249546866
14 20 880768226 45243055
45 33 260261370 17502401
59 65 273582103 981896124
41 53 416671404 750838991
18 26 845220177 468723333
63 25 695227580 88931488
53 7 221480480 92654446
56 19 316143765 330221511
45 44 641656203 137666292
62 52 554125300 736199315
2 68 742492299 957502433
64 25 502731156 522949395
70 52 795700272 176436410
31 60 542667211 258590010
9 68 582749250 670928417
45 40 270021874 557499168
19 14 205759615 448688389
29 34 756117623 356418020
70 47 861128496 998944957
15 10 112740914 926756743
20 5 325017501 476647571
42 34 635067660 832132981
3 61 433952403 109016991
27 66 715738377 942767645
28 68 504918130 114332774
32 58 818924818 328461718
67 59 201778941 167279276
17 26 16116729 848530324
41 35 295661236 32574095
23 43 667614170 269079438
3 31 651860678 253159194
60 17 246621965 985523691
56 12 877004707 274268156
52 12 398013749 999296342
46 1 4313613 189608021
8 18 970836751 521195540
12 36 96094839 894828238
24 9 853420341 699527258
4 37 899133654 262483929
46 11 665020013 99794963
35 22 805314847 91786120
25 33 457471180 8548822
39 30 993439535 386963441
14 37 531654176 704096160
56 14 438665715 333277640
30 21 349030290 304071145
13 47 875205524 747643695
67 50 458773996 266665967
19 64 540633429 367505253
39 33 965994119 483539479
46 39 667442127 620049556
22 38 183545079 956531706
16 7 814644061 949833271
19 27 635522434 715032750
69 36 224859045 828740778
6 64 523659191 481356254
11 57 118001772 937665948
11 23 780416282 965379462
5 69 228815550 100086742
57 51 189824487 97972943
47 12 834909589 257971164
43 41 668756248 87999112
40 26 432772217 359313039
3 47 865070190 321460001
34 2 101296342 844313198
13 41 323686785 214197243
16 4 876737839 394148172
9 40 177825077 325145304
19 9 480884858 535031495
44 39 713825883 953787787
23 37 888284281 126152330
18 70 188487506 386855885
19 18 705520403 274190137
69 54 262583873 404261355
8 10 17244601 827965055
25 18 299827156 597774444
10 62 597196836 997375429
45 58 146923254 26301331
65 4 668314009 565004143
64 51 739801251 174811381
65 35 306299851 386756916
17 34 70517790 93068192
23 31 527098919 369819689
26 15 366121483 253140482
32 31 384780991 529493326
30 66 16799482 108203441
9 15 188547237 74027344
41 30 32791682 783440559
27 51 887534115 924967959
34 35 138978455 853163374
5 62 110712710 26846758
44 36 771456953 782224270
28 18 779477987 450923469
39 34 547393520 302416713
43 37 232074890 502031278
50 36 909281762 332534352
9 5 423493582 374781740
48 69 499562878 121667873
29 35 451193065 321928947
59 49 448038243 397369381
32 48 996517712 96941437
46 63 50091640 692988473
68 66 175022349 551516875
41 46 4106090 624435379
69 61 138321744 625567706
10 43 967369075 839759041
42 57 475369785 661990160
9 61 308727928 33395338
52 3 886698160 31945753
32 37 262138509 592926344
5 3 837648262 803152018
29 31 451439975 735704280
14 17 616374675 30111263
57 43 966507513 462144461
63 30 839625421 400985004
42 45 360632686 165905132
42 10 286883640 630673709
22 4 380342694 603886400
46 13 486162871 888200792
69 52 447878085 626607788
66 55 9513419 794926301
22 55 958443831 72115168
23 51 38581930 573746407
21 52 603519928 951246345
59 12 63998844 396220232
42 35 335606397 37855273
47 43 241360158 784979821
50 61 212390717 127408944
67 27 414734294 466651876
61 5 731746573 951488235
10 6 314071701 381857865
56 18 730256683 170417141
49 65 837291241 354395547
28 67 515352236 840863730
8 30 215702509 768506810
56 38 619431838 197714462
2 67 991957675 417448894
7 70 503663070 705820093
59 66 213799139 878681774
26 14 740583870 133368467
1 37 49625666 368147486
66 41 753686531 663427633
66 8 714408309 219707390
42 22 625279452 587722537
47 30 388834560 821938244
22 63 444778847 581293942
34 5 776171371 162732752
23 12 774277809 964283004
9 35 580599355 28192854
51 45 578265345 41481990
67 66 168135854 708468220
68 24 891368109 341081955
1 44 68082596 929670297
27 16 929791411 868801885
52 36 182577568 83809224
24 49 929813038 430335813
69 18 137576776 281051834
63 18 4614284 461503273
48 57 474790436 735766596
28 54 415510219 488716605
16 1 747330589 999871311
21 61 562396223 879156464
11 5 560124336 446854311
38 2 760238632 760760892
18 29 905646914 602825480
16 35 564372124 81358581
8 25 795187643 150519444
51 2 40754083 348726101
26 48 908367138 919160530
66 9 840152900 251777297
43 39 840577960 912038899
57 64 510982161 803154425
32 3 990584867 560393269
46 52 316474481 341742456
27 36 625735863 49714557
59 13 190965925 208364603
15 39 206237275 501767570
69 27 588536489 569815515
63 55 971634245 859700168
70 23 693111139 448729967
51 61 236185497 696164047
12 10 287857974 375999881
31 64 516127851 882062936
8 44 167300350 510370730
39 13 193003819 532491155
39 70 172323571 131912426
7 47 88283238 297354256
14 47 962864253 111744607
15 60 933349312 957019508
14 4 404638544 989378230
36 17 648929600 330200337
14 25 351231232 408501689
49 66 148916350 620703468
67 41 811250539 854493313
38 32 344642991 36816758
16 39 237706812 731926041
57 32 920702023 407315339
35 39 939359452 973266227
69 35 778926728 686269651
24 32 364977170 466039799
22 17 269095646 743583083
52 59 975006373 868869704
54 2 522524438 210820941
7 58 861987365 600407835
50 4 200805049 625148606
29 47 571594820 668117305
26 9 987539583 706189488
22 65 194166372 3183129
59 11 958037384 725476265
53 52 623489155 902392411
16 2 704805083 647960627
3 37 109264593 20011570
42 5 455280970 856695429
13 58 502025742 579119423
10 32 754507835 217604067
49 55 502018893 588174361
8 4 461142225 989067671
14 6 761878711 267482892
35 64 27279762 534820697
25 55 90336036 78473145
2 4 889699555 888643400
31 5 165134037 45113130
16 36 84915551 432669407
21 47 976792394 616739483
33 19 333825047 887270005
24 10 385008536 662129396
54 55 152683225 359091498
16 44 955917226 373939566
21 54 896033075 801377876
37 20 831365327 264998475
14 60 813885702 497233306
70 26 948954559 804241141
67 25 601460003 687369941
19 46 730868518 707376778
16 46 459072333 70138689
18 47 756653912 691527035
66 43 569692623 921992057
57 1 613622685 414182001
5 37 301809923 128377571
34 67 204590561 785608263
4 42 24632593 718345164
53 33 848936421 557375606
65 2 193462216 159494840
52 17 475500497 935570174
65 8 174951022 644757242
43 19 713929007 95477180
29 59 135089805 985513419
38 25 215649468 80131881
47 38 821102747 539866274
54 11 245745514 469673183
63 38 461025982 295812852
18 60 219689498 83978189
22 34 356734829 796637156
43 4 180802274 737856003
62 58 6499587 292119543
40 53 512041048 261571544
10 21 778821879 5127424
67 45 65673754 756142904
47 16 376636094 329482203
21 63 405790413 976807151
65 27 874455632 373067619
15 37 264057548 973489993
61 12 118892785 106129343
4 39 473049124 81640540
57 16 287715424 662984086
69 4 810430627 19165567
51 15 280907873 64434653
52 51 888760781 592221870
64 43 749497915 970328084
49 43 401900277 328280061
24 34 408656338 996773440
42 68 85761912 812948069
47 35 886539797 750553341
68 6 984929273 876834677
22 3 855316079 250315111
45 25 182891326 523728502
63 12 649910326 263257554
2 48 257248594 498358055
56 34 302592237 499146113
17 28 366697446 775168964
46 15 138351164 156534153
40 4 637024542 485891733
12 5 907088472 796260282
48 50 57952946 966126898
66 37 541083533 322903846
12 25 615974428 758500503
55 41 318357097 319779956
44 7 853922654 971404735
46 43 759056618 297355040
70 43 323134421 264337190
37 8 234145474 396699986
1 35 811734140 740307995
53 19 396142491 198546679
24 26 469305451 69375278
4 26 371204323 800475192
52 30 182480386 785493966
53 43 485870047 815345518
50 15 196857380 667037888
57 8 906842382 641480067
1 28 479521733 488359313
33 61 827348035 886175785
9 54 945843431 412775823
21 35 315450772 316388681
11 33 182776825 536193969
13 5 670335143 904350816
28 48 404341603 389819696
66 19 986038720 796677292
10 25 477791019 443094893
3 39 49575207 554664430
37 41 637354288 107050177
21 1 922550192 969250466
6 27 445968126 150452411
32 27 710694481 839986254
52 44 453288812 525407261
40 5 552339175 405600667
65 11 468296350 152845498
42 59 350223152 572910723
48 8 838983737 316712192
67 9 876833233 299285318
25 42 593105780 371137003
20 50 237700285 262730009
24 62 820965524 54749548
52 25 568729332 684767860
51 55 11992856 308225533
5 28 755541721 425867655
58 50 857656364 824755351
17 64 589149729 215177491
3 26 645657312 1459067
51 67 5585538 878000553
21 6 320693870 675306750
33 32 847517370 269372024
20 13 62548096 708749146
25 60 60462224 473546354
53 21 852018488 325853390
66 7 667759456 967000036
3 62 494067801 989752707
54 13 755855334 754778926
29 61 430895490 514450462
44 30 781199576 513614121
49 44 767909813 216164222
18 39 47042944 535909651
15 48 273943681 33900319
16 52 569903082 788606349
48 20 956146126 792769600
10 16 738187702 353857001
23 36 97038593 456347681
32 55 552988238 345721483
33 65 499450629 43047416
23 28 827537413 986638309
31 62 79194110 308247323
18 20 112218649 366872568
29 69 627465793 727157218
2 15 64647758 848690024
55 28 234137549 965691754
45 21 892765007 49992780
20 57 965217352 70812383
8 16 581131034 261985283
61 10 243122536 260630480
17 68 353683574 320449242
58 3 515962044 223405804
52 11 734888423 248901590
12 49 480122433 495716323
52 39 947693843 661696526
31 42 64724223 889114354
5 15 930696151 700271388
36 53 204648739 674895155
55 24 158688041 742355634
37 57 363978928 211995121
70 44 440284628 731178998
33 42 186736355 818309512
15 57 253373633 352380958
68 39 106691904 809087559
19 55 425006095 763040794
26 22 218199586 67158632
60 43 605444951 69382394
2 10 218024678 3908165
49 56 30249633 126853295
12 67 471129011 407723104
7 11 396087020 680969100
13 68 908995498 214080820
1 66 859435145 388663788
16 33 302884530 46812210
35 63 749838418 377731968
33 48 654392574 624883958
63 42 990919462 905948718
8 61 844997487 811204840
46 51 301202066 429421292
53 15 837071204 332819945
7 31 351681611 238874502
32 12 551641807 701645485
36 6 298973017 547490426
7 9 60145184 359744744
26 23 924447235 166946566
58 46 584395518 888913463
15 69 508355432 92989882
16 23 37725469 38012867
27 38 920553564 373875985
69 28 343805684 549830951
5 63 675351592 35709178
66 54 756974818 711994331
6 44 163311570 230968437
56 23 777358362 988742018
43 48 262112457 134652118
65 21 751101596 794192583
1 45 881309676 561649539
11 62 405079250 571990934
47 56 316652511 161434748
1 17 585301838 635561955
46 50 817582771 697513868
63 11 654220463 506849595
61 15 973115806 706246090
11 40 852239032 512344829
62 22 424062821 378208191
60 5 495392922 82218519
64 65 423769847 485741541
10 64 149331394 535244234
2 23 334989778 679595593
56 22 332727847 544860074
25 69 601176654 740187752
10 52 651187684 219018102
20 4 758393576 549100469
8 55 645960229 477904694
55 38 879576969 737947480
27 58 660822515 982159601
16 42 908833986 707630155
45 35 605330683 197863470
12 7 826870946 543645646
5 19 742176743 850399851
12 30 336444006 968121135
40 41 943990736 999877615
25 44 85057390 880390311
16 28 629009664 824790937
65 31 695684459 530401883
23 54 559922373 893290895
45 48 188993120 123216766
17 27 895287918 527879742
51 21 313989490 678971009
46 44 338755663 382319481
55 36 747398430 871283539
26 29 16912942 653821791
38 51 422900976 262074196
47 54 289651007 303947256
68 60 265846828 30628620
3 24 986666642 292788495
70 42 895056593 59286209
55 18 191613799 70290713
65 34 856790876 385053461
26 12 474920259 934892711
39 9 34037999 785239778
39 7 773250502 64929470
3 10 425226077 913534968
18 67 875068468 868916919
46 48 163323091 332463335
29 52 112543604 723490788
63 70 974583134 256841291
31 9 196747247 21946856
23 40 524591355 458455791
21 19 519508748 701978006
34 52 624076860 910504875
22 29 795048726 787130489
58 57 580508 185619807
48 65 787107430 755625962
8 7 341434630 244794989
20 68 632797849 461991503
11 6 634487592 940946166
46 53 692682998 909171208
43 30 634262769 897109321
3 64 250868326 675989124
34 31 120265675 446414411
4 53 836053149 711059261
38 5 90734047 339750894
38 62 529374684 489629362
22 24 91819348 368174675
61 62 854754860 939618539
8 47 678260274 203914890
44 27 63800408 715405153
35 31 504810217 821480736
5 1 555537630 844195178
5 30 543624552 54660405
69 66 224624693 22072387
35 68 866858495 322818633
27 2 386431765 222530959
42 69 879381893 686422032
48 31 181686549 444261456
54 70 135881923 618280844
64 22 365093936 687999137
57 46 333891673 103907218
34 30 366581816 421292200
39 28 773287066 879502783
16 31 755858371 988087555
25 16 743523616 619047896
20 2 956063093 225294196
52 28 459771873 754275234
17 66 776341320 178774273
41 20 201606880 923789164
32 62 971907979 346053784
46 69 764967135 47588112
35 37 880957517 46079731
54 65 86411367 740770171
37 48 876191623 991735544
60 20 990776899 668674652
49 40 392231231 882177167
37 26 635845329 935049298
51 12 624469789 973752169
23 59 597975569 891487620
55 12 480199338 618520877
27 11 754311962 844208020
22 19 169387994 305688007
62 37 558164872 913484988
20 66 605404205 993136350
35 36 846217589 799597557
31 69 537737437 252210924
24 60 480640573 521613345
46 9 576013803 194706797
33 41 720207962 595870535
32 6 714283268 488499477
51 9 102451167 58015081
49 4 189196453 569145208
46 67 876550876 399636920
52 23 501683122 343956826
13 33 63189442 730327448
30 69 378387132 346950065
52 67 903555123 952036651
65 1 553166596 549231340
70 28 368746654 181103044
57 5 862720752 745117115
36 19 520884488 406297567
1 63 290168303 700842941
25 51 385764442 977422442
33 66 102505789 102392633
48 19 579375919 870066399
51 37 64331041 359372028
17 61 886951003 74164172
52 6 654547196 975619340
3 44 314168827 467831695
33 10 159586879 756196051
33 20 662896353 424895639
24 53 275373094 690281264
31 12 132459513 478199900
62 66 246453609 515781915
17 70 902029604 17088026
48 21 908878037 364147955
4 41 42601871 534222724
13 30 429029082 446624421
43 29 75912578 599251957
2 12 832810343 185895966
33 37 931755008 274680366
18 23 449205874 521779777
23 5 653761557 671264881
31 67 944183903 984458375
49 41 651782820 84141941
20 47 695572224 677171982
3 53 81916378 563967715
61 45 944771495 740781991
35 26 512534247 918104283
17 65 348981071 695142081
34 19 612118233 266664977
53 47 496729908 479273062
35 58 12671793 847580762
5 59 711586920 721998137
45 46 275135267 187430537
17 23 976807613 172494041
24 15 102017221 787960764
1 68 646635362 617554284
68 52 309321668 361884875
21 11 993785722 509001293
25 4 180624381 237028441
5 55 985680877 449936747
9 55 746496257 669445819
20 29 253696323 640893849
9 44 808487912 191082533
35 66 153343259 494262516
65 7 477663113 585864221
11 60 8039023 554794948
47 40 225389710 702838410
4 33 257033882 790794843
32 28 196850285 581586376
2 25 884283952 272734705
43 25 409455734 801959795
50 42 586725213 933182900
33 23 430759606 15957427
5 24 953125769 454193994
50 16 419490344 322064469
52 49 16562429 970820323
8 31 795102620 370483585
55 59 306776765 857917124
16 62 289422746 171599885
18 46 396566535 587180611
58 30 69021984 954210320
38 23 782105073 586343456
26 54 46836603 514065082
39 47 192803205 13886795
42 64 160557287 26890779
16 14 10980254 882611790
38 50 790396982 811556695
48 12 22094642 127360978
60 49 729690614 189502398
51 8 835604916 691498761
70 27 774747030 309108360
39 45 585599341 429947313
54 3 893513988 165266891
48 59 405488805 737543924
50 57 57803513 326649063
35 25 380188701 891056511
32 16 504201927 334398000
36 64 893104025 296552049
31 20 368127298 720280182
5 54 630143132 257597327
68 44 7633841 44930768
22 44 406293262 757367684
40 34 982764268 667324090
50 66 616399614 961386004
67 64 770972898 916057849
25 15 556896943 246523824
16 6 630082174 737690617
4 23 79095796 652617332
69 24 463047679 980975511
50 39 736277627 267819247
40 29 663234020 460750176
65 25 980857479 864445921
4 1 260881796 429545475
55 62 647890446 671777493
39 51 143327598 464062584
29 30 384517255 969362197
1 3 496176949 245073315
56 3 557174601 787472617
67 68 824255852 605108593
56 42 139760169 71716473
6 61 25347484 10900567
70 33 648132536 311774961
8 58 23532303 328861788
29 25 14643156 697339606
63 32 282791231 888639714
52 40 754184017 454837036
1 36 449129869 241083897
31 58 779361879 282124144
69 12 743797160 324759254
50 5 72448459 32743705
32 26 908811155 681994285
68 49 316246012 269062148
50 32 278205157 701298666
10 47 160093456 36940576
2 21 511298893 372449222
56 46 398468239 620664796
52 37 353830519 156493317
55 23 992338874 159407823
12 46 352506595 800269205
3 36 180947313 947179633
44 64 249583738 190127925
59 57 865559589 330616943
1 2 210808857 394979838
36 33 584777489 881168285
67 33 274813617 217955264
49 9 407851449 267131342
66 64 664126768 227623
25 41 957778005 584940753
2 22 721078224 808286041
10 20 934839954 418694636
14 64 103084467 603201646
58 9 942581677 673100922
3 45 71517090 482304806
41 32 209201525 911684948
25 50 670043814 801659693
23 47 114509853 276276403
39 31 248999312 321217886
36 10 245816469 327018245
11 37 758146415 790712644
19 25 641546451 344218587
48 7 85368702 311255776
66 51 424280210 907145592
14 57 726118577 625125187
7 20 980720005 895856490
55 60 265297056 520080024
42 38 199193299 333415950
46 31 121991914 52694089
27 59 442405723 945048524
62 49 722863421 347715456
43 45 450187680 829347632
40 39 912039735 766576788
61 23 855815954 61123098
35 59 785351762 554953630
36 49 382236174 221393948
26 53 471132876 759219348
49 5 429585486 720390078
60 10 233744899 715152543
31 36 641404221 894459653
48 10 566976728 943149757
16 22 82427798 178317222
7 22 717801296 735025193
63 49 724990562 320374309
57 23 536428648 918282309
26 47 897738182 601040443
39 67 135472712 65921582
67 40 420881150 692806139
10 56 887294678 474935755
38 20 174084053 187351400
5 36 683374918 333262824
11 44 183797986 39778762
35 3 933014805 233089352
63 48 947405373 494119129
43 7 323595829 986305841
32 9 822452877 347830621
3 60 769903476 335835807
19 60 157978579 14761644
9 2 784848033 173230233
54 64 104049896 809103590
10 34 3390370 31055955
56 15 870732084 920662266
16 37 109450304 964207720
66 5 637385719 615986513
28 57 978540750 361246712
37 27 755968847 969511994
19 6 554123349 595253774
70 30 612049559 458240431
14 61 153610348 681100430
27 18 244063251 429065756
29 49 806216094 655191756
44 37 934924239 49002062
58 17 755658077 466504648
42 54 822014967 652894153
62 44 758401603 846924681
4 57 735996980 995427977
41 19 861813569 586708897
31 25 978430167 85221101
68 41 500400941 13810733
38 33 504600614 339229492
64 68 271383958 320338250
29 27 393989644 451531997
57 26 251846684 400832306
64 9 997290249 795310900
34 13 488974267 683902976
38 59 558598719 253952808
44 32 388577724 273053176
36 43 681348163 156547879
70 11 952531877 321468609
45 66 128485327 602528098
2 26 457238280 920104918
64 11 715502156 898929278
12 57 444259335 683271787
23 25 151413576 79469384
1 34 420031588 535563301
65 53 45859767 532479138
6 53 151092390 46255052
34 14 235254325 57812158
19 7 666178462 919652943
40 21 684177546 832995588
31 51 519598086 760788600
65 55 842026144 827235878
30 28 598861718 794231082
49 10 623470641 494642221
25 58 728419519 17418750
7 26 354694286 966353689
27 25 387804898 348956818
17 32 337427295 753219180
68 56 499142903 546862872
11 31 427648165 432005632
30 42 970919494 559469418
32 22 645163083 194335622
32 54 251762345 566890787
60 1 914219805 903106493
19 40 718500237 197491100
40 24 1139541 77871209
24 25 917379826 684184525
19 44 813711414 21404901
12 27 415305429 633431812
67 69 427826846 515027461
66 65 844573186 729103102
43 44 334350968 711200780
8 6 332822260 499361590
24 63 557056982 46493393
25 68 208884767 803261055
52 2 582138413 655687651
11 10 170020547 135664056
38 36 88802536 25825071
27 20 352063184 40527347
31 17 235207350 157350611
32 30 375734856 497310953
50 70 465457590 760071487
45 49 803448666 99431303
23 27 990443429 938377252
56 60 379094659 752767101
5 10 277367156 452316510
34 64 151981385 587899053
20 36 54292298 431069911
25 62 748591643 841127174
40 12 533773504 695952694
44 24 941618301 180056124
57 52 172823504 948349958
51 53 129670882 157905050
38 39 11913024 975386641
34 58 155403888 877519070
11 2 46978284 198597818
15 44 583151274 241006330
27 30 560265727 128794267
33 54 899434654 477932985
9 16 605248754 593738910
1 41 331273215 96886944
14 27 171191862 729999090
46 59 352168156 384327237
50 49 159057822 616363208
1 47 487104265 361351453
44 41 297820338 265381320
12 29 469346500 110672370
62 64 148435257 327693843
14 5 306097287 715329446
32 14 525196869 796055214
26 67 123342036 881718071
39 64 814512417 724174412
26 27 629023148 7995138
55 17 89630922 899177155
44 69 521096460 702066402
26 38 995742196 319488122
20 56 427409256 582614894
20 28 115660609 715131127
26 68 476391441 898599361
37 10 14530161 394690921
23 42 448082256 644906725
14 53 496484226 498282218
13 66 839577340 930082389
6 2 820043239 343440328
40 66 905774404 396653681
50 13 380691841 528749111
19 8 903063689 456039492
54 49 905890658 7133229
55 37 328922825 824446450
69 60 837904829 295332763
29 9 460269201 910720693
50 7 584872296 702987897
41 56 305283588 162750355
37 39 250273969 391765971
9 34 993872026 725514832
12 66 816005187 812462882
14 41 386382310 709598547
41 21 424237343 996482448
44 29 908707989 502234337
17 44 284899566 612708367
29 45 95559809 623686803
17 41 960787640 979321708
7 17 19887552 520503044
62 27 346698215 870532519
46 30 82876201 733527878
26 8 996983418 889749813
63 19 518024076 786915174
19 57 694637938 388409924
49 21 575106907 710079331
46 10 95941467 151135363
20 45 531316274 865360024
3 57 520804686 475526253
24 30 949875611 12756879
69 40 20079143 15137900
69 7 550063578 550871261
54 4 174705554 450949461
51 18 473321246 311935538
55 64 564991897 197655092
32 1 183177386 860710916
39 53 613635626 2292961
7 6 590345845 114190081
44 48 240051481 559769769
9 36 475420505 374843587
57 56 479319141 194847022
44 66 473361361 134354208
5 68 146649180 423071351
30 1 796607827 783761078
23 45 984873090 859742756
40 33 218210230 986276790
22 48 208036418 481785285
35 5 15721552 146907809
50 52 7308780 768911627
26 52 408804747 497936228
67 4 266750960 14417034
2 43 996706755 215141069
11 42 477722734 745613785
63 26 152906969 207378983
36 21 459341110 728543468
41 70 955978264 558370213
27 47 853292319 650669066
31 40 11741245 247240823
34 37 786059236 957537816
43 50 538053094 257022190
43 68 636865541 591793181
27 53 72789321 160492372
63 33 279400185 263029532
29 54 440541921 838448757
54 27 570397211 64156022
48 58 996458883 441079606
43 16 137850124 66811839
65 30 79928082 119075433
40 50 457542438 579292376
3 4 830350263 838782584
50 44 71475148 813290606
13 9 344568482 887439428
11 49 728963797 535893589
54 46 605516390 122842791
57 68 824560034 432064015
38 61 181656237 184158554
12 18 523360179 834484014
30 25 398441913 105256761
5 16 717982131 662075833
19 23 145001254 970861249
45 24 656096911 850849412
55 53 380519128 181422216
46 65 121141934 463981573
58 23 560924548 557106297
55 58 692663393 840664763
22 68 183712859 435881113
58 37 68766214 602316721
56 50 189357492 489252299
7 33 967862691 592881020
37 63 769813416 906960987
58 44 264465976 688372736
5 22 883966659 796798830
61 68 41269771 275529437
52 20 853213808 73133076
28 3 203924430 920280702
70 32 718468537 643402667
65 44 994933121 557407255
66 58 756085755 156800416
46 24 491713670 467125639
62 70 611626443 358658357
56 55 274927344 774500361
8 21 832921328 729339372
40 28 692698017 41353449
65 36 847522627 316582173
24 13 893086119 543790008
28 33 84485180 354147160
42 52 294429956 616996631
16 65 136941248 956993299
22 41 68190622 791697622
30 62 109167874 679830599
32 18 590179460 258258305
54 19 871838669 235113377
18 65 494781402 914011365
50 18 58257133 423404206
36 22 873669295 133522248
39 61 454696516 634972868
60 48 265402968 1643136
46 25 736976243 168519573
3 11 780348767 195227155
70 21 166275266 548502393
57 36 465278060 622375896
59 56 139102046 438500809
17 29 566704780 917434274
28 64 30622060 229880457
10 41 990816259 516410748
6 63 809348644 417626649
36 25 773459058 993961911
2 32 474361120 61063610
13 38 599094961 735332611
61 11 767725810 945161867
32 25 105203476 194073191
37 45 357688933 14095354
30 22 290603709 523969332
58 56 141240516 815082164
9 48 966709318 624501714
18 45 345938918 903348558
28 12 5628271 247379353
50 35 115874430 220114877
60 29 876870183 732469907
7 59 463241252 419420241
40 36 382740772 71142867
45 5 29907364 167476886
35 44 585874710 479284972
4 63 234139669 882470473
50 14 688847927 327546055
63 59 536885598 134839337
21 17 354253777 614141818
11 56 987725599 641034517
50 9 186800080 605463835
42 1 664413601 841249587
25 26 668305882 564277750
38 16 742270551 819374929
7 57 739568437 491679607
49 18 374766178 655293211
64 53 584103869 892639970
19 51 404390179 324488791
37 18 206384634 689742089
18 34 988584545 145862126
1 38 729081661 2808147
58 11 311583968 329761137
4 10 911512259 152843708
68 32 871003525 508701122
35 28 17004385 269696050
43 17 295795402 833426874
2 58 8451689 5773065
24 33 227283102 382778737
58 5 974082788 730168193
10 28 794734787 954465625
44 38 22273357 610318591
62 39 530643388 909765767
7 63 527023058 773433668
30 54 132651311 823658666
68 8 453348581 147434303
31 53 80679316 953328898
31 52 482297590 531346989
2 39 111586900 583632554
43 5 216253351 679941240
21 25 794015239 387021504
40 3 432606669 32447168
26 65 67369692 208172944
30 19 616215562 471397605
48 66 287657115 311306687
14 55 665856722 515778456
67 37 198793 936184650
58 21 620619793 32611331
41 39 444893624 306575264
23 60 192841379 254482358
29 11 427383913 541129788
27 42 176019065 94958220
63 13 166315040 106752318
53 56 558288804 611737865
56 21 86708004 681810124
42 58 921139048 361299374
29 37 355906618 957541849
18 11 734804469 999543174
13 44 994954938 422031478
63 47 446375902 676113848
30 55 774605451 751684864
41 58 45723350 895685396
50 59 756095959 59929903
35 24 563832651 902415838
31 10 801160718 360135985
56 4 6370019 111468023
70 16 167495567 562814762
44 28 748594 908293151
46 33 612917326 850987752
37 38 655018900 781303581
19 68 367530635 13519661
44 55 109850944 586449254
22 45 528079499 762562777
20 17 99416761 222344029
61 22 360930693 275729126
55 1 577625260 767381910
49 64 82665863 773059983
63 51 56782972 749832552
33 52 592866292 119318661
21 34 82584383 344221509
61 4 658354074 616447355
31 68 993973198 819036839
8 40 866347103 937085540
32 19 593395650 807287406
63 8 572581097 510875845
55 2 874800096 28674128
48 38 369148620 111862561
28 46 799989039 66168773
24 4 440345763 728280273
30 20 348336118 861567544
54 39 6141140 756651301
20 3 84621403 472955936
50 12 332389877 762815153
32 13 332794768 293114197
51 41 365066153 911661160
31 47 718458758 247588301
9 47 308575940 315757946
44 21 224787762 203284405
34 32 844417777 118779901
8 50 434276806 288649899
36 7 522047537 98429477
21 31 471559629 914236642
57 13 608011269 507646495
59 62 172112907 27192259
55 42 388579572 216035570
5 27 431620159 208318637
23 63 395447658 522055208
17 4 621646442 940986090
6 25 366182712 633188850
14 43 967608298 945326803
27 9 230610834 34075503
8 54 318372084 986951266
62 65 427720222 695437131
45 16 701867970 15105890
46 64 817880630 306849270
5 67 280510781 560026391
48 39 91208630 781708871
28 34 923595742 305402058
31 45 837109056 535939136
33 22 424302252 840571930
5 33 261152446 71262490
70 9 265521125 693250544
41 38 856827351 65477190
29 8 553300473 977107650
70 37 473352175 676535474
22 52 243799129 84555509
48 55 350093248 673922175
24 47 1771822 448297199
48 13 674803693 583642773
35 57 625392997 283856338
2 40 513191793 195720018
49 26 995246048 739164165
61 52 520201284 209060455
60 54 804359557 596942316
32 46 447248161 190592372
59 20 588332592 942416616
48 34 297487088 855034934
19 15 87141601 276800028
40 13 717398925 575310874
6 51 640858001 472060332
1 67 250561543 163297681
36 2 364684205 961925774
58 47 624745999 286915565
1 24 597411617 623626220
16 13 65365842 629215068
14 66 291570957 674498202
49 37 663254729 165352028
60 39 55469280 87880482
24 20 587342280 440301298
61 30 900402503 122722763
2 14 787998737 845103722
4 51 969761189 474423891
45 36 776143139 634571085
18 2 637914015 239421695
6 23 657588557 639397330
70 66 893148094 490212008
13 35 531607980 1606530
51 70 430034519 608672374
50 31 582187341 663954329
3 41 338088557 13147528
49 17 745387345 905544533
4 59 763261348 549701930
25 56 92789995 141116952
34 51 797453196 297581967
50 55 831138801 551048457
61 53 710882071 843592330
4 7 410070882 296494623
53 70 570741670 892119941
26 62 688137053 574738899
64 15 386693236 510417629
28 49 661037487 420853151
17 62 918831163 286889601
35 15 931325219 214898224
34 25 773623121 397548162
12 42 488531359 715667792
43 18 644973872 638509832
20 58 136322616 823890551
40 6 826652389 30602477
34 26 733347499 356282237
31 19 86525153 8977629
66 6 845847916 168870736
26 39 1813932 833546055
32 5 317861288 872435552
24 23 308655839 215341660
38 57 249430915 638231042
63 60 395366142 266930658
41 24 169324974 92728550
47 48 260370276 876780129
7 60 385359349 911161771
9 30 616070689 561841925
15 68 129653614 853908546
59 25 873488821 857719336
28 45 452061214 693956690
34 27 894913848 997951170
50 10 377716846 737910007
1 50 251670250 20471807
14 9 299236695 728344276
66 26 273620923 428306017
6 42 941214254 582060097
25 28 112631389 530027854
51 33 292901317 1185224
57 17 948918539 14824982
55 29 458843744 635437341
56 44 810484036 48764184
24 38 15109433 121983541
50 21 220071155 952481305
43 27 547616394 259328544
50 63 768961679 998483642
61 32 697864738 471313603
70 3 92556526 288099466
9 41 503120455 78420146
70 6 580786567 168052543
64 40 607736998 106379693
37 47 685407940 628360585
66 29 196767174 903997224
28 31 62216674 213781967
23 30 239052386 418204474
38 15 82622263 146398415
41 28 768084796 229136262
62 9 856086042 580724685
57 25 987284499 414963060
39 29 950470078 657154397
14 69 728404815 757944782
42 60 5209339 93330659
48 68 380503264 915538761
17 33 976004946 17064513
60 65 121148392 385773472
18 31 880782154 143504553
36 54 274138514 473497393
66 53 624380853 479699861
51 16 72801579 12809687
57 39 739480892 19802058
32 35 621801352 682957088
21 29 481216730 840719102
42 32 599628772 142794150
52 55 66567641 720023243
34 20 985380006 383182135
49 19 753172258 367106036
11 51 493722576 985093258
10 17 611785826 359405212
29 46 423433128 937692050
61 60 996925023 920828666
24 43 402892088 279745422
50 26 904183433 177037774
11 34 711554801 343383230
15 32 127686236 933754863
4 48 900411865 889970916
30 60 104111995 328865836
65 58 871285964 531333491
69 22 187357951 463155089
39 23 39157624 648302933
7 14 720671308 210203121
58 59 685698587 387500032
62 68 737534366 15903697
42 15 139803772 735557080
12 15 353519384 550385933
26 69 359019483 679226808
36 63 247463600 6689530
70 4 574666661 110111645
42 48 505038788 566805981
3 50 634442109 450611220
13 56 523340036 880734559
54 63 732371027 177025683
22 59 772053848 24802745
56 63 966822294 588240410
13 23 456394085 281166984
56 16 685771057 421068458
17 25 475560956 198805875
6 12 639089188 495433864
15 49 214617274 630280238
2 66 89455275 556118895
67 36 806506158 903437964
26 61 462627009 357800349
51 65 782562532 542175482
29 3 74848416 370996256
33 2 724913139 414893372
64 29 193356709 895533040
12 9 360704993 432244418
38 8 653507417 123140321
36 47 24277199 13811614
19 42 241765826 395501589
61 46 2106680 563378312
29 57 303557202 100335044
69 47 796534226 165555532
64 48 126105047 107195591
26 1 2814827 772745209
24 70 902435385 93364236
33 21 538082952 777996618
33 12 422971959 262152039
8 45 522375234 496155579
40 55 867978936 481432994
37 30 860478313 110028565
33 49 806396606 459778272
18 1 469134463 833225112
3 67 215646519 217917142
70 38 688983566 87910764
68 63 896753034 868421832
8 43 176583677 119607460
62 43 589804142 446815166
61 34 757699612 526321861
6 41 937713396 342478510
57 45 784985345 309707834
50 30 840726089 663475097
28 63 629038060 808754897
60 59 608051822 918353657
22 6 714016933 151762856
6 67 529271927 828829150
2 13 994306019 784485455
22 12 249617027 910202312
25 48 462253979 644129372
12 8 745415993 386273870
40 38 610160339 944427678
64 47 435154697 863306752
32 7 262137215 191125952
47 52 905130876 756484510
67 54 830725959 278825831
38 10 443293901 231974518
52 15 602967458 176008861
21 26 104761276 539367477
29 53 729727698 87784389
68 27 692520636 130866029
60 16 912781814 543301698
28 60 511452211 681810857
63 16 720870504 430377734
51 62 581854946 286216328
18 57 337498756 336963719
12 35 105502305 837155762
51 26 253955116 414802871
70 2 869354842 382704364
53 38 933898357 823591963
59 41 334914659 548177719
58 53 604114333 359418693
24 11 708752341 583390103
9 10 878488018 865577487
59 9 346557040 678466826
24 19 62448577 711040038
16 55 123791106 968383669
63 31 785021368 564413844
39 66 987272638 45757025
27 28 125167377 218227380
68 58 697992853 332564173
38 4 180828459 10540539
16 34 100225432 291891975
18 64 122478609 687585650
19 16 526034704 825478861
51 59 522360625 925544031
9 45 278837753 41996149
2 37 41221436 947851591
19 50 120580920 283625499
50 24 915186346 730794957
43 54 112476553 312677852
12 1 804878998 237750456
47 61 991526487 903782354
38 31 19982527 912275805
68 30 319589949 973807383
20 65 614885325 149018085
22 25 658514960 84216053
60 58 353474582 453161892
23 14 564484472 695141930
28 61 738093954 450771919
38 30 495983443 179359009
69 38 190558452 265043850
20 25 669415219 881131667
42 47 302027475 751641932
34 59 316044293 605473215
41 42 945057183 9470884
8 59 63489027 939368270
41 23 325897876 771176192
54 50 998433235 91066665
5 52 418561780 532133959
28 36 435014099 252177618
8 42 815716627 666464867
41 54 31974850 18429510
42 24 365851095 51935230
31 30 295687457 57325128
16 41 318507484 3820080
41 62 320208602 889286612
9 63 21784740 775976704
4 18 997254132 73396567
16 15 295864410 451407288
28 15 343327229 485429129
31 61 64189414 362195115
31 44 255784198 958859197
46 21 160776232 5493856
67 29 104488133 558168580
27 63 932302653 960113779
8 56 466409621 28888668
22 37 408510220 500994737
20 35 836220502 741691567
58 18 442971646 63322799
27 35 122073139 849152171
63 40 816463147 615658658
18 14 96805864 121036284
36 42 514128096 251107679
18 9 163763457 190864827
34 70 569260246 534737649
63 45 250397730 745114693
69 53 682136021 163336784
20 21 358205066 588408677
20 46 197212271 183487676
53 37 772795587 221222895
26 58 421259308 28057372
35 46 170920389 94240650
60 32 195165449 666938817
68 11 352386614 296880834
17 30 74965842 398599218
28 53 641324281 325676566
7 40 470552818 311532726
43 20 525851706 376061334
7 1 656516229 439916804
7 24 636270993 597324332
39 27 168661898 514500150
7 61 662737202 746661267
23 50 496083129 269400489
23 49 133044622 812605323
42 3 384084269 708609080
59 24 326798266 577738680
53 42 373947485 843527579
32 8 3165947 367935111
32 20 888125444 509930599
47 11 807771142 42694593
59 19 978322132 507493127
32 43 76531699 931202024
8 23 731424540 162445451
47 4 721768712 626618882
53 44 238278453 976241282
27 3 469053188 202475414
42 9 762981806 208912744
15 66 950967375 304460606
60 36 76045633 255942448
41 61 251537011 608128239
47 32 276467149 833343952
8 2 702888810 268233953
60 50 387761315 783641117
38 60 993275442 891261030
23 15 758787819 533752528
27 61 611752037 946562422
54 62 168518895 310471487
15 13 727380614 33493649
18 62 228893668 177857453
67 23 843442182 147506732
20 26 408508542 811456682
8 39 580749858 313665649
23 10 325913526 912238618
11 22 564146254 802306653
3 15 411330745 234766799
3 49 322393206 188321998
61 2 614757468 925177751
69 23 141114313 627480983
20 67 38631138 142711886
14 36 854445977 897846343
64 21 764141921 948788603
52 19 403043914 864948673
35 33 674758705 760866077
45 10 839097181 229658325
22 47 493856606 9831262
67 13 791618526 869864364
38 9 571252106 347366795
4 44 684514618 999108238
48 70 603831254 786855021
64 69 632688316 124563379
62 57 737240435 710977780
67 11 499362331 915904034
65 10 904254056 569161426
29 62 769056974 810553287
8 64 403831285 404452637
45 7 37902542 112029386
69 8 579995016 725135928
29 14 348849400 587645759
56 17 715100499 614645151
17 6 423567413 15838222
62 40 477422710 913782321
63 15 477801414 466628212
12 60 335122121 124953371
28 47 742999318 263734499
32 39 870883477 356764123
52 8 481509745 921828214
9 33 912244909 552383531
26 16 809668598 690340397
53 57 132453956 146034854
19 4 805079553 791315923
1 51 918519048 23211395
60 21 360952005 433154063
6 26 886557801 193190253
36 58 102192745 816260672
13 64 482593008 222280926
57 67 174202488 702507497
41 64 335026952 993745149
40 1 782659104 591966133
25 13 644099603 200276445
57 22 699139023 37948911
27 31 876756805 664184657
20 49 323258065 817324816
3 65 789846378 924831760
40 22 841536350 909694277
37 46 866224479 977073880
13 10 705491697 359334549
54 18 130160980 903269674
27 1 895902245 865082524
59 2 81001951 126564214
45 52 766952216 632292854
27 45 258559243 869759675
56 48 866735296 102240132
2 64 502600354 433968885
48 54 554570114 259743152
19 70 952536480 479713869
18 59 760788333 995960634
67 47 249409657 666017692
29 41 822387115 54748660
43 31 227586370 587577110
28 8 807776003 423610777
61 65 876462125 907123559
12 4 217130448 165364473
12 58 768531217 557900370
62 1 709371981 771521206
24 66 808957754 35456638
63 58 645256521 213369769
18 15 16948185 882035086
61 25 345091012 923848063
48 29 654584786 21808890
9 53 387790481 847009116
41 63 561475834 224789458
67 60 219852587 256643441
18 17 230428513 752825449
49 6 538093705 692345075
8 11 101048641 14282210
55 27 688424087 755656955
22 10 213093764 911842468
41 5 448996708 662581996
56 33 97111025 747126361
6 38 772648194 13160674
21 23 22264093 846255125
60 40 394598202 208807860
45 17 789003751 834345667
35 11 226474453 302129462
68 34 499652050 834776514
47 19 853968545 726799306
21 12 413005881 562565909
15 43 348065937 267951969
21 59 667742939 468183724
22 28 489123150 237055283
54 14 560489080 688799739
37 17 119525715 951283088
9 57 325836415 458527246
58 40 272583625 796358401
65 13 506470276 123073469
45 55 550765389 738849658
36 13 811966183 766614900
53 35 214136817 72787987
17 2 145031770 805330562
55 20 712838310 511301300
53 23 855607923 635969897
52 32 308294708 748351046
31 24 931198963 159834898
34 69 526254735 100271768
29 24 239977396 212141865
55 67 806854740 61655521
33 15 302454703 436181524
34 62 739067045 458483311
17 59 479324974 818265730
54 45 831188222 715921696
15 67 25295659 905018205
39 17 20982091 39306630
33 68 372141863 401637657
35 14 146729591 596408952
14 42 210665159 944379355
16 12 669210728 485305046
66 28 649651870 830000957
68 55 145315077 851244027
70 69 255447296 22359244
56 67 898323776 734093447
21 27 264535197 979464900
3 38 416613407 842730805
15 8 827174483 573766046
40 16 745029159 715258543
6 69 265932610 192474263
59 6 200124855 936309854
3 8 16250384 351073259
48 36 819236729 306459654
52 60 822477514 336366483
29 7 129011832 162357365
15 45 650949174 916465401
35 48 819176184 722068354
18 53 888940486 541295747
