2000 1800
308 704 0 832496137
1015 1510 0 683578774
188 792 0 654732338
673 760 0 756538922
970 1714 0 365032885
174 609 0 905529358
938 1366 0 440664649
779 389 0 118420352
1151 873 0 692449279
570 89 0 63557149
453 1345 0 485154722
527 1654 0 688831577
781 1922 0 632912811
1094 1073 0 182434240
1414 544 0 972840557
1887 130 0 504457234
736 1793 0 854108168
1604 586 0 619811500
1272 385 0 240312384
1080 621 0 129855218
365 1876 0 616519726
1388 1278 0 128134728
560 1649 0 68839983
1351 669 0 119909832
215 515 0 554909472
1312 703 0 666819167
353 1673 0 195567450
413 1280 0 760818835
1923 1511 0 628000517
1189 692 0 99857693
599 316 0 185522290
575 456 0 343811689
750 610 0 856374315
1014 703 0 645173774
1784 752 0 13786886
1824 1478 0 843286269
983 377 0 297564712
1457 996 0 670288079
431 966 0 24746299
1380 746 0 46086676
1491 993 0 935628169
1576 103 0 827581324
1352 1113 0 887867090
405 1393 0 130299519
747 121 0 904931394
1496 1941 0 47895042
1000 1994 0 78504124
1961 586 0 927206352
1841 4 0 946795710
1214 599 0 886492911
444 14 0 608460842
302 884 0 470672261
1473 726 0 206481354
831 1566 0 473860054
1574 270 0 181442849
132 445 0 395734347
1952 1821 0 391871920
55 554 0 685887233
1419 750 0 152972779
148 1704 0 161205107
1133 400 0 896393400
948 1393 0 838043971
603 1775 0 293447947
1580 1149 0 895503109
1132 1848 0 824218415
491 439 0 578315680
1090 561 0 61408354
488 878 0 527445746
1313 486 0 659818386
1507 1955 0 655450533
595 1744 0 793486626
1796 1806 0 89235657
1505 621 0 760819443
663 1043 0 618341259
1892 397 0 351041548
1760 1866 0 451872631
1805 657 0 970634094
145 527 0 532812411
1121 1912 0 6214476
714 1 0 634590249
1046 1708 0 613137628
1090 49 0 396324165
148 530 0 876568703
815 1672 0 474607585
858 1086 0 870939673
830 193 0 412695943
1011 1164 0 641286922
810 120 0 905518795
144 1986 0 664691065
354 601 0 246311608
1005 1987 0 715497049
1486 1322 0 852607397
1102 90 0 657345617
1658 259 0 915990899
343 928 0 100655642
884 1547 0 139376489
1927 1966 0 237486593
1518 1119 0 79479296
1034 194 0 194369787
880 1354 0 174191496
759 247 0 113599931
737 363 0 253737174
402 542 0 136460899
1152 1898 0 320140747
1876 1544 0 124366429
1629 893 0 214093863
1932 1625 0 379027210
1078 1205 0 929165890
557 1456 0 134622956
1012 1482 0 975773772
1179 980 0 716670693
829 1212 0 774158055
1470 234 0 350161763
1330 62 0 272010624
735 1952 0 305974780
125 1140 0 501650055
1481 1923 0 401173917
655 363 0 808030770
79 1546 0 914465133
535 1004 0 486569726
620 385 0 137193595
797 13 0 475038351
197 209 0 137927976
1559 479 0 734516891
1594 243 0 187677421
1158 838 0 267271197
1454 170 0 170466092
333 633 0 824552096
309 1303 0 366844987
155 642 0 436740871
99 1059 0 324490051
344 1875 0 328778968
1693 1143 0 362466052
1917 676 0 420241203
1644 322 0 873948940
1328 328 0 865519471
806 1737 0 812093008
596 1273 0 981851711
1849 840 0 513328338
177 966 0 736309353
541 1837 0 374859413
1993 188 0 691901912
1585 816 0 373140460
963 1483 0 966382381
386 1033 0 248372047
223 1689 0 166923701
1469 1319 0 849106579
141 658 0 905584825
747 958 0 912413969
1125 776 0 745407098
1276 1908 0 906604535
115 518 0 393455969
1247 1116 0 792404455
1937 1351 0 826985763
254 1252 0 150429097
1365 95 0 867488418
1664 546 0 416366716
332 1680 0 884852070
1052 939 0 825878376
1050 1556 0 302500858
877 1440 0 831134340
50 403 0 611216338
1953 481 0 509015562
314 390 0 664797798
291 129 0 692740759
1743 178 0 12448089
1666 597 0 720151806
1774 1427 0 829553192
31 979 0 555176288
1333 1583 0 774741619
1141 1139 0 156812693
1483 1661 0 687511038
1648 1265 0 341796572
80 1558 0 704355247
1916 674 0 771349798
945 684 0 81013025
1298 815 0 350900558
217 975 0 238580455
75 1369 0 216305055
154 1111 0 858093327
246 1819 0 35179650
684 1562 0 112709365
1705 1834 0 908371691
1774 1690 0 310293982
1832 775 0 156932518
1816 1033 0 888134866
1897 376 0 894613212
566 1723 0 912359152
973 1274 0 146548147
1251 472 0 705502616
1357 615 0 343570419
1977 487 0 554511354
681 28 0 191941586
391 240 0 759152167
96 1550 0 57019076
1547 421 0 937937209
277 80 0 886086756
1809 1800 0 376723470
1439 279 0 268982226
1821 497 0 879527849
405 707 0 282695001
437 409 0 577961838
1135 873 0 147217946
933 1007 0 225626116
1843 76 0 108322622
500 1567 0 456590978
1066 1095 0 776476374
389 165 0 752575549
129 148 0 347321098
1571 1844 0 190589133
242 814 0 872530452
1506 800 0 530633701
525 653 0 514290793
488 1631 0 123751303
311 184 0 51844680
364 1874 0 999602632
628 1534 0 951781591
1967 929 0 780982554
1500 1888 0 327171554
1547 1876 0 640950578
1968 386 0 277580015
791 30 0 395772645
960 1930 0 317317811
592 548 0 671966046
603 1489 0 375345127
283 1558 0 262414343
375 1320 0 434702882
456 1185 0 765037695
1266 491 0 47077694
702 578 0 856371529
50 1527 0 398333387
1122 954 0 175509906
1858 1245 0 418200298
268 625 0 658491314
765 734 0 155029224
1423 441 0 124031170
1581 1915 0 628883973
1311 702 0 905799545
580 1139 0 781928141
1974 148 0 99994710
453 380 0 751340920
876 915 0 144045734
1611 63 0 958045859
536 906 0 595861825
231 238 0 623235973
1627 476 0 989077483
1072 498 0 434277192
786 651 0 62755346
1896 1417 0 875616060
634 446 0 243672429
513 1497 0 793392242
224 1579 0 136136106
1570 1957 0 183779968
1013 1469 0 165875819
1117 1172 0 92917357
326 883 0 861340578
698 126 0 711031216
765 1019 0 69434283
769 532 0 593713819
1534 749 0 997206311
1009 809 0 552913514
1137 1006 0 824032740
2000 1352 0 984869607
1892 1877 0 755054496
640 1068 0 218084445
1074 39 0 475385580
341 1017 0 66422032
742 1380 0 689188513
1508 1755 0 430949759
364 1238 0 850661078
1416 686 0 341962580
1282 844 0 206906537
1207 1791 0 261320039
148 1263 0 705158961
1917 270 0 317188023
20 1396 0 309530207
926 682 0 775037295
1328 1746 0 486755210
1379 1806 0 713241514
1451 1711 0 767421821
1688 1755 0 909918064
1139 402 0 231107771
1301 1128 0 401583171
769 1263 0 623420033
1234 1193 0 598866432
1728 1279 0 401419500
1381 1618 0 57156510
40 1354 0 283624971
1044 216 0 15951572
407 1267 0 815440312
1247 236 0 967481293
261 1645 0 736351594
1132 888 0 404730825
97 1912 0 320713978
1178 71 0 928885196
1016 1706 0 848153196
371 1134 0 45126760
745 1099 0 910359554
455 1636 0 771499608
18 718 0 337801693
1256 109 0 463065071
492 476 0 850343133
891 44 0 400872665
1506 85 0 496227131
592 76 0 501468048
1999 1827 0 283732603
1765 389 0 670244770
1892 965 0 635235226
1762 1878 0 349439224
770 124 0 997229905
71 761 0 420639195
1303 978 0 308036790
1870 1989 0 886647057
1003 17 0 261621597
480 1827 0 975414205
918 1987 0 932220257
1749 1704 0 133703019
946 685 0 163295631
959 1556 0 163091520
87 813 0 806151505
787 526 0 677421285
576 818 0 998206688
45 194 0 353080978
1742 726 0 784751843
181 429 0 226437828
1953 297 0 775003144
200 76 0 33602879
876 216 0 314862995
763 1097 0 339995568
1989 1164 0 426108949
435 1263 0 599088603
1247 671 0 884447944
1317 1331 0 223136338
1189 1824 0 308499610
1375 860 0 413006700
454 563 0 239362758
1857 713 0 693638099
1430 622 0 681781952
1121 136 0 733476130
255 819 0 374480398
323 761 0 871212217
660 1125 0 687188714
1323 1394 0 428512200
512 89 0 544639651
1071 1006 0 437430742
327 1624 0 726888628
350 1306 0 159510190
827 49 0 408590954
16 1156 0 991964615
1098 809 0 12244077
1353 1188 0 752443298
891 702 0 267755583
1339 1264 0 123657487
1075 821 0 621269892
1392 1365 0 107866116
633 1552 0 44854963
1113 778 0 904332914
1874 101 0 290730774
786 574 0 207859557
768 79 0 910821603
1095 1441 0 140386128
332 94 0 28155607
1286 636 0 798114942
265 1066 0 280152934
1539 1957 0 493311367
642 910 0 84047222
1119 833 0 410372440
1287 683 0 751786418
1757 1929 0 319256809
589 1077 0 430351039
231 1819 0 498977563
1798 1579 0 188584584
672 845 0 722267446
1988 899 0 24686855
1525 306 0 52850405
1339 672 0 863745300
1358 89 0 262010134
1877 1599 0 920816661
1312 529 0 900842068
1552 870 0 758171219
913 1384 0 474527372
612 1739 0 439945159
842 1864 0 66688679
1786 153 0 679126277
1446 72 0 19287634
1518 1658 0 301646089
190 869 0 914803277
481 336 0 93097958
83 1023 0 532665079
668 1482 0 465859169
1038 657 0 594737632
1718 975 0 683232996
1759 916 0 9758147
1492 747 0 435077018
1776 1195 0 858357058
1440 316 0 27806112
7 238 0 684934814
1114 1540 0 160746566
834 1009 0 570201509
584 151 0 733985892
1837 690 0 635085746
533 1641 0 732035334
1740 974 0 962399271
1137 162 0 916732656
1484 134 0 430917318
1301 967 0 502316499
1015 1177 0 310722821
931 786 0 804169958
128 1737 0 194458861
1780 1457 0 977426446
251 204 0 589212421
1486 228 0 590501511
586 318 0 810359272
1970 1255 0 715743995
1129 123 0 478222607
938 502 0 563764352
1894 861 0 131350084
121 625 0 628855300
1566 701 0 464388231
306 662 0 319578086
47 237 0 499462146
288 1493 0 737335796
1288 1411 0 184636007
1556 733 0 954457561
121 434 0 646009729
1824 1930 0 531907337
694 1313 0 539828084
562 1519 0 793614087
1385 1920 0 500908897
1801 86 0 117984001
1529 480 0 631645598
1277 1913 0 658269373
1076 122 0 359991779
1639 539 0 616955433
1336 1142 0 959481543
1951 762 0 480730299
1062 77 0 954063356
923 479 0 638073918
545 1412 0 796781264
1915 594 0 419052641
1019 607 0 629466974
1971 141 0 221608812
855 1502 0 113404957
1066 870 0 459766611
316 995 0 734735497
1489 1850 0 621547567
1249 140 0 665026479
1803 1300 0 583200835
864 411 0 686319209
670 1583 0 288106403
1191 1216 0 454554944
1065 1076 0 147073841
249 1028 0 210361321
794 1479 0 188003388
7 13 0 518302886
757 1224 0 637052748
1689 1680 0 75253303
977 209 0 666411385
526 1326 0 121786160
1544 886 0 351963527
250 1110 0 381964171
851 732 0 713003604
1900 96 0 45289972
65 1676 0 40568204
57 1007 0 430701722
1882 683 0 681719168
68 639 0 603019857
135 1200 0 515716903
63 1047 0 91028595
186 1040 0 757326824
781 1255 0 728767319
1070 705 0 713060282
147 1265 0 552094373
707 704 0 349087032
1570 710 0 60393034
1895 1428 0 245078612
1095 1528 0 949792410
1619 793 0 918039684
581 1711 0 461647091
1656 327 0 458757056
1606 91 0 311174780
1371 818 0 673533690
930 513 0 953809526
1166 1112 0 423923333
1467 1392 0 350559087
1893 925 0 832950269
1504 1010 0 857724144
890 781 0 172471994
1791 976 0 585315036
649 1058 0 824177687
1206 954 0 389485574
1049 157 0 490101579
641 683 0 790495417
1609 1433 0 745016574
422 139 0 900739269
628 914 0 91721819
1590 1852 0 57996326
618 1522 0 474309894
708 1592 0 305403147
231 463 0 435708131
1501 1254 0 254678185
1257 745 0 578185162
346 734 0 771781094
631 1291 0 472862791
216 825 0 665135726
1370 172 0 795453703
386 505 0 887447720
1253 868 0 535173261
1204 582 0 914428161
519 1152 0 193623419
547 340 0 970608092
645 778 0 431292244
790 1364 0 388039963
1446 598 0 516929867
1122 766 0 657243484
191 1567 0 857200899
1079 1964 0 9974795
1477 899 0 887509749
198 942 0 230959110
1157 725 0 747578160
154 255 0 484377633
1762 1448 0 765020326
234 629 0 917078851
1155 851 0 449194862
545 1247 0 303443904
1511 1176 0 937158973
151 1141 0 161457345
899 196 0 376615802
1836 1408 0 147576113
420 1837 0 636047948
1983 253 0 343155557
1254 958 0 413812606
449 1597 0 819190342
396 1712 0 616175126
1614 431 0 844345542
1963 1929 0 116537081
1768 1375 0 343031153
1526 1100 0 201374031
769 423 0 458839746
1815 1975 0 293444767
958 350 0 211233669
565 761 0 300519523
1206 1644 0 470474366
634 292 0 405187569
948 509 0 204875450
25 292 0 238481554
304 1854 0 467452142
1727 674 0 181855377
1854 27 0 194717438
1443 1493 0 80999084
1177 340 0 62988516
301 1427 0 929194232
1364 221 0 616112544
1821 393 0 362973231
1963 1383 0 329202719
239 245 0 277625194
604 889 0 311233174
1795 1596 0 481515447
1753 1602 0 998566628
760 1631 0 859071825
1709 795 0 665920792
1188 1470 0 371361399
261 549 0 31557929
24 1297 0 145562030
1177 1256 0 282012335
1452 1054 0 355819473
1906 1918 0 71260457
842 1980 0 152691684
1774 901 0 257024698
1873 1954 0 444871369
1061 133 0 601612298
1963 117 0 784592444
1754 804 0 684313268
1376 161 0 726692210
86 1041 0 133375250
1751 1866 0 588693849
1069 1775 0 203910073
303 493 0 742547646
1819 1967 0 570429515
1037 1532 0 659425712
697 747 0 951838258
57 1114 0 73871222
845 1203 0 879932313
865 1152 0 517595765
1543 628 0 623438797
381 817 0 7512254
686 182 0 288006918
544 1420 0 205323941
428 614 0 863667697
112 1132 0 973473194
61 1833 0 503733501
1514 1513 0 624659011
1954 42 0 523309486
941 907 0 365189601
1348 380 0 222180015
1534 1324 0 134619523
280 125 0 748472632
1127 1976 0 299154008
1121 1480 0 649033311
1787 1460 0 965872347
1626 1658 0 652040774
1374 835 0 565427424
1680 1607 0 415538439
277 262 0 809534289
55 1910 0 657927404
191 1335 0 998096101
1425 6 0 236620882
1942 1089 0 376953799
21 1052 0 618745225
434 307 0 188721011
1072 897 0 305810716
1320 1024 0 945548925
755 1525 0 240407115
1817 1619 0 301729193
858 1062 0 971691635
622 414 0 338355383
1883 417 0 547247559
219 195 0 616142662
378 719 0 631993820
1520 1627 0 841218758
1280 1413 0 934331172
1395 366 0 231782790
1174 854 0 520235137
786 220 0 194848009
65 1936 0 119998158
33 1245 0 177660288
438 1784 0 636162786
148 289 0 158539575
1696 555 0 724868845
866 1638 0 732152719
706 1240 0 410504606
173 809 0 565661361
41 755 0 706655952
1854 1046 0 351290575
95 914 0 154347633
1934 577 0 553725593
1995 926 0 224586199
1142 711 0 226065259
1823 1182 0 488826982
1115 1354 0 132408773
389 665 0 595479577
1442 809 0 113950276
1157 243 0 541869442
1938 797 0 559128385
1997 1980 0 385733886
1017 548 0 365322024
256 989 0 276897902
862 1769 0 229848077
178 1880 0 691931286
1844 1127 0 765432886
1983 788 0 765001334
437 1732 0 593125197
1702 1337 0 603870268
1173 307 0 672635949
1919 69 0 378430377
977 921 0 274871956
504 1885 0 216370862
594 1667 0 714048903
88 910 0 687310052
275 194 0 825047047
187 1559 0 196347358
1577 1227 0 347827383
409 603 0 65365651
1793 206 0 135513200
1210 1013 0 594805497
723 1242 0 944420550
1806 1591 0 333337842
1692 961 0 757042721
1220 1413 0 21884858
1313 403 0 96248231
1904 942 0 299699217
1719 1626 0 820482946
888 458 0 829965621
373 549 0 681252497
6 1066 0 68543536
1968 210 0 324346596
59 1818 0 626036569
1173 1948 0 652664817
1040 278 0 962297441
155 810 0 387322605
865 1320 0 650945069
919 1632 0 348115102
949 1225 0 363267512
468 626 0 568267126
864 1304 0 949921303
880 1250 0 876577702
5 615 0 140274863
333 1772 0 401216884
112 724 0 815818888
1129 1138 0 29917803
1892 1096 0 371563882
664 1034 0 805182101
1067 921 0 53441385
563 1133 0 245740244
957 1795 0 316734245
649 1488 0 243622492
1905 1749 0 660316817
1057 656 0 183897933
77 436 0 874440872
483 186 0 88722247
1141 1169 0 633200162
748 952 0 301840876
407 701 0 248195138
293 481 0 615236676
167 762 0 195338359
1355 290 0 860380245
1531 1359 0 789906560
1451 1400 0 27186552
995 1203 0 837469866
1372 1890 0 56707960
413 1451 0 12230492
333 284 0 746466250
1217 966 0 452812089
1136 234 0 125351781
1599 1053 0 887696285
979 734 0 636790388
1976 1246 0 109596311
364 1201 0 989459912
805 921 0 191455604
1020 1777 0 893139774
1095 320 0 946424233
739 1410 0 251115790
1172 1429 0 620927991
741 202 0 929816410
1146 196 0 716022741
1931 124 0 802408649
1295 907 0 374263671
1893 1013 0 552966126
1263 142 0 94579783
290 229 0 684197855
687 366 0 994549357
1966 671 0 176618798
132 721 0 882622968
1335 825 0 862902400
1540 60 0 178478319
1573 1696 0 108136373
973 158 0 263903119
652 84 0 826660737
780 1959 0 939353136
241 1875 0 342098209
1197 757 0 266576847
658 973 0 538023467
75 1287 0 371610901
1881 369 0 998943469
1687 1283 0 224452063
1652 1837 0 603692719
980 163 0 189347245
1394 905 0 989392480
966 1600 0 695217141
1227 6 0 411289799
394 513 0 441930555
1974 260 0 338177618
1413 325 0 672715477
1633 119 0 64149551
245 395 0 568427843
1350 816 0 915059718
1295 203 0 121280654
1056 92 0 248368329
1868 824 0 984778801
1990 354 0 960944503
857 568 0 878847910
376 705 0 237183107
743 131 0 865214173
1026 1952 0 351798457
406 392 0 204572190
698 260 0 407948389
396 498 0 161406786
1183 92 0 682572091
1794 1506 0 93679419
765 840 0 129539601
927 1499 0 409319196
297 1621 0 10156342
1532 1529 0 97208604
1476 1803 0 998135100
120 186 0 250231751
784 210 0 637776044
1842 812 0 420499112
243 1789 0 511328974
1651 1181 0 110373513
977 295 0 539042606
539 492 0 558059148
1245 639 0 359736859
1910 990 0 133741591
531 1571 0 976539957
1077 330 0 513824290
1783 56 0 530670668
1402 84 0 955263477
1820 39 0 274367343
151 1464 0 871196879
1295 1530 0 878880218
1922 871 0 906105839
116 1051 0 442798594
394 1514 0 876655058
528 351 0 105718477
1495 1281 0 647924988
1204 848 0 716794289
1374 269 0 149298521
1958 1349 0 218628175
848 49 0 211001101
1432 1339 0 609109123
525 382 0 420520675
161 121 0 53575248
1698 1703 0 908538513
310 384 0 585530588
101 1628 0 570596729
1180 94 0 806813456
1655 298 0 941950311
1498 1469 0 73543339
1352 623 0 422945366
950 1930 0 169975447
1898 1891 0 878972035
1220 1279 0 486957644
398 535 0 332341666
1249 1251 0 5354142
803 1128 0 600258256
1951 1333 0 242888193
189 1409 0 375039365
535 521 0 197683301
611 145 0 86907038
73 735 0 26211296
583 1533 0 623962813
337 1922 0 62531011
1338 681 0 457113460
1535 218 0 640031625
1822 387 0 307226256
30 717 0 751411468
1316 70 0 122562543
97 837 0 5662119
1505 1799 0 119477379
1208 772 0 276791223
1314 1424 0 926094798
214 1593 0 828144965
998 1664 0 714012611
1405 1012 0 684060970
1828 1180 0 642412718
1272 990 0 292160284
787 1757 0 636433609
1750 371 0 487719863
1822 698 0 126203735
1649 1764 0 489742445
477 181 0 174035482
559 277 0 161789189
1247 1255 0 94665991
1302 95 0 42527664
374 1312 0 404835529
378 962 0 104884562
973 1494 0 276915806
1291 144 0 65300891
89 1102 0 53718912
1575 1842 0 703562303
179 1205 0 298438956
440 1901 0 855845093
1317 561 0 497457197
1737 1025 0 376927016
1009 628 0 47888706
1274 1031 0 353289073
1445 1686 0 660699228
726 128 0 463008191
240 1415 0 752546278
1010 772 0 850833332
818 898 0 493615590
903 1784 0 128547013
1215 674 0 263999729
1732 1848 0 958147333
1168 866 0 203299471
1782 1791 0 834840526
447 43 0 341831729
269 1626 0 241569488
1209 574 0 820339538
1023 181 0 546946986
1405 258 0 197238999
1773 882 0 135680705
1954 1376 0 309839762
1385 1446 0 790334607
371 683 0 841526992
48 1808 0 560425760
1704 452 0 504584877
1059 1150 0 950682454
1678 424 0 212496638
617 363 0 58808670
125 1585 0 115510793
679 1501 0 295391613
924 1111 0 571482011
609 1012 0 463195765
1603 573 0 984286847
12 168 0 572416669
1399 1732 0 223065878
821 1666 0 179467587
557 937 0 351472817
1758 1452 0 822477521
1215 479 0 13447062
1812 1923 0 483957645
166 785 0 123790447
1557 1390 0 398778655
1095 1940 0 295027286
87 943 0 798858851
1545 1837 0 850239181
18 1064 0 470779898
941 352 0 842110945
381 1359 0 870615770
179 66 0 413912621
83 1603 0 657245860
761 696 0 642911602
1920 935 0 87098965
1342 928 0 143844260
872 490 0 916191017
1219 798 0 663543394
1451 1885 0 536052070
517 201 0 806818135
124 190 0 42130311
1809 388 0 662581880
1734 1211 0 190987410
1442 727 0 228039081
617 1937 0 923854137
40 1872 0 217797900
1626 1752 0 827913071
75 1269 0 21372574
568 1339 0 699586793
1405 796 0 540352273
1695 1883 0 985754602
1378 1172 0 965681377
283 643 0 93995870
1595 700 0 747021117
417 1646 0 707468651
900 1906 0 227901695
1416 1880 0 655379687
1724 415 0 290051126
728 1870 0 378510082
1684 1382 0 852581477
432 123 0 249701891
1049 1282 0 467702255
8 1783 0 631844765
633 1323 0 649348017
23 1645 0 19894142
510 174 0 186227133
656 1784 0 123620764
986 13 0 208703786
69 515 0 869951764
1252 443 0 949900570
103 247 0 127378637
725 580 0 757245265
1617 26 0 521365414
113 920 0 187304803
1610 1301 0 494661749
920 37 0 438045596
1056 850 0 880361748
1447 1295 0 200950412
1159 1697 0 235231625
167 1070 0 844682043
261 783 0 296970318
1199 1056 0 642830589
1268 709 0 551918914
1364 841 0 902091130
1431 1877 0 194585133
1406 111 0 350374370
913 217 0 79158968
462 1108 0 241877752
1064 715 0 587986069
1952 45 0 934727628
119 1947 0 768315190
1195 741 0 437103557
1783 1109 0 140252189
1035 1961 0 351311431
1174 1294 0 717374330
4 1107 0 202694869
1785 1515 0 667096376
450 434 0 926282257
441 1126 0 887017603
1286 427 0 478328107
1536 1954 0 28329842
114 329 0 438506090
705 1477 0 195701178
293 1926 0 911715833
1543 498 0 359796880
1528 1920 0 762291813
940 740 0 701856100
1530 527 0 500063148
1911 1720 0 374030090
1684 1799 0 246534791
537 631 0 627426126
1871 200 0 426046226
1198 957 0 214322584
1007 824 0 816253068
1696 1942 0 62651897
1582 625 0 336005229
1961 508 0 798665038
1236 1765 0 769664985
849 1732 0 736189414
74 1190 0 857423311
217 218 0 211634288
1222 1848 0 736618253
1408 915 0 949276763
83 1008 0 447391797
126 439 0 759756428
1409 1824 0 801093599
1099 894 0 21606738
1052 704 0 106359552
248 761 0 980880079
1797 140 0 412913962
1468 1214 0 388203733
1848 1085 0 519403980
1332 656 0 158931222
30 1281 0 994821679
818 1565 0 694365066
1424 1485 0 782943466
240 1954 0 416089783
448 849 0 357672334
274 435 0 274655677
496 1694 0 795493380
1734 836 0 88648006
1487 1003 0 501313810
1754 857 0 116341391
1703 1525 0 885542441
1473 1970 0 853574961
1068 915 0 894867494
1899 1537 0 811015992
839 1614 0 947069364
1982 841 0 311266412
1304 1021 0 630171238
806 470 0 79438873
1242 1277 0 898499642
947 1012 0 380505248
543 1340 0 465806717
1793 290 0 946814724
1555 980 0 17725438
654 1987 0 208691399
1247 811 0 115168445
19 717 0 777585935
1992 755 0 91767625
843 1184 0 299098436
717 428 0 43085750
1115 1622 0 747656107
19 1042 0 740139808
938 576 0 309399429
1082 828 0 609064341
940 264 0 131588876
1178 1259 0 97792411
1101 164 0 79871870
715 1595 0 128948911
1524 1144 0 478759666
417 1488 0 690821654
239 624 0 951651497
739 423 0 256126744
703 1168 0 837569658
1595 190 0 774142009
1182 1027 0 514903621
947 1572 0 810321339
1998 1910 0 906378351
311 1861 0 895252780
644 322 0 868525179
1099 1420 0 411907777
919 73 0 675420573
277 1084 0 312472981
1439 702 0 946530526
562 1111 0 579155403
1487 1440 0 276946044
1218 640 0 652723712
1662 846 0 234195596
1804 928 0 126507066
495 1385 0 365879340
919 753 0 894105595
534 511 0 620476107
1763 532 0 885710679
1468 1714 0 770190528
516 1810 0 758783739
1991 1079 0 313488228
1771 1036 0 298616159
460 891 0 578670545
1173 286 0 916047686
383 1169 0 523047946
587 795 0 286980016
1826 1296 0 246741351
1144 1649 0 705041632
192 326 0 714325299
1607 237 0 519948224
1201 1418 0 279525691
1022 142 0 789907475
599 285 0 190079380
313 1435 0 375536258
704 80 0 536525703
1578 1116 0 15825597
932 1621 0 788691764
120 1678 0 432058724
199 1007 0 865146594
1973 650 0 199615262
1015 9 0 382703495
139 1307 0 740424317
580 418 0 626450208
1924 695 0 76342509
1363 1090 0 659937552
1767 1709 0 588620522
602 528 0 837849279
1258 698 0 363550934
58 1442 0 181953979
1701 1627 0 56432657
164 523 0 672737591
222 346 0 795094075
944 710 0 453738945
1944 887 0 201112738
220 1241 0 357315801
1690 309 0 959680349
1903 177 0 471371856
114 406 0 288450366
90 1367 0 22223780
1089 1842 0 965396469
1015 1318 0 323119997
1409 1745 0 56290592
551 599 0 371277074
1994 786 0 15697313
217 1587 0 869151269
1036 883 0 762829958
487 90 0 152257556
584 1869 0 615600938
664 1625 0 906871512
690 663 0 416056805
1723 1113 0 214138011
1376 1463 0 373048093
1304 482 0 243869151
1885 1853 0 913035634
1202 1183 0 958197729
156 916 0 299552009
1867 1175 0 633929789
1829 1669 0 843563498
1549 823 0 655423172
1143 544 0 119145104
1523 943 0 413897902
223 1215 0 732375073
487 498 0 951013786
880 927 0 691515226
389 151 0 36615939
610 1553 0 294354543
1302 1779 0 443381629
379 1532 0 459036933
1889 636 0 190276624
63 132 0 455683356
1117 622 0 735456216
900 840 0 623779311
1445 781 0 335268156
769 1979 0 220218637
38 848 0 175597308
1832 1407 0 44789073
374 143 0 998263627
1683 1100 0 300186135
293 1591 0 669316322
1132 1379 0 851166408
1177 1726 0 840707356
1995 1047 0 235496393
262 741 0 952327241
28 1663 0 319994404
1051 711 0 444850786
448 1097 0 132131660
127 884 0 256984444
893 1493 0 423809283
738 515 0 457485397
858 1964 0 99274496
857 1435 0 681483176
1275 553 0 518969239
405 1762 0 551775345
428 1183 0 417998289
1282 1087 0 350332512
1041 1969 0 971402990
1840 1868 0 12712628
137 1279 0 990150823
603 245 0 923723878
662 1681 0 916310397
1935 1869 0 331289864
173 597 0 818523694
1110 1606 0 941420245
366 44 0 941284103
229 972 0 286448418
1439 133 0 717455752
1258 1645 0 903179650
368 1641 0 883224161
1746 476 0 91435922
1304 823 0 696252709
1522 1287 0 385959552
337 654 0 596509542
1468 1875 0 787629167
1814 1992 0 123955568
1398 54 0 360767610
356 1302 0 147273514
1470 33 0 103580568
1499 1252 0 818366245
1857 491 0 31275349
1965 431 0 634768222
1886 1916 0 361710291
1434 1688 0 288741773
380 355 0 549840064
99 1126 0 861531884
1730 235 0 732099220
853 888 0 357881579
1677 1812 0 935885077
11 680 0 212068955
995 122 0 811431036
912 1431 0 549316254
1324 1373 0 230219718
908 1162 0 421482578
1730 911 0 226611454
1766 452 0 838815503
464 1788 0 960830961
247 583 0 876831989
1172 967 0 256760358
57 1736 0 744729428
442 582 0 172970316
178 1962 0 52607420
474 1178 0 494540680
1636 667 0 280352907
1326 691 0 40627743
132 1895 0 895665940
1190 1275 0 819205706
1437 1505 0 819997604
1071 1991 0 141328389
1153 1830 0 380311144
552 1040 0 943111692
980 411 0 554060135
1240 1391 0 492961021
370 1424 0 89676702
1435 1068 0 384557732
1060 1236 0 29161405
420 1956 0 888230386
786 1865 0 167275143
508 1501 0 224523354
1097 838 0 566700680
1253 681 0 427912552
863 1074 0 156858214
1899 230 0 402832968
669 1980 0 842834106
332 238 0 234769404
965 1031 0 591785151
908 1403 0 948733878
1421 1108 0 135645455
653 516 0 866669810
1700 558 0 64425580
1534 504 0 931950107
1504 16 0 307870152
634 1388 0 629607560
1404 1563 0 969430896
1237 903 0 159293458
996 54 0 386473086
1230 1186 0 799340423
1165 1132 0 78508220
1368 1402 0 130213540
908 899 0 143728538
1148 617 0 958974779
17 1526 0 595598325
1111 1735 0 367863965
1718 372 0 728227272
432 164 0 113050070
1519 312 0 55479277
1359 132 0 756985870
505 1514 0 135273380
936 1805 0 251514307
644 921 0 964383483
189 861 0 698368725
1233 1119 0 134417352
1381 1747 0 171473922
1797 541 0 508090822
1953 1648 0 562013033
1768 984 0 764095418
1633 1843 0 17106765
716 1485 0 21821507
1514 1642 0 575503252
1029 1681 0 884791392
706 586 0 458302097
1502 544 0 962194637
936 920 0 965507934
1339 553 0 763627653
1127 996 0 126954720
1912 1380 0 842910899
1505 872 0 31839146
683 1041 0 807888481
664 1655 0 790225416
217 947 0 43369760
1840 466 0 600585631
100 411 0 180861216
830 1793 0 524822041
1717 971 0 788323611
267 984 0 426828700
1465 1087 0 198096458
1806 1829 0 617087935
251 1434 0 195165460
1243 1899 0 359970187
876 952 0 368055834
1838 1079 0 31785566
1310 1983 0 78847228
777 1657 0 409203034
1526 1908 0 412372143
1617 925 0 974314708
97 689 0 18580638
638 1414 0 214068043
1689 1238 0 370613001
1281 708 0 50349363
659 286 0 43314241
1900 87 0 595712332
1946 1450 0 92103707
720 536 0 329942077
129 1730 0 581460677
427 1275 0 725488895
863 1851 0 318501234
275 902 0 505560566
1931 335 0 580338020
1280 1344 0 979811720
135 999 0 752181955
430 1236 0 632739518
1893 789 0 238634357
59 1122 0 468256690
1149 994 0 448603425
770 1237 0 81198976
2 396 0 397881430
208 131 0 720503495
882 1219 0 24098495
756 950 0 726487510
1956 1787 0 650115713
1753 1737 0 747171688
1188 462 0 315373888
410 940 0 950434894
1939 972 0 565210579
1651 1984 0 923955410
771 1319 0 834064825
1288 1963 0 661147023
693 1319 0 547084673
1122 677 0 276711840
1453 1154 0 871007117
1059 1884 0 713401684
799 361 0 704535701
179 167 0 714478803
226 1228 0 921126037
1592 351 0 359751644
1160 1708 0 448232295
1375 1935 0 734471546
1357 263 0 316264848
1474 1210 0 516626804
595 1263 0 409104316
493 816 0 181245515
65 445 0 761390218
1292 590 0 676844917
1950 1972 0 836446293
105 514 0 154970702
52 840 0 313269383
835 1563 0 442899732
1899 480 0 117202135
1576 1777 0 437797825
1226 1723 0 959872221
1814 169 0 652588437
947 1083 0 184140396
206 1806 0 914483498
603 1216 0 299008957
848 1048 0 483180304
866 207 0 194280250
37 787 0 334846859
415 1183 0 667681014
83 1835 0 179445091
947 834 0 909685815
1876 1244 0 577689447
43 744 0 153479238
20 1666 0 115281312
750 1649 0 401446159
536 1367 0 543336177
1936 1634 0 364920986
75 1169 0 157105172
1548 1699 0 93693637
300 488 0 991185849
1113 880 0 881206680
1642 1372 0 356472960
1906 1003 0 468328060
408 1714 0 426461707
935 587 0 809035249
1790 698 0 389248644
1882 802 0 887703520
395 159 0 715384505
137 917 0 885766586
755 63 0 21649794
2 1741 0 784801271
1104 1898 0 155639417
593 292 0 710401275
874 1287 0 809982002
1990 1247 0 285372400
842 1143 0 263073298
635 1150 0 257749831
195 999 0 484456883
1543 733 0 745145540
1269 844 0 297133935
69 1320 0 878179
1815 1017 0 947277576
1770 1820 0 115355237
1094 92 0 810087370
1551 363 0 935166429
1181 1586 0 634882874
558 1862 0 21159467
1160 820 0 889367135
1936 1389 0 87997976
1781 762 0 718808563
29 1175 0 601926489
1406 569 0 455527519
1804 568 0 42237840
1300 1023 0 465577712
1408 1376 0 597264510
1490 733 0 64951322
1778 634 0 29207664
1643 1367 0 196754375
1056 406 0 222033074
936 327 0 248639190
369 1394 0 677193867
1627 176 0 330226286
1562 1715 0 745663453
935 305 0 874546728
1052 702 0 382505246
1809 1218 0 701615147
1159 963 0 13664484
1292 965 0 517313096
1130 284 0 878769805
565 1856 0 258298416
600 1035 0 645089237
1317 464 0 811222101
24 614 0 356840951
56 1914 0 276446739
1941 351 0 281143450
1559 1480 0 948099868
1579 379 0 828817604
1145 1042 0 612762377
417 148 0 422385502
545 1229 0 10472045
1729 1845 0 519802366
404 347 0 661409779
454 609 0 54501567
642 1188 0 233002493
840 873 0 964987528
889 1437 0 998618404
63 418 0 735309695
1356 99 0 507471019
419 1207 0 518743938
1739 1046 0 184931921
1586 1108 0 594801190
1123 1259 0 165719144
1807 417 0 70323866
1725 1638 0 735218808
1149 110 0 531271891
1113 1370 0 981397344
317 936 0 382948367
1778 1156 0 649489384
1032 892 0 548481846
1362 1320 0 455358373
143 62 0 682626555
685 210 0 136013472
547 1036 0 66203848
71 1863 0 966561196
521 1485 0 864799080
892 929 0 646401216
1946 1920 0 487187481
1203 580 0 506372376
1653 387 0 971318619
13 1644 0 804156514
1682 1015 0 957024953
1716 921 0 102592972
1655 1083 0 752470192
1541 493 0 876954487
1802 1437 0 268778144
1593 835 0 680812635
1303 895 0 245435088
1455 1395 0 842552928
235 1893 0 122816635
1486 1341 0 482786092
399 454 0 859908506
1308 800 0 833768560
1772 854 0 223810351
1218 1830 0 698995457
357 40 0 129112143
1982 909 0 164298247
1713 150 0 181893451
485 361 0 665298150
1472 256 0 797510631
1967 471 0 277101294
433 1865 0 331851655
1911 1549 0 16972571
1092 769 0 739908675
450 994 0 221935278
1349 1385 0 635302750
583 183 0 747105764
1620 800 0 349311809
546 212 0 979268726
1688 447 0 803971114
1477 1884 0 479998741
1574 1168 0 69445797
1517 60 0 581410628
1916 1466 0 765134171
1952 478 0 470067293
1621 1657 0 953975005
1529 1879 0 653548863
594 1979 0 180320962
1751 553 0 216690465
1901 627 0 104563043
1429 1105 0 696942350
1456 883 0 515102475
272 1633 0 548689206
908 34 0 906632474
637 943 0 523214811
471 1923 0 162632457
1091 844 0 917840705
882 1352 0 48183955
898 1876 0 294710273
1042 1230 0 156784051
1631 1123 0 635451118
1433 645 0 910990542
83 1453 0 474380981
707 1506 0 184882969
646 1227 0 656053419
170 904 0 494510518
1705 1302 0 598998529
156 35 0 92039519
1037 1386 0 247009986
1663 1950 0 853676069
271 1667 0 146438426
135 1969 0 478952113
1745 369 0 358169244
1273 612 0 686029968
586 1475 0 307325416
1345 986 0 196671464
778 182 0 586033338
1549 1422 0 167397716
1552 234 0 231577754
696 1985 0 826137758
1593 84 0 773754687
34 104 0 786468169
1190 334 0 767396032
1970 5 0 55657348
1441 367 0 466319800
280 414 0 58916529
1859 102 0 687296787
524 1997 0 957851911
1701 1090 0 555044495
1928 1992 0 641497539
1612 301 0 501638318
1892 1994 0 861977375
150 491 0 417320766
359 1026 0 772413259
1309 348 0 186053925
228 1799 0 923780309
515 505 0 379445642
1161 281 0 600986240
476 36 0 790547632
546 1643 0 92439855
951 489 0 283594116
1961 118 0 57886300
1719 647 0 909982329
1542 1181 0 968743104
1290 1155 0 255019665
618 1606 0 539294058
1057 451 0 230956605
152 277 0 824564137
1169 1521 0 334496743
43 507 0 76902203
1299 932 0 768796870
1616 277 0 491788979
164 234 0 603312240
43 1133 0 292197507
1863 184 0 980355801
1920 722 0 931503640
1934 637 0 85909621
799 1930 0 110071780
102 80 0 346427460
1706 334 0 86974256
316 1726 0 470733645
131 1718 0 562561455
742 17 0 87344677
256 1380 0 987278041
1795 300 0 756372016
348 1104 0 709327355
138 1537 0 352555756
1981 611 0 311748523
1381 628 0 52399664
792 1187 0 762404038
305 701 0 677590743
1600 1515 0 663251820
378 1174 0 44917547
1097 153 0 326926116
1231 1278 0 609292923
1692 1545 0 584576014
1030 1757 0 443030073
1420 634 0 985382323
81 1820 0 460352170
1595 1859 0 22911050
1327 409 0 463742655
170 967 0 496868881
1778 1211 0 942699220
105 1863 0 986551849
550 359 0 740323560
475 1248 0 110063957
898 952 0 276073288
1397 1902 0 424376056
1924 1207 0 697665436
404 381 0 561644520
377 1014 0 351072328
826 1363 0 104230833
849 306 0 865649916
1835 879 0 186556496
1797 740 0 88144945
1673 1928 0 286729824
1973 1962 0 215810341
1443 1248 0 408001436
345 440 0 467874654
1983 69 0 761281165
1809 1346 0 872255488
1274 451 0 208710011
677 1004 0 648935076
1710 1100 0 418629920
1462 1813 0 561167658
124 1623 0 121149482
1307 596 0 60067888
636 1212 0 880158633
1296 1603 0 142941428
987 578 0 181015851
1187 1153 0 827523954
1014 1196 0 229211161
336 1924 0 539283956
928 1197 0 984102957
1548 862 0 143636596
122 814 0 984407880
1586 1914 0 960786880
395 1738 0 782158390
1461 698 0 358360421
957 1452 0 417992224
1972 1901 0 596197711
453 1388 0 624810596
1723 78 0 33708000
314 1232 0 307582449
497 468 0 724448856
1220 1568 0 852718944
1169 480 0 756026860
244 1056 0 852008516
1764 802 0 964152036
48 1806 0 328646133
15 1441 0 523603415
1616 1909 0 254760577
1077 1588 0 212135174
1601 1552 0 905857775
484 1858 0 349896070
1261 962 0 399000896
323 1516 0 201512600
326 1462 0 947905654
1532 489 0 986431241
201 694 0 85451980
1085 1321 0 105093407
473 633 0 113735029
532 572 0 543378524
534 512 0 17787462
781 1451 0 854224524
1382 1477 0 961611664
1715 1323 0 305425699
538 1387 0 389683103
1640 1934 0 123626820
1974 1717 0 999173375
919 997 0 554657072
463 1598 0 930170016
24 1731 0 876453791
1677 1588 0 363999012
337 1234 0 675078602
1846 1406 0 659684042
1895 1641 0 714996507
1756 82 0 573859680
1427 1380 0 692022962
96 1619 0 26094873
211 1447 0 46387600
699 374 0 47446106
1002 307 0 178274858
1397 918 0 512719634
1906 1298 0 454676220
731 1773 0 90780581
1694 464 0 982749493
644 1986 0 680090963
1377 619 0 563639840
1629 1891 0 819081282
138 1904 0 766497374
242 1479 0 106891233
71 1689 0 453354527
1480 294 0 939429494
1735 1952 0 386731719
630 1639 0 214217568
572 360 0 356569300
1091 1761 0 177136468
538 1109 0 975668504
626 1283 0 714000899
1124 1031 0 972149423
605 1037 0 418816815
593 205 0 974930235
639 287 0 998489236
489 1192 0 139294851
1641 1613 0 579623241
571 1980 0 36202074
384 1976 0 643276854
1911 465 0 69391533
732 1435 0 416710436
1102 82 0 879576851
736 1930 0 846056031
1691 1642 0 181444538
1324 1671 0 564867882
904 991 0 288828443
1823 1290 0 863748416
1062 1539 0 847108801
668 887 0 851648774
185 269 0 193425623
227 45 0 550999302
469 1107 0 457625887
498 915 0 592282439
200 1294 0 434688084
349 312 0 826980899
1315 1579 0 652939047
371 1569 0 289649372
632 271 0 502955396
1103 1680 0 185216954
1023 1534 0 924878672
1417 1394 0 46277968
841 797 0 817546888
840 1557 0 281932093
314 1327 0 201667961
648 161 0 329046445
1053 1722 0 834816903
1031 1611 0 620400425
21 591 0 284818797
1530 851 0 916349950
1916 1089 0 9672090
1394 1270 0 815108236
782 1739 0 276413449
1926 1458 0 850382052
1160 565 0 43802760
428 257 0 64710260
767 1728 0 241460990
1912 762 0 933951665
862 1326 0 2640836
1491 1663 0 60668272
180 1044 0 947502273
1051 123 0 161488330
1293 573 0 234034075
315 1279 0 449818711
1444 1421 0 830084919
226 424 0 956291194
235 754 0 960489748
93 639 0 983662701
933 880 0 939587979
438 1337 0 581634368
672 703 0 350122219
271 1697 0 115405127
1320 479 0 849182704
999 1748 0 244176515
612 1867 0 273410963
556 454 0 557896699
1870 1919 0 100170109
70 1231 0 383348406
376 525 0 874171618
1113 1647 0 145036849
1305 781 0 390768910
1059 1617 0 412044695
730 1394 0 510960734
3 750 0 912646721
107 120 0 290238559
929 1636 0 202960021
251 149 0 62118671
1675 238 0 558002175
972 282 0 528921158
1406 345 0 687115429
1845 1732 0 93665153
1246 1173 0 428843441
1539 1026 0 565867424
1103 1507 0 840709170
1785 88 0 949366703
518 1699 0 254997217
813 1843 0 824343693
1250 691 0 925401893
265 1167 0 223569353
408 974 0 2766247
616 442 0 512572139
1366 486 0 76190957
14 154 0 232437051
1627 1418 0 815908767
1399 327 0 22998159
472 1874 0 347510067
440 277 0 422773069
840 156 0 106723461
1862 612 0 30022301
1600 554 0 545711421
1626 350 0 570901077
1520 461 0 720780231
723 1986 0 800658630
1852 1053 0 502570233
1615 1627 0 920834020
1543 183 0 333597668
889 125 0 740563442
1048 1820 0 382840606
189 166 0 568629884
1585 1825 0 398929689
678 533 0 956222126
64 1731 0 407635622
708 660 0 340712949
1677 575 0 455057492
543 296 0 796133693
664 351 0 786849316
730 11 0 594795785
823 1956 0 180284961
1426 1976 0 134126519
1311 540 0 689469758
1966 1597 0 974304362
