2000 2000
998 735 0 519265171
1022 967 0 998808556
234 1306 0 786423586
954 1495 0 96027449
1602 877 0 358066022
596 46 0 884865420
289 1709 0 150763838
1409 1767 0 759644661
199 1287 0 360878162
405 295 0 340668911
1389 1031 0 479622835
1008 941 0 272400145
1985 1473 0 138946710
1221 1197 0 780493969
368 1269 0 570587504
1323 752 0 911806553
644 635 0 834790247
1517 293 0 76444478
732 386 0 642637497
1934 1280 0 2255036
1913 1040 0 904636142
416 1833 0 885737361
497 1877 0 812106419
762 1904 0 470037959
1912 1641 0 48434430
869 1790 0 128196331
494 1750 0 141425836
1203 1419 0 756156682
544 1069 0 539190856
1723 685 0 776264180
1609 1579 0 197641976
911 1709 0 573100736
1830 1375 0 854804291
389 365 0 85079349
1530 1731 0 685627722
1093 1646 0 791305722
152 728 0 929247368
70 1558 0 590885466
1763 1279 0 396139435
146 752 0 820858563
195 1848 0 474457718
801 1558 0 665555475
1924 853 0 616370534
1757 710 0 22152886
1645 1381 0 355913760
845 833 0 856988496
359 256 0 983541221
66 1608 0 450664232
422 1453 0 189017940
141 846 0 371419445
1425 1034 0 974656812
920 1377 0 879648190
730 1519 0 359293449
476 431 0 793295828
719 657 0 966649908
1520 1667 0 150480646
1367 628 0 80273650
403 620 0 922941002
272 1065 0 241781862
1402 913 0 684499491
1552 1022 0 661359226
34 1062 0 999390848
877 1967 0 523381511
269 189 0 303493377
849 335 0 25577210
1768 767 0 443893775
1412 1496 0 398723045
430 1888 0 324320073
1915 1968 0 339610301
1427 1373 0 427182166
1195 954 0 556283425
717 95 0 98863480
1065 998 0 48283584
814 909 0 9980961
511 1303 0 997842205
1815 1463 0 938008856
1732 1364 0 995744133
1488 1706 0 346959346
290 1307 0 493713219
1804 1283 0 852551504
1581 890 0 293552724
1847 1444 0 469777301
893 396 0 277053030
252 1714 0 420674129
52 1073 0 674760817
465 1665 0 894166874
70 509 0 91669576
1904 814 0 231456451
1295 1322 0 423423871
1816 281 0 27822549
345 731 0 251014371
1080 1167 0 3427210
23 201 0 86063474
1886 1994 0 53666975
1825 1676 0 632516921
1209 484 0 99416552
1075 1928 0 930954833
2 1282 0 350195393
815 1314 0 369111784
389 92 0 328497026
1387 365 0 142483595
697 1656 0 248450968
998 905 0 143048005
945 1293 0 995631924
1768 739 0 701061135
1454 896 0 161526134
1684 870 0 589242973
833 152 0 128486573
70 271 0 856856223
584 1561 0 713664597
46 638 0 240846884
740 1744 0 658290381
113 622 0 514464653
1915 1149 0 509294697
149 1018 0 471632234
1150 1571 0 188267977
1578 283 0 247899531
1763 1746 0 800388164
822 1726 0 152318957
229 966 0 531149174
1689 1957 0 46628035
1805 1259 0 536840499
209 460 0 860821248
1795 474 0 932165390
682 1699 0 926875138
1776 1670 0 308000649
447 146 0 528312432
1361 354 0 233766171
929 340 0 890270835
866 335 0 807955074
1629 463 0 577069153
454 869 0 319190831
1726 1665 0 662791185
695 1432 0 649312353
896 1122 0 383460424
1802 1343 0 808266518
1614 1472 0 833596065
1658 868 0 131013158
734 928 0 970110134
1496 1879 0 279732677
1233 30 0 1444153
1174 982 0 988631182
933 746 0 213522237
1952 1819 0 375260729
1545 757 0 820044191
635 1546 0 577215015
1646 1802 0 374812403
1213 1205 0 991350403
1374 1692 0 489184036
290 826 0 860094338
604 1571 0 436914204
1371 153 0 363533449
699 1088 0 813931668
1220 941 0 522654870
345 1583 0 86424620
290 811 0 9285871
1201 1890 0 877065751
756 1519 0 939655128
846 708 0 59739944
1649 775 0 667632005
548 208 0 269987690
1262 773 0 194934885
593 740 0 573819091
1101 357 0 357145563
607 255 0 466378223
716 1370 0 870478876
80 573 0 557558368
1683 691 0 706841976
376 176 0 857024581
1404 175 0 783969886
345 1947 0 929683429
87 367 0 955488721
1633 590 0 374635801
402 137 0 207539541
1176 1088 0 444246093
1672 792 0 811582721
1669 1342 0 40329858
94 511 0 630351264
1844 1440 0 356503791
301 1163 0 125240651
1050 1612 0 499039597
1406 1772 0 502146719
775 1588 0 4375561
955 1217 0 774967929
1052 1541 0 969641767
1881 464 0 791355806
1480 975 0 191063555
1839 677 0 658651886
1005 1866 0 499092839
599 502 0 748506324
834 1488 0 965652922
59 473 0 438046154
1053 418 0 652764015
470 1401 0 533816862
985 1751 0 559614674
238 807 0 7643014
445 162 0 215510883
1378 1537 0 958708240
233 529 0 865874875
58 1481 0 245242320
1204 259 0 667030242
1046 1421 0 123165466
1851 1278 0 584611767
226 942 0 598347302
752 1944 0 937562454
1653 1066 0 774634296
374 1788 0 847381626
1449 930 0 885042410
1321 1918 0 686014554
477 584 0 880557851
980 85 0 104982097
1455 1692 0 317698520
1750 972 0 861733827
1616 1535 0 956100007
377 558 0 829500652
732 991 0 861262987
1200 1044 0 268663004
1317 1274 0 453357149
1957 1076 0 167569237
1553 596 0 95061195
192 1052 0 215901412
263 1057 0 139317527
18 1985 0 698926290
870 372 0 549075431
1579 1485 0 51888287
1011 751 0 970695982
954 978 0 295931317
1619 1098 0 262064211
925 1686 0 124054098
1316 992 0 551416290
1268 1496 0 168890312
1026 1850 0 731704578
1108 756 0 60452862
1512 1831 0 256196073
1175 551 0 546955469
752 1422 0 386033251
185 652 0 94662310
344 1561 0 85152469
1115 1622 0 309805303
1609 1807 0 974583092
1565 317 0 624057984
305 1137 0 576801566
71 1491 0 992268870
682 1521 0 603935569
1473 777 0 106287065
892 972 0 45796449
268 293 0 613157343
203 1700 0 161112194
1940 1240 0 576343845
1916 1188 0 190382923
1787 713 0 96671868
860 28 0 683278588
821 722 0 994430406
650 1112 0 449074662
1803 227 0 896393712
1819 1942 0 653487105
434 1677 0 626125104
209 672 0 999918157
1476 244 0 52229307
1781 1904 0 595903545
1176 798 0 93262025
1247 1302 0 853771809
191 382 0 386766443
600 1052 0 7787564
1249 456 0 929399127
1625 1607 0 177714566
1829 860 0 979135969
1879 1005 0 987747995
276 1678 0 388995694
1528 330 0 136667348
89 1542 0 954634107
534 1136 0 116394997
76 1518 0 895357266
131 517 0 216512570
862 1459 0 28707045
1335 121 0 875573929
1204 765 0 450843534
1371 963 0 90464048
1684 975 0 744870393
1680 136 0 393053305
1322 1051 0 803896141
1076 722 0 951833783
1394 640 0 285004579
594 1815 0 180755199
1072 710 0 169671938
1136 1061 0 235141685
576 1116 0 124573612
552 388 0 948659703
1980 1964 0 940922702
58 277 0 576267742
1973 1105 0 499592234
86 1375 0 760530863
1791 438 0 930862758
1726 1272 0 45177069
1321 1983 0 476958726
1625 1038 0 181282732
729 1345 0 570040128
693 689 0 94632103
807 478 0 887806660
1039 1225 0 745167909
1329 265 0 704979569
1951 173 0 450959104
1804 17 0 666545770
91 1328 0 489998669
929 1584 0 570420629
1573 1422 0 8542239
1849 188 0 616154014
1113 326 0 265208707
263 1620 0 819010916
86 556 0 318899811
1738 660 0 498670908
745 471 0 305456194
1427 1529 0 451376707
1596 1204 0 460360381
358 92 0 293672762
464 1466 0 984994151
84 422 0 319768247
735 1672 0 655210689
1199 307 0 598721751
767 1705 0 350281970
599 1074 0 427574626
189 1303 0 531224357
1577 1927 0 509769224
983 249 0 980357873
694 640 0 16900434
621 396 0 186728571
1965 927 0 165131415
1173 405 0 127240414
444 957 0 297591420
1727 1209 0 289679358
834 1644 0 527671435
809 154 0 721785866
295 988 0 972761729
30 618 0 429106800
947 1800 0 121689072
1121 1503 0 358355506
842 925 0 711927841
1085 181 0 729665119
877 1504 0 80974560
976 844 0 995163188
699 307 0 448734742
413 471 0 813451510
895 225 0 650991169
1320 218 0 176442122
1789 1686 0 223769757
1055 794 0 185087207
361 880 0 837761628
1403 1553 0 852573547
23 1105 0 944406795
1569 1798 0 241495520
1227 569 0 493706631
199 611 0 651935616
267 1192 0 79894425
848 1176 0 161137142
1292 150 0 68596801
43 720 0 76652416
1704 1171 0 265637702
1774 751 0 253034545
1644 939 0 768115482
485 260 0 131775661
1278 232 0 359931335
1929 1369 0 498293440
1129 1943 0 51706342
1464 1545 0 641199683
330 1835 0 259009918
1511 1152 0 581228142
1443 977 0 961624404
1785 143 0 394656984
1425 1498 0 766330459
1612 1626 0 433489295
681 1557 0 904259746
337 595 0 55328943
1432 1955 0 761118143
577 378 0 280410156
755 999 0 581838754
1509 234 0 978071114
666 1288 0 388093225
419 1272 0 909466338
827 1580 0 849714885
1462 752 0 511940045
1312 1785 0 67017549
125 188 0 306813730
686 49 0 434317390
316 1589 0 962297483
1510 1133 0 978594079
848 1887 0 141877308
88 1224 0 185399166
1617 1841 0 939293733
842 17 0 883711840
1851 1106 0 258912538
436 219 0 716902459
1833 1210 0 390903875
1340 463 0 123022698
1929 1133 0 994104255
1634 420 0 716655393
445 1610 0 875823404
1044 613 0 795373743
56 980 0 868297132
1464 245 0 735927499
824 175 0 916569446
563 811 0 118115756
139 1291 0 73349770
1552 1221 0 416013927
1634 1313 0 196048750
455 1185 0 524448446
781 1171 0 964215912
1951 81 0 296368445
882 551 0 507614234
1504 1350 0 482106655
558 500 0 369498392
188 783 0 862066360
661 1974 0 523972659
269 1456 0 41598243
820 1938 0 37073109
1402 486 0 190485454
255 1257 0 883447194
140 1401 0 849020225
340 1261 0 182831063
646 254 0 670959027
11 1939 0 367336321
1820 917 0 572540596
1118 1799 0 276799391
1782 1776 0 25920398
1880 1392 0 626612996
254 321 0 495213717
898 1741 0 533529698
19 7 0 763977579
1969 210 0 283931280
612 723 0 280923446
1328 1487 0 358582176
494 133 0 587666645
1372 418 0 75357443
1827 971 0 929909521
285 1743 0 579881904
1627 1766 0 524568668
153 406 0 924321454
979 922 0 632230211
692 1966 0 297261959
628 969 0 526128831
1219 1464 0 873838123
220 1192 0 195130040
73 840 0 394284637
1378 1512 0 90322651
1159 881 0 935072642
1235 1079 0 216796043
792 536 0 849649970
138 530 0 574213502
1550 1360 0 529404427
1974 1453 0 150062002
1962 1171 0 212414525
376 238 0 197102984
1724 1845 0 222178212
127 1381 0 16377593
1601 1261 0 86259031
161 1496 0 666111752
1988 516 0 383308288
1581 1490 0 342693888
372 83 0 569429454
799 1246 0 135484780
179 262 0 882570080
352 1484 0 335588663
1913 678 0 490791053
1118 170 0 635252393
834 351 0 914818151
1509 352 0 804341922
662 1654 0 475437229
22 1322 0 644321444
273 544 0 774397675
1268 1408 0 715967250
1860 1370 0 86051144
1735 1066 0 76978201
708 171 0 848523910
1811 889 0 351902726
718 1552 0 937011564
730 1080 0 574966440
523 1506 0 600082897
1161 758 0 61205745
1240 756 0 418794102
1379 1245 0 459360449
1181 79 0 835944326
1600 1932 0 598533331
691 1227 0 376963893
762 801 0 179225904
789 619 0 487998578
901 235 0 651083333
156 579 0 252382051
1709 1055 0 109949786
1267 1673 0 586816227
253 1393 0 504258389
242 312 0 191795044
1711 1233 0 602253198
1816 88 0 564835885
483 1818 0 132773683
1019 1156 0 660081207
1974 387 0 384138508
1039 1668 0 554731272
1061 1691 0 695550576
709 142 0 740107551
1514 1883 0 727138301
897 310 0 387915580
673 1553 0 161272569
889 1568 0 745005366
95 217 0 983169083
228 137 0 40828841
1238 993 0 331048886
1810 1988 0 935667137
302 861 0 915989575
629 442 0 408954158
852 1464 0 693647020
795 1493 0 918049276
42 1223 0 618855539
1760 1241 0 125739539
1922 1692 0 685654406
1302 1183 0 103339789
1223 743 0 67711782
1728 1283 0 494518809
510 590 0 578927485
422 1015 0 338634634
1572 1152 0 607579493
619 1558 0 6997263
684 1186 0 220341076
1665 639 0 720741544
685 1163 0 644383318
1296 80 0 888242590
1401 1432 0 60984572
1920 890 0 933647658
54 457 0 554834783
1961 342 0 920910495
1493 1843 0 278838738
678 1119 0 543306700
554 1897 0 865918862
1601 1161 0 552673029
1043 1804 0 317142966
863 1056 0 659839362
169 1358 0 31331823
1886 445 0 988322191
1777 144 0 466380912
1884 1102 0 607580880
389 1089 0 711249475
1138 1087 0 777305245
1350 1552 0 237746786
519 231 0 902916536
1316 468 0 745936750
1337 1085 0 103356789
1910 624 0 127397272
879 1109 0 916849591
1128 420 0 251800623
302 450 0 711450863
1102 1255 0 242161256
676 1255 0 765976820
1087 1983 0 136778166
1426 1738 0 118728808
713 1932 0 747360842
1348 439 0 116236034
1765 675 0 43354304
1099 1315 0 322923994
1519 637 0 684978278
859 1317 0 224240177
1687 353 0 509047477
1115 646 0 206479582
1065 1565 0 292214113
286 504 0 500955465
26 1118 0 618940543
830 1389 0 662599614
988 870 0 972279553
452 823 0 904155889
694 1711 0 531832092
1057 166 0 179589897
1372 1833 0 566871058
435 1150 0 694215356
667 376 0 921094780
830 1373 0 755051677
1145 79 0 995273823
1200 653 0 136430494
238 437 0 160275899
998 758 0 219594492
1025 1285 0 152584521
333 753 0 550716763
1917 512 0 867744005
56 1456 0 559598064
1945 1603 0 217111669
157 1179 0 667895181
1817 171 0 106227965
570 525 0 423529508
1627 288 0 895027498
1620 685 0 193821117
834 809 0 136759797
1448 1705 0 956720714
641 1141 0 820187848
1145 894 0 485563646
149 131 0 694767862
197 255 0 66637084
1805 1730 0 610224537
1284 791 0 812319338
1183 1347 0 845027985
1632 231 0 566919365
646 1888 0 297486005
1740 518 0 810552560
1281 1721 0 943127332
744 1218 0 534606338
1936 1456 0 192133984
218 1714 0 406995847
1739 1250 0 100886639
174 1780 0 412258168
1242 944 0 556699948
1937 660 0 743577694
1308 96 0 785973869
1169 1856 0 410800678
889 946 0 920537997
1333 248 0 975630850
563 895 0 743667674
1631 1347 0 694379293
1682 1372 0 229917093
1686 1869 0 472734867
1613 140 0 132565684
556 55 0 7871717
1980 1004 0 751881053
1160 309 0 622586056
541 302 0 35763084
1918 1699 0 612707752
1131 284 0 485542344
745 639 0 752834448
190 1632 0 246079770
370 1173 0 414550439
1044 90 0 438069714
1170 285 0 212860148
84 567 0 328407199
1772 811 0 104882755
1346 152 0 878896140
553 1363 0 350175703
307 771 0 398250300
544 960 0 86327310
384 1702 0 572074442
1141 1537 0 201019256
378 782 0 643218984
1161 1147 0 271988990
474 1010 0 948281633
1547 1529 0 653832504
286 311 0 254428256
798 1898 0 743707585
641 1295 0 347302715
1880 1010 0 238700099
1336 910 0 205825481
729 555 0 530128242
1159 1546 0 940642582
1899 1467 0 45295246
1233 237 0 400565566
1898 1777 0 294854009
924 1144 0 251164475
1889 567 0 672786042
1758 326 0 741062586
813 1265 0 24708490
1905 577 0 460502609
499 462 0 40950967
661 146 0 113173269
1708 1808 0 819528285
1682 1514 0 430905790
1049 860 0 186131457
294 1142 0 419125402
927 961 0 117924029
189 1120 0 659435056
494 1959 0 364516409
1116 1078 0 147892054
398 769 0 391745435
983 1091 0 55127538
1946 1596 0 510378117
209 322 0 582826352
527 1828 0 386615128
1452 1834 0 251244203
656 505 0 236915122
982 792 0 760809284
1233 1076 0 72442448
1717 269 0 395354180
979 1847 0 17669661
336 1937 0 837418098
1972 500 0 721498063
777 1256 0 105594475
133 447 0 625799596
6 1781 0 291099273
872 1864 0 658751647
1737 776 0 265891157
1346 626 0 466044299
864 549 0 13795076
1807 1472 0 272965867
1996 1198 0 40908738
1182 1612 0 860093243
42 1171 0 376997336
1348 1685 0 87643376
511 1898 0 652029880
1473 132 0 982841374
1443 1049 0 55907779
1100 1114 0 456626690
403 201 0 222074863
663 1129 0 31074991
1370 1362 0 94502880
1546 1079 0 389530370
570 386 0 736350669
1967 450 0 957959456
999 1136 0 985403195
1024 98 0 516439847
694 932 0 172831335
432 779 0 494966739
1207 105 0 612689657
1985 1527 0 418679558
596 1581 0 803235554
1823 220 0 207591639
1175 785 0 456801266
318 359 0 572022584
1270 1277 0 377754192
1328 4 0 49352499
819 489 0 78720789
345 1846 0 91207024
1692 598 0 869895309
1111 1123 0 912645687
1278 694 0 179796821
659 1860 0 370048468
1777 356 0 673992126
1888 165 0 744258407
551 1977 0 138883178
1916 1944 0 372540866
211 1197 0 242204507
1238 452 0 35013274
859 1820 0 415686812
1874 598 0 317274636
655 456 0 689890973
1194 1409 0 614706286
1666 775 0 567591399
589 719 0 79907963
718 751 0 747746889
452 561 0 951291505
553 292 0 920987760
1130 1856 0 371412320
1506 738 0 45629059
1228 1941 0 294951035
1097 1622 0 898558286
705 935 0 108382437
1960 1947 0 536027701
692 548 0 851765021
686 1301 0 131863604
178 147 0 940466070
1295 1361 0 412717399
740 521 0 853376543
247 496 0 523722974
1545 1579 0 36426617
1117 574 0 119223633
1040 1343 0 351333070
980 1461 0 211502033
1388 232 0 668701295
504 785 0 414706043
1488 156 0 788771836
717 1334 0 489608509
59 1320 0 137077395
1993 1364 0 781252659
1852 1273 0 401688922
1826 1431 0 907167275
1384 629 0 698822023
1053 302 0 939974555
21 1269 0 894472068
1131 1697 0 148148022
1165 1969 0 524985232
1122 1124 0 1551452
1468 17 0 369873478
175 28 0 172929760
1835 984 0 630835626
851 1328 0 6733508
1380 147 0 881552485
1174 811 0 416840337
1672 542 0 912159498
835 844 0 135177000
1748 500 0 705654978
1754 1154 0 558439530
1514 1773 0 59877556
450 662 0 17820378
992 169 0 112147336
990 1868 0 386140293
862 772 0 148241334
1850 1544 0 30206438
512 153 0 848101069
706 1923 0 633363275
114 347 0 908415704
711 1507 0 77015139
546 265 0 916446849
296 1484 0 347553412
1497 1847 0 803663926
669 1208 0 184929134
954 735 0 293045380
63 425 0 387759080
735 423 0 102262906
1702 1993 0 708685879
377 1830 0 107457790
234 298 0 214861691
1595 1075 0 46422342
93 431 0 136300460
370 1689 0 204273096
1655 1413 0 633292169
223 1389 0 122526788
1505 1891 0 889230459
1097 380 0 647338050
853 761 0 784635928
1401 1579 0 699473922
409 1860 0 177634373
575 785 0 402716762
1038 1714 0 164762413
1811 101 0 303445840
1794 1580 0 677276381
1390 1368 0 113160371
1908 502 0 906285477
887 257 0 811317538
160 516 0 884485443
1208 431 0 825948254
1725 1656 0 271477223
986 778 0 246555181
896 889 0 244125486
766 179 0 929846866
1205 726 0 917962805
818 1130 0 982401099
51 1468 0 398692602
1174 1820 0 944710847
427 409 0 436839508
1546 904 0 914731436
1453 450 0 237774496
734 1163 0 468043742
735 1385 0 831940175
1229 515 0 127115072
1725 748 0 566302509
841 1642 0 214916184
1258 1634 0 274740211
878 1153 0 496421398
1823 630 0 75288258
1241 923 0 427286469
1996 1517 0 8536723
46 102 0 862181340
602 826 0 853998251
1223 1735 0 365953336
850 565 0 822239978
1808 779 0 266581320
1978 264 0 568750093
1965 569 0 588490618
1536 1365 0 782073819
1370 276 0 471229580
1885 175 0 675921907
576 1731 0 400968620
1254 824 0 768332385
1928 906 0 52920931
225 623 0 972614693
1905 357 0 700829606
955 1218 0 862037772
1508 1085 0 75860514
1793 1245 0 961728771
1338 1530 0 993087008
84 1983 0 948292646
1584 795 0 664021126
929 1531 0 939445610
1607 1741 0 127664647
504 458 0 710494580
783 1684 0 946482846
60 1898 0 484483289
427 1319 0 2304229
383 837 0 194192014
16 1316 0 873583118
440 1155 0 572640421
690 1281 0 656613664
443 1951 0 166715185
1520 758 0 576425390
495 215 0 864093571
1007 1934 0 971268894
1073 95 0 433019134
61 1781 0 432030298
990 1515 0 422788785
847 267 0 590019985
347 1499 0 780105950
1134 574 0 451214042
1793 1210 0 314038593
829 230 0 693059790
1335 341 0 168071640
1873 143 0 456445407
1154 1152 0 881054280
1866 608 0 932496085
961 269 0 56058334
694 1752 0 599668977
1780 46 0 22664428
1255 1581 0 440530365
1485 1250 0 46414626
1082 110 0 643818860
1155 1097 0 903296677
559 335 0 284214231
1162 1609 0 844160098
671 208 0 352378322
926 48 0 974939670
15 1859 0 460998453
1597 1456 0 312355513
1067 1425 0 507197884
269 148 0 543402059
287 1121 0 200339768
1205 1217 0 390521538
1209 1010 0 467061427
1997 654 0 165670276
461 688 0 531830564
1950 1543 0 872202527
1292 883 0 600909376
1873 58 0 503082021
1323 1790 0 577134987
1816 603 0 67103843
570 189 0 369650578
1864 1213 0 930518897
676 1882 0 215360241
1912 1002 0 107461386
1235 1120 0 480331983
947 1 0 183028690
1199 1744 0 546025627
1083 483 0 772662639
529 606 0 802746037
1657 1261 0 250434236
223 1689 0 156039982
1094 797 0 28984214
1595 1957 0 873442803
876 702 0 602243834
40 1722 0 760272457
58 1970 0 250760633
1443 396 0 211543306
401 663 0 815242515
1149 137 0 398517638
644 1189 0 852620640
1888 490 0 723845235
1088 1509 0 187202198
1383 1705 0 518800358
751 1901 0 22281090
1354 1693 0 262145998
475 298 0 841720604
850 253 0 401201847
1465 1541 0 200196284
134 1232 0 804567172
1666 392 0 323265635
637 703 0 168063496
1173 1547 0 873010019
650 1807 0 716012735
55 1950 0 748726639
572 801 0 905328649
142 932 0 53277928
1721 80 0 115383799
1001 491 0 769324427
1897 1640 0 681279649
1765 611 0 727421668
1245 35 0 756095321
1955 165 0 56882138
472 900 0 762067336
1871 1477 0 806464839
1293 1531 0 399495220
16 51 0 228138493
1474 94 0 370839304
1552 1375 0 591246855
1832 1695 0 823416048
588 1037 0 38434057
842 29 0 489043482
1239 906 0 259775663
1984 220 0 404168234
1517 1829 0 153430363
101 705 0 434055161
1585 287 0 132332547
603 1341 0 357586823
1569 455 0 480235525
1424 472 0 730252130
1243 116 0 648111682
1500 357 0 77178102
706 1048 0 768996494
1732 133 0 219854354
252 1842 0 805228673
1318 431 0 132404681
1054 1529 0 817917691
1730 729 0 487406011
735 476 0 115185075
1077 601 0 617095594
1429 165 0 807024451
1506 612 0 829997361
148 693 0 33023143
1417 961 0 605793128
738 411 0 381782877
621 517 0 555415948
1224 1345 0 740621077
1186 279 0 862634462
898 1512 0 891976942
465 859 0 808934322
1430 2 0 299851132
1900 1523 0 666274203
1467 540 0 236333277
733 1534 0 775645463
1965 1972 0 118165913
372 1850 0 78684237
1446 560 0 669718455
1055 1778 0 17131616
384 1694 0 796083841
199 1670 0 408761273
523 1164 0 49575299
87 1437 0 844895102
444 1227 0 561456537
1451 1769 0 782613844
1601 778 0 893407861
1338 1483 0 425549767
166 1270 0 498084448
863 129 0 26863151
1393 337 0 908892765
644 967 0 611313719
6 556 0 146664554
1556 63 0 248988224
1685 158 0 482643627
1452 560 0 691230970
665 1711 0 601314523
130 2000 0 673901617
813 1523 0 911619112
475 93 0 81808227
656 1690 0 161820346
875 1399 0 651607071
1222 1052 0 346277269
1263 1436 0 730715487
989 1540 0 235946850
1316 369 0 496403182
1835 812 0 44367125
1409 88 0 51356047
814 175 0 755962194
1416 363 0 580372875
914 417 0 533125738
1865 307 0 607820554
92 1051 0 713675909
1902 1255 0 297701901
348 917 0 917818655
614 23 0 312217015
1683 1941 0 988722776
835 1 0 703395132
1190 1896 0 963926492
787 1515 0 319237826
1200 797 0 629853101
447 235 0 978816130
1443 847 0 746671020
1420 1454 0 616186480
325 724 0 325718962
754 1903 0 486705075
1849 724 0 182705465
1791 1759 0 801557759
406 885 0 971061039
1725 479 0 267937065
1380 329 0 722507971
489 601 0 93199231
570 1529 0 484226244
1876 914 0 17512032
1079 251 0 410728166
1233 778 0 372514563
1052 787 0 46632644
4 414 0 735299156
719 1797 0 436091534
573 47 0 305536531
1062 1563 0 292225101
1688 1767 0 743021047
1923 1312 0 198530799
1511 1566 0 248908858
1464 1482 0 834675146
788 314 0 583674408
757 1297 0 535980586
1069 270 0 10602892
781 390 0 985725182
1537 39 0 127231284
1689 84 0 126639889
1026 1617 0 686639515
779 1353 0 142859977
244 1765 0 865646755
996 573 0 212951866
1575 1485 0 526750656
1539 661 0 774268697
1592 1052 0 156304169
638 937 0 525207428
1530 31 0 406627967
313 841 0 965669958
1978 869 0 831448154
1164 262 0 773788157
1198 1150 0 989057245
482 379 0 780444401
1379 1719 0 200953383
1942 1981 0 184892085
1212 328 0 27034250
1521 1137 0 290757994
1350 1456 0 880732803
1636 1951 0 165587072
325 919 0 602043567
1099 753 0 506924862
707 1204 0 704733087
467 1179 0 420367511
1085 1521 0 620176050
1361 1100 0 165904032
656 1763 0 233094916
1031 899 0 869275420
1071 1634 0 566632089
527 542 0 488365339
1454 1592 0 265797617
1762 1117 0 129201914
1366 1912 0 964597011
85 1789 0 634334870
1032 1885 0 316445637
736 160 0 82155094
826 1346 0 289316103
879 1593 0 33889803
820 1441 0 399553265
1966 1162 0 649837937
316 775 0 26702528
283 1957 0 665251514
1434 1100 0 232352432
1302 835 0 577526103
1639 715 0 620494981
279 873 0 823483424
1572 915 0 924838199
1277 1043 0 884010730
663 1469 0 379163290
646 1021 0 962054711
1697 1998 0 751887133
344 1331 0 781626139
558 629 0 213216791
964 1091 0 911382114
171 447 0 289424034
1491 576 0 266982583
1714 912 0 19116598
1205 1829 0 898366225
135 344 0 549510457
585 496 0 520641537
1282 723 0 110231648
881 1846 0 779788530
1133 32 0 173880394
1436 621 0 676994574
413 254 0 680579075
1253 736 0 960648676
1716 987 0 645087166
1319 800 0 704062601
1431 1052 0 444285956
1273 474 0 807634640
1519 1136 0 482084835
1393 1506 0 761167326
438 634 0 6155310
1784 1103 0 536320256
1615 789 0 395452379
327 1716 0 579418159
1447 210 0 618900725
2000 579 0 179409697
70 20 0 730085164
599 1192 0 556437055
475 923 0 773755254
1049 243 0 854193197
1097 643 0 334363973
144 449 0 157384597
1151 281 0 76957440
1925 685 0 75186360
1085 956 0 563915988
1681 1524 0 862985274
835 918 0 923238860
536 684 0 857244620
1030 615 0 301861334
178 1061 0 288270351
50 1902 0 304797756
1289 1691 0 255120676
984 586 0 469524584
399 773 0 523897103
624 1336 0 879260552
1839 1952 0 695083194
344 1853 0 18718746
24 352 0 216503991
860 945 0 324879124
1250 1797 0 742554806
1444 1955 0 406517513
1554 668 0 741267086
1167 1524 0 615156464
232 922 0 373051718
840 1770 0 736542895
1 1934 0 348814360
1556 993 0 93676318
1859 7 0 329148516
1993 1655 0 126940704
817 871 0 712838278
1034 1589 0 160252637
317 1879 0 985531461
1411 404 0 801180173
99 797 0 722219745
802 1825 0 647144990
1540 584 0 277267621
1696 654 0 509754890
1824 1175 0 280887616
838 925 0 922228742
1390 1908 0 979873951
780 1971 0 652400699
807 636 0 245843828
802 623 0 138480871
1572 340 0 780677287
1963 851 0 92186703
617 1264 0 742612810
658 1249 0 875912409
211 708 0 455548627
252 1344 0 983489246
1447 898 0 786701532
1289 531 0 318875813
353 915 0 700369517
858 845 0 648858860
57 1077 0 625102271
535 1061 0 954330410
1993 1865 0 232457171
1952 1755 0 658863347
1778 1234 0 210428294
660 183 0 28323509
396 606 0 475498893
300 1449 0 797639542
1359 1779 0 55090869
1826 1049 0 377981608
106 1467 0 594905883
176 1515 0 269163493
769 1526 0 995166585
1044 863 0 565024042
829 1381 0 15963805
474 687 0 824730131
711 1998 0 708838770
1421 1568 0 900318951
1718 1087 0 43245944
1497 1728 0 89505122
1755 6 0 935847140
612 62 0 284603711
1005 1108 0 597581605
115 330 0 814262941
1827 1667 0 33220565
2000 934 0 551249650
1277 1369 0 216296899
1374 106 0 119286392
1781 1380 0 828878315
993 996 0 326517965
1293 1382 0 372425440
1392 737 0 309369443
923 809 0 804138053
276 1959 0 821847352
1528 1026 0 91155703
1330 1849 0 582763198
1143 363 0 326156110
1548 712 0 533578243
1846 873 0 230311044
313 279 0 157817243
162 349 0 633417072
1920 1463 0 178835901
1082 869 0 786829465
514 752 0 474581262
71 150 0 162967288
1705 1925 0 883955879
173 1033 0 605051841
1363 1736 0 571321109
1869 1048 0 574868421
864 1875 0 73291334
708 341 0 834584113
1921 151 0 633085096
957 1491 0 818301168
559 933 0 277861392
742 995 0 257751889
1507 199 0 744236001
418 430 0 655489296
1439 315 0 325221567
459 921 0 466897651
1656 1139 0 345618096
1532 331 0 651478116
1651 1634 0 588610864
473 1773 0 116439528
830 1371 0 736681377
1053 413 0 491306794
1890 1021 0 230408203
705 1377 0 538158340
1233 589 0 368560177
166 170 0 331695657
895 1126 0 548156542
1873 351 0 583502785
1335 1622 0 926790467
1235 1871 0 697598868
82 937 0 205656885
1540 213 0 580346334
30 1045 0 203231003
1003 1390 0 299157308
1378 1354 0 32556010
111 1936 0 202697477
1273 395 0 109804356
599 36 0 510194461
1835 1594 0 261639051
637 596 0 800668507
11 1919 0 273750479
263 1912 0 699032991
1880 1520 0 759644732
298 1284 0 822517719
564 394 0 122552507
731 1992 0 632909173
1581 1528 0 631147576
602 1005 0 501400325
1085 1937 0 105620828
1497 1366 0 226140359
1521 436 0 77539327
909 1733 0 488719004
1925 12 0 304850790
341 1538 0 833776503
1076 1591 0 851789449
954 1271 0 659270478
217 1616 0 420120531
1950 1683 0 571191860
337 655 0 719141508
431 1873 0 925955528
961 761 0 954317804
1235 1962 0 753760683
1823 955 0 535613955
859 1403 0 12145951
1100 893 0 941864101
505 1160 0 205245990
859 935 0 666678858
1238 121 0 468720688
1548 1081 0 958851325
1908 1941 0 149654287
1826 154 0 524479686
100 1825 0 882498179
1101 602 0 893770118
283 1632 0 293936796
235 1137 0 775029875
312 1898 0 790167802
557 1264 0 248789564
144 1926 0 763166513
1638 1385 0 253848750
921 213 0 328289202
383 295 0 902508095
124 1745 0 276195906
1064 1483 0 613058326
291 1164 0 587808571
271 1041 0 37458799
316 1489 0 412484296
1925 275 0 456898650
1639 1965 0 572008020
252 1101 0 470348632
711 739 0 897141363
71 762 0 867167757
560 1153 0 182146757
847 841 0 895012341
1413 1986 0 756736067
1669 1814 0 994293868
1517 37 0 683412639
139 1053 0 442396091
1502 538 0 632080164
1437 1215 0 396237554
1592 548 0 559243741
1632 1821 0 997671252
487 1552 0 633481587
1538 1722 0 614481008
783 1189 0 209047036
468 634 0 301561063
695 896 0 412957252
338 1934 0 289980801
1023 528 0 106134331
178 1661 0 366182996
196 1270 0 97290333
635 1344 0 415348554
870 739 0 28868823
1814 294 0 115258584
878 1001 0 436610476
1657 56 0 127799189
1410 696 0 487803489
1558 1987 0 277480577
1905 668 0 466388294
1605 1777 0 240409437
1395 667 0 344214809
1995 1294 0 769546538
1183 475 0 585807899
1552 1960 0 875635646
578 1404 0 476637012
922 1539 0 579140094
915 7 0 414398690
78 966 0 520100978
143 423 0 559854825
1971 600 0 382509609
896 400 0 912659671
1362 1613 0 615260774
1649 755 0 909054606
1698 245 0 303832746
436 1656 0 917162784
1518 1719 0 867276638
396 189 0 407492742
1668 382 0 220597043
138 941 0 854388285
122 1587 0 154375957
761 1160 0 505466203
329 1875 0 910746696
1973 884 0 791760361
1329 976 0 219113430
595 1762 0 952766388
1340 1450 0 688958934
1168 1054 0 568957132
713 1480 0 244807005
1588 615 0 221600838
135 300 0 487593601
185 1247 0 432937069
1729 1185 0 245162698
779 382 0 128389488
960 1846 0 67905102
465 1138 0 40871607
1024 541 0 926629715
969 1004 0 715224268
844 482 0 296634459
802 848 0 870866347
545 382 0 816053908
744 74 0 975582579
1701 1456 0 541048540
174 838 0 993946691
610 810 0 52811453
1412 1625 0 665618130
1236 192 0 668868849
851 1361 0 692980252
1500 1293 0 321834564
1921 1402 0 474866531
227 266 0 882137949
1303 654 0 848602597
332 271 0 581338804
639 194 0 80588985
274 188 0 649640195
922 367 0 954820853
110 1455 0 55971432
833 873 0 846059532
921 318 0 484865599
1540 653 0 314167559
635 1101 0 132467614
1021 590 0 464652360
96 1720 0 398168151
76 676 0 108402282
970 1337 0 266139345
873 1969 0 957803139
572 624 0 646429022
553 1396 0 335199256
375 238 0 346044884
868 1133 0 476796936
833 1547 0 421885103
1066 346 0 506701674
46 1974 0 897712742
891 756 0 478974102
1696 987 0 712691972
827 1220 0 716207522
1046 556 0 490564930
1044 1334 0 922350837
1018 1149 0 460617279
990 1781 0 634077608
1118 768 0 917618042
292 1090 0 776439362
884 741 0 118910680
1498 1490 0 263388312
1350 1377 0 981045192
64 1695 0 900764677
844 1014 0 14835175
1170 1624 0 695808732
139 1807 0 586178293
1783 419 0 946475309
1403 487 0 547825527
2 1913 0 974549941
750 1406 0 225500844
166 1462 0 796735608
858 873 0 100838614
670 1055 0 872692998
873 709 0 861368974
258 794 0 243784057
1514 536 0 495925591
1680 1260 0 760507050
886 635 0 945281931
242 1352 0 702067247
1737 349 0 815100236
1126 1474 0 434812506
480 33 0 424457717
1536 334 0 924101324
1998 1197 0 307629414
1728 1173 0 554985796
868 1571 0 22702712
1265 1922 0 892985420
1480 523 0 32897082
1428 469 0 819098790
16 993 0 667456376
1764 799 0 691046459
694 57 0 120812011
1055 346 0 839760509
1928 1439 0 887237458
105 57 0 576327330
11 1763 0 384807320
1262 1440 0 654470750
1055 650 0 176079289
524 244 0 599271141
1901 1593 0 706643489
1201 1419 0 739696429
209 1915 0 384035528
372 1899 0 976576090
737 691 0 228955070
1893 484 0 35642924
1618 1757 0 892762260
909 234 0 973789769
1997 1103 0 803894788
1427 1015 0 534206532
1722 321 0 738137322
1782 1824 0 741511056
180 1519 0 581110372
242 1519 0 939323998
1471 1747 0 157471036
1634 963 0 856291108
784 1736 0 274404595
272 328 0 174353573
443 574 0 884573476
1540 23 0 563458884
1472 1787 0 423734247
960 849 0 358874577
1019 629 0 650610188
1466 1336 0 475015765
1926 1155 0 842211607
1284 1517 0 360099941
614 195 0 558543807
1998 509 0 814544502
166 1649 0 243633419
1914 604 0 90060514
543 1024 0 891709207
65 379 0 294255282
731 830 0 614793114
1155 92 0 234915691
411 1475 0 694179890
1952 1304 0 980325636
1419 96 0 936837246
1709 1496 0 957875954
1211 1702 0 203544519
1359 1103 0 734587305
1852 574 0 234301152
930 1829 0 125324838
1523 143 0 26721066
1128 1511 0 584076259
974 1391 0 806528413
1932 293 0 971990938
1365 299 0 440612802
1228 1378 0 546698231
593 7 0 123363594
65 835 0 432241236
163 1534 0 435936710
229 1617 0 484079856
344 1190 0 309049564
693 823 0 951647820
1561 754 0 597586931
368 1430 0 645432658
1652 515 0 849561788
324 365 0 711299859
365 536 0 770913546
7 1963 0 699191634
1030 442 0 992224513
1967 1960 0 119178523
1316 309 0 810717293
1638 1281 0 438812513
734 1039 0 568523321
470 346 0 54131637
1188 389 0 815672964
1884 1008 0 329973331
634 1161 0 761261265
443 1802 0 647437019
1542 466 0 698687527
1413 257 0 505434214
669 996 0 671219456
233 1744 0 512057765
654 1930 0 874025865
381 894 0 940774486
201 1236 0 369884982
1106 1829 0 842573509
1476 334 0 812006897
1385 471 0 801077828
1556 1543 0 868968243
1084 779 0 471233111
1772 1016 0 370664690
568 333 0 529947633
1210 776 0 416951978
1876 1245 0 278910296
241 1750 0 187183092
1278 171 0 380288514
211 967 0 554901349
15 163 0 280364697
78 1569 0 217669355
1076 1865 0 367723844
448 947 0 594271297
584 165 0 719051078
754 695 0 809437172
1412 524 0 825062761
892 1059 0 889339395
471 1187 0 416074355
104 1572 0 929279570
60 1903 0 91061462
1947 414 0 121454771
1714 357 0 896161091
133 1278 0 670824207
288 1937 0 645307589
1408 754 0 315057971
1076 201 0 673909709
860 490 0 225722244
1411 36 0 799865921
853 951 0 650021620
1759 825 0 601804621
292 638 0 423551755
705 628 0 561607186
1783 1129 0 635241090
1829 77 0 715605348
114 163 0 505089042
144 925 0 930055876
1299 646 0 758263316
174 973 0 33715813
279 84 0 288024885
1811 1869 0 908700735
1469 1879 0 310555054
1567 1934 0 880785442
853 575 0 911941796
982 1881 0 792289249
1202 544 0 899780585
23 218 0 618321770
1141 1850 0 886057459
1284 626 0 136679233
1466 1889 0 143445489
1322 1572 0 196050063
1109 1078 0 357487370
7 696 0 454985323
928 926 0 497791853
1187 1289 0 718408752
151 700 0 888870648
212 1954 0 303583363
858 1150 0 230105508
1365 1273 0 934000304
804 1120 0 394254190
1658 1012 0 909866701
588 350 0 84098360
67 370 0 237298935
623 132 0 459943957
738 1889 0 342513336
159 1381 0 296351457
1182 714 0 917882117
532 404 0 841799555
1763 675 0 210259210
340 385 0 135882816
906 602 0 794834098
1163 1205 0 196616773
1638 1 0 199315825
9 461 0 583361841
58 962 0 795315854
1554 1447 0 88014029
525 1073 0 134410008
969 73 0 365545951
1099 1277 0 211943467
1796 1340 0 975890468
374 1526 0 68385149
1486 699 0 134258782
48 1535 0 589243373
1225 442 0 699002364
1625 1623 0 329876590
494 1019 0 204929539
469 1293 0 144562224
338 1939 0 852800999
1206 1425 0 38150997
1212 432 0 185552328
716 673 0 713130251
226 186 0 348026700
11 835 0 598562808
1848 669 0 337150263
66 43 0 957626316
1401 1842 0 138948278
129 1368 0 985782555
686 904 0 158776976
1884 408 0 667955957
536 1720 0 741512500
1160 101 0 853520186
1110 1134 0 529006761
1346 1008 0 672923497
17 536 0 639419565
1796 933 0 479509790
657 968 0 322767400
896 427 0 620461443
488 1707 0 925770479
143 1376 0 243261402
163 273 0 134448513
1952 1758 0 690260099
733 1700 0 533428249
305 1097 0 250742022
958 512 0 860788117
448 677 0 855430088
1721 1363 0 589530630
747 268 0 109824996
222 667 0 545879407
1504 558 0 385308119
662 839 0 390370360
1093 1409 0 52830878
1932 1369 0 156062793
1248 1785 0 210504838
1702 1291 0 46996169
1285 858 0 423896592
624 1612 0 159468799
1403 597 0 398185748
855 1985 0 446439336
1805 1467 0 447778438
1496 1812 0 612297812
1641 1745 0 517842570
1594 753 0 200150523
265 674 0 357005487
1198 1685 0 205888060
1950 476 0 944201084
1734 1612 0 452744697
243 1336 0 906843762
1942 1902 0 505891791
87 1476 0 99964590
1696 1145 0 619199842
1408 1307 0 243943333
644 972 0 51128711
1603 1359 0 678917593
814 1215 0 933344171
177 1834 0 285435829
1632 952 0 422796471
458 489 0 955446187
935 1641 0 313265646
967 951 0 990865748
1536 733 0 932914312
552 1337 0 246850645
629 1518 0 493127323
17 1100 0 972512417
479 1994 0 850122153
480 1004 0 331781856
473 1090 0 644308394
347 867 0 504866882
1303 1773 0 525241207
450 1915 0 929939740
1304 1969 0 288081113
198 914 0 498674747
1173 1264 0 681236749
1333 1563 0 154381534
1520 1223 0 829382903
527 309 0 157128888
934 598 0 876493243
116 970 0 99301138
1374 1884 0 6980871
319 205 0 442476820
1055 1242 0 993073472
1550 1280 0 413896045
599 823 0 44856235
680 1936 0 294040384
1279 478 0 492804878
40 1995 0 399484070
798 1005 0 473922069
1629 1936 0 501654360
113 1246 0 783799831
762 629 0 866900591
1265 1964 0 268128962
1825 1403 0 157491939
488 1175 0 298133832
551 495 0 94022942
914 1558 0 918314955
1578 270 0 613074035
421 455 0 267032042
1026 1372 0 188131880
1438 678 0 290220759
675 1056 0 404113673
973 1308 0 708433020
374 284 0 927521228
856 343 0 388674354
1894 1609 0 930721673
330 406 0 462296212
1900 1297 0 462800382
489 1104 0 693703052
56 304 0 896770620
1343 277 0 636453070
1356 13 0 109990148
1803 798 0 178591855
1256 1318 0 779020966
314 1848 0 291806277
899 75 0 840017509
1549 221 0 914789991
1048 496 0 99399709
1122 830 0 524049345
163 1587 0 46121893
1451 1302 0 761961550
1350 640 0 128248897
758 376 0 420484406
953 1636 0 142467075
865 670 0 914850945
1771 1757 0 550188603
1017 1327 0 427716508
1910 154 0 231016046
1135 93 0 163051397
1553 971 0 281092035
1711 1575 0 901878046
1927 496 0 874370498
797 900 0 885288501
312 1867 0 260237440
134 746 0 915228902
1280 502 0 831590610
650 489 0 746462134
1706 280 0 231508963
102 904 0 567706467
1259 832 0 88994286
1671 567 0 813329591
757 1509 0 682337399
659 1415 0 357228489
582 862 0 637935122
273 1864 0 888594758
824 1313 0 744978998
731 517 0 65926298
1239 894 0 551308255
444 600 0 553345775
174 442 0 357966405
1622 1579 0 355258476
1573 1074 0 36870606
1429 782 0 303380151
172 1517 0 908583477
1763 1545 0 491686707
1403 1717 0 756663999
147 999 0 318019586
274 201 0 802756322
709 704 0 875316808
847 554 0 118602518
603 1630 0 750961779
619 829 0 914635366
864 300 0 838614901
706 398 0 621322134
1573 544 0 873370527
1666 794 0 777650575
539 1817 0 641171570
629 183 0 355234958
775 1216 0 148808917
419 1214 0 410262888
1899 132 0 896595705
1375 1179 0 749409419
124 616 0 718668324
222 1385 0 90745605
1141 179 0 319852154
54 191 0 968136844
741 1398 0 186087882
1429 993 0 615376205
827 161 0 25405361
31 906 0 449969289
800 1473 0 758371999
639 1094 0 812125653
1210 51 0 757225379
502 1633 0 452383225
1632 1956 0 904006262
664 141 0 894375020
1747 1862 0 919609726
1287 1256 0 36671322
977 980 0 882203119
690 1578 0 220764559
1310 1506 0 234765277
15 1498 0 377694964
1397 1337 0 653493008
41 1979 0 448720271
307 1956 0 977874269
1960 1012 0 254594151
1053 1482 0 895105439
155 1898 0 517121382
1568 130 0 782253977
75 1458 0 386123984
759 478 0 785177957
450 109 0 774936410
1508 609 0 46603927
1345 1661 0 151167676
1140 115 0 29865729
1104 309 0 136170441
1293 1720 0 93921855
1526 716 0 931700633
1272 234 0 734290555
732 302 0 833814909
1216 1378 0 66632383
1329 1998 0 914139057
488 1446 0 126077445
1701 1763 0 503377273
1928 1211 0 638496587
1574 350 0 51769078
828 660 0 653207060
643 596 0 35465667
1007 858 0 227347016
959 811 0 725291021
676 1592 0 899196068
674 1877 0 646250878
1203 1820 0 322109026
1326 606 0 360600012
1660 338 0 82347547
980 690 0 605744810
1177 1562 0 108869399
1669 382 0 680572616
1248 133 0 861876597
1197 1492 0 543222511
888 1743 0 665604764
1083 1561 0 237760291
1433 1984 0 593631038
107 1941 0 931245705
576 1978 0 377229496
554 1306 0 568077367
1425 313 0 389039212
1715 1250 0 978628310
1025 1201 0 242279948
1999 618 0 187653090
1314 189 0 232313127
1105 1571 0 16775651
1243 1998 0 986416161
1131 890 0 691797784
188 292 0 735843726
902 1099 0 867191006
353 872 0 746265555
1431 246 0 828754768
819 106 0 233307143
1484 961 0 46999881
771 661 0 354140753
858 1499 0 817161671
912 1707 0 913832411
879 1633 0 762304171
703 851 0 386735146
1379 1878 0 305604431
1569 526 0 676213092
378 319 0 800349108
178 56 0 364391175
344 1707 0 673204335
1176 1128 0 301732953
1953 287 0 541502361
262 1836 0 938889654
1824 769 0 570154481
60 861 0 556456799
810 554 0 796765200
1704 388 0 264729022
525 1371 0 32831187
1837 432 0 960786016
1028 1622 0 923847253
922 299 0 480452396
1705 157 0 452041555
135 609 0 852429614
116 439 0 575146807
1044 1733 0 680759200
90 8 0 767293205
745 1043 0 947324598
1023 1527 0 631028623
244 1690 0 532062552
790 1777 0 376792683
939 691 0 108770162
574 1374 0 374474486
1342 1098 0 204394052
284 1000 0 671478146
1464 1119 0 175188435
1400 568 0 671055230
1503 18 0 77896567
1816 865 0 916297586
283 1102 0 469856042
648 1083 0 192430970
858 1101 0 778326711
1716 1664 0 185627092
424 1101 0 760324709
722 966 0 37909000
1211 1694 0 660661597
1508 109 0 522606259
1005 817 0 541276895
15 349 0 173759515
1414 1752 0 834907437
1108 564 0 110904483
1710 1057 0 730709479
1762 1670 0 542506047
1678 779 0 933088585
2 1631 0 658359134
741 1030 0 512833110
175 1126 0 798921699
1786 553 0 72267709
1741 1857 0 116554116
439 468 0 555725065
1434 823 0 51156523
198 322 0 655930286
931 1456 0 869655387
661 442 0 672872716
1448 1159 0 958558600
1312 1532 0 220700484
547 376 0 271322854
1742 553 0 819921606
1810 529 0 796573411
898 220 0 205630952
625 116 0 118594669
1059 1454 0 158027401
974 1750 0 213202484
1838 874 0 810874748
1517 310 0 724688478
1223 1919 0 641504434
1664 1554 0 181942876
1127 789 0 853845078
1923 390 0 640598233
1142 241 0 143450221
1280 1985 0 132977557
669 185 0 70451034
1373 1726 0 904975614
1288 1925 0 942042745
955 1880 0 352500319
972 1719 0 619962946
112 935 0 667659150
1501 1784 0 780424631
844 1623 0 292176635
560 295 0 80406426
1206 1890 0 664645003
543 136 0 149260004
79 1558 0 461255257
321 1126 0 4002275
1934 1242 0 371501697
483 1787 0 394631296
22 1784 0 292132721
514 1412 0 884310644
1076 1497 0 572896675
1810 1028 0 465418726
497 876 0 127674331
916 476 0 123430088
603 1545 0 998955458
1710 527 0 321404794
280 92 0 864013884
1606 232 0 562423073
