500 2000
15 190 278231385 119779265
324 202 461046225 242704322
478 186 575320198 594395334
151 441 669756812 279479755
442 317 45326600 178399729
407 95 494343850 514457995
496 5 384934687 497308764
84 450 297833389 405081962
203 217 419916352 980782856
434 44 354244177 158403120
110 237 172072847 567723354
472 384 97931472 108186083
456 93 688583406 278241000
180 373 365786841 876348184
235 346 832976159 656240356
486 341 637870924 531875961
306 162 691995332 385923850
152 496 918100801 332308808
220 86 403599393 452563876
378 449 306457728 880913790
120 417 626142835 100336767
82 231 35862154 968002226
464 119 890736121 946766393
475 222 408456521 325193783
423 443 814119995 525348395
201 239 958840739 104900816
336 266 29072087 289813532
393 42 459856678 377347655
171 143 369401606 133021909
156 304 274092432 536027086
402 104 883475579 382172557
218 491 380778532 272279945
393 444 359010784 165896952
336 197 950279443 182597457
367 244 775559412 173882997
311 278 436546510 105119199
159 339 259538339 664275938
27 169 672277880 844063237
21 360 650876908 551561631
203 247 279759124 800596205
223 485 435447896 724958825
228 160 956987056 699855547
223 47 810068155 321145101
305 193 319403613 579041503
68 198 529357167 339798006
360 114 168359454 462886853
91 64 136489589 986573040
464 349 479424301 697237416
347 474 487482634 657260954
34 123 919781813 494741361
299 47 478952279 153818686
339 427 87211491 358333845
40 31 591294449 684268031
402 193 827242643 75393657
385 413 714291746 374407347
375 117 809873543 23512518
262 461 653240613 252513206
199 204 696108110 19510656
373 484 266989881 137947708
178 437 571243717 501875214
347 444 256239732 694099049
45 489 832023520 203915565
239 304 683452024 936437319
371 460 608679940 602329949
490 199 785935055 366008658
290 207 358887928 500037463
158 210 687373397 135320578
484 324 355230731 175490588
233 92 227488780 321260667
321 126 572593330 815564868
500 103 478217884 948233237
200 196 744285731 857341608
290 258 349411034 10835307
260 35 685777240 49148166
184 252 378324487 319052107
40 398 779302597 560471128
137 98 415269831 235752715
29 337 825710250 895843149
290 156 84116159 383755583
190 180 373288005 452909014
119 416 951248631 859746626
325 403 751580193 854651326
229 238 146875793 759277346
226 422 210385073 769888393
154 141 539269452 713255644
31 9 817580229 624346973
394 319 356558416 817746304
52 93 953019183 845596991
412 251 729604256 874224164
413 189 341968859 995879675
160 329 833309935 544531485
326 143 576755466 737861625
114 241 925491578 74695282
498 45 790993477 237392571
351 176 325924687 256474627
80 365 467242719 636441762
184 93 376025052 482680305
95 159 425492613 360983876
237 124 580742808 735889516
183 433 469431074 549966073
445 159 639813289 17625092
223 172 177392194 746451021
197 25 876705434 523237489
439 445 23726038 972057815
436 238 51615685 656194669
252 240 114436196 520113040
461 74 326611003 843171410
191 192 398990993 274680525
26 97 44427765 918986943
246 146 47771263 788798702
212 369 457294094 274216964
244 137 781021054 76664358
175 70 169674079 414450507
274 286 259923600 961529451
445 392 499162305 245267922
131 286 89490800 569520600
64 76 830473639 562506213
25 457 347104590 740538561
431 435 755255405 25971486
393 298 100612858 702207461
333 389 592407976 934644179
293 469 592124485 192673654
107 50 853320206 33251634
445 486 186994332 968698206
356 105 181809363 607890237
71 159 280193863 294162034
7 122 436144970 559402229
256 318 894998013 897383386
468 240 120993080 706511865
381 337 316403657 141099145
159 186 649137225 26485151
334 390 460789779 242323888
145 257 711915565 763695800
488 120 850739052 513549940
221 408 711611791 220006016
253 4 542612200 245776660
45 330 545268740 712799626
313 474 829411910 82237602
477 389 298010879 808352722
223 470 902414662 9841695
266 177 113975952 448505198
82 463 980652376 582721801
199 231 382027907 687802691
251 109 354267172 228257712
457 491 627395573 167433254
61 125 268021984 780955283
148 302 371204328 344876509
62 461 362877104 59781698
213 386 861651882 143464119
34 415 715003207 857829274
262 494 826526686 831880919
343 166 506237739 571759564
52 183 952715423 948952575
128 235 826217997 642177997
5 35 886603720 776696227
402 460 171238279 603240867
465 200 904492655 246309948
344 93 669967894 76029294
223 365 80646145 462949412
299 433 979008794 45417012
499 240 265354123 922217968
23 367 596849293 840644547
350 242 595995638 220728155
315 306 770647807 309512649
361 203 638806648 607676449
180 84 407729779 625443357
131 165 136773220 80198356
7 136 954263823 866343030
414 42 386938806 663017318
141 339 671147365 216151848
156 482 369164612 831891116
379 380 725736704 781789606
494 95 82336719 641237870
290 413 926597031 28360733
59 104 653001985 699050581
353 173 66976848 830060641
183 260 434371503 979308628
61 386 25133504 190373308
223 120 416973387 350966018
60 477 550578061 712886503
155 190 66613440 96167430
256 492 396380202 278298759
151 399 80771281 790869460
456 80 638168918 284508655
368 425 343277434 26340595
275 362 793336881 435110845
361 485 67771978 873714076
243 360 137110724 978849556
201 235 389771940 281869823
45 441 531757300 777014948
71 73 820970680 123569616
397 289 579910600 433130089
181 298 739440119 993175786
470 155 144354479 817520389
31 142 960547929 9944469
480 235 672689322 969559007
204 40 484020398 732007964
105 136 194963341 939823851
46 163 965582376 898038250
214 122 826027621 458750565
225 364 912986240 377199136
313 157 165578745 991200048
491 130 299047272 119396177
222 332 415081272 329971139
239 67 829258894 697350094
24 443 97241084 891161514
365 165 911944410 825255056
239 356 311537349 509619183
179 96 1667261 155462508
139 91 251538292 154157355
232 411 368058033 329075474
350 127 448744397 122794305
471 204 400694526 920918634
50 79 824612064 252177589
312 75 751414981 951738386
18 358 278177168 303586648
328 17 453852056 55647337
155 12 129975143 205956784
396 161 9155303 314367274
95 347 615095603 847814434
288 51 451593572 61262701
493 384 469294153 905723665
172 56 731735875 935698456
284 167 98719713 728856457
331 80 562882696 566925487
5 316 615954364 842567693
411 484 430272173 350097129
211 364 163871427 272550910
43 38 136501822 837313045
16 363 936702072 528846199
218 468 27583332 90738227
198 367 865716563 21156026
112 347 273166072 409940729
421 152 551614454 947212103
462 52 101606905 934682388
260 265 253637239 65120511
152 483 651018986 618674885
20 98 850794664 454560524
366 203 927398388 863616878
251 1 684321587 48106021
462 251 456923438 556478392
310 356 134511578 859609712
308 402 608581447 150541482
342 270 337728542 176206904
2 26 893788149 606922405
244 378 959301968 112789836
186 78 399600342 602708977
381 340 680556875 188488951
357 443 541676164 309235421
17 212 816383835 416128899
175 78 289076710 180478641
196 128 245031108 190471571
58 378 235034879 452969547
349 176 913191365 849383535
299 4 954772980 283329345
340 337 847037243 720930590
469 354 403903256 227639861
156 382 127182338 100838284
157 404 725771530 51037398
183 499 289956561 11156738
75 211 868688802 659112409
167 56 834222806 435007973
338 390 285615008 567175161
200 496 450547169 477792773
462 279 39008761 308912890
314 51 395377331 309899673
372 127 664151978 514296314
404 75 481700658 243872447
384 5 924739765 704502979
283 138 109712970 652154148
436 280 536078794 831580402
119 369 293660556 301330813
265 268 56045430 888520524
397 458 32830446 335426599
314 305 723378986 112678785
6 346 612690249 901952719
176 140 648707208 946741269
94 64 627624883 722218874
225 481 910398902 376238346
116 33 282665288 702832748
164 153 104243189 805155498
444 323 823320799 757466371
156 422 795103739 325404367
114 379 177079525 321750515
120 499 727363232 840509372
43 58 606426167 987017900
134 284 351534278 202633574
278 242 901706118 562900408
165 480 695811397 460268205
93 90 393938128 6497031
306 164 620066833 910946396
381 72 279549078 486148555
407 302 145174633 597020226
251 239 769787281 418783335
396 491 191215888 894248610
422 297 912811383 495331129
328 317 176514605 240126145
132 191 53729928 456514298
348 207 67396218 513737455
342 488 951009955 901470952
131 327 893132525 548431549
55 217 322060269 164873691
339 229 646659106 542023919
109 268 24953119 215185256
426 323 979737235 884669849
188 441 29508122 367973774
98 452 355996453 162478980
14 272 487016104 404452250
151 2 59652553 243372037
68 159 807439489 576704603
154 158 169807856 573688613
78 334 552675428 776807204
470 32 562262336 382764462
476 122 180545727 440953001
361 14 297430787 585783863
110 378 432718981 143549084
254 64 680296958 796078268
464 188 31874867 417622867
459 110 365381102 886237527
223 424 556683967 484166989
102 339 164196320 367092701
453 71 505105719 513925212
254 47 626108069 436530618
221 277 747296319 82938160
108 103 567998252 108796228
341 25 164923671 482204402
137 111 116925405 751082468
289 426 613309093 5346499
299 232 972567177 648728261
5 444 602521037 166519124
418 324 870420471 164363267
287 365 32795189 930213093
414 228 758708555 763488637
236 264 104964953 202796082
260 388 787864581 858614164
46 269 421994757 639852818
30 232 422044985 280479570
126 122 893066866 527757625
264 463 356886735 263069855
492 307 923718078 867487
191 95 694605712 415161941
143 413 754651178 661463549
78 446 459244069 37565852
415 365 118275317 834354656
409 36 354625489 640133339
68 7 11233729 772736074
386 425 846535019 671617967
429 87 709919753 643697004
363 160 918262136 231740782
451 261 390758365 797989552
316 111 335570852 925885713
335 271 772156711 651500944
404 175 547214668 508378370
247 425 509790293 658667614
182 477 218635291 925171479
242 250 927356321 958447903
38 411 359145477 272993056
42 118 38541731 276747263
463 339 590844468 312612116
37 386 832879355 250002575
383 86 302536218 378810008
489 406 175090560 93267362
182 72 878518323 863986148
494 154 77635402 526881508
180 285 646406514 158674002
107 247 897582877 135220163
191 266 564060874 399397316
226 476 138693700 889200773
275 327 839449741 488347573
227 250 650860098 635877929
196 101 624924373 193264091
210 140 774484552 912213123
169 190 458418822 918901315
109 204 312543691 62716223
10 144 590742407 737368322
156 436 16395238 804256900
495 371 114688033 159848112
354 118 192343194 552106564
209 500 90021440 674719559
249 242 308489216 919289683
236 467 371848319 678219926
190 157 274643207 137240862
468 451 475628581 911294283
293 7 435806760 135699042
68 254 999398827 807748417
179 59 182200235 759167457
18 12 146278898 102524065
90 469 735195185 781892017
10 136 532024083 468367485
390 345 778912831 420646197
317 159 88273741 805629493
154 334 234914028 647520992
123 97 366923544 783377260
500 62 978527678 211810337
303 213 848519224 290746866
430 474 160892408 881676128
403 393 923956673 380696041
297 313 231055366 408681705
368 489 949271667 475556407
290 313 208088052 985882725
188 218 315667342 178147600
121 68 510661148 809280981
133 415 630507809 463750859
443 336 454957112 758317834
290 54 783353556 556639286
489 117 815490651 146757106
132 64 611462967 272811325
150 193 205634839 483595437
68 125 273613710 35825886
237 411 539379511 4244993
20 439 111804291 742539064
182 121 240734033 440842813
127 197 314803482 134633751
467 288 705710859 947056303
193 176 629621285 634505444
395 312 130903429 1512303
137 402 400367874 666314055
472 488 587191337 805781775
291 82 964395359 706704164
209 396 215173152 943088223
124 109 250360809 746942109
347 303 605864389 333336708
33 131 20897987 611396153
247 218 715884686 665334123
426 499 408354680 952388147
411 263 443506081 165048426
383 96 292631851 997085668
45 358 590564960 617444192
279 150 486007911 380092861
492 167 204980875 529908465
164 82 747394656 730138463
72 257 460537177 38766629
407 23 958645278 609436366
337 255 14040680 81267992
257 214 843943781 559507243
122 422 549992790 103175139
134 225 950634610 386323355
315 415 974422009 820993890
477 237 627999188 164286358
27 486 501405780 240352750
53 354 202118520 164656645
192 169 584614895 696577289
81 154 79339311 739643327
118 475 759342472 734560531
469 156 303925876 379863636
340 292 261120673 153117116
366 40 729156377 417370359
350 427 38824170 294681849
438 233 910550280 549602318
150 487 585484800 977094796
33 189 631914912 668969280
119 294 914036698 694042359
362 33 393856263 618695629
436 280 122274648 39941362
308 348 409552245 113366858
369 454 191476077 244635794
137 314 664632207 435439179
166 416 291615278 671816843
294 264 538394374 311138645
56 61 362973633 825903849
133 397 61072229 88682063
181 75 97633045 685874630
397 109 70039454 88866960
91 419 426300336 622209238
152 315 440267904 335161247
399 350 871741362 303210335
17 391 966838203 788941734
220 428 670600325 198218105
406 392 473733191 828696900
206 459 253580893 115070158
387 236 768360721 730908536
308 17 68565706 341829975
255 457 700462168 178987639
168 452 244294375 588891362
276 415 17413378 470280528
99 317 923599423 993352421
257 361 270673534 2077424
490 109 379257226 654824055
458 423 782113367 570593452
383 378 150315403 391046067
307 203 373233581 244540348
9 304 22279815 312039475
80 8 214860147 87122109
61 57 828246707 358248068
174 266 345589696 703902755
276 50 936867341 548464165
342 387 469293694 967195255
37 148 927643027 211421855
108 182 576276964 983937248
443 289 925087846 988355338
371 428 291039805 32026352
382 7 532053665 724204713
87 18 761416737 394103506
204 173 867429103 69048785
13 286 436651797 794058849
309 226 940514660 561299936
198 16 641813061 405165859
466 336 119763638 222088651
200 297 557560289 523460771
38 130 307496328 970452732
182 255 739194301 369519787
193 247 57933703 926807903
242 302 523571817 380396821
195 359 279135914 646894433
93 97 152006404 587319585
404 45 194106986 441037261
229 493 336672706 473684281
334 392 116981941 42125272
422 204 408393133 548557656
469 215 336072921 204721426
233 324 838473171 517054503
278 446 425236905 866077240
296 165 513862514 512824588
173 262 715955562 137855824
223 401 944502600 120189026
312 467 5451496 673694568
267 487 74659158 711264828
193 402 61181251 630516789
268 255 923114726 945862012
382 379 781331355 799486628
42 306 362811651 128333098
403 91 146125437 695492466
424 461 937819162 72904776
16 294 162992938 283999978
172 323 424788625 112216481
228 406 108973434 279499819
482 322 427329378 77163580
306 348 803885030 313918430
305 23 362824101 979972649
81 406 420489996 390354619
492 108 369013429 128124580
397 163 969822813 483862141
63 332 12942565 932795698
25 168 950298435 531887846
235 74 863147996 507013747
208 281 336632482 836436473
211 50 748662809 235506524
276 237 29429287 667342968
432 303 313618241 53489565
118 445 264844002 287317239
247 469 653650781 124150377
373 429 663767239 825432778
142 172 815956092 914308156
109 13 578756892 847522701
208 9 366398291 850914164
118 117 396210132 774753435
143 137 214278142 962803622
458 489 84694673 16765730
167 201 105108590 779274890
403 23 829441238 576330658
174 438 749741579 632116715
464 145 786214750 169972213
384 248 163489285 683961849
60 456 321608641 92931214
123 308 35325220 825848168
315 94 844261370 779594769
217 57 668040139 50651250
41 414 422281825 137055887
211 255 173280799 473598761
456 132 564152370 959290744
345 486 772062214 973218888
18 280 450670094 750620351
81 278 789962568 928794749
247 350 469480488 871562212
193 415 265564009 262568610
220 314 734869094 473716396
380 200 598401846 897721436
217 87 957640333 744709266
251 54 19620870 238079781
472 55 322129852 524975206
49 258 894103380 325916942
239 100 780524053 200097426
491 48 234978284 532522663
93 62 461962074 205449084
100 129 212253077 274586635
435 116 848736228 453202122
189 97 296916706 424125528
93 99 672179105 540363539
460 441 742227720 754285995
74 459 465152411 375806933
132 111 166988567 978679174
344 461 94345736 501915198
272 311 920493806 927072197
42 482 295062308 782435815
272 442 735868336 327844045
317 20 48503379 882350664
299 408 322777064 585326804
496 224 797583616 419301383
84 67 914640867 277481517
293 225 373561739 562630795
52 433 998573890 782447228
436 22 925025951 705033067
381 110 166703470 639575816
464 351 557688056 473927629
230 474 117205690 246752530
475 469 385422 438778450
166 386 816046165 900421139
363 464 168173698 257063308
82 498 28788792 426038148
8 483 831400468 991195275
387 103 550234679 252463868
219 87 223178537 36805253
319 199 514142165 887551742
290 432 587799017 486301604
283 161 564220492 186945769
75 5 539738766 495970064
251 322 543494965 144887156
193 165 543007377 850100432
368 363 890422352 857784231
61 455 748160748 93627100
237 309 91631963 306326983
242 156 831067667 590208706
227 16 884539720 136857282
404 136 861852386 731316098
250 192 104634050 886360131
58 238 265404921 411547527
346 87 6546158 415076060
462 429 589398306 308051505
22 70 766057529 287133600
69 198 432125651 949519866
18 216 63808096 663745879
204 304 355029408 454397330
27 110 617804331 459782519
187 211 818945051 328841322
403 463 620633521 46368713
223 94 410167133 402545153
275 385 608194986 57458392
126 242 233751618 610437570
190 64 11760369 103218251
174 20 766523733 778424544
189 160 903670282 588680680
371 228 108241939 264416970
115 403 326463508 295695639
424 101 277829279 312257946
300 187 848372878 999683069
364 201 170694287 509821322
265 184 261731855 937610293
161 488 132928380 219536659
403 412 248707373 110414635
154 37 435287196 688747534
354 25 529725088 171242969
143 263 202984735 114071732
375 45 881199841 18293010
101 320 830063571 21564751
170 182 230100134 9090128
158 434 962965279 25364076
208 168 883359245 686015359
427 315 737007453 966460748
308 390 175633805 455425835
241 441 661376416 722435288
455 86 47942380 610416667
93 417 109947203 268962119
415 346 232342375 167782729
307 137 977608646 572081409
97 293 431008201 417763874
406 325 274335936 167706538
263 455 614802671 357174655
122 58 16441911 464906381
316 325 730211067 985376658
165 383 436073567 355803810
26 296 630462782 483423804
481 183 529286527 818654470
330 152 406167934 38879581
106 281 892852231 790185649
53 288 647898704 404163487
380 89 956300519 160716350
174 42 970231038 53108087
327 17 316656064 721110394
285 232 113658122 935229859
227 252 245776765 295362268
319 155 66391661 499715687
52 377 63680209 68072502
499 308 984221860 184129499
228 219 397122935 496930770
260 418 816934409 157138964
374 427 104903386 801109031
186 147 353483592 94338178
489 324 222956948 645470681
123 45 332814924 340704989
153 394 730550163 893263994
149 12 541154705 794049892
435 93 619225339 325692066
74 353 730293454 894862193
499 183 295568136 106056677
142 337 576314248 38433208
18 399 16678442 612816763
373 385 544248514 783240263
345 145 185964966 763632165
67 373 284862758 574011050
212 173 393778121 193278170
223 475 988094802 792409064
7 15 870530385 567724086
160 252 734661125 918834935
380 298 695038194 736519995
455 332 388651234 679532546
301 356 914570865 288139974
145 37 773746438 643564627
12 450 330251256 854480724
77 499 516056202 311742431
452 114 981103691 719527712
454 444 258179586 301456772
88 359 733149043 199885
202 450 209183065 217460682
7 380 922018243 629327639
3 89 450904134 932390254
112 118 100912801 892402932
193 137 183027504 775799687
21 225 29897594 518830165
115 236 539030586 637739924
430 327 542212457 781961180
253 389 639646415 718957309
375 281 956784544 775197392
400 305 211418064 4956166
171 432 577602179 552418616
152 41 516086828 977510154
173 84 79379055 634700694
306 17 503101760 932532314
213 5 806269780 426819827
311 59 605985087 71022016
152 8 534110394 328108283
155 163 814483431 204097815
166 48 411070312 365828421
217 367 934332057 399778129
362 359 768168763 995115853
46 410 498253955 137573860
118 254 930092002 219567594
392 308 557924523 477256660
292 452 225759315 670691585
98 459 935341379 720507625
5 257 485153118 391283059
79 249 308482393 365566663
89 484 196623477 289271977
1 392 196393680 410466951
237 485 448460159 360254131
500 225 277885280 493578674
341 422 141406107 932267030
345 199 145741410 584805909
46 69 648734996 151856589
494 434 652634705 369053987
78 122 87062561 813003280
414 80 905889037 732412996
135 408 319752116 197826013
331 299 933796536 651662876
362 152 1042529 164854826
81 361 859562350 818673477
86 385 252539837 405583665
411 372 100889035 817276184
440 463 370804853 422143493
175 439 561625551 287666630
401 442 265571819 452488392
306 81 341023980 674032701
27 471 986052876 92376105
354 489 281377129 512920934
86 496 252697790 123072651
466 326 42567199 988280557
273 71 44468609 890527648
443 373 977739193 124858512
95 296 449682452 805558986
183 150 195199275 955803107
353 93 986453168 144521556
248 275 213539408 114000764
132 429 942950655 144198003
465 94 262468558 949806392
293 435 815908729 431375526
226 497 603438588 268496026
444 227 362766527 234643710
322 117 239327734 789158486
451 338 910677947 795842055
172 117 988224155 874529444
404 320 826407734 788860768
83 220 93781693 878117760
247 49 383985318 374556352
279 288 719502671 859734078
234 262 466091245 43281976
389 161 738405233 238238138
394 265 917344850 421962461
20 163 529994198 857399402
221 315 389811683 499585210
23 349 154816621 848277527
7 136 373130375 432587520
382 479 70444730 199918712
183 414 31600522 270666168
491 459 499013233 462046633
62 309 618579784 834722401
130 369 393996514 450289349
471 18 628279527 153238757
149 121 959236201 716339229
2 389 482081117 268578919
349 263 508329856 171666389
201 151 587333181 19909122
250 42 525749002 558661176
319 335 551216956 413397208
12 351 813824233 528208101
48 320 277411766 631266519
86 178 587448963 754753186
491 157 118776349 218946241
203 13 252496412 823726709
276 243 429865256 333701552
210 50 977525297 456566596
478 163 619820799 993713692
393 198 463507957 843591570
321 281 599085960 961929006
156 459 456867444 770015523
367 28 446131058 570930767
249 360 292425979 860264157
12 118 391197292 207282510
88 458 227582783 336762327
32 302 229948219 850064647
374 49 739482251 486401572
381 358 687138519 269912054
9 347 481481644 681907936
111 452 220541043 257595982
249 290 3257735 821954991
384 373 768825045 306449589
64 112 109495430 950663771
205 385 782791169 874490658
231 343 916205995 416140967
146 114 600761502 803794408
411 171 188919613 918983802
153 265 953380459 844450936
200 95 242985164 185887716
106 388 917498804 460718505
7 344 215069230 524599103
233 355 830206517 231155773
301 216 999006870 871596479
99 321 569624301 650313201
76 297 968044755 998447273
456 322 731932687 708873164
230 164 554737895 533432307
117 423 950159393 183959945
215 82 683605159 973014431
391 7 707953665 109724422
82 168 194590716 967366988
73 118 80889634 992790492
140 25 961792181 141392156
375 245 871682441 671868176
109 52 525101455 875006494
219 71 103015029 94465363
435 479 807277157 944220132
199 104 630221578 33766379
41 142 713117888 654521136
7 453 335115989 496767061
462 471 854719433 436457701
252 208 259163590 89959140
64 305 398976136 974910391
52 112 77754598 454046725
284 85 391723186 790752289
378 122 982655469 733409116
6 380 636435593 952442786
2 15 57835376 247386927
171 289 911365448 488922991
90 251 516682906 705579050
332 484 61422012 917074518
131 192 998024637 701290446
138 147 343784907 583864839
106 449 959833617 857875058
163 287 883464370 787141565
39 335 539938844 519270169
161 312 666560507 86827228
408 486 288208277 534231775
357 18 388754980 648997290
447 144 247820163 567945779
436 17 777407198 436726862
250 132 311687461 537011000
449 407 614150590 842292028
27 238 651572415 174332167
23 224 881441413 662256851
128 262 454842113 895326857
166 343 129514553 239842867
80 361 752653296 583695687
441 120 405775178 490106066
441 421 528000352 7060040
285 397 36381445 488331211
413 418 992018681 611857789
335 249 636173594 139633166
409 93 522827871 645251811
327 269 680556334 89838044
260 221 972090388 679602957
314 69 60475890 470355858
292 192 407110165 515484257
364 228 114293913 247806281
77 211 609635673 13450485
55 20 77629013 478285812
496 260 837675765 781746391
100 274 646687461 155737236
270 464 994192999 417192937
271 461 63005484 123880669
302 193 921586187 994719755
150 88 294106447 413680213
327 95 206848883 783864405
493 450 452558596 764261240
139 21 461896682 250567353
479 347 19467211 21445004
373 410 242913920 961098493
387 254 343467712 457870395
86 288 639829232 924358491
430 3 976690881 319359691
131 198 211681121 222417698
170 195 902936454 243227831
91 230 398796067 830264108
229 420 477924592 570064949
448 51 829888841 390797675
75 18 626238717 882030378
36 457 893082249 825729001
345 256 41727415 548862884
136 486 34099662 830763923
51 495 995700533 736314143
220 277 324065670 204103053
132 494 479185261 185349632
315 382 663453327 521047458
196 432 358983393 810876878
457 22 315969932 658132495
352 271 832408367 944273554
283 400 598993607 160780316
408 299 490817419 393549984
420 432 782663290 935011120
329 291 45230689 648232478
444 350 356401273 137285554
372 72 350801833 170681503
134 380 288834973 61971261
318 128 497521363 633664608
128 330 77983024 456217159
377 366 818153272 885994671
198 165 965876476 922506719
105 319 441088304 433284489
373 337 9295375 474457722
267 257 9522256 58408883
280 124 984273039 516462403
176 174 761870756 427533874
207 390 170366869 908352926
84 120 992802617 754777504
303 409 543779940 894600302
204 278 916289987 202568506
116 122 512920861 353171544
215 118 646419198 704738267
489 372 959964433 599892613
298 391 448688626 620594259
106 181 115400098 976593461
359 170 99842561 581292310
410 136 491603649 70466633
355 304 810079702 703871955
338 163 298255565 510343400
20 178 904708377 379001782
438 225 636374195 704561727
50 234 825999666 278769890
343 435 800515611 719792563
213 277 581566990 925311196
183 429 704795412 541051585
238 80 928050691 520090760
69 302 345825250 241718810
397 336 285791689 75086550
161 200 227962214 405245534
327 329 537867106 611264519
55 325 874412590 597546016
495 339 112119673 443841687
207 233 160028983 177330350
388 293 381212862 335200799
298 212 106329389 708178668
403 67 189992508 348824458
376 62 254370145 377321413
328 160 443273178 431870769
102 395 661320915 658563416
484 493 650560515 916397004
33 183 240941194 249817696
24 3 825075764 47914551
230 98 127063973 369119794
439 413 944039780 465849252
404 206 321682179 603798508
450 292 539498418 836886918
337 119 647659832 992823237
8 174 62660558 758158003
231 289 897190789 655416243
464 109 642451726 896380085
287 284 583515289 233886603
143 216 445080035 155117866
190 182 790631145 544351142
345 58 631377558 489776824
19 265 129133693 148316534
274 288 41462340 714106232
399 26 478306751 682536205
458 201 282737152 77359406
127 390 866607097 513487618
475 388 759064755 106376968
252 467 194656870 360076653
170 462 316129020 103372009
160 140 614638361 605309787
499 164 117982147 425220474
155 390 944889004 438438611
199 131 292974835 338785012
311 360 33651056 241742773
435 198 30368648 740610724
404 353 480179339 578875341
264 432 103765493 843999358
222 67 937843703 258825772
46 409 459685621 382338695
463 414 301583150 91275782
271 127 398952771 377029677
405 186 87525432 397821756
89 193 884744141 149848256
288 445 96849807 744245678
353 277 45598493 738347325
275 257 72634372 928864358
230 290 712351965 638877976
23 77 909833173 190175227
214 216 724435547 249965117
429 83 598573291 6627909
477 395 676083967 35105243
90 164 941957338 549595762
478 185 433624158 220469293
416 157 58628134 308823918
474 285 804725695 752839562
158 397 635815551 760529849
163 286 754226769 734010256
366 17 830672734 371443697
435 175 842187756 997702684
430 251 87434973 794401220
321 384 896659486 633229082
261 382 732761478 675417499
496 207 483863136 541781778
66 35 773797057 670729710
365 163 593689956 311409821
13 203 195464672 630288409
87 357 91542483 296165605
115 177 221763658 806039374
157 26 895187614 217787437
338 477 950409251 655507200
446 183 593823259 799334461
114 194 569100404 753568520
388 152 867298847 177267897
370 468 477808701 949438175
161 416 201045226 206481821
495 156 8413127 147243188
206 480 231677241 278752683
97 275 867558469 869325112
168 238 726272852 516499575
242 248 785551825 737797706
38 44 824001475 346505389
106 386 835640584 873303159
452 5 836970412 995271133
295 65 603063984 911222579
150 271 557211479 650222539
307 259 424516704 33723255
75 382 857775610 900430430
249 404 775225220 85522913
398 457 889562439 722863839
222 262 784810077 640632176
400 430 344478673 921675054
313 48 387155091 524046497
146 73 522543811 631024693
86 49 60433816 826626492
250 231 665827033 687530570
121 79 491273470 495219537
132 168 570767896 259712026
332 151 907325225 664988224
43 452 964604496 124870099
7 285 963952752 620059886
295 476 228346443 266020390
138 488 353973162 971578741
273 492 838270939 629885285
415 138 899058346 376254142
96 378 328506491 103707587
270 30 962053452 183998342
265 249 563307419 106778606
418 412 116680335 277915151
282 413 289969964 203377013
92 489 544874873 674792281
313 406 712182877 767571751
359 285 954213090 913151924
386 312 779371821 675416513
149 287 120279081 842423595
18 51 913147277 3604772
250 54 263936340 481280681
303 399 929787450 620646084
440 174 547171596 844100505
400 183 397896495 90051122
466 385 188242179 672347090
123 445 831721697 82920676
200 457 339932391 161598591
103 352 612801639 514238277
125 447 255439579 423469846
3 50 305496489 42300503
287 465 242511678 396884650
331 16 594197255 85383448
286 379 926434852 117753101
375 18 92309552 794178123
177 257 150722810 359551562
58 248 37736964 898244787
44 186 767612397 993056545
82 283 168524820 103540441
136 444 54867678 555884641
223 486 330813731 592492354
22 433 523817308 772719928
33 57 184116427 212099481
158 274 552713095 637804660
230 322 109859515 473240787
263 164 612393431 672186054
326 82 121616457 670174033
136 365 111905502 637328102
119 154 769086813 560801682
260 7 823051337 326713747
92 281 362595361 816196235
91 45 360648595 919330068
400 115 887417002 20658663
58 448 120110007 959393086
385 373 293879586 856812595
209 314 927586737 623248281
401 271 280806578 314763433
386 117 125795224 467530338
126 183 490657644 886665009
338 302 405328514 832706689
229 338 400925717 889735030
314 13 948001858 431490715
60 260 936261952 265993456
374 370 742224369 477527787
312 429 463810232 997657925
457 157 126449264 329774782
355 253 166771251 146893328
199 124 791941199 415634955
63 325 259958037 262182814
150 376 245175398 914268765
20 490 172063362 278838507
380 418 599119451 43844319
32 409 324692029 597024175
411 220 137077480 284644469
185 87 202256597 628629179
248 63 568512548 480550140
40 67 355696861 248428044
40 187 70485619 342892298
21 304 96168190 499762930
411 308 553089398 63970636
21 210 429865679 136641528
277 326 875851531 269104478
391 145 978070583 177176099
6 356 238453715 269952545
49 238 978080897 634016384
240 306 928364321 949527123
57 96 609997749 893305865
484 46 380811221 861121228
147 465 565758080 572072568
315 111 21205363 519556804
464 249 307795424 256909029
120 322 817555309 424749659
350 487 162072596 746495159
400 352 455264262 153312765
299 204 33128774 378759158
357 425 676461053 605605772
193 209 129065484 704535147
181 90 184549506 222409691
57 4 234617221 866599083
294 110 668147360 644884897
37 429 489084796 502793295
398 431 943063504 666075662
393 397 607435488 929796763
248 181 568629105 280492971
186 139 959859353 219941206
106 221 324876222 95664356
58 403 126366418 699671968
141 75 988371569 278826794
296 319 433746371 855442103
19 317 808169105 888910009
32 75 218728969 495594568
362 150 680641974 90810453
365 413 281823173 634344939
86 205 222268786 65874942
90 324 478474044 86804796
340 175 862183941 742174916
112 380 99139987 738159780
195 450 356711715 259926571
134 448 471648084 187806693
254 495 369666022 188172590
158 108 311099243 648857042
376 190 848137818 885122118
295 373 80973203 121523338
449 169 355505536 626720928
387 226 404432303 50203853
490 366 241271360 125534550
237 348 601335389 899833286
69 429 918428508 901585527
317 315 619075997 947469576
344 467 296558158 225075471
62 108 586408019 432381612
161 281 320927158 221815652
184 436 646046318 405564476
472 263 990121113 536665317
99 399 320351055 410982039
363 89 467941912 317247691
378 31 686073491 535404432
18 496 471688544 953639274
335 392 807153290 770501720
228 398 505582664 605104780
427 166 321545665 14475143
387 236 771624260 938386046
160 430 901083890 465390650
87 19 138073327 94561562
278 264 985287839 88534980
448 287 561936070 126015009
241 235 132733473 917437260
103 179 226145848 222443393
440 254 801508990 947207394
254 310 710759156 916212421
244 24 243061524 125506275
102 402 837914909 447825818
437 3 998349772 999021768
494 222 432126334 93272799
144 287 164452629 194374070
329 389 646065450 304438425
326 257 825705011 663678805
486 490 885641719 308118698
384 7 451074886 882357899
400 443 900704017 254010249
425 350 753453978 835149609
300 172 89404712 813789739
402 4 575686903 634721819
310 242 390851873 196148605
175 216 931645649 227939531
77 128 27459080 523365987
144 496 664303411 858754001
318 370 890427138 803508508
172 267 891510693 254757512
132 317 165001346 761917178
19 427 672276452 67706439
197 97 168947415 672446140
274 121 674306752 693744098
304 154 880010327 390621333
369 265 924517119 258697110
287 437 432109935 633290514
47 127 289876265 774436507
45 134 202842829 121179204
159 439 871740323 438174736
280 421 200221199 351670685
127 404 821736576 68793949
161 193 102421358 65808150
408 195 395486622 942084782
440 416 841322394 105563682
72 71 891381998 129675347
30 288 715792258 504879390
11 153 774588978 895329272
254 61 25027260 355036333
215 93 447108543 868663775
200 39 290750281 928898831
172 148 446065338 441957864
418 389 37903830 714190203
428 209 330329329 161831572
108 194 710704860 417292412
143 58 376140132 509320026
193 182 429600282 25137944
358 167 185688397 977104961
435 222 834825660 926041001
54 201 618994720 799948169
372 70 913771974 962634304
52 465 923919572 673770732
10 29 997644612 925135210
201 470 758175980 892964561
193 482 666649993 236541160
394 42 350744838 739388433
351 318 713645255 341456273
217 74 916075485 628972736
14 117 125834031 841536253
18 233 755258946 397911243
363 172 686280225 197633862
322 370 254929324 885979013
313 20 143899360 802521426
306 168 303323664 960842911
132 34 521959028 129889995
375 445 876185291 978191488
426 401 891832017 238911349
392 148 873265105 868467549
277 495 584072136 200534666
90 240 79508081 108553025
442 458 861837275 329778073
185 297 164462643 45636106
167 261 104860042 616937344
191 56 412511097 839004185
493 254 695834086 217674375
338 222 172594584 654197913
463 122 122949791 296128301
181 356 596949353 465667079
178 24 529083628 108542987
255 58 122799109 866399313
375 254 275838870 18875693
351 130 251204502 491226111
314 349 948666994 553704115
148 339 536777556 726990687
452 194 710344212 687848469
104 92 957711579 225164574
326 239 184526601 961072522
276 445 308633945 565854101
380 459 577630457 75455620
235 158 17230055 572590489
361 78 79878104 202989402
297 106 202133908 238997839
294 241 768348681 803906539
432 450 740517203 54416858
198 148 976643854 236313060
395 167 363884836 320603879
197 85 220551697 545396874
173 27 169945133 768257859
333 216 882432644 122411247
346 137 658191874 632305051
246 496 979598934 234224177
205 132 781809484 1156044
25 369 772558968 379863158
326 358 361599867 862796467
366 374 511309196 73330960
212 330 194325963 371235206
326 44 803747697 670971051
73 314 754831528 322402033
146 295 41613068 854411461
208 212 143725357 718713254
147 398 996325227 622169432
294 78 481952780 477723476
248 336 394921373 969010347
105 113 349787799 594031554
194 329 190748308 109503628
119 439 498198757 458216257
441 146 344287923 656179142
141 83 37270404 24511122
41 456 926899930 23515135
13 259 837374125 278425745
5 482 541228463 205008571
257 26 528196597 327378889
363 159 861095098 688463107
41 272 135155570 902037227
304 434 312046478 521715150
116 177 159709477 712599738
408 86 614307374 226277508
361 59 985364595 300688731
494 267 848666529 388266858
449 115 147187081 912582549
323 51 211715061 812821168
362 81 818963106 719898601
473 203 617706465 576909543
48 112 643637498 361900095
316 96 672260227 475045593
222 365 783025130 875731480
372 60 855528021 131704659
449 152 468189256 795869962
82 33 243484541 858991937
55 261 181459827 172123802
84 280 639805444 51548782
100 359 559460069 308064458
388 101 564348790 97020925
40 284 61344143 544093477
395 369 599031917 834226925
311 257 749133782 555492007
121 498 970953629 187102022
369 161 805730099 535455597
231 450 429408989 168580621
403 470 220105786 450510455
451 326 96322167 303151759
249 19 240481 229009288
481 299 899230569 621607652
53 350 965784029 435706171
459 477 357413760 219261621
429 201 27321720 724281085
202 96 603272121 466500912
222 454 154271321 767082254
432 7 142956182 372444683
423 146 849027077 358131958
192 164 597396371 673390807
81 343 260926386 272257002
8 355 132937627 679623435
381 43 108870902 344454867
79 291 711144291 399456462
499 252 479678227 261294957
451 321 115443685 426569811
407 162 929306923 861971433
181 199 951311096 352286473
332 431 779817776 786107643
360 450 567828519 687081038
219 80 591307894 597061701
46 308 4508004 18511933
432 429 310587465 858086946
411 118 813086431 503865543
413 343 409376378 468423602
261 406 166514424 751538815
282 344 543836668 52463053
315 128 79715239 901575575
188 434 548793202 974310365
264 130 74915096 342768495
379 113 259768325 194518670
405 446 688167227 603639047
317 163 826771721 899401988
488 85 576211657 698995444
38 261 504877655 434741077
222 249 975806760 344003041
490 416 980993940 105744278
249 440 720380815 629206303
165 22 769175450 565442224
440 141 946125478 645474009
355 383 434200797 179882278
487 187 995435897 581615316
349 160 614452454 961663152
29 218 434146775 506072872
91 332 474259450 499338424
474 149 750244618 27486107
387 81 215393183 62760018
69 289 944391193 818757509
405 80 34924447 538820962
394 314 826460459 413722473
187 199 570498967 728933006
30 102 886308882 465662322
231 354 353027897 885803878
243 485 897088185 384140289
377 437 125252040 531360902
254 21 928835517 785043159
81 464 116173817 571081592
476 297 905458634 757628062
447 48 598161720 53983704
272 461 764741515 826465602
392 268 550035861 402812094
104 50 336913777 571464996
293 432 937352574 280086622
175 211 480907628 443063130
7 101 501257132 290040995
140 420 881945756 9233147
244 126 15179549 697822434
249 202 941129023 387839852
126 19 147644158 261888387
228 460 301551050 358912567
485 227 316572258 820904706
271 210 212168558 258330886
453 247 325166488 419152840
5 18 583108264 179272251
325 284 203745820 561567821
343 191 731244113 765670521
419 23 461305678 862825443
74 406 567512176 925008137
182 363 971218079 157633645
394 318 788394326 392171908
195 162 542191246 828605596
236 51 215663329 301606717
16 132 542109082 798810754
339 211 159506690 504573540
357 329 411012329 870329764
116 345 300720159 830303064
104 233 308214731 974200487
461 249 700096306 544670371
260 338 23417198 177356823
486 438 525166262 601307924
133 64 264346058 35820501
365 60 519083507 781117757
1 38 503613946 187217260
252 92 131956027 44901140
43 377 209861889 833149257
474 375 668591191 252693958
171 352 327191862 934191815
175 130 6382454 616865209
253 480 376169459 544420850
79 9 178628697 373054609
217 9 388440961 93421036
497 359 505594166 978208502
19 207 600802837 382416950
375 387 285548492 54360381
53 460 84553091 442499705
373 82 696501358 810793742
336 448 584356291 921850629
166 280 623528864 329705133
99 483 211227834 228142250
2 244 395999913 432166823
243 12 965074121 795933477
360 361 167318702 797354409
493 229 656281948 460441965
461 383 667550779 581164810
129 310 485732219 394132915
199 39 869713663 18228791
113 313 110323661 23198502
76 243 261559032 84146142
395 476 980876817 101227742
368 488 34741267 240754927
396 170 909883595 47820304
293 331 968929273 816596605
191 6 265207566 774225427
213 328 567919600 940546989
472 231 594239706 759069219
50 18 845122555 176799741
241 459 330004436 578146644
306 498 874417493 50393606
492 139 540952828 91952393
264 347 374799259 187422271
57 480 916676198 572729445
270 266 354475119 567557961
228 269 217979747 605690204
320 314 950805669 392818639
104 240 231694301 959270758
52 353 220488070 377450289
19 89 690078559 162410724
424 289 967439952 313279684
163 31 819387759 991392107
454 74 424630912 262880743
483 385 955101392 512192237
64 454 390033210 776871441
400 201 800544902 538409288
429 69 336783858 901567269
204 125 569543370 575510028
124 246 970455859 505830113
280 111 300229105 960041303
295 246 531026341 110384383
274 217 709240279 274537573
388 86 685557633 27615961
70 90 933824269 186158543
49 29 237023300 194532990
172 60 667834867 961621794
182 248 84137857 824147609
176 246 956668622 661629265
316 114 453610559 514717534
500 448 333351820 692077732
359 389 195116083 26319018
238 49 816645351 782519403
58 316 521545373 217535710
91 221 392445064 657767183
234 351 759887114 476727099
377 190 187128467 35827520
281 495 668982110 858701610
27 397 163747247 803234485
143 3 741293303 867886252
123 28 847158872 459579033
155 321 796414060 248836492
471 258 776464694 383195926
489 460 830775046 54209492
78 138 298205995 30976687
332 20 983412640 194763104
314 116 972096168 594595085
253 67 822531374 632051369
349 396 752823104 562798923
39 349 810517832 169602657
218 498 155762086 73216975
438 293 621327354 161387001
280 404 343408881 210582145
311 442 33980191 56880233
14 342 478647022 265113623
195 427 117158445 458640870
147 410 755787192 220385755
158 286 633493010 792162218
194 317 608052725 243394042
263 388 811819731 584791939
177 1 905449785 26499297
371 174 774504085 511533167
499 418 629678106 898859803
237 117 689321701 4197671
323 332 198898862 501492806
400 392 766599195 791617454
454 78 48981908 401659450
84 377 203662812 36962061
446 228 232602791 508771853
106 51 609679585 403948054
486 63 337268690 225861727
193 414 591827628 712409794
69 8 344078212 88712487
302 76 801409443 338811034
296 139 546047207 812380117
258 35 692269469 551637823
32 18 651288080 75855510
270 120 885251961 932500412
255 53 444987686 393440623
213 253 670259495 238236679
248 368 112331742 920495257
107 218 642378805 992744149
360 158 574452492 241952521
152 304 8293687 74306571
12 144 461920056 244155807
354 71 818106503 16881461
238 195 416199893 907750502
226 441 537881938 61932180
418 250 244039953 956991371
473 269 10933107 686086690
328 455 996443524 747788867
386 461 502387035 541708551
8 379 203390223 119284961
216 128 895581625 891107016
56 262 138425702 249777205
346 202 319641142 231642783
238 483 723962873 873029306
10 15 501011623 733622951
65 6 302555250 975482613
384 81 241128297 565943026
58 312 751359767 993794222
448 117 541156452 807548164
423 20 402648087 505286940
471 364 780528109 715749993
453 173 524705763 265151357
41 267 822816535 41339041
268 478 885466349 846600041
276 493 476729494 556070722
345 474 122088041 919409940
349 444 376111935 263067973
56 352 533183831 927370501
313 207 61872317 912225062
129 281 799229232 558575853
36 153 628963537 324585032
290 413 365499233 496439585
40 212 143239488 127684383
361 96 154895661 723946693
192 265 375331088 154282854
392 275 582210060 669276810
425 461 706312546 97307543
477 136 116523958 610953065
135 176 494361435 270671359
374 144 653161901 616840647
138 481 982442868 37124086
447 255 565079887 667186289
371 293 880636343 221734638
171 29 804412316 931610062
330 214 156279872 996054559
398 330 925552753 5964041
130 28 504935192 419946995
71 380 839732165 934072518
210 287 315134343 190711544
97 60 93729542 741012104
439 335 936640714 587845250
413 443 453515034 267534293
272 160 715361317 388079164
198 296 702893445 975099284
339 65 418693363 717101179
464 269 560981029 521736534
460 191 6588 842853834
78 448 565513355 786898431
190 291 150122588 77151216
472 246 909992952 809671631
162 209 467953990 546496781
389 54 156018725 975173641
463 275 484096430 330625217
196 156 994436372 75865889
384 415 564607785 618014260
137 346 648333887 301796409
424 345 162434356 56082665
362 332 330273913 611412649
411 95 445254039 180457009
310 420 706876311 904622258
26 370 813841619 789113420
484 52 896507220 980862520
302 98 284343963 585258315
90 229 392120875 956705829
383 422 592219953 635343362
383 199 823601534 237970516
72 155 11256617 385854196
265 125 804905708 27781815
489 280 346095073 634546861
139 238 767688560 719574797
49 481 728334641 834589701
431 116 438632128 396085250
366 105 848860374 114096418
188 359 207639131 33992250
496 378 483719955 825558666
91 221 892087681 467967266
51 18 410385349 346669187
13 122 759120888 299180412
365 45 797416534 933765176
75 263 482245947 727473650
431 211 316925126 780165196
250 427 796677823 167454811
26 405 496311266 212399164
191 417 886370583 214668629
357 261 237602788 95848969
434 133 579304958 886767767
290 73 732803657 137312102
18 28 484288430 479080960
31 110 361873822 489973286
301 296 141391305 601795574
341 132 384834436 658781998
325 339 372775576 743316359
425 363 825257129 799602813
109 375 744377558 103306378
416 325 95905721 70065278
294 368 948827986 114256428
274 28 690527249 636632304
312 219 850450571 468429653
373 424 106099686 210034204
308 266 920591947 319077416
325 234 452857652 513214898
374 303 525186668 536062049
21 317 471846523 348510033
272 150 161363652 90292708
187 12 338428156 84020208
276 451 852157321 744475624
349 301 443397374 344603810
366 106 159681482 955416232
363 81 672289446 318533918
226 481 18209689 716063884
228 299 107205908 881171797
103 65 862429926 838341
500 97 625440488 83751098
51 195 722872208 271311628
189 409 765439211 583634702
242 437 640559728 397088838
174 302 722604200 17521743
14 224 963983952 546899441
8 233 904477836 630498507
321 438 549586333 1969134
464 355 949965233 337587382
116 291 651334481 129229199
281 32 592335087 245353223
3 340 439963030 251604141
28 190 875564952 530313620
280 20 238707725 626733809
46 293 410006011 563672671
305 379 594204140 20517002
173 240 897998960 372929765
143 242 921344227 777533905
70 211 50265522 318879834
408 476 874464824 274141248
34 225 459463443 814214795
104 119 325747128 659049733
92 350 713979624 352621044
272 45 121764023 475054738
451 369 464211044 397158920
211 235 395126307 204304004
364 29 762613057 979265754
234 334 171820521 591903459
16 364 354514818 990979232
201 122 974022939 42068956
393 460 35478384 282746774
186 52 35671223 923773253
483 188 503175084 562918155
490 428 996096462 343159134
231 155 732487207 485254800
15 48 719506559 990857733
340 256 84819681 477292272
146 137 542267457 526082405
172 269 840447056 141609430
125 364 709829278 539002445
421 361 271717780 197912048
320 31 498026878 417755964
113 97 185717893 102161786
236 45 450837412 769588455
118 132 767828482 629336008
129 263 147522017 589023883
224 180 418874591 201778117
254 41 152369880 38116719
477 419 113026181 300136473
359 96 509264881 745738088
385 280 334962336 802265750
363 43 309826425 390843314
266 219 520382453 995731767
345 113 252813227 58185098
432 148 49273617 962149405
19 282 50456223 590116830
266 328 477552425 605059264
274 239 65275424 932966794
330 135 739167064 546468353
63 124 255731380 469314386
242 131 59466604 887248447
257 215 678181195 992300468
41 11 844179537 675018082
106 448 636194680 789242515
11 298 358819184 772789349
306 115 591469620 750137991
306 47 874862733 634508476
367 173 773360759 50461129
320 332 270676045 712175712
444 282 4186740 292141519
400 323 227924762 11782849
19 470 140481288 665325256
135 246 914690486 872968071
261 440 421737446 583523855
279 38 941981274 707388729
321 473 473892686 480706506
379 327 683338389 631876087
294 199 292259261 610750854
225 227 861889217 279187893
366 326 916790127 789601236
491 318 726277121 438650310
265 96 992145005 795806501
471 371 405827562 346832083
97 29 121880394 688412757
311 29 947284344 639842774
78 69 481900621 365416094
393 373 568863096 731581904
447 408 551953141 20870447
406 136 443950937 723557558
37 3 121278882 278896026
56 137 782964180 720887052
381 23 352079675 139677596
352 145 149563140 920925388
457 327 326720374 392359590
231 210 186100486 345067971
359 362 242070814 624834083
141 399 99817764 676417431
449 240 950925838 758209101
312 336 626749554 829619597
170 440 452115556 396151988
44 341 675540895 310648480
230 129 292206465 78573601
110 15 671107647 891771989
41 2 652500435 559714841
129 381 404651947 110214577
102 411 801653388 203301487
253 229 96406675 294366195
437 350 270605939 455616034
123 314 500457109 320199037
43 350 182319368 911542971
44 138 96068949 523881698
95 247 944577302 411710920
224 4 855462926 195610429
246 167 965842838 76804188
100 238 919861979 190672996
29 486 975689560 983705144
280 442 55941329 956612438
357 405 654843436 966581071
335 376 783508270 756517937
78 461 324530777 456528490
319 249 413851433 675115343
121 189 191936786 423702176
442 198 980928149 925794409
279 142 268072284 588249475
267 190 73473391 748737866
147 139 424236132 585633137
340 226 81335189 43683193
45 197 195485714 225655701
295 268 10179650 818669065
211 128 900317618 626809896
202 178 84161146 98523637
167 390 499761532 863586294
20 267 2000855 214722454
10 282 83233469 553933144
306 323 72602267 406487949
342 468 172570320 470274509
233 185 473355375 854627438
304 212 827353995 207253227
488 64 947107686 737367888
120 165 738893536 293732885
225 179 541152963 667946066
315 11 302960493 755096673
155 134 479362246 988429386
383 314 822666195 350645917
217 427 467531836 839959983
22 223 750515580 838950582
463 217 223033666 455696644
384 21 689581037 654246506
354 440 587868655 253941964
382 116 990483333 119756874
169 469 385650680 178399021
102 444 959052718 602941542
409 20 181010387 965832933
370 479 363067649 307771576
160 44 629619097 292734697
280 237 366223459 694358032
35 243 108578600 961596333
483 136 472159197 924327367
307 7 578441991 49668532
448 206 238523828 806861396
138 12 339086501 970346544
491 318 656314848 972143071
188 121 9039184 260301366
152 481 784972202 3352813
173 92 705021736 164204217
22 429 120878048 221411549
299 135 570592706 407633493
114 73 196532050 899873421
259 413 397475695 506196386
191 84 432896245 526759875
116 342 708534148 586324301
433 363 575712682 471340948
109 251 903796326 27457250
148 93 725399879 847929500
287 240 541513439 471041419
389 471 257501676 81649263
373 57 671955574 368362523
351 425 41490702 102065241
315 429 474698700 313377973
226 26 18877474 524956128
232 255 781107981 843283992
14 105 51985381 186681610
468 91 575828723 192983589
203 461 971785735 842308581
280 51 274494375 371053092
68 35 809483484 883616285
63 215 229037647 669984206
193 308 418333790 445993713
401 457 519353105 784287964
383 98 534665024 886889483
441 165 441490805 86592961
317 370 257731641 269287470
213 224 42415972 857694433
479 390 311789583 326942201
7 65 37649058 422248274
300 466 620038789 874442595
2 61 129833024 368112674
418 306 596372317 367464381
420 123 112204156 439273631
286 414 625279495 210582914
402 477 179910198 204928734
428 382 199352448 636809927
426 338 885763911 272503812
190 143 827842018 67906163
495 289 331989880 400079420
122 74 669455712 171080500
436 393 457235225 324962224
26 59 983263986 989864114
244 199 105757898 620650451
327 129 193835716 682506754
294 74 977210525 176629456
151 52 881565209 836058420
140 354 606055804 855631397
98 155 255022260 50611176
439 205 794233730 575159717
384 385 888096075 862171755
365 30 160998860 785848008
482 55 524500430 916417057
220 398 486031622 331571575
371 186 695703162 19297883
402 462 383669847 487586868
71 246 867030888 980732187
47 83 126794028 491427080
99 82 449743458 845623670
206 403 288479285 133395104
286 477 44330329 457748945
392 418 591482941 696853162
500 195 564600759 167672190
159 190 285567218 2669350
78 211 54503845 390795645
274 129 132485670 329693705
390 128 107209726 625696166
173 206 598316207 210833169
397 455 524687890 504182476
149 281 441877598 802452653
44 492 815750186 407120485
431 441 883280713 62870159
167 472 257295227 524044908
201 463 84803084 523534507
175 147 748251379 773269188
148 182 241995191 910172510
219 337 913478875 840222514
461 136 165238568 377172472
57 50 882439863 787529361
223 179 133214965 326278614
378 284 595469801 942088536
295 136 755431671 803428017
227 341 784881417 502423977
358 384 411391990 512792802
50 370 19168052 201605302
431 427 251456532 219421852
454 493 889620503 893884509
411 344 361641985 810209470
400 229 380921853 504559890
343 64 562805259 46226062
260 351 261960162 429964494
412 3 44868370 806900513
398 407 373348013 702795987
482 25 838339395 506885085
347 494 723913681 676920353
289 159 977139658 16593534
267 168 263865441 800659870
454 423 19986032 174615397
388 225 427268126 751511976
495 424 133792693 282516626
412 237 520919406 818712505
426 448 738616415 358542385
270 5 198776652 157136056
489 113 653517941 641269821
169 143 867882172 952036754
77 323 700965147 286894402
69 412 286001713 475769377
390 65 396491360 602791367
447 132 983320005 523774198
185 94 420401555 365841179
127 385 281123328 250030894
249 185 141982032 772597561
452 72 919943565 270556755
428 318 841588229 908067559
412 181 307065739 844405511
292 349 774628629 70483796
63 324 690604298 860983003
432 114 362232945 271221214
110 177 51176269 965833477
158 277 187983681 719954135
252 37 108344430 175762119
357 252 179335864 899858946
143 379 995598716 741636929
303 88 734317778 715481364
36 250 65493456 953024644
11 128 964407500 950344420
480 172 542400965 948604905
263 57 886727075 646587479
329 33 282231211 827712267
276 219 464355828 813844573
454 116 956006022 796060788
261 227 821616947 576199931
91 226 879450347 531662013
3 60 354916165 643378860
236 66 39566392 805702410
204 30 924558578 749556822
465 266 909440055 317146511
199 118 515160110 130964937
431 486 944021151 240695351
243 27 92167188 279951380
190 57 197429089 411896672
366 459 226040950 72328685
494 351 234577382 435689133
131 470 614361077 836972864
99 284 972305920 280123393
354 137 886227691 993534774
53 200 309794908 449020228
129 113 337211211 467093504
69 94 731841590 644328262
267 122 113798520 212450784
233 310 3659684 45322000
498 210 479099916 490209169
469 68 281267340 653585456
50 320 673227432 116727943
