2000 1200
1469 1662 1832633 946268639
212 545 191923 528161217
924 1675 1707756 21282558
111 1470 1745794 669223736
185 982 1688407 122816986
1437 615 2910529 343239299
1466 917 7750 120411207
1260 1046 462915 314569112
1481 1314 7185332 371798954
993 489 227942 743180458
865 317 2982874 688048231
1150 1760 504050 776300111
1130 1767 1988066 664690519
1520 1808 1328439 160202985
245 17 2828111 352496806
1386 189 1990928 105780671
14 1709 1756149 354153210
373 1880 1864604 36361008
148 1530 1463832 777637950
1093 1893 4022342 51754631
1680 1463 4401786 40492055
161 330 1681387 88231931
485 8 2243730 159696114
1200 1404 1489842 763050063
1413 722 1815239 59561938
444 814 466846 139393128
411 680 8343708 2141678
1671 1366 3578769 496619357
1708 887 2195976 337450707
914 445 579214 10602019
255 1933 1252163 999954225
543 1413 4315430 113016788
898 1685 405031 225801647
1456 503 1472041 651865165
1139 1437 1586874 279579503
1009 1074 1120518 95307906
494 1771 2706137 917911562
779 1231 276568 616916452
577 180 62859 22691338
1349 868 2028327 53406196
1564 1616 1215091 702563355
914 8 3474205 982927463
818 1630 3041353 695001514
364 827 329384 160048467
1404 1349 1478378 305270794
31 266 2903215 473129732
899 1275 434206 722008721
1630 768 2214928 21294468
1027 478 890998 385425358
1269 1094 265856 495090079
1134 1347 1686394 837708151
1687 1548 2749872 414557181
1692 882 320830 935220909
1563 488 1037731 255235569
485 914 5429764 863421888
1419 1672 600143 134413207
650 1016 1975438 993745091
1530 620 1175366 924235576
767 59 319602 946201445
652 443 4505921 414928091
1337 250 1981809 731622803
1905 323 914952 580374841
1630 1020 1509982 925449334
774 1045 810057 502873052
1130 722 5650106 315676641
449 1405 1299223 782671865
888 1967 1990769 719451567
494 620 5564964 418534780
638 523 1058968 791396859
533 1842 3217839 648233112
618 344 2570961 809092857
220 1922 2898292 420673508
1051 534 506050 770186456
1291 652 4228382 931183224
407 1466 1873206 514335631
968 616 397032 508575048
177 1320 715607 468448021
8 582 604552 76714183
1087 1757 1965910 895560652
135 1814 1754918 441249321
72 1062 1789490 345839677
1422 1701 1962651 468124145
460 1084 612775 692772139
879 1389 334837 162532497
1980 878 1590613 779363405
935 388 3542222 709885682
1637 97 1802393 670783521
196 371 1750793 236948176
1232 1731 1507499 389943827
1652 1174 1723303 814669971
269 1683 1230234 20257131
1395 684 391507 980907246
1020 818 1531413 510123156
105 1071 415963 320467584
440 1531 1597813 536571287
1866 697 831241 478201933
1168 1669 339723 472363278
699 1066 1928574 266365321
1630 12 6217703 297810864
109 1979 1730955 249078205
1294 1371 933808 943403089
1481 748 3146263 801999920
1221 1494 1707939 992852988
1295 959 3607836 616137557
1466 486 1280468 35539523
389 1303 1393088 946244781
117 966 2881001 653350566
1908 1735 882552 472663319
722 660 9808194 311053803
1448 902 1892493 39702731
1994 879 1812210 307770332
1889 493 1685630 128444564
1318 1525 1873970 99649215
692 1585 1290559 310781201
1601 344 640763 562667735
1382 1251 1142330 309374999
388 251 1169593 187709561
1500 832 2082575 776357175
1268 304 4762286 916131759
1290 197 585336 353790120
1139 656 2589165 155259412
1007 1145 106444 475696825
289 1371 1725127 85030982
982 211 1766514 105037146
346 1159 182431 82036246
1878 1066 4962827 839401481
1116 732 381073 178700772
1827 514 2854947 485804669
1954 1422 4359137 266205826
586 770 933689 357809288
1997 775 1895369 861438943
316 1863 631309 100433132
539 1922 1815346 526555825
544 317 1805619 463200990
985 1851 3274165 505773504
760 653 3762825 375377107
961 1551 466889 400818585
411 1623 929125 489693057
1415 1307 910245 222879540
815 1524 2554724 968941633
1564 223 505272 210593165
823 151 1711167 486483476
621 1548 1754507 208653057
1437 1726 3942099 170048080
1942 1566 649364 159563478
1611 1048 949737 835543793
156 656 797685 878557975
1208 1139 2858763 242462700
840 1005 1491896 435386966
287 1624 1209387 317650800
211 185 78081 223506554
1259 644 1687481 498721331
1025 1123 1204801 86530554
1270 1760 2285301 42447847
1399 1834 885148 650026595
1488 1413 6993587 970256013
690 148 10123754 683148587
264 1776 53474 877429151
25 174 1867064 281290917
1850 1130 871597 431700281
206 931 2048480 963484837
859 919 3741245 499064108
1274 256 3143485 594833195
1933 1390 658864 145780830
973 943 3641234 392705544
1601 130 762276 7531365
1856 310 2803189 642360133
486 917 1272672 935449021
656 198 6759919 865473064
59 1641 1062574 167027375
232 131 1336922 295252565
507 1598 196972 555677142
1767 1850 1116483 957004772
1231 1671 3397102 11459726
407 931 257107 335602466
1269 47 1412734 916898201
197 1269 3843292 11752012
871 99 1921134 914290503
1295 466 1025683 626633688
743 565 1205176 81159590
1571 368 1432042 384998863
1202 126 4682133 657781554
466 1820 613926 404162108
479 1094 1018870 178052933
1469 650 2016203 590394528
951 1560 1713126 354055377
780 779 801627 157139216
1767 543 2468577 434803942
1626 426 1554771 211310645
636 1112 4880305 758599621
445 1709 4707192 264053111
1344 1730 1453855 197896521
503 1842 2991090 180637052
33 1702 8713000 202582833
428 226 1828951 340918747
1950 1850 2278852 433265193
1640 910 433637 34427134
935 408 91475 653664909
1730 1863 1583197 952520027
1520 500 1720454 285881478
1856 1268 1965741 891080556
1405 76 2129035 683790054
1619 976 976506 262620604
285 1537 351137 319370384
653 654 3953662 264923315
642 1968 2787061 239642690
503 393 2656926 898641989
456 458 1621124 97470173
1256 1953 1681124 790629186
1726 1868 4395450 923342276
813 1881 4043972 465007217
76 1995 4755784 301857191
231 940 1662216 733563855
190 1244 1806950 460408546
17 722 9693055 87608313
1298 1042 2444582 38312434
579 1782 1092868 470741165
1413 1358 3216087 450313032
389 935 3947778 859077599
443 33 10412376 195582401
1694 275 1704930 229322995
1108 1604 1717695 791028282
409 1691 369253 730266817
1481 620 2082834 327803860
170 900 3731790 696672941
1674 655 1388778 192711160
1299 1649 1078671 751992810
1488 185 416468 731804936
364 1056 814725 187662562
900 171 5392472 250541279
1481 148 2371305 233498948
17 1488 1717065 762366833
1500 208 706494 7765399
664 1194 1186092 965109787
650 411 1785714 962398621
1139 979 1116622 247545272
44 1741 216496 493163009
1180 323 250857 509091013
1709 485 3655686 416325054
1776 523 2838833 786885692
254 1272 1628598 993229151
1269 1135 3182256 371943214
239 475 2130971 324100302
281 1009 1710474 88821427
1347 252 2981126 641143772
776 1293 50246 657298875
1957 1531 308214 165119951
666 1613 1522566 808903532
865 1338 11439116 350236180
349 1479 1249771 221372802
1860 1103 288953 467360856
582 14 948782 675968691
588 338 1790704 571859652
994 688 505174 362542150
920 485 2879498 502163523
657 1972 749856 885788704
1016 1469 40726 750811011
910 1257 1112425 173270248
1708 1049 1585641 882617685
130 618 2692464 825473842
902 1530 4124354 222810793
1463 852 2401942 589530440
1492 1856 1440012 435704607
1954 1962 1457857 599304322
1047 813 10562 877774515
919 1002 1190615 294273130
1646 1005 426118 614569685
613 1535 904309 395497453
1488 1358 4282969 189434715
1805 1466 357679 929018614
788 291 1416442 742220527
748 1548 4261565 818373626
954 522 241419 775963927
1457 1799 1649525 14542479
1733 923 861355 596628082
1555 934 394498 942787601
1758 110 5309889 535205120
518 523 1542565 644737824
1676 155 498206 102315464
686 1822 1841373 898415296
1448 148 7480653 146813406
244 252 250307 428163803
1434 943 2136689 474545940
656 1543 4440083 412129956
426 762 2056011 650323917
211 1850 3691924 215781531
1282 8 144111 165605079
1160 1801 1961829 307471835
1146 1861 1922499 46130516
1878 1462 1718401 806812293
1623 1798 10894027 917477903
1404 1145 746644 805719384
1968 1723 834128 957747305
621 1314 1046406 10359800
302 180 1647240 351148230
1216 470 3725278 184401006
344 130 121532 598743851
1020 1316 5128786 608527391
1497 1995 1055215 421191879
1687 203 2600461 782567414
1311 350 464104 930534909
479 858 3474959 673804840
1687 1771 858571 75182860
690 203 8718398 462549994
312 331 1635128 291716328
815 943 3424708 465032247
1280 793 543952 81328249
256 320 1346645 30786384
281 1074 2830956 617072482
150 1135 4931445 569410781
1851 455 1942889 607930300
1548 1771 3608461 872818440
310 420 1816753 430540229
1459 1035 916235 929007967
1680 852 5053121 808608122
1035 603 1326853 882524509
143 140 1719369 282406087
1962 1583 1967899 922175180
150 464 2485434 594621789
280 408 1313438 414400805
636 774 1524810 23885092
1235 1720 1381093 311184984
1328 1173 1929288 798560116
499 510 184885 140484592
979 656 1472587 99333209
43 1922 1597727 309760243
1514 1055 1862233 125089030
357 1827 1402357 949730459
859 1801 1382497 892985686
222 1267 1066869 679585187
982 1767 3041941 145145341
485 998 1454208 26350136
79 141 358886 825292045
1628 1020 4599914 922219103
449 76 829778 890317929
621 902 6086646 490888570
203 494 4448010 444068398
1200 868 2039823 641023390
748 902 3094025 135388304
198 615 5494393 345908781
1888 1438 551393 914042906
480 1485 1014081 25154210
1079 1870 1925688 977403305
1067 524 3603912 14261773
1316 768 5833656 394813257
962 1178 56312 145052734
1289 538 1342344 508406427
1652 574 2513457 140176566
1583 1422 933385 202367018
1726 1197 1265174 94173006
509 326 1554181 957452101
686 1504 268775 215051456
680 544 2681277 977710926
1248 526 1252166 382572421
438 644 636754 264273183
914 820 6520525 914266199
280 1303 3935999 60296490
158 1804 3307716 426311754
1933 1439 886158 582397868
656 1726 233926 305328813
1628 770 2494920 227842575
1865 1556 330053 726847779
1099 1846 1335509 579639400
1946 936 1436724 232687741
202 710 621329 84259744
601 740 786611 697730305
1192 1885 1951261 184277979
567 89 814987 347752262
126 1861 2754715 476563805
77 607 692602 320042330
1422 1242 4027975 388259291
875 1567 717718 107711921
1422 526 5730165 955635915
1154 370 1924025 248214175
920 1282 4979057 949922853
1524 1434 1266762 879050106
420 1268 2952193 991948162
571 31 4891484 397820659
280 359 38179 747474542
1868 1543 717340 613302000
1553 953 1528293 187381923
1394 1737 1578568 621968328
758 635 92715 753444778
1299 121 1497122 581007273
1298 951 65900 418406886
533 727 3005683 872843385
1294 1837 3001709 454735674
1208 198 1312077 604775465
298 1192 1451454 352251694
1756 1957 374824 922976989
485 14 1899525 782935945
232 934 2879088 173206916
1643 1757 356446 684675431
1880 890 1652210 985277605
710 44 1317616 651326307
1698 117 1703594 987997975
344 1539 966089 736125144
899 1140 2517763 440369997
494 690 4270430 862955578
519 1621 1971457 814807451
539 1245 586799 802368646
982 543 3277592 471789515
762 1626 501231 824230265
458 271 1763710 537507333
536 381 141505 829267400
276 558 1830503 936036087
690 1314 567149 684288138
177 1158 2369840 713167437
1071 694 3175486 771919833
259 966 730642 372207912
1225 637 612230 238375090
881 367 1915542 132408159
484 263 2872498 332558110
659 1165 1178389 59517615
1012 389 1344948 851549310
685 40 1959122 388727227
1084 176 1020399 451945738
316 1344 760621 141154347
1112 1532 1075059 527757466
1338 1798 10953162 548523938
1314 148 9556696 486846738
180 1188 554186 915762298
544 1662 3639162 509784067
1469 1338 4790112 818400691
1007 1349 838210 761621296
1247 460 1236992 335627584
198 1437 2583888 473501707
420 1492 2426494 692077881
1139 1726 2355280 55486931
1712 503 414218 30925638
1320 908 1067212 410276870
821 1285 1109067 608781699
1 219 1555478 943298914
587 1039 653945 192593843
959 1820 3196083 588100424
1941 1316 2878443 190329737
353 426 1972093 655944038
383 1241 1190281 903733263
820 1709 4746463 226559375
828 1967 2514685 612124852
1771 748 653139 676399537
748 494 3359260 743807145
1263 1592 4034332 357518668
173 1723 933197 862823437
920 14 4778977 489630144
798 435 1922086 887796207
494 1687 1847534 387226588
1610 815 561485 725767494
820 582 3939049 110967308
620 748 5229121 125728880
838 1202 5647743 391094715
924 1019 23975 556410838
106 1730 1858901 261826915
51 722 6567056 381299378
1313 725 1572524 951932813
734 231 3192177 237219736
1405 1995 2626805 162104320
248 900 6946718 919192484
1117 385 2458 848065190
396 1758 4618220 626293770
1942 1763 2253117 625632555
1490 1381 1962563 610368862
1681 513 1324951 409078544
808 1697 353251 955312954
852 1272 1526612 454140557
1149 1502 1681458 308023560
936 1052 3113218 629441672
1290 1135 75658 360661603
584 272 1222492 306202407
276 1366 2193222 631169197
328 1113 634898 953663062
350 1187 1343448 526547837
1548 148 6755818 65911211
1404 1007 640160 861289869
1588 1532 3384205 728549780
899 654 1695558 727167624
1894 1334 1787707 239505084
1964 186 804149 350451481
156 1726 1031569 424126694
1965 1819 150573 26056248
1962 1242 1126766 884228210
1271 397 817984 861073164
1593 594 901969 388504487
1546 1292 1800189 719746192
173 642 1019742 309615635
1047 1962 1060398 735282310
1189 827 1187155 732993634
556 1967 759456 198969377
1842 727 212166 576124132
1241 1807 1929517 667806230
868 1404 550000 296465386
1675 1019 1683802 740813523
920 1709 6535111 251625379
621 748 6016023 787198142
1954 526 4286717 883308735
1355 1889 1474068 449520476
1208 1197 6479224 878851558
1793 1994 371913 224587342
1002 1801 3933218 246510748
535 992 1176589 340614118
1889 987 523570 836862983
320 1274 1796879 273879299
203 1530 58397 358407458
304 1492 1356540 14714741
589 1462 60832 493694688
1313 1857 3554009 604372286
126 1146 832235 988742463
343 336 329917 213029479
935 1303 5340854 602005989
251 280 967721 114750516
25 396 905311 106351300
1941 12 880835 947727478
1174 574 790186 765031498
571 266 1988323 850730196
1805 931 2487900 993055418
264 638 3844344 287448387
1529 664 1815503 334863143
1328 1421 1027517 307558443
1462 699 1315877 850318340
1060 1348 1537400 198323014
935 359 1443096 475358007
774 1112 3355512 967304725
865 1016 6689753 244947678
69 36 542748 166966859
1585 809 2753851 206328937
1705 307 1854928 749824300
1910 1824 1031177 153973966
359 251 929553 655032997
1701 526 7692756 352963002
1508 1257 5224404 333672702
618 1601 1930165 331246358
395 971 1878191 12681847
251 1303 4827324 981180835
828 888 523869 610640327
1868 979 3156782 293076017
1260 1359 2044230 537063699
1488 211 338337 744822924
178 936 205681 743166556
1669 739 1788113 399616552
1448 1530 6016874 307068700
105 694 2759473 286943119
1610 1524 1993270 820745744
951 1042 2378628 721709435
185 51 1825368 417061932
411 317 7468059 668303643
1134 1993 1532324 599045853
1955 112 1943269 273719986
142 13 1989994 206795404
539 43 3413102 750735727
1639 625 1876213 336544352
228 716 963090 143163107
1208 1726 5213993 70404429
703 1482 1732302 618045175
801 502 3082858 63535625
1359 116 483830 515718042
1997 1818 428485 18518906
475 1477 1543160 707681912
484 68 1557847 719005255
858 47 3603006 155717675
1124 636 3433827 462598262
275 1085 2042735 929442986
1339 614 1897053 866185202
636 1588 2628527 604721938
245 185 1527517 459006092
1964 1857 3533787 105209672
71 1313 1301953 25365234
1317 1658 1783166 923839969
524 1613 1614296 250578284
1228 531 1006128 693695151
734 940 1529984 651891486
1671 780 3922123 705398959
1818 775 1466912 561826684
1385 629 308438 699647774
1390 1439 227342 745469332
63 1892 1060206 358060199
1993 252 2827067 437605714
211 245 1449447 825568441
1881 1047 4033385 366606974
768 1941 4531892 201401951
992 4 638280 311807230
1124 1532 4189516 476307596
1993 1347 3218723 243041633
1828 1774 783325 516404485
914 998 6883933 352499962
617 1257 3251879 256001105
1131 927 1893295 824002531
1405 1497 1571563 149505538
1007 1200 849615 800857034
611 1085 382040 716267830
1132 293 3525257 167025705
1540 183 1400784 438464988
1240 1160 7480 306487727
1131 335 1778815 649620946
86 1383 2240768 135289283
407 206 1791395 186775504
1687 1481 1634570 101504416
926 1103 1576095 367186838
1002 1160 1971388 505053691
514 612 1023870 233004532
1434 973 4038026 688204115
546 20 862192 810201523
1139 1543 1850896 785847575
1473 1913 1679605 44177127
1671 276 1385606 494829801
997 1070 1540547 7408374
1915 393 1786539 952468089
813 1242 55803 595057771
485 820 1090800 697284181
351 1420 1962456 947807939
1820 765 358243 539045271
1208 156 6245591 33708606
276 1091 1793097 224702985
640 234 1685008 529879736
557 1963 1793272 771910765
33 1291 1678039 306781095
624 1973 594770 729293143
1946 1052 1676513 161575979
1686 1590 1469721 90215171
1012 1303 2737989 572508976
1751 158 4601890 816429620
1344 1863 129307 85234026
612 1827 1831105 386227442
185 660 1415852 72557700
1492 1268 3405800 969478612
1922 568 1538276 260430245
535 4 538270 173025879
1358 1130 618807 542670990
1701 1248 8944931 158145589
919 398 4386115 577050406
1447 229 49003 184086605
1447 676 915037 847262300
1597 1239 600085 692777354
1652 1049 1127161 885759305
1722 1493 1457204 549903951
479 464 2020879 974344867
51 543 3140588 183349402
8 957 988035 365719238
692 809 1463371 730189772
106 115 1318676 435212562
222 448 1534024 521587646
660 1358 5282441 690695555
694 450 1856698 809304021
50 1898 939199 548662024
486 407 3138127 554777189
1411 1513 1844479 705142647
1626 353 3526817 390858797
361 1974 519376 746453188
1623 865 11379967 693469643
543 1850 1352130 481506349
464 1269 736176 850321418
1798 1662 4330452 408349966
401 2 1912256 870828686
211 1767 4808438 198215541
638 1776 3897774 299650811
251 935 2372585 616832274
640 474 419910 168198109
1864 1629 321557 782092143
372 293 2770571 713601055
660 51 3241260 473019141
440 1756 1664469 304643699
1398 1955 652244 19912939
1943 1859 1356370 674462482
1688 247 1500996 311796140
502 1387 4104744 809795058
1750 887 4271013 269395302
388 359 2099196 465742196
1805 206 439479 934005321
1197 656 1031316 395796676
313 1387 2599845 124742061
1085 1694 337808 360880909
979 615 207083 441913627
813 526 1757892 202761936
1881 1954 1515140 875179013
215 1389 906338 21619383
860 1133 651583 244051435
116 1046 1097573 306279275
1857 900 627707 743824767
1240 1002 1978916 839557320
1056 827 485297 449200673
432 1944 1082100 942901086
1291 443 8734249 318601799
1323 414 269185 92569451
1581 1095 67717 937907015
1313 248 5910105 718041668
1575 158 3837361 148983999
1094 858 2456122 200997520
1940 1904 1741971 185575187
1750 1652 2533596 387136458
380 834 876153 37469322
252 1134 1294698 17301670
1034 31 1372071 8290292
1316 12 3759230 329776795
985 1702 1874944 376433731
716 803 525353 63730741
1119 269 283416 991420498
617 1640 1705820 276688870
304 108 4637243 237285798
1543 979 2967556 761929137
1314 1687 5550810 592173843
1294 289 791316 21422669
1358 245 5394062 685819780
537 1564 1874837 515364886
814 742 915928 673519060
497 903 1934564 871308325
883 1106 1016302 550540080
12 470 4052044 764035589
1001 495 1633530 674244935
1358 185 3866597 450459884
960 413 498029 822717754
493 1205 963588 960269542
1771 620 4576058 539411081
1753 600 1910641 299429303
1530 1481 907510 387914293
127 7 1653971 612476384
266 1034 1531139 761195269
1613 1067 1989612 449097024
1588 1112 4459272 897391730
410 509 723916 878935985
448 672 1701396 945393552
470 1630 3917100 43759309
148 620 2639171 755119722
1793 215 942938 13934436
47 197 5256023 952261294
1492 108 3280709 436516770
1020 12 4707756 223657640
1588 1124 805337 365300297
1086 1906 1765061 442467832
962 1969 1911062 790326217
440 1957 1289642 200158355
502 313 1504881 876381683
917 206 74011 333284996
1718 808 1795026 789393921
1347 244 3231436 768420070
801 313 1577933 401423172
1780 1837 1303497 577293285
1003 749 1624958 741792970
1422 1881 5874307 126553190
1592 1067 1579618 46982536
174 396 2772327 670180137
234 120 2475533 950678028
884 999 373518 723302610
1730 316 2214454 615435149
1269 150 1749237 303205708
1837 1371 3935519 921822286
1272 1463 875286 895412700
543 1950 3631064 814828035
537 1616 3089938 965931450
544 1570 6266375 427563907
939 1743 27857 51975305
1245 568 3940464 761572083
1000 118 1269202 952511571
171 1313 1210816 911189059
1964 900 4161406 123778093
1002 1651 2501476 653502554
1628 12 3230416 133506182
636 948 3370598 24984356
452 1697 901864 706445460
1387 801 1021906 687561794
1055 1806 609929 65932037
1780 289 906913 584674328
120 474 1210451 838206883
1506 1279 113095 654173724
398 1651 1754236 314080787
222 3 2237604 110828342
908 1158 587038 957696419
410 326 2278128 35775117
1962 1248 4081036 643329112
1313 1964 3124788 132443149
722 982 6704004 335200429
1915 503 870406 6379400
1300 57 1503159 176765582
544 650 7487954 650876907
1543 1437 264067 250780025
1188 302 1093060 981176993
1613 1263 465053 406938909
1200 1145 956034 967087046
1698 966 1177399 270289977
1310 1474 334413 30933822
1771 902 2440848 522117391
1242 1047 66369 546806481
1084 623 1536286 953191832
1200 1349 11442 978003861
1478 371 764693 178020219
865 1798 485979 151390706
1915 533 1097204 719023497
1600 1803 1460888 385925731
1784 685 1988515 506935913
959 1400 1755252 418279571
902 1314 7133112 988767387
1917 1830 1930012 944890318
724 38 3262775 610571837
1284 1949 592140 229418764
1957 1014 612541 945017381
1662 865 4816408 616856339
822 1270 31302 959151515
1187 404 1362056 669039596
316 106 4073335 137766422
161 38 1289301 482035587
1090 53 192235 415360782
1804 1575 2533775 130162506
957 485 2943488 624806610
1626 1427 1573996 898158151
1260 1069 1294919 255666487
158 992 1667383 166162524
820 920 1788666 264319051
865 411 10450939 271902139
198 1726 6526030 330973601
544 1469 5471812 781744251
977 1703 434225 10548116
245 1950 3569313 681520634
450 105 902807 622287254
17 185 1300637 319168792
1759 457 1721909 287007124
768 1216 613211 85635931
989 975 57148 718245244
774 1532 2280450 713123993
202 44 696289 59940568
276 856 1261506 203739111
586 818 1507218 460301595
969 1022 1306794 365966401
1504 1822 2110142 239382984
652 1702 2806559 770302731
211 1130 4563495 79136483
110 25 1596996 810844702
725 1964 1552274 644542570
1915 1712 456171 358460519
1400 1295 1852528 921600804
1334 841 1428290 644297886
443 455 4905547 650589400
650 317 5682398 873720996
1005 492 1515612 349212706
931 486 3395155 147159441
760 1275 1938941 507791977
1136 504 409665 186059675
106 1863 3442032 778505708
1240 859 586769 297484123
1263 666 1057470 350896885
370 1156 1451643 785397179
91 1210 629324 455783899
765 1400 1799043 948940748
709 356 979218 585112741
1687 748 1511733 621999676
1703 182 1264104 176423397
260 1917 1197089 904857199
408 389 3856290 435452689
38 330 2970690 849272067
1295 765 1997896 717668391
145 1152 1639695 147034794
470 818 875689 335408161
987 1205 3172816 771068047
1831 142 422663 156072229
1135 858 5372526 106024466
210 844 542291 87585437
1560 1042 665531 789631510
1787 1464 42153 152394529
1282 957 843915 52819572
1462 1368 470602 994736396
372 1132 754704 594929528
1687 902 1582276 771595212
1135 479 1897565 104379882
317 680 875688 689307225
407 1805 2230881 36074638
245 660 111615 619266549
14 8 344214 498163236
1362 224 1343800 624567092
1336 945 933035 76218426
1663 1491 1885136 149696464
1012 359 1159753 320097222
369 1793 1661823 989248340
1424 1427 6396309 647782701
35 1161 126141 449460079
484 447 522133 787817638
347 649 1898055 352732437
480 561 115181 16520359
1690 823 1311951 759444600
1427 762 1072786 637099388
111 136 1273060 874740184
1946 181 1650349 3126205
1588 774 1103722 507190249
116 1260 1560439 108764100
1798 411 9964880 204498620
720 1585 1528120 843467790
917 931 2122514 69700275
1191 1074 794103 630432289
43 568 59462 613485687
1993 244 3077297 187506734
80 1276 184963 316492217
14 957 1044000 151509431
1778 1991 193045 210040746
574 1750 20089 9062750
1313 186 3928909 379659381
377 1485 626821 430385066
108 420 854261 105240518
1216 1628 5918057 134651751
418 64 456211 696074969
1437 1868 453278 2627693
460 623 2149046 478412839
1804 1751 1294139 309561145
624 350 2584292 917108488
174 1758 1845825 405267401
1413 1767 1846814 290654552
818 1941 2295514 653717848
1122 117 1986769 596832548
276 1231 2011502 146464433
373 890 3516862 709797713
998 445 6304723 840206729
1004 885 1145023 210173009
405 267 1226821 477295789
1570 1798 6957580 973982946
1583 1701 2896035 395085917
1964 171 4335613 299693975
1488 722 8808757 127168679
1625 1195 739028 796884555
957 582 1592552 441369555
820 998 363418 842639307
731 233 946068 807512241
748 1314 7062443 474550507
71 900 5483614 838302183
1531 1756 66659 704597224
973 1610 777986 942347910
1047 1422 3961651 992578654
979 1726 1238626 291324165
1766 1642 1774845 267423349
886 750 1580491 7068905
582 445 3499563 951051275
84 1455 1940261 703280223
307 1283 167197 178395724
927 335 114460 631127695
979 1208 3975349 375659281
1316 1628 528878 681418182
1237 378 567545 164173134
1569 698 1800310 99254202
652 985 931645 732151060
838 1146 1797833 24552369
1624 1595 452426 55740695
1548 620 6467294 1800445
254 1680 1897872 677765019
998 1709 5109845 332178684
12 770 2602776 505456378
1950 982 353421 251663209
1532 1045 1470395 751382545
259 1698 1908010 473370157
662 1887 1517747 654726347
965 1170 1162953 228180160
725 1857 1981467 803181117
727 1915 1908486 817294336
1611 712 177063 747382923
717 225 260293 142885124
1726 1543 4206127 441374698
1187 1311 879347 473697250
1369 1100 355927 319953166
1265 1026 58030 89437793
768 470 3112057 448971966
909 383 1045419 266557210
908 177 1782830 130118316
51 1130 2660063 453860396
1173 1421 2956848 488418350
1477 239 587854 521062937
1661 1739 1785830 998311585
1120 1870 1837311 214973568
1790 1474 811163 176740375
1140 654 822188 802630442
1659 57 2954878 418990153
748 1448 4986529 569320865
773 714 806703 903043333
690 621 1613598 947548936
979 1437 2703520 718170856
943 1524 869963 596836445
543 722 6130620 138655718
263 1008 1617473 547206160
856 1231 750037 404322178
241 333 984593 502418977
1548 494 902372 139644416
246 1222 556421 978607050
1469 1570 794543 398465311
858 464 1454136 930167760
770 1316 3023785 876369632
832 208 1376127 905198665
1130 185 4485453 738586419
1938 1043 107775 432090790
1583 1047 3028249 640931201
294 1264 683670 522885589
1807 383 3119750 467267240
656 1208 5447856 633446478
207 28 1025573 845320089
332 1952 1046060 449437859
1619 1082 635541 87384895
1365 956 1607397 966942256
1525 454 1258719 256807163
1275 653 1823862 343617594
615 1726 1445695 726352692
707 303 800944 839982275
692 720 237598 369630820
1915 1456 601621 79013154
571 1034 3519465 571794407
1868 615 3363813 341442609
1040 1357 41096 692185749
185 722 8392403 258075350
518 638 2601521 96518219
139 523 1567394 758569330
14 1282 200086 41205603
1048 712 772680 738935213
171 248 7120870 867269401
1068 250 727373 40844372
1718 1697 1441779 616387673
586 1628 1561243 715306173
1267 3 1170702 88950387
1540 1044 187489 267066832
1096 867 227403 523524006
690 1687 6117942 850458528
1248 813 3010087 241232609
982 51 136989 957115151
98 306 122813 991324362
1646 492 1941773 833345714
1112 948 5201370 77016381
1020 768 704944 590409079
887 1652 1737469 750588137
455 1291 3828704 988427004
1763 1566 1603729 197543347
1560 1298 1779026 708761038
612 357 428709 297721824
17 660 2716507 204365520
982 17 2989088 299803264
615 1139 1323730 883998960
1456 1842 2722315 163703850
299 1903 1842479 4587965
1045 948 2655884 764225057
926 1860 1865022 64371979
1368 589 409804 210629821
615 156 2477288 103522340
1122 1698 283223 363680531
1475 1879 1917554 519781828
248 186 1981136 195020015
19 562 719412 272696167
1366 1231 181677 181389173
1366 779 94892 22686479
586 12 1669137 57297620
489 525 1692244 416236278
264 518 1242783 253159659
979 198 5287427 882148608
338 784 190332 375439714
256 86 835960 386171913
1014 1531 304282 59556723
1130 1488 4901742 352371511
1274 1383 1854983 502861638
1815 1797 730233 58286311
437 894 772112 320180325
948 774 1845826 844704131
1704 293 1393295 194813027
1883 697 989569 669105687
447 1008 5012093 337325720
22 845 1456782 301003304
774 1124 1909107 98320590
1868 156 5426983 623710948
1177 80 227681 382438012
215 1994 571055 785011140
249 952 1787748 143022903
780 1231 525063 587303772
582 1709 2704926 173911689
1642 866 1322512 191126490
856 779 1026644 714558459
865 1469 6649067 828138334
840 492 3007493 196081129
317 1662 1833552 88697320
1153 1157 1888425 360898228
1383 320 58120 435596425
1941 1020 3826974 937318461
1659 1300 1451720 479332782
1338 1623 59111 415600117
1555 131 1147672 477060170
748 690 7629649 849375892
448 3 1637791 499317920
1804 535 463772 226417450
353 762 4028060 993518402
1756 1014 370923 916994760
1575 4 1531744 284007546
906 257 805005 843910655
110 396 691686 851193102
720 809 1225768 796871010
833 978 1445311 164923435
680 865 2107194 789274493
1722 1893 1097427 564555302
977 182 1698288 571465214
1291 1851 1885844 298036282
121 1649 418501 795831095
330 724 3654804 123928605
1503 661 670469 799720791
1878 589 1779280 341163907
1016 317 3706868 969561207
544 1016 5512530 460165770
479 150 3033920 726038747
957 445 1907013 20077522
1673 1966 1148129 239518030
443 1702 1699329 960534471
1355 493 3159710 611879501
1925 1792 1885967 608774307
411 1338 988274 722590307
1208 1868 818580 986972196
887 1049 610332 980459280
353 1424 1295465 797705489
914 582 4078782 518735705
1202 1861 1927386 917427709
197 464 4579426 210197981
1481 621 6138922 262573734
363 565 273605 833799554
1646 840 1065778 454025796
725 170 1122654 693502052
1456 727 2510141 200273942
1016 1623 4690305 546672308
627 799 1302467 69852848
1150 1270 1781217 876281734
1187 624 2999504 729339682
1160 859 579288 961526776
914 957 2486219 96733117
211 1413 6655217 226141270
621 203 7104903 428960112
1973 1311 1525389 521672610
420 1856 986453 158202406
525 993 1464281 450876476
203 1481 965954 798511624
1493 1093 1467739 378135694
902 494 3429853 152048276
1704 372 1377267 86587127
1445 674 403921 312662192
1427 426 3128794 356562971
1016 1798 6203803 263500633
622 873 1620384 874614362
297 1629 480320 404212330
672 1267 2168489 848420643
1413 185 6577152 441976864
1709 914 5286342 532547137
533 1712 640987 607701027
1520 1689 1697457 678861437
349 355 202775 821202130
1173 824 1290255 503592077
161 724 1973454 23382532
914 14 3530197 663856918
1570 1623 5525545 41972775
485 582 2848257 290985182
1184 580 435474 875211704
86 320 2182589 163148423
1767 1950 3395377 984915561
398 859 644851 259444268
1208 1437 1271849 982000320
1877 1541 1018225 424357470
1558 814 1195513 294010600
1885 298 499813 758527728
1986 1373 178629 108512301
1444 1161 878397 774585541
680 1570 5336427 772459679
1422 1962 2901316 877021279
985 443 3574256 581593705
617 1508 1972490 499105864
466 1400 826869 74065162
1850 1358 252750 840932495
1744 1669 1152988 459790518
1081 766 711639 45527914
1154 1156 472338 345636905
68 263 1314650 914311267
253 640 544365 472842029
917 407 1865456 39779817
2000 415 10485 362488604
1180 1905 664083 57749371
1267 448 467127 129861774
652 455 399641 684815254
1160 1651 530122 748987829
1434 1610 3260013 877685260
71 1964 4426701 231332290
961 1847 516975 309070122
1342 1278 1907072 255677821
660 1488 999463 533418017
1906 65 867335 415754684
1718 452 2343637 398734666
680 1798 1621171 653515267
201 224 1430783 788102450
1009 1191 326370 214613414
973 815 1339439 44129993
221 1529 1142493 292467201
1850 51 1788477 235092043
156 1197 233595 397836224
1693 851 57588 388665201
896 963 224513 858962518
744 1576 937962 305528523
1165 1612 559433 833893724
1480 1999 410287 89447938
770 768 4677216 576034095
220 568 1360023 283092101
1941 586 788334 508733131
1844 1196 1295763 238501206
1197 1139 3620423 936488101
302 577 1710077 7345564
583 563 915595 71345896
254 1463 2503892 283541977
586 1020 3038669 72997037
450 1071 1318772 605924598
325 657 1528916 564295350
640 120 790571 110227187
355 1479 1046991 266650935
1623 680 9272850 380077043
8 1709 2100327 890062638
