201 201 200 200
119 39 92559054
39 52 41370052
119 5 6889977
183 39 38350443
43 52 86776600
146 183 37295461
186 43 14583580
119 189 43123472
39 66 88861090
82 5 5798686
43 133 53368617
113 183 34344295
17 183 17964113
119 25 21367122
113 155 92562023
121 52 69066263
27 43 47906086
3 186 93275695
146 50 10636341
83 43 76240382
173 52 75291540
39 162 57456582
173 166 18835897
146 56 61071506
25 16 30671895
66 147 13715563
54 189 21740873
173 103 91517744
67 82 7306846
43 96 24796950
136 119 5496985
113 93 45170995
67 15 1358355
117 15 91747798
56 190 20110489
152 162 9548174
151 162 31431685
108 190 46636971
199 117 10396827
119 159 73669446
17 201 60444182
49 113 5778895
41 52 65322185
17 158 30317515
51 52 47506427
145 166 96936720
190 99 56441235
96 60 51479306
183 169 13635139
9 183 72925002
199 148 94601781
99 89 92397920
79 103 65067974
43 98 34970139
51 86 67865941
114 3 67452502
153 121 27655318
41 55 65680288
77 119 43895976
52 46 82035174
84 159 33969466
187 151 72657208
180 15 66907200
145 167 24609680
106 51 93989965
72 148 61749083
50 161 39191115
99 131 79776512
108 33 50619743
91 54 90507295
183 198 40698661
114 63 28422230
88 56 24801021
107 158 152502
73 86 40391840
143 186 20656479
68 66 78953235
49 94 62221472
108 20 79667241
116 198 51068410
167 182 39320549
127 46 84951479
175 183 13085047
61 146 25531028
186 32 51452952
176 131 13111045
174 127 69917525
180 74 13506952
50 8 73906625
13 84 11284872
159 124 12014952
14 84 65520537
35 61 33624912
135 94 66859555
144 83 76607027
4 124 59637229
100 32 75676539
168 33 24013665
4 28 75157586
49 64 99254498
61 36 88653269
122 66 8818441
129 33 37472222
82 30 37754686
88 45 70051784
80 162 61146186
175 59 80721247
189 42 37596602
158 11 21068641
162 154 8862619
66 76 78938832
55 38 21032508
154 194 39705095
3 118 56425494
191 45 23413018
190 160 65645572
104 161 49543508
28 137 15527895
145 44 79961245
119 165 10288117
95 39 30071555
65 56 24274033
60 123 54287595
56 200 9356764
30 141 41448012
29 168 10721696
66 48 11482285
151 192 80216480
112 190 29816309
116 92 61718010
97 165 98622949
197 67 44226403
156 151 71046143
133 195 77524086
158 7 44242492
186 53 67031968
175 164 11223676
177 73 95487334
60 132 19169953
88 105 27219748
110 105 81587021
2 95 49862911
181 112 78634539
3 130 40496096
171 8 27911028
78 95 3807656
171 26 68851896
142 144 43927746
37 76 46195363
194 134 62364681
64 69 6074649
127 101 32295234
87 76 79019436
157 165 71218022
19 73 12816611
178 14 13309434
69 75 9444055
113 71 799713
115 43 43267643
77 150 67039652
22 113 73926872
48 6 54322061
68 23 11127845
126 63 64605142
1 145 12936019
32 70 13734008
84 138 10082344
50 31 14523866
57 36 17205568
52 47 20068636
58 20 32465840
125 3 32358386
140 55 22248269
155 149 25671823
190 21 91311251
124 172 71912399
61 185 56830388
179 146 18860395
139 101 21682513
62 58 7909572
81 157 93446259
179 188 72269494
111 75 57040128
184 69 32051601
57 10 16996164
76 170 63657271
157 193 54976209
40 93 93378572
90 60 17157608
73 34 1931572
25 18 87586669
97 128 86040131
102 68 80600888
34 85 74601387
94 12 75115653
196 95 59972407
96 163 57596524
120 73 94513060
109 93 61892236
24 69 10361318
115 163 72829623
115 161 55703283
92 161 66194801
190 163 55618388
115 139 73735040
115 68 53430959
139 113 97413414
138 115 78472126
163 69 88145902
170 115 46596687
163 101 34020625
84 190 85721408
139 32 56684242
139 66 12359850
117 101 21698148
17 170 50234680
32 31 41891761
17 10 77668501
10 122 36513790
92 49 78923712
65 161 71200980
7 10 9594142
14 122 53728446
138 73 54233598
115 67 88061127
67 188 49581648
7 42 40235291
73 112 68661305
161 64 75801873
105 163 53181152
122 136 35557490
26 14 15338889
49 169 59934435
132 7 26807275
169 194 4545926
69 103 77200326
132 3 24827505
190 95 45240559
52 84 70334802
180 132 36735082
69 80 75298966
169 106 40363231
58 14 69886876
80 108 71996684
7 1 45230650
15 105 2002031
88 113 33833900
154 15 43390367
181 136 27638158
138 76 20150944
92 153 84030134
100 67 43964247
13 80 90784458
41 67 40002814
154 54 78650504
103 104 40576347
130 153 82679563
150 163 77215034
11 180 38592894
111 194 22090338
90 68 80827932
90 176 97076887
199 66 33497211
165 65 68644251
108 33 44856330
199 45 85234710
60 117 78623902
55 176 17103536
78 111 88147095
30 105 48153477
103 96 57481233
186 199 85655496
198 106 15166233
168 101 65373307
135 66 41615660
94 154 76563490
185 169 84425131
161 50 80782510
141 68 32572649
192 106 54613999
199 162 9198458
111 81 11423156
117 74 13937430
35 65 69399750
95 70 50637360
197 52 19400000
20 150 50619853
189 117 15094584
17 121 5621719
62 138 86994837
5 64 57323449
117 147 95062850
146 161 71241972
39 50 59596861
142 14 83383438
2 32 89888952
117 38 30986218
163 28 3433144
70 29 41854394
134 90 80083106
29 85 45339711
155 13 1788365
181 16 29224632
74 164 97290899
14 91 17518868
100 119 9627868
2 171 28010524
21 176 20591703
147 174 77014527
162 56 81898832
195 33 59933629
23 42 50823220
51 135 60433590
69 124 58165262
96 89 18928331
94 127 92204424
46 70 2501527
91 183 27035436
127 125 80020893
147 44 61326215
30 110 56879217
51 40 9871548
4 96 94774287
161 158 40739945
117 98 4080520
21 19 59834701
90 156 42255825
21 191 13246233
87 42 62270786
96 151 5665923
6 81 86747680
190 149 46228566
126 162 49598117
154 9 6897192
68 129 22600311
160 45 65893463
188 83 99789662
17 18 97080818
112 116 75312507
49 61 43036965
188 79 70123915
68 196 70173230
34 62 23649549
180 120 55077503
37 199 71088156
21 177 51040166
181 8 54791620
27 13 45524932
8 175 12673455
47 21 50144489
19 109 87228552
111 71 89368801
137 151 27640604
144 188 21317494
72 177 57775448
140 41 65479009
111 166 42645851
63 199 21063288
173 124 96936709
114 126 8392694
86 137 10809966
36 170 14525286
21 57 17022433
112 48 63499931
179 90 58668207
167 42 5325545
10 123 95225703
200 67 74513764
45 97 75452519
157 60 6483816
133 190 87989621
185 99 95553321
31 93 93673013
175 172 47686104
148 83 76606755
12 62 74582034
136 178 75295578
152 30 67139368
14 22 22068285
139 193 5265697
131 97 6002579
41 182 43093537
145 41 82873482
90 201 32398281
187 197 90408208
44 25 41835858
190 53 20612468
43 63 2607625
77 91 6794275
59 36 69169099
45 24 8290871
143 70 33685995
107 170 37793645
184 132 81487543
87 75 18047578
165 82 9480675
178 128 6096250
159 14 29339396
82 102 73217525
118 171 50470145
