155 64 128 175
32 42 26601207
42 46 8877811
42 29 43910655
29 47 26310027
25 47 30428349
29 13 43446500
52 25 12190269
28 47 50626101
62 13 72238000
42 9 24908088
44 52 80282151
28 51 7576484
61 28 40278963
62 63 347087
17 52 22566668
32 58 132998
41 13 19345726
44 36 14570581
46 1 27413754
9 15 17884660
61 18 14178400
18 21 61242717
33 18 92143196
24 18 96062033
30 21 22618573
19 29 49358519
9 48 38451321
1 59 53562337
49 17 27086170
23 18 6990287
60 30 44619299
32 12 17778408
3 21 2669743
56 30 97626475
12 50 44033285
8 15 98330063
16 32 77965364
10 60 751483
33 7 69541518
39 9 72191320
51 11 65971597
32 4 56479827
15 14 22304045
53 52 78983039
58 45 23318434
34 33 37925044
45 55 91107385
20 28 87574067
4 26 41153308
8 35 32520994
2 15 62239745
50 64 93077589
1 40 92965405
17 57 60497111
30 27 34009127
10 38 87235248
22 28 45240108
47 37 92480410
31 56 3392964
6 59 54446532
26 5 73269826
54 31 18335609
43 13 34414237
51 53 48466990
15 13 41298843
50 63 43375938
51 29 56523011
41 13 39450048
17 25 24864300
62 50 1773095
5 43 95681786
64 43 65742569
34 10 17978705
34 33 79331962
51 51 122550
15 13 23320317
53 24 63939299
45 56 34501819
6 59 29392636
12 2 55021623
20 2 77964706
8 52 30663991
55 24 66013086
52 55 81274034
35 12 35511333
25 19 91523835
14 62 20265057
14 46 89330879
48 8 71010527
58 47 68268659
32 64 54431867
41 59 81574504
6 33 92693909
30 35 62163377
42 32 68661884
40 18 64283869
61 54 5822021
56 59 959367
3 16 70216357
34 19 51357683
11 40 74335101
23 33 33454273
16 57 11874410
29 5 37995274
54 18 29126395
60 10 61828829
50 5 18997895
48 51 52559624
12 18 95399190
30 46 17197313
2 41 15538280
30 40 65624583
33 62 13407938
25 48 76025011
25 24 62852445
32 27 84137906
8 51 80758665
17 41 55118860
46 59 58223209
29 26 8201405
4 60 65683879
63 59 59507911
40 15 99303248
57 36 2758689
18 12 28518134
31 55 20396310
17 57 97899207
7 7 82990676
51 11 62820792
51 34 93078998
75 51 2580590
34 124 12503085
86 11 15932002
86 126 76220327
9 75 10319347
51 10 11790496
10 97 96031215
15 9 51164215
150 97 17423004
75 37 87576036
43 10 33969185
97 108 53896517
51 119 45560218
121 126 32235596
116 124 15711250
37 1 32205595
86 114 87220640
66 116 41163839
104 116 96031657
50 10 41892054
14 150 78655855
121 24 37131464
66 90 65576293
119 36 88928512
141 119 94828545
35 97 42279323
43 55 95064842
85 104 44788965
141 103 82696648
14 21 36094544
106 11 34313861
42 50 33319253
119 143 9916884
46 119 73653546
124 44 654009
98 85 41966487
37 52 92181284
32 97 6370669
108 2 91495914
96 119 46993573
63 14 34500539
147 24 43255323
64 116 22273494
27 1 9953855
24 144 25386858
22 103 46091293
27 136 44155575
132 46 42664592
111 66 45133102
63 18 15662737
9 5 1034353
99 75 76619960
124 129 97390506
97 118 92979313
1 71 7588631
116 130 52477334
155 11 9234420
21 62 3284985
60 86 12041102
97 131 15331243
52 154 87200613
99 8 25155911
107 154 93396511
44 123 80828141
123 122 97819117
28 44 35598674
102 143 70259442
125 14 60084519
85 45 42568824
73 143 99692986
86 138 668980
133 107 57808570
68 124 76013631
92 106 76292485
154 127 28239269
74 85 95609570
84 22 82580874
16 107 52253801
45 79 42640263
100 92 15923808
67 119 26442913
24 7 91816757
54 50 60677853
76 122 51523255
38 86 62666599
19 131 83795042
129 152 54391586
65 74 20664428
12 103 46415658
47 123 43758653
49 2 98789643
116 146 63407529
151 71 71111360
113 32 73644845
89 51 35473893
25 35 52868023
140 154 56928221
102 83 16003378
3 68 57476485
64 115 71051367
128 152 43609824
13 97 85517955
134 152 74792466
72 21 36817180
139 111 46448269
131 120 39512667
106 117 79309092
34 88 75087391
62 105 44000697
59 76 70943920
106 135 96658596
100 61 80196509
8 94 72152573
6 54 11180643
40 90 39874748
58 128 60426583
64 82 46976721
41 52 5147824
80 74 23385850
93 94 85305113
142 60 1599845
43 48 88324046
78 82 7983429
56 6 68417049
144 57 51152174
31 155 22292292
145 136 58454068
4 142 12495201
17 55 68634215
82 137 61314294
69 51 5724185
87 152 5761700
101 56 15594888
34 39 2006473
11 153 44501542
95 75 85103906
7 20 63135015
33 108 53189021
99 53 88340138
24 149 9990700
109 76 92858441
148 19 11045910
77 52 52868672
91 44 14639297
124 30 57201865
132 81 468318
23 139 78401764
109 29 86789962
121 26 93755176
69 110 45970701
127 112 26693291
70 2 77655894
119 48 51933194
65 44 35563611
135 58 8483854
115 96 90911290
16 41 17491564
77 64 15047944
45 12 45059799
135 77 80435609
105 3 46216478
96 4 1682616
155 100 56641116
67 134 34656738
118 145 24470127
152 92 86276146
53 87 41597450
116 76 37507477
28 93 30697195
131 22 58089369
43 145 41275523
62 150 95732632
100 129 14342671
