77 123 177 76
75 42 25676118
75 13 62997422
99 13 48399051
35 99 35961098
29 42 84961472
101 35 59849766
35 22 56215356
87 29 93793257
20 101 29230220
27 101 77432149
35 45 77077186
101 121 38904821
81 13 58066081
83 22 7756946
41 101 5517001
25 29 54279956
27 30 79678519
71 101 95512984
71 40 13284356
59 99 58168548
87 37 48000416
70 87 1217120
64 25 34474542
79 20 16584945
64 43 81224432
45 16 31825201
64 114 54048394
30 54 16939427
34 99 61559352
102 83 26891740
14 27 66886865
103 25 70479851
64 104 76506825
28 104 46072892
85 43 8571669
103 84 23415443
71 2 93398908
119 37 15582348
80 40 84448974
82 71 55051504
57 70 45770485
99 91 87377121
74 40 61789393
35 109 50981690
74 1 473902
75 31 79243217
1 72 83578349
30 46 88833699
104 32 8634506
56 30 40882224
52 74 26574641
100 13 81815904
89 28 44116864
82 55 93123849
22 105 18595882
110 105 26976784
10 29 14882981
67 25 13914524
94 72 88894801
35 78 59281245
119 97 56229324
42 117 14823241
91 50 87231923
28 93 63612059
47 54 35888787
106 81 52485477
20 18 41089343
92 43 7768440
100 68 24534097
13 107 12610734
30 21 18806618
53 84 24537816
73 78 42670201
8 53 5077718
97 123 92312767
70 44 96615003
24 99 50196316
40 11 50031526
91 23 34535567
21 51 92040521
120 114 37759592
5 13 11371719
122 81 79789455
61 73 39855133
6 30 24715623
39 64 41304511
90 91 9863549
40 118 13495738
74 62 96335154
36 6 97775395
94 111 58821479
68 7 6113124
4 82 24008858
52 65 36114394
63 29 83976228
12 102 1575174
80 26 4399663
62 76 17281111
51 9 66379280
96 43 74826756
81 49 66239232
77 56 46111967
86 119 55937746
8 66 30302100
95 102 76153125
106 19 19322753
108 39 70230430
58 104 18766058
69 91 37681650
2 88 63976459
36 115 79786937
8 112 8296013
3 91 95040056
100 33 79325253
28 38 49779861
95 98 44571390
15 10 45688610
116 62 31327643
113 121 52000669
60 72 52232075
95 17 83611531
109 48 81280356
23 112 55610164
31 30 82993132
79 47 97038148
74 17 96023358
34 108 1689414
72 18 63655004
53 63 48741546
43 106 30805790
10 13 92053748
64 54 86339968
58 64 45120009
114 71 17456798
54 34 81773435
89 67 31813671
45 3 65912464
24 100 18899526
115 21 74308496
60 74 44879338
81 122 72331496
14 40 41796152
25 73 45972111
29 103 61647413
76 90 17134444
77 114 12007262
84 80 67060791
80 52 43375771
12 117 11575197
48 27 26841730
70 76 78018226
103 99 94985671
62 102 10301632
78 91 59160625
34 28 99054256
110 16 98486519
8 18 23167394
64 93 23683103
78 32 42263566
44 59 69449166
46 84 65085993
71 1 78663674
35 58 90518278
112 15 1847478
21 26 10094429
103 65 33520969
57 41 69509746
25 85 86626387
118 54 10917589
51 97 163404
75 78 79666707
85 90 10093076
115 72 91106739
74 57 73625039
87 6 20228256
50 99 43356502
111 61 51132858
41 23 13854032
41 37 85388919
23 50 99077510
50 47 22603191
76 50 31513510
73 23 55959395
12 41 19264154
62 47 97915727
62 75 98670589
56 75 16117691
12 36 99253911
36 52 97880971
77 41 49635061
36 24 81837583
15 47 14509458
35 23 43129785
70 41 93644146
36 21 81012014
14 35 98118776
56 18 67056783
40 35 3651917
31 12 86832919
47 45 95511202
35 58 69408222
16 75 77487359
39 14 75993564
52 19 40109577
36 29 67029908
69 76 17505744
75 67 72201068
58 66 3255263
56 3 28318457
29 13 4721539
33 76 9932805
22 33 84207725
72 69 71053958
57 47 32426950
54 69 97170777
14 8 3522495
39 63 44866493
64 76 39018598
17 62 78282610
38 37 81318038
41 32 19109803
2 21 50083859
40 27 45566147
31 5 66092697
6 54 72540447
2 43 77175110
63 44 28226636
25 22 69507162
23 65 66991060
57 53 16628859
33 26 12168837
34 16 50963269
38 60 98144498
7 3 34808228
71 44 59850139
5 61 22887262
41 1 76825416
44 55 26086314
44 49 51739738
51 61 71488373
39 28 91104771
4 19 98098221
59 54 55958877
74 56 14175892
68 25 15266974
15 10 26333084
46 60 85972693
42 46 26003182
45 30 83269684
20 40 24903138
41 11 95027545
9 35 35789734
48 68 20104052
