101 101 100 100
83 101 1
49 83 1
36 83 1
83 84 1
80 84 1
60 36 1
26 36 1
94 80 1
84 74 1
60 100 1
80 28 1
94 68 1
60 30 1
40 30 1
36 81 1
76 101 1
101 45 1
101 92 1
82 26 1
94 23 1
26 72 1
44 76 1
40 75 1
92 57 1
73 75 1
56 73 1
80 34 1
36 25 1
23 96 1
16 49 1
76 21 1
76 14 1
85 25 1
17 76 1
12 30 1
54 57 1
34 86 1
1 82 1
6 30 1
41 80 1
71 57 1
28 20 1
101 51 1
98 85 1
37 100 1
62 23 1
14 64 1
42 45 1
54 29 1
82 43 1
5 17 1
54 58 1
22 75 1
101 11 1
31 92 1
32 75 1
81 2 1
28 8 1
95 42 1
47 73 1
46 11 1
57 48 1
42 67 1
91 73 1
58 10 1
29 52 1
73 33 1
40 59 1
78 11 1
70 52 1
13 75 1
9 42 1
53 14 1
24 46 1
4 2 1
38 68 1
7 52 1
87 7 1
41 65 1
70 90 1
64 69 1
15 68 1
35 76 1
39 17 1
67 66 1
13 19 1
59 99 1
25 27 1
64 97 1
94 3 1
100 55 1
77 68 1
63 67 1
62 93 1
79 92 1
64 61 1
18 40 1
89 80 1
50 39 1
32 88 1
23 66 1
82 23 1
82 46 1
82 88 1
46 87 1
23 63 1
35 23 1
82 68 1
88 75 1
42 63 1
94 88 1
6 75 1
16 75 1
16 98 1
35 76 1
87 8 1
66 92 1
100 42 1
98 96 1
68 26 1
66 43 1
87 15 1
46 40 1
41 63 1
27 94 1
67 16 1
37 6 1
41 38 1
44 76 1
38 73 1
86 96 1
73 21 1
61 35 1
15 72 1
42 59 1
41 17 1
27 83 1
5 82 1
75 22 1
68 2 1
37 99 1
59 18 1
98 78 1
90 72 1
73 51 1
77 23 1
38 36 1
54 100 1
90 20 1
80 23 1
84 40 1
11 15 1
41 33 1
99 30 1
56 92 1
78 7 1
62 67 1
82 91 1
42 25 1
78 70 1
38 57 1
74 75 1
43 52 1
50 5 1
6 53 1
54 47 1
10 8 1
74 81 1
100 101 1
33 9 1
97 16 1
48 26 1
28 63 1
18 49 1
84 3 1
99 45 1
19 21 1
29 80 1
13 84 1
30 31 1
84 69 1
19 64 1
92 32 1
71 25 1
39 26 1
42 1 1
11 79 1
22 34 1
2 58 1
25 95 1
9 12 1
21 4 1
24 57 1
22 93 1
89 13 1
13 60 1
55 41 1
70 85 1
14 62 1
30 65 1
