55 77 88 66
77 38 1
38 65 1
77 72 1
69 65 1
77 2 1
77 28 1
74 77 1
9 38 1
73 38 1
38 14 1
72 15 1
72 70 1
30 65 1
72 68 1
30 8 1
15 39 1
73 4 1
72 27 1
13 69 1
38 47 1
13 40 1
8 22 1
70 23 1
74 16 1
17 69 1
39 43 1
71 43 1
69 21 1
25 74 1
15 58 1
65 26 1
75 40 1
30 37 1
37 49 1
68 45 1
22 54 1
2 7 1
68 3 1
20 28 1
58 64 1
51 45 1
68 41 1
25 56 1
44 70 1
23 46 1
76 3 1
21 59 1
39 10 1
31 68 1
6 22 1
11 40 1
35 27 1
25 60 1
48 64 1
62 23 1
1 16 1
5 74 1
42 38 1
4 61 1
13 18 1
67 20 1
63 61 1
42 57 1
29 25 1
8 12 1
36 6 1
53 6 1
6 33 1
11 24 1
74 34 1
55 10 1
66 37 1
8 32 1
19 74 1
67 50 1
30 52 1
70 6 1
33 69 1
20 9 1
15 74 1
32 11 1
35 3 1
39 65 1
26 5 1
73 7 1
9 17 1
22 41 1
17 26 1
55 31 1
14 55 1
3 55 1
2 14 1
21 31 1
3 28 1
21 8 1
4 2 1
22 28 1
14 29 1
4 25 1
35 25 1
1 25 1
31 46 1
45 21 1
42 21 1
25 19 1
29 33 1
26 46 1
51 8 1
15 2 1
34 31 1
19 10 1
39 2 1
36 22 1
46 13 1
28 54 1
37 19 1
9 46 1
30 2 1
47 39 1
3 16 1
49 22 1
11 4 1
33 44 1
41 3 1
43 46 1
3 38 1
50 2 1
47 6 1
40 25 1
32 36 1
40 12 1
26 52 1
47 18 1
20 11 1
51 17 1
5 47 1
21 48 1
23 20 1
22 27 1
1 7 1
24 32 1
53 13 1
8 32 1
45 49 1
53 14 1
10 44 1
39 40 1
41 3 1
19 6 1
38 32 1
16 28 1
21 24 1
31 55 1
41 51 1
