10 155 200 198
73 4 65236617
67 4 18291704
73 109 2954534
58 73 70946927
115 109 33691596
115 131 34013014
115 81 30221660
67 110 15527915
81 100 86708285
110 96 80260115
29 73 27695535
96 78 23296180
124 67 32828196
38 29 84831925
155 100 84077278
67 28 58358672
96 98 58475943
96 14 29248551
8 124 71494185
98 23 81426235
4 142 45157395
14 53 45630511
124 99 47619163
29 57 28534862
14 76 69064641
23 17 92409753
134 28 92906882
7 134 76409202
131 132 26640201
86 98 70523143
4 150 13481153
24 78 12629335
109 154 19521941
47 81 14902729
96 136 59827219
132 13 7502050
124 147 84092006
110 121 73924872
33 57 94679286
93 78 50377778
28 48 66969063
102 86 91025029
145 13 55070233
80 109 28858619
73 20 99802515
150 36 3724914
145 19 33362138
15 98 99501469
80 40 37328647
87 86 31613989
99 104 12364637
12 7 93647233
44 100 13854154
104 16 33962750
39 19 91777306
94 58 51094647
145 60 62920069
16 91 59631835
115 89 71404234
63 136 2999559
75 57 53981878
21 75 3279806
13 117 84584506
8 116 34767373
101 78 86585617
29 22 25163352
151 155 59463950
10 87 95887894
142 126 4886782
94 37 5519816
5 39 2108423
87 97 69688760
21 25 61216427
69 94 11660840
29 125 81424946
2 10 63182098
109 11 7180115
104 72 7084546
99 74 13908269
39 112 80672915
20 143 9448771
81 49 24324731
118 10 24915710
53 31 10719238
8 130 87776120
76 88 71398695
17 85 75033298
115 135 66523995
68 13 52794410
154 56 33376818
32 130 67673979
111 44 12022379
53 9 15115976
36 113 2021157
57 77 98609559
28 114 99231426
71 142 12666115
45 31 47797876
123 49 67154269
29 127 29674704
20 3 77159767
152 15 57073780
129 118 43746553
99 107 27323566
150 141 77077900
93 70 91868976
54 57 74491508
99 27 41602909
121 105 95953235
62 57 26120300
69 46 54521874
146 56 97634309
59 94 27380166
67 92 25573935
84 151 94864857
30 71 7013309
73 34 30617021
55 2 60495998
107 120 20789600
19 18 65026133
134 65 81642242
124 106 51304515
19 95 66552783
153 132 81395253
9 79 23865064
26 30 61442467
17 51 11500530
128 30 52742778
52 8 85678532
153 140 94161034
47 138 50949349
113 149 28388827
124 42 66727426
143 103 93804009
139 36 52136757
78 61 99621918
143 83 20173967
148 44 11369902
122 26 30407785
43 9 40538207
76 144 43026950
41 106 31851821
55 50 70953184
41 82 9394917
119 141 41118035
138 133 30185521
51 66 31342706
19 90 10794801
35 8 60725480
137 61 28912034
138 1 15873138
20 108 67357
6 149 29000787
31 64 56326541
86 103 46410737
84 131 92517889
23 51 30556485
7 52 81856797
41 77 53634770
78 142 51614495
21 144 13874465
17 76 58818925
127 9 59595347
154 110 53168858
6 6 96088540
4 125 71058518
3 117 94243239
115 131 29945285
8 153 17269091
44 41 8519983
74 51 89404436
88 94 75620008
143 81 60808770
153 36 83538258
132 22 81053521
8 30 83956025
28 45 26029779
7 67 91621329
74 74 23981646
117 31 62015464
16 34 45753873
149 95 39152560
124 33 79073156
59 153 33949603
133 140 67485350
138 60 84694227
140 134 33633237
23 69 89977886
12 131 48589820
3 70 75036445
151 17 27733284
91 151 81246863
75 129 45014010
57 143 40770313
87 149 32116327
148 112 82189393
155 121 31770386
117 3 90732323
105 9 14688542
139 152 13467355
4 6 91917922
4 9 35702999
9 3 13990756
7 6 4659301
2 7 55375767
8 9 13886702
6 10 47728831
2 5 64028855
4 1 85822269
1 4 61966056
3 9 72410797
3 1 41087592
7 4 93903639
3 4 62359022
3 4 63457286
10 4 9676855
3 1 25647624
10 3 23941171
3 10 22765527
7 8 84271166
7 5 49137525
9 2 31636448
5 2 22822869
8 3 85065152
5 5 84250254
2 4 26890999
8 4 43654423
3 9 46674573
7 3 86446690
2 3 28291518
10 7 30384535
8 9 54051048
6 1 25262248
10 6 61559129
2 5 66579739
9 1 95050130
7 4 96966968
9 6 55310827
9 8 12305892
9 1 33317316
3 6 71582325
10 8 76543369
8 2 54440894
9 3 85115379
6 2 29722763
8 1 91302141
3 8 52620348
2 8 35452066
1 8 56686217
10 3 76274008
4 8 77117803
4 5 2571919
7 4 83363891
10 2 79904186
3 6 5658433
10 3 91244248
10 9 31860850
4 8 23015695
10 3 99874237
2 9 94845969
6 6 87442959
3 2 16658226
9 5 55998748
4 3 51355601
8 1 20273853
3 3 4814220
9 9 30480388
3 3 34121285
6 9 18797523
1 3 69863655
1 7 75609713
5 7 96159886
6 3 80634759
1 8 81918909
6 9 8256149
1 4 78052112
5 2 53742285
1 2 81050295
9 3 74031622
9 10 31944980
6 2 25642952
5 7 29703022
7 8 91946409
5 6 62863959
1 10 99292456
9 9 84591333
1 8 95945798
9 9 48654374
3 5 23760873
2 5 81862360
4 5 78378304
5 1 86010436
3 9 70073380
7 4 58517827
10 10 9236950
10 5 77502087
10 3 55805003
4 7 97796883
4 2 12690398
5 2 28259384
7 8 72248333
2 2 98525371
6 7 55996298
2 6 53338348
3 6 97553164
2 1 90438609
7 1 70981835
6 10 15182202
6 8 54726819
9 4 45573307
5 4 88279562
7 4 31072210
7 7 85494180
3 6 81654061
1 5 78755806
4 7 24223594
10 3 36308307
3 7 99572160
10 1 61999099
8 10 87954680
7 4 61516713
8 1 29104926
9 2 95470161
10 5 50072813
7 1 65348040
3 5 43843781
6 4 40430601
1 6 89849961
5 7 67375406
1 1 21552211
2 1 66793213
8 4 3693062
4 8 81971467
2 10 98371589
10 10 97534268
7 8 53514610
8 9 98374566
2 10 58441358
6 2 71205902
9 2 94185511
6 6 91016109
3 6 78816418
5 9 11652517
5 3 18748351
9 9 66673965
7 6 62152712
6 9 28819255
1 5 88955848
9 7 77300630
5 8 89230014
10 2 11650676
7 1 37736930
5 10 5179168
7 5 94163353
3 8 64445486
6 9 53435456
8 2 61679445
1 2 32455673
7 9 3622443
2 7 78897760
1 7 11048909
2 7 8099944
10 7 56360232
5 8 56264604
10 7 89195785
6 8 12111479
9 2 47003510
9 1 49505151
5 10 46209207
3 3 65236245
8 6 75765811
2 7 59472096
4 10 43685294
5 4 96580298
4 10 37667973
1 6 68214972
6 7 84780192
8 7 4479247
9 2 66521644
5 10 94477310
6 3 89741699
6 8 33709274
1 9 18398298
9 1 14004817
3 6 59423248
10 8 49060604
6 8 88417222
4 6 38129446
5 2 54088208
10 8 69769739
2 9 55556420
6 10 82052240
1 9 45459383
4 6 84651925
3 6 64368316
4 10 39532513
3 8 35311571
1 10 91928810
