100
565428821
-802933724
-3538545
500244590
598557581
-731755857
336474204
-744317610
656321809
678026
580740065
664945579
811174885
-148875716
371089634
-274276256
-225638851
-346794287
814293334
570687443
203538098
813961219
417502535
102795992
610044569
39306034
365862644
-809175870
-301986444
369785530
515885898
918209354
-664531347
828534973
928505103
-711397643
137122795
680230003
-700266170
2902768
361924645
-954031779
-513155162
-251079028
-775320693
79661483
-583987617
712306762
-379533006
-500683478
427132674
-769514875
613426610
410098537
858000899
884614342
925948154
-677201902
23063270
-820336672
920511315
388788106
-286524361
-752769115
32455981
354343289
107399910
813199048
305665059
784431375
-794814185
67743370
-694682590
632829696
225788751
513126477
345146715
436026375
-594219232
169717854
-628592381
33710702
-139731905
46940088
-516513984
931307037
-127137585
684117185
152695699
-167637918
325524298
596076645
99093593
595083467
-252620393
764961667
605922545
-594990511
-401141055
-504619598
