79
453528144
963653148
-584300266
-532795896
229542
571599721
-130961835
868019662
-635735499
-676023333
365008748
132543014
400024013
952638207
-784608549
726877595
-857045193
-200136181
-94464115
-717584933
814971257
726115834
-92746754
460142231
254775249
-843963034
-411501730
-124447272
-292175026
149478706
-354466453
489677541
661352391
-702236599
760129924
-724812592
-767476626
-409638001
452721376
766405398
-395174250
882055284
933858482
712676091
195333454
-761866164
625586372
888617587
460567274
-557734568
167814574
-6157924
-504616067
-425859700
319594973
-60650950
-965338592
847043291
955055129
360958916
537366262
-877213261
239776485
-394366861
-919502735
32960435
626141556
-174667125
-287463015
-227758696
-2870744
-692037277
650303580
621099434
-459351648
830939255
-25563567
6341181
-395642183
