82
448314708
107087184
-354771861
-536936153
287490896
-714191170
184276339
-515064691
-309476075
321214012
-624578613
-760197564
-353402868
385610321
463785215
951262646
-103535176
601962306
-456135008
673727875
-89820211
-395187717
934681999
-959783763
-513960438
777253962
-341722308
-985766969
879965621
-257339711
-302037699
-820329372
403773586
434863349
-250444732
952377900
-120638550
913204931
-714163655
962148757
638864625
106432211
400657936
4022369
772589989
-655252810
-446856392
287056170
853857345
-828412883
-912720689
-460056600
-185767840
525811075
-461809888
-270002141
998154842
-580583593
668060994
281948877
-4243861
-577137946
-595995120
236039295
552394911
-148572910
768891216
646192858
969281079
388811612
-5966616
169832518
488823802
-777068475
-140534385
528770416
-155295788
675350050
178251719
11083581
25575789
-70557573
