97
-515946804
825849699
542166727
-763484917
347845481
-639939306
-40281031
635268428
512809981
346705828
876493922
-797806377
106596872
-44381965
962602821
-620362152
-982317355
-140389730
185728488
-934187584
-476508911
184384706
246427753
869331948
-101233480
-536107273
152170660
-748364630
-296631575
-574976627
167879078
-992509214
956777214
-783559820
740237347
360302042
-249779340
297507697
-765926483
-927954204
-504966669
335403632
-928691389
521077110
-336222617
-716361427
-613029089
-322677213
794932995
853717250
-296887731
-743837252
-776812299
-85912530
103377188
990985965
-674534932
354642516
514290111
777780647
-882991769
-462394710
-477203318
-978369247
439187515
-522689167
-94128375
196146115
-890844789
168801660
530398144
-244323694
763937409
-983581577
-790606817
882762735
168524151
15018067
682225922
-388844926
124258496
822192928
-830705709
-91888333
445102230
-296334133
-188850532
-232892969
4242892
-47341459
664603258
-694148555
-907302792
-624323686
329375648
-288493621
38447554
