82
-202761534
-147730836
18047423
584916968
911708641
-457993101
776501155
322915481
684194521
-980080927
889087180
-852037034
-717300649
-623745657
-944260441
-862054141
-715872900
154632052
-964129495
789109703
-143278117
-278278245
-52858113
-319201912
414918489
-427273577
-734730102
986844362
774246413
-395510642
-763043069
855691675
470997222
14481078
90282313
608642560
350151026
912087047
838259733
-328000929
563014976
-959642729
-564758478
988422252
828960061
210900419
-418528664
130631504
-249214993
-41364535
306787972
-787363515
-746313791
-562894876
-374987123
206807381
-494006968
498085664
646259838
-192594442
608537515
148075679
195156893
-892025286
459049464
519098044
116737832
655526062
-111964560
-788866216
-582404281
-455338399
-821037032
735409613
683550698
-283258114
343780116
-721223450
-120826281
464491629
-546727716
-311969042
