10
48 46 47 
-14 -13 -14 
31 26 29 
-34 -40 -28 
11 13 12 
-26 -18 -18 
36 34 34
18 11 29 
21 10 32 
32 23 39 
34 32 32 
33 32 30 
2 13 10 
-12 -8 -10
39 29 31 
41 36 40 
-4 7 -12 
48 46 46 
10 12 11 
7 7 9 
34 32 30
33 28 29 
16 18 17 
-32 -32 -31 
-9 -9 -4 
45 44 42 
5 -6 -6 
29 24 25
-19 -14 -19 
7 8 8 
50 50 45 
14 16 15 
35 32 33 
-30 -21 -21 
34 44 41
-24 -32 -33 
-13 -13 -13 
29 27 27 
-40 -30 -31 
43 41 39 
-29 -28 -25 
16 16 18
21 22 21 
24 24 26 
9 0 19 
20 21 21 
43 42 42 
-6 -3 -4 
34 24 27
10 11 12 
48 46 46 
46 41 42 
11 12 12 
-25 -22 -22 
32 28 27 
32 27 30
45 42 44 
-9 1 2 
46 42 44 
37 33 37 
34 40 24 
-8 -18 -18 
48 46 48
9 11 9 
-14 -5 -22 
31 28 28 
-17 -26 -25 
29 25 24 
36 33 32 
-4 -12 6