7
-24 -17 -18 
30 25 25 
41 40 37 
-32 -30 -28 
-25 -33 -15 
-28 -22 -34 
6 9 8 
0 10 11 
-4 7 -13 
32 29 31 
23 24 25 
33 31 32 
-9 -6 -7 
-18 -26 -27 
14 7 21 
40 29 33 
-28 -24 -24 
-25 -16 -32 
13 14 13 
-11 -6 -10 
31 39 24 
24 24 24 
-25 -24 -23 
-10 -10 -5 
-30 -37 -19 
43 39 39 
-36 -47 -45 
40 40 38 
-14 -14 -12 
10 11 11 
-13 -10 -13 
33 30 33 
4 -7 -6 
-31 -31 -30 
50 46 48 
29 26 24 
21 23 21 
13 5 24 
16 17 17 
3 3 4 
-34 -43 -23 
17 18 19 
-15 -10 -10 
-8 -19 -1 
-5 -5 -3 
-19 -16 -15 
4 9 7 
26 32 17 
19 19 19 
