8
-9 -20 -2 
24 26 24 
-21 -16 -20 
37 26 27 
-28 -20 -19 
45 43 40 
39 48 50
7 9 7 
10 11 10 
44 40 40 
45 43 45 
20 21 21 
-7 -5 -2 
50 49 46
37 37 32 
30 30 25 
-6 -6 -2 
-21 -21 -20 
29 27 28 
36 33 31 
35 27 24
38 49 44 
9 9 10 
10 10 11 
13 14 15 
1 6 6 
-5 3 -13 
35 25 44
6 -2 14 
-16 -14 -13 
31 20 25 
-35 -25 -24 
37 36 37 
-19 -18 -18 
-7 -5 -3
-4 -2 0 
-5 -5 -4 
-38 -49 -28 
-19 -14 -14 
23 23 23 
-12 -12 -10 
-33 -33 -28
18 18 20 
-27 -34 -18 
-7 -2 -7 
48 48 46 
36 34 36 
1 3 3 
21 23 22
-26 -35 -18 
43 40 42 
-12 -11 -9 
44 43 43 
-13 -9 -13 
13 14 13 
34 29 31
