9
-31 -30 -27 
47 46 43 
18 20 19 
15 17 16 
-7 -4 -4 
4 15 -6 
37 36 36
30 29 28 
15 16 15 
-28 -26 -24 
0 5 2 
32 32 32 
-23 -29 -32 
14 14 15
15 15 15 
13 14 13 
-14 -21 -21 
16 17 18 
-31 -22 -20 
42 37 42 
-23 -19 -19
-30 -28 -30 
49 49 45 
3 6 8 
-40 -50 -49 
12 18 3 
-25 -34 -31 
7 8 7
-5 -2 -5 
21 21 21 
14 7 3 
-26 -36 -36 
19 21 21 
39 38 34 
35 31 30
9 11 10 
48 48 48 
17 17 18 
12 12 12 
25 34 36 
-18 -15 -13 
22 22 22
43 41 38 
34 31 29 
-33 -23 -39 
45 44 45 
9 11 10 
39 36 38 
4 5 4
-26 -24 -24 
10 10 10 
25 27 27 
22 22 22 
-14 -22 -8 
45 44 45 
9 19 20
-36 -46 -45 
18 18 18 
23 23 24 
47 45 44 
46 41 42 
-27 -22 -26 
42 40 40
